  0.00000023788860491  0.00000034813347646  0.00000045728786233  0.00000054525728711
  0.00000056623223478  0.00000058720718244  0.00000060626399134  0.00000062226994443
  0.00000063827589752  0.00000065818930580  0.00000067995450208  0.00000070171969837
  0.00000080582375540  0.00000093808492216  0.00000103048957883  0.00000112769535732
  0.00000120137934691  0.00000127064140147  0.00000134940167291  0.00000143362279233
  0.00000153966448802  0.00000164698991979  0.00000173221151342  0.00000180064550936
  0.00000186904721784  0.00000194093291802  0.00000202461214601  0.00000211338606591
  0.00000220892454006  0.00000234119404480  0.00000247388126493  0.00000258400102161
  0.00000265499318466  0.00000273876497986  0.00000284647562901  0.00000296490476592
  0.00000309264166219  0.00000326088958371  0.00000344927967304  0.00000362510409288
  0.00000370353031001  0.00000379537168421  0.00000386691974526  0.00000392744585219
  0.00000399157476442  0.00000406256040786  0.00000412695882673  0.00000419171861294
  0.00000427620588637  0.00000435465194670  0.00000441711889109  0.00000446737090579
  0.00000455593976361  0.00000476567041874  0.00000502761859054  0.00000529169199241
  0.00000550746428159  0.00000568165322651  0.00000586524872204  0.00000605308815819
  0.00000629073983294  0.00000658866124239  0.00000690565508996  0.00000724167374878
  0.00000753386333907  0.00000776917228004  0.00000809804832694  0.00000832066916103
  0.00000856834659929  0.00000880353481705  0.00000901323658688  0.00000909920033258
  0.00000919453074922  0.00000933338150728  0.00000950568662609  0.00000970771142470
  0.00000986483804667  0.00001001152699156  0.00001029414663286  0.00001069297669311
  0.00001103800983560  0.00001120156390416  0.00001136511797272  0.00001170014211213
  0.00001213132596515  0.00001296521181655  0.00001408436883161  0.00001520161788999
  0.00001612513816640  0.00001713974927941  0.00001807502144399  0.00001910009084899
  0.00002120226228515  0.00002576229288350  0.00003983625230945  1.00000000000000000
  0.00000013774900695  0.00000232026144176  0.00000395660565819  0.00000531769759100
  0.00000630957413887  0.00000700566643022  0.00000735069716424  0.00000762260261751
  0.00000783716067038  0.00000804076974256  0.00000824922182896  0.00000859582120127
  0.00000894850856747  0.00000921708406386  0.00000943428924498  0.00000969654788371
  0.00000999751035364  0.00001011790770925  0.00001023487165999  0.00001038918736365
  0.00001054468689084  0.00001070284111912  0.00001095558757079  0.00001116010373134
  0.00001131925310059  0.00001150377757506  0.00001171906019277  0.00001192438793862
  0.00001215681223369  0.00001240163798289  0.00001278802963893  0.00001325909961268
  0.00001370956174819  0.00001432744482862  0.00001495365555392  0.00001528358431984
  0.00001548453587674  0.00001579043078014  0.00001606187597999  0.00001622134159880
  0.00001634177857674  0.00001641720970668  0.00001649429902983  0.00001659960610526
  0.00001672054198965  0.00001681475664901  0.00001688065445754  0.00001697615470828
  0.00001708295334869  0.00001724269068776  0.00001755314694950  0.00001775276068997
  0.00001786505555523  0.00001800207091531  0.00001805042774497  0.00001813087818791
  0.00001828610040763  0.00001844132262735  0.00001859654484707  0.00001891216186580
  0.00001924093754076  0.00001956971321572  0.00001986889963344  0.00002013831018294
  0.00002040772073244  0.00002085117797504  0.00002156721904810  0.00002236479035370
  0.00002330989320846  0.00002389991903466  0.00002416235696502  0.00002435291830963
  0.00002450405148373  0.00002472787736822  0.00002498358260575  0.00002530312227700
  0.00002581585097905  0.00002642009023540  0.00002699183132269  0.00002757511332910
  0.00002790770752158  0.00002840645211024  0.00002876670326849  0.00002909395449067
  0.00002943649179291  0.00002989491507224  0.00003085572784541  0.00003187193242354
  0.00003306136493965  0.00003397005971285  0.00003498163173842  0.00003597589422133
  0.00003685222510997  0.00003846792975031  0.00004101529836465  1.00000000000000000
  0.02324441551405980  0.04075821486905136  0.05206133776512863  0.07052818772720937
  0.08724796924196204  0.09912469451746234  0.11100141979296263  0.12595321683360414
  0.14094909048446258  0.15255468755401830  0.16087799947604864  0.16912266875634546
  0.17644806810217123  0.18823618445281731  0.19642911404474334  0.20382064737014258
  0.21032827139380739  0.21638547616839596  0.22385051018252550  0.23566994723941598
  0.24632844077783089  0.25121118987803492  0.25474083655330021  0.25969986583162247
  0.26781357313544063  0.27313111285118918  0.27661344611932998  0.28129706613942046
  0.28626327308517863  0.29062722900770621  0.29423105737240812  0.30270639731075588
  0.31712154155414818  0.32879300940631900  0.34223145394157700  0.35654485028089933
  0.36689542667362840  0.37555407221150211  0.38411833319337368  0.39483608710651202
  0.40856090952979901  0.42046939118684312  0.43098268244313187  0.44012360880289159
  0.44703464265095288  0.45231090299784865  0.45826588987122641  0.46762339558667493
  0.47844543721332700  0.48429410720621313  0.48881748736776576  0.49738242132871041
  0.50660208629768544  0.51903713205633428  0.53309339932069166  0.54785596780147350
  0.56589293538581631  0.57954415708459961  0.59122782035225629  0.59906055573137362
  0.60183808613211798  0.60466858334416185  0.60875709618443496  0.61472669354530085
  0.62163395672562194  0.62896742114935822  0.63469157487805883  0.64152740400822184
  0.64857179820890198  0.65537673121115503  0.66189551795515122  0.66666466335080687
  0.67235313327484281  0.68281493776655677  0.70041675712950657  0.72129871028186909
  0.74773601847275550  0.76227323320002771  0.77659533161664851  0.79051877454895580
  0.80299225735363744  0.81463420878536352  0.82427803376697939  0.83382245131073063
  0.84226717779160210  0.84939944732565187  0.85653171685970164  0.86333518858106950
  0.87012812434834685  0.88593477222710382  0.91345460707838022  0.93829411027545873
  0.95450720879197826  0.96482717655002770  0.97064149797293653  1.00000000000000000
  0.02777016672049781  0.02786442216745234  0.02794897955436084  0.02811884239878806
  0.02826059191358855  0.02837720250085856  0.02848110361560264  0.02859357548466867
  0.02871501246606606  0.02885379226526540  0.02903293697821649  0.02919911276834927
  0.02930038337987939  0.02940609536677436  0.02953224082341686  0.02965838628005937
  0.02980011120106804  0.02994697006120678  0.03009763247422665  0.03026506210022455
  0.03043249172622245  0.03054246564610923  0.03064738714342621  0.03071381000424450
  0.03080440925874262  0.03092769640718649  0.03102182606388845  0.03110488374738382
  0.03119524494957334  0.03127794970031041  0.03136314504025398  0.03142466872537084
  0.03152364772221786  0.03163652223562474  0.03174228085902788  0.03186838158103008
  0.03207706650825221  0.03247196536629128  0.03283811738666640  0.03320327116748614
  0.03356751842177229  0.03389232758304685  0.03415148133180693  0.03437987670184114
  0.03465629126808215  0.03494312748366635  0.03527347903045738  0.03576790354765989
  0.03613306088542977  0.03646609042246316  0.03675179683681917  0.03683818813823472
  0.03692457943965027  0.03702551120274696  0.03714175892635457  0.03725800664996217
  0.03735068086030388  0.03743782017741770  0.03752782434241242  0.03763582009867695
  0.03774410371906253  0.03785302099699170  0.03796055989496609  0.03806663092597388
  0.03835660895738127  0.03893880710224101  0.03949330813676944  0.04001703577926649
  0.04047344017446605  0.04092163458258005  0.04134360477887379  0.04185678836375442
  0.04225859512947335  0.04280976706862971  0.04337787068822747  0.04402373756362780
  0.04480801947330641  0.04547788093843984  0.04618863408549707  0.04686609959780319
  0.04770536901678063  0.04841291822119412  0.04865022523718053  0.04890762956033658
  0.04916990231570353  0.04938565919885468  0.04958094666324651  0.05065875974293486
  0.05202997857037932  0.05345169884343093  0.05419577473503820  0.05475237145766536
  0.05582137338589611  0.05761362258290562  0.06123115918834121  1.00000000000000000
  0.93600256006439253  0.94094497083644368  0.94227572289281469  0.94277121464843183
  0.94337763642208494  0.94402831385867902  0.94470104025033086  0.94534884523476459
  0.94591696136222103  0.94650377460718005  0.94756417968634499  0.94927400440227860
  0.95041767975015234  0.95101162839086195  0.95130336858602271  0.95166168011633889
  0.95197324942179584  0.95235559515190449  0.95277833493112318  0.95322081664741320
  0.95375588620250484  0.95439530861211541  0.95510064450289034  0.95557035081896113
  0.95588602864240169  0.95615748786292354  0.95642168131824501  0.95672507554676245
  0.95695802434664901  0.95716347099823218  0.95738909188506349  0.95758982394893200
  0.95784985813518242  0.95811359926642115  0.95828779631313810  0.95855394291097051
  0.95880284614665456  0.95893393387204928  0.95901644020928656  0.95909894654652372
  0.95918892011924906  0.95928291473575766  0.95937690935226616  0.95947744859023132
  0.95958312576276650  0.95968880293530168  0.95983303171399115  0.96003117883688049
  0.96023193897193360  0.96044287049006727  0.96065343581170337  0.96082381610649503
  0.96099419640128658  0.96126589433911103  0.96145639348987366  0.96159476552607959
  0.96176121895564626  0.96201798630533475  0.96237106792495475  0.96261105237598910
  0.96283291281114491  0.96302963867631231  0.96323208769244806  0.96344434814083890
  0.96371280682037397  0.96398534743928199  0.96420422860323463  0.96440123526077937
  0.96461566444627012  0.96481799758842690  0.96499627402022181  0.96525008455842387
  0.96556687630108506  0.96589558983844670  0.96615367468506663  0.96623616160234915
  0.96631149687928675  0.96640198509250663  0.96647853899489045  0.96656338164506894
  0.96664973366630658  0.96674807765178783  0.96692275570761577  0.96706188686117334
  0.96719380458230031  0.96731964362120848  0.96744200891676646  0.96758567664093820
  0.96778836210426833  0.96802451714460391  0.96828609916102870  0.96857410203165950
  0.96887922255919412  0.96917778186316417  0.96947360888424106  1.00000000000000000
 -0.00043121146931944  0.00329250113114165  0.00468472068007553  0.00649775432199937
  0.00690316849434267  0.00793175298141152  0.01322940090472013  0.01999500069326439
  0.02603344084056722  0.03197096242524075  0.03669947571057349  0.04213980141748731
  0.04993294525468894  0.06695201300920946  0.08097820870556512  0.08913046233537908
  0.09798225453137242  0.10721901149764300  0.11222875084523828  0.12162192961403842
  0.13321550270265015  0.14457757428725584  0.15463855663809692  0.16763913441718578
  0.17245513529121326  0.17508408042914578  0.17770622708446976  0.18030540425844016
  0.18290458143241059  0.18633738312490650  0.19022767740985039  0.19450898828022503
  0.20565003768888021  0.21256023202093219  0.21959443036815102  0.22684220304850605
  0.23269460146676768  0.23771284385308059  0.24768228744496193  0.25897001798462221
  0.26944755329562448  0.28159153925626723  0.30119684590417473  0.31246682099125445
  0.32617061026133737  0.34643434446769467  0.36662883509240718  0.38652943055828737
  0.40641700666485614  0.42604620580875802  0.44261903704786443  0.45856365370117153
  0.47585521559885269  0.49271667281695475  0.51310501782835616  0.53674889956744409
  0.57453273906277491  0.60579887040019831  0.62680093242075952  0.64127350640703407
  0.65114603258514703  0.65865612615406732  0.66752870885408222  0.67703604060488021
  0.68573414914064035  0.70791485022862000  0.71923590583907571  0.73099237737453082
  0.74194462132956451  0.75026502908235648  0.75595255659810479  0.76116900872854487
  0.76622567002616548  0.77301777719369669  0.78264229424000242  0.79316566889775997
  0.80425285772397459  0.81400947048486505  0.82417827872939076  0.83278863713741447
  0.83886667730366871  0.84238575263704596  0.84555340067334628  0.84820949680023616
  0.85075954574595003  0.85311094310377178  0.85689174287437408  0.86479608497875493
  0.87351545477330439  0.87949362184914071  0.88556836864099109  0.89262706495990440
  0.90115897940177281  0.92759906822359250  0.96106243554958204  1.00000000000000000
 -0.00342590745280566  0.02078668418872591  0.05013843789082389  0.08083225372472584
  0.10446187504425455  0.11864442886766684  0.13769217979808140  0.16151710505816488
  0.17725158751768563  0.18359476938445116  0.19476941762065811  0.20744210006545907
  0.22097222676696388  0.23932221939340934  0.25826617502195698  0.27190449487486607
  0.28078738152538429  0.29169923393838287  0.30311860317279515  0.31332446973640832
  0.32595306571213112  0.33914602702257196  0.34641684613154383  0.35178135687730211
  0.35867545638610643  0.36936875105658978  0.37939857266088295  0.39107051728876474
  0.39984249893835205  0.40796471921086325  0.41436597049788371  0.42047583610742534
  0.42769340060865724  0.43663152479685052  0.44230547557779742  0.44748452524384158
  0.45371205004205939  0.46046654290390582  0.47170685121814149  0.49694613262662657
  0.52401582184941264  0.55365374964596159  0.57845995048996002  0.59957913173493127
  0.60961838396699719  0.61499982348372673  0.62073157168254167  0.62558563894032193
  0.63346324117717334  0.64287255004489907  0.65148073396688999  0.65714009676248519
  0.66304961502829507  0.66962975782064738  0.67493183212309538  0.67985114562258164
  0.68454641764616686  0.68922802448744058  0.69378559584112365  0.69833656133897981
  0.70939674805031616  0.72185687026657552  0.73688055531009089  0.75000362801800480
  0.76252285633299310  0.77396928978931079  0.78285036417005638  0.78919041740600127
  0.79510666272482655  0.80173976972477745  0.81232846212135035  0.82882564260736247
  0.83556237391919264  0.84197423218739287  0.84861464459403824  0.85575467300721653
  0.86289470142039471  0.86908206928314646  0.87465582942667097  0.88022958957019548
  0.88756994254237753  0.90122722767168195  0.90933191936367752  0.91533240335806343
  0.91789643444790947  0.92067496995477749  0.92368668724436964  0.92694136185772757
  0.93043793788309204  0.93781547613016880  0.94686938786831754  0.95658088107717809
  0.96580776181271233  0.97612261338381845  0.98683611410275851  1.00000000000000000
 -0.00481275249141463  0.02331675460036125  0.03935197975810475  0.05432777113133969
  0.06763111918585209  0.08099650212462252  0.09135227121824110  0.11419919532045399
  0.13092514826200846  0.14067629837062504  0.15042744847924161  0.15954151590334847
  0.16816448784674903  0.17678745979014956  0.18512360728410171  0.19343452634432245
  0.20471910613199876  0.22442249076864002  0.24301561956076434  0.25699969220844804
  0.28214666501245272  0.30294420506757719  0.31364858859512040  0.31884693074049086
  0.32566208013222581  0.33459638420846149  0.34304505371917676  0.35153282506376210
  0.35858036577493696  0.36485671137361669  0.37195378966263071  0.38658664266952669
  0.40989887546950066  0.43240853917648070  0.44244569552314994  0.45205898476353001
  0.46251056445893957  0.47411706650986507  0.48490842614048835  0.49257932508583907
  0.50473601764759191  0.51749325018977843  0.52672005362378482  0.53441991437428171
  0.54226076534790191  0.54957743113500945  0.55758962387396849  0.56191448032397340
  0.56950054690906726  0.57799622831829278  0.58433950049058858  0.59040766540859946
  0.59534402222262006  0.60105924111088671  0.60495330604267050  0.60951441508593229
  0.61660299356980786  0.62481998322560306  0.63437162945078285  0.65761542590171973
  0.68748321330130280  0.71459741084419592  0.73510251174427033  0.75190265383749888
  0.76598921629213301  0.77972841026978845  0.78667867536228475  0.79354935300250784
  0.79945793090823503  0.80521265033416567  0.81000420407084939  0.81588232726339160
  0.82604004398057063  0.83480075828296041  0.84310741584940530  0.85320650513689278
  0.86467082526921379  0.87480837762852359  0.88302430662053255  0.89062885081694065
  0.89492482261102480  0.90043539971325204  0.91245706021565942  0.92169588195731289
  0.93002855360462355  0.93720794710342414  0.94369758867637910  0.94774383899353232
  0.95179008931068554  0.95559147827508140  0.95923480687734730  0.96202272147956003
  0.96628869019547969  0.97507162516882007  0.98327989173910690  1.00000000000000000
 -0.01456462777895670  0.04686116660337761  0.07645987781595212  0.09064073514213980
  0.09940788780978857  0.10694999631038743  0.11361791344329648  0.12044074039230898
  0.12682884942984640  0.13371600798861372  0.14564367608421269  0.15811515365437664
  0.17364625191215419  0.18855680573751660  0.19735528369984887  0.20641692675582896
  0.21706007239586356  0.22115087067152789  0.22486745922977638  0.23468430342165406
  0.24299681235550005  0.25018277417976664  0.25827575626318189  0.26898697262442051
  0.28076172351932860  0.29074296257855137  0.29887267825604535  0.30838173103554439
  0.32155061064521168  0.33427398026480115  0.35202266839635699  0.36517834160460133
  0.37072417264466789  0.37772818930593827  0.38769285095391481  0.39616346422724680
  0.40269576076138808  0.40860680033966013  0.41545425505722361  0.42026293245804347
  0.42395681993843498  0.43944011858856269  0.45359008155399533  0.46510590879829855
  0.48726560409991404  0.50163945278374600  0.50708392949048375  0.51134375527704035
  0.51544917448260941  0.51941020573021546  0.52345861251858927  0.52786849600779839
  0.53227837949700740  0.54451856622325168  0.55801294336297447  0.57642236258968071
  0.59457956675750900  0.61071420626199902  0.62597549908173300  0.63620293444278819
  0.64515099114215135  0.65770472664637858  0.66881271058982539  0.67743493019435752
  0.68382341839004135  0.69022197427992582  0.70063694404361088  0.71260369747344421
  0.72047653839154480  0.72791232999848421  0.75069083923598456  0.77159696543960721
  0.78210593531403438  0.78801793307137735  0.79527390659217589  0.80348247589313493
  0.81080962778394161  0.81681010015505895  0.82172341169960439  0.82319453388229857
  0.82466565606499276  0.82638076748648337  0.82846861269331362  0.83055645790014399
  0.83401225142121116  0.83858933527335766  0.84316641912550416  0.85142450809458181
  0.86653665442845662  0.88272098114575615  0.89956652416165406  0.92790216549326698
  0.95130348403668574  0.96696322430368287  0.98154699019370384  1.00000000000000000
 -0.00826944934022303  0.02418741795289953  0.05204714524975881  0.07438883598319768
  0.08652508341368267  0.09192078064961390  0.09509495217201523  0.09836961220305217
  0.10192912662307686  0.10932236606616778  0.12035075986224515  0.13422845498399100
  0.14611427362838925  0.15986735421108328  0.17451665009650985  0.19305680280131751
  0.21564504041530064  0.24608866245359892  0.27074668993888329  0.28827061752683197
  0.29513633509794723  0.29800354261135209  0.30203696991514667  0.30824849976215346
  0.31771749840107683  0.33002060427662988  0.33825304356680264  0.34830103066912360
  0.35766279796632483  0.36785694082346126  0.37942380496778710  0.39234097262642570
  0.40807752752131354  0.42020658313473686  0.43000957647895582  0.43777883647116195
  0.44512233869470269  0.45019745596442129  0.45458960809643040  0.45931581340007788
  0.46974175654310446  0.47798809169332229  0.48332508544134928  0.49113220936507918
  0.50060804673011583  0.51132051823488844  0.52478177739500098  0.53843547204892317
  0.55536654747386371  0.57229762289880437  0.58067701704477692  0.58669877709757179
  0.59497619461942675  0.60513733315326501  0.61137962297790338  0.61551965134474296
  0.61913073587284451  0.62257769974388955  0.62581323961249868  0.62898028678097684
  0.63590384756201934  0.64566851895075983  0.66148091452223268  0.67316954921236705
  0.68332131589405698  0.69102964389971144  0.70001701417227213  0.70881132318016804
  0.71766157451422385  0.72863133825928150  0.73932878059000617  0.75959886389058218
  0.78381848655706132  0.79341885754243158  0.79789265491010808  0.80029506241499637
  0.80268620593722118  0.80492738548152465  0.80716856502582812  0.80939842048337907
  0.81161050702410487  0.81382259356483067  0.81961215900238082  0.82659897042296482
  0.83201984508511562  0.83798728585419857  0.84781043539434209  0.85760224427609932
  0.87180930080935348  0.88507675040832123  0.89733352169780689  0.91938598826506690
  0.94002847029589964  0.95948943959157940  0.97972175528722949  1.00000000000000000
 -0.00466666119455916  0.00156282550631176  0.00779231220718268  0.01402179890805360
  0.02089789937678858  0.02938226797455758  0.03786663657232658  0.04777525562765357
  0.05983253668687807  0.06317924048605365  0.06733902848834279  0.07115738026177058
  0.07469822978367030  0.08577991796500350  0.09979764494309566  0.12353076559330528
  0.14207097104588079  0.15911454723482735  0.16829527589338608  0.17342638193629056
  0.17928582886325767  0.18351913160007230  0.19384056718733417  0.20546412208396159
  0.21591242867940685  0.22158528761176405  0.22738022428008839  0.23348309678263326
  0.24224546316234899  0.24940185237885631  0.25909856505922091  0.28057371668685716
  0.30136691697125689  0.31311488861928888  0.32358271101937397  0.33760253784712307
  0.35044294484701655  0.35835891528793445  0.36718070212218301  0.37392758591184327
  0.37643361116510216  0.37953677941560493  0.38175881776402998  0.38411093415459585
  0.38661867602662020  0.38909749254773873  0.39351332791165394  0.39925424080166416
  0.40484892400556105  0.41046075980400953  0.42317373491883298  0.43930520120328581
  0.46022950400332080  0.48545626086518767  0.50620499468294089  0.51906612312620548
  0.52900869327675237  0.54353546411666942  0.55823834276027817  0.56538429213769181
  0.57238183674091714  0.57923153261830229  0.58817399060240794  0.59780887115553039
  0.60892889701296637  0.62055966338199053  0.63275695723914416  0.64711139306540477
  0.66104441429014482  0.67768664839792125  0.69705994948555550  0.71295689626642045
  0.73288917114654095  0.75660115484435786  0.78355372996713624  0.81033301447597650
  0.83120504737843970  0.84952097613425837  0.86409998036563651  0.87903432918050517
  0.89145740695767162  0.90164171185783415  0.91023632418421418  0.91839621050057907
  0.92810332910303983  0.93271731669762703  0.93708793162355009  0.94152930965174253
  0.94597838090516784  0.95009396797586076  0.95414643362606888  0.96036970784385778
  0.96832360544833762  0.97949967679107752  0.98991363958861101  1.00000000000000000
 -0.01037109500406631  0.03728599696570786  0.05617853809788918  0.07132960159278451
  0.08382605290607527  0.09538415643678728  0.10599221859461792  0.11564777469399951
  0.12456728254711034  0.13230713539610112  0.13857063144613621  0.14748887641525671
  0.16513278910857554  0.17544383891376042  0.18046484594990023  0.18523432423579489
  0.19165553352451167  0.19528865128256237  0.19864653478261080  0.20210095644101314
  0.20577362261698562  0.20976140308406022  0.21437087579180361  0.22137151514009412
  0.23517222137690691  0.24885542540157227  0.26224217314610743  0.27601799937589377
  0.29237674452032675  0.30252829887783894  0.31576470718264071  0.32959207099400872
  0.34353043263925720  0.36693552002601315  0.40371349231978121  0.43882413986059426
  0.46230456625370470  0.47463325997919581  0.48416461185827131  0.49483201803580412
  0.50961217221825006  0.52472282211390087  0.53686835783840392  0.55451862927863971
  0.57400299605351068  0.59505595302330450  0.61754937630176443  0.64261375980624214
  0.65839438328702771  0.67098346911187012  0.67742438063764399  0.68401803215297241
  0.68924693974653184  0.69773954320425779  0.70472908631820863  0.71048002691224921
  0.71437292042157763  0.71660715372229300  0.71887700335475180  0.72208846756251721
  0.72679176570521353  0.73372858178298517  0.73965864086610855  0.74577819645789578
  0.75562060473394177  0.76891108473336034  0.77986600583151500  0.78701821570161978
  0.79230238825654031  0.79685838837764822  0.80197602772015097  0.80609483667615900
  0.81140010383338512  0.81566766253942302  0.82093107602393700  0.82285655274406189
  0.82714005649789146  0.83192652741532036  0.84044373059125699  0.85868423362479696
  0.87437220115233105  0.89017654507652133  0.90907873609070289  0.93016605968956123
  0.94031338691253519  0.94409157391148435  0.94786976091043351  0.95209502824133263
  0.95642996562123128  0.96042843999092975  0.96379464661092984  0.96716085323092993
  0.97407141236569661  0.98137428217779543  0.98775810313935697  1.00000000000000000
 -0.00335229812817979  0.00985263082179744  0.02174968984857260  0.02972652395321562
  0.03887992981515107  0.05123893821305056  0.06843174976720939  0.08941738578308366
  0.09918777132210735  0.10757348103279903  0.12366901763877240  0.14258952280819007
  0.15351073993484596  0.16650974920188824  0.17437325582443983  0.17828134583270147
  0.18099137317297545  0.18370140051324943  0.18686480222800364  0.19048137959252720
  0.19409795695705076  0.19783860849270202  0.20192798085692029  0.20601735322113857
  0.21073075830245308  0.22373652704718494  0.23563865037882178  0.24896233631869960
  0.25714457447547828  0.26278612597129258  0.27596683404423228  0.29004393488744301
  0.30450997262102825  0.32980642065006244  0.35874904769351046  0.38562613512758881
  0.41127634732418961  0.44075929694214327  0.46458877575623669  0.47868565526755796
  0.49420710231354942  0.50730560236593081  0.51721103633016419  0.52224642498150098
  0.52719224165883316  0.53216861949479322  0.53709170854754307  0.54347203727326243
  0.55030319264064909  0.55650945861805168  0.56343541698898925  0.57106021963971709
  0.57951341254102051  0.58590978816988770  0.59092400411593171  0.59696370521841169
  0.60884911820341725  0.62328215633200190  0.63847962719149565  0.65254053252432997
  0.65838962180906380  0.66397730083368733  0.66893065511994676  0.67324214676062577
  0.67647024273702450  0.68208983089129682  0.68942597214101986  0.70722504961142563
  0.72643273938943576  0.74355747079588730  0.76399306701850866  0.78218792237159951
  0.79640187964387499  0.80700707732004573  0.81301382157575230  0.81921196781439476
  0.82625372872587832  0.83726059550318321  0.84773708677717619  0.85766976717905186
  0.86867475788967963  0.88013078464532546  0.88780272040309272  0.89599277855157289
  0.90741920912096674  0.91641373286907390  0.92249545755913265  0.93069726539180975
  0.94220118779678130  0.94920345587658250  0.95703239775404314  0.96233964486710277
  0.96967998116414400  0.97862872740399809  0.98614964414277773  1.00000000000000000
 -0.00201769214983660  0.00851650375475252  0.01326135356678193  0.01919273763999339
  0.02551410386339069  0.03328527532005747  0.04617065901605383  0.07166463428301242
  0.10659726324197603  0.13730711982919649  0.16189638077070256  0.17798623246732495
  0.19126407744515397  0.19980430082525175  0.20826954532839850  0.21673458980970498
  0.22423443605568197  0.23108066075332515  0.23834536902769662  0.24388397406995918
  0.24942257911222174  0.25480543386176274  0.26004621121843030  0.26528698857509786
  0.26867923537739985  0.27175068068983566  0.27498416393885250  0.27813755137435275
  0.28105049406090987  0.28375857979486313  0.28586065518123704  0.28896616682858117
  0.29296253018137830  0.29533287035557404  0.29821402373291550  0.30391815175388115
  0.31053177610481519  0.31762843830413656  0.32376517161136720  0.33054632668276979
  0.33902648984031836  0.35683922386918610  0.38754239462803686  0.40324294377012987
  0.40970339625387153  0.41377422885130039  0.41715923735387106  0.41993579129669711
  0.42299702202451006  0.42637038312428960  0.43243082124563570  0.44017910194577642
  0.44736504212853156  0.45630211140797017  0.47493749838445121  0.49766902587050765
  0.51340173891928986  0.52905506189388940  0.54712558085942697  0.56783624409672639
  0.58686376712686195  0.60637492575760255  0.62416488982692298  0.64037725762530717
  0.65697069230743999  0.67517155345966384  0.68961204832035439  0.70379813746991438
  0.71770376131714564  0.72744544950552303  0.74124174126429665  0.75855909308621106
  0.77094166860381153  0.78047582530107085  0.78960407507240493  0.79977530360550675
  0.81065347413725108  0.82214089019131353  0.83383599689075516  0.84528799277533695
  0.85444324031191243  0.86137489048031080  0.86834022528921107  0.87515203193945357
  0.88114600569730228  0.88912040751225740  0.89723989928165404  0.90539624172419930
  0.91478355463241978  0.92980976097516910  0.94469711942208578  0.95498829828414777
  0.96388698443353449  0.97403028493922261  0.98601258552100857  1.00000000000000000
 -0.00319839545107254  0.00147636117148169  0.00582419883505473  0.01017203649862778
  0.01344724461314948  0.01418925841079252  0.01493127220843555  0.01640958441778737
  0.02046655814427820  0.02568467031668376  0.02924121444448595  0.03211335695393565
  0.03497965357701898  0.04034519768607121  0.04230164200951166  0.04322942115432186
  0.04403262598215786  0.04487135671387079  0.04620774506567621  0.04920811905668847
  0.05426482543621480  0.06018196110823554  0.06973546373771619  0.07765706175021450
  0.08619497977018467  0.09359382559853613  0.09947827237520729  0.10900389057270501
  0.12524938104819061  0.14901612387887339  0.17185379015329974  0.19172229337392810
  0.20499762520823073  0.21786731847687282  0.23515531622605049  0.25908432210905746
  0.28727369693175775  0.31411563759397260  0.33702932367672328  0.35948573126397598
  0.37828198719708073  0.38494789201892965  0.39151506753010745  0.39747350209723681
  0.40336226650794188  0.40874313471153501  0.41477135181432273  0.42333209221422113
  0.42979548600815237  0.43687659258611578  0.44770690998396256  0.45677799300280414
  0.46550700370538656  0.47509873631493021  0.48622478463422736  0.49941108209834739
  0.51508219981230208  0.52586413570082635  0.53297588560382880  0.54235106615960471
  0.55299661259865451  0.55969357874880599  0.56495704897446408  0.57079334240174173
  0.57872864002387858  0.59419663607573669  0.61541854762491377  0.63324800752338695
  0.65057247993767708  0.66745862292620051  0.68440980027287468  0.69685700569241615
  0.70777963812626221  0.71898874392799661  0.72967007447388577  0.73799153597849998
  0.74159858138812640  0.74676151762409881  0.75217773854126169  0.75881568978484293
  0.76506883962481820  0.77176897554055224  0.77597865106914121  0.78422417196716909
  0.79029135997037259  0.79793093789011127  0.80911606415021697  0.82207977408939037
  0.83721336287269577  0.85622314019741919  0.87753745106751779  0.89835747497436913
  0.91965961823543996  0.94291341678817464  0.96971949019301695  1.00000000000000000
 -0.00432422052845245  0.02473821207505347  0.03324536988548316  0.03704974009249363
  0.04049582125559124  0.04511329508275385  0.05126019477340609  0.05829870965199411
  0.06635032968253173  0.07542014881071979  0.08068728660381400  0.08764652420541535
  0.09590478363438754  0.10414198651552063  0.11116304068000836  0.12383005998766389
  0.13567136052884848  0.14785980466654230  0.16031459830973702  0.16995522122263387
  0.18210274002377985  0.19716436773056509  0.21150672161434583  0.22714824339965409
  0.23695831041620352  0.24488768523927112  0.25266272028126957  0.26148704000503309
  0.26942263006701428  0.27862534847193304  0.28460835607853419  0.28721783469544371
  0.28808437167139689  0.28936285226990521  0.29114053918338090  0.29250666510356754
  0.29396270902616406  0.29865269010498235  0.30685453095484716  0.31839527807370926
  0.33544930359028396  0.34262536420580070  0.34870154641676049  0.35485579676132023
  0.36121555250070680  0.36757530824009338  0.37427661492638559  0.38115384497019861
  0.38803107501401168  0.40094298943027734  0.40952752071923598  0.42122054544749893
  0.43561279369770323  0.45484759936930003  0.47611265191359731  0.49377370300022011
  0.51242249134940443  0.52400747732125275  0.53276545269192088  0.53890576937334200
  0.54292683793714969  0.54793193326964340  0.55310558095917817  0.56122605202212594
  0.56935514710244661  0.57811673309111666  0.58395833158805355  0.58720368332501016
  0.58958661205967966  0.59196797490556663  0.59538327190714979  0.60367864605748900
  0.62075800500929190  0.63484785438868885  0.64371875174453663  0.65137861871885050
  0.66082983532946749  0.67327804203954966  0.69426955732875117  0.72925463391752499
  0.75522498064265975  0.78218856705584294  0.79881839405682131  0.81228647256222408
  0.82269561244744494  0.83369986242934391  0.85711784881264041  0.87635736410053944
  0.88614753443420535  0.89593770476787138  0.91020250786892865  0.92507450569317595
  0.94103897516092461  0.96069265010728300  0.98034632505364139  1.00000000000000000
  0.00003503876228642  0.00522405526773718  0.01041307177318795  0.01436926066579412
  0.01574521907325270  0.01750315731659262  0.02527467638496069  0.03595469051792732
  0.04385030323933978  0.05113334872896463  0.05840202727720740  0.06537094407959385
  0.06961669466654627  0.07366657531122732  0.07901826952104707  0.08408221169725473
  0.08766407798635276  0.09179332929788660  0.09510728825206002  0.09918470773229433
  0.10300602284344898  0.10654817039907052  0.11311687778094917  0.12466844795755858
  0.13557004958659155  0.14334788958049288  0.14768528464365846  0.15094684630301439
  0.15385760717341779  0.15959742107887406  0.16962055296259790  0.20343802951604942
  0.22772340390180945  0.24054246130856607  0.24943048406315865  0.25964878339637215
  0.27205043781715632  0.28437280032427636  0.29352704816556430  0.30268129600685223
  0.30870541963210479  0.31453428876229711  0.31983861544398717  0.32435652875580673
  0.32968083815437449  0.33521898551973456  0.34065785231396889  0.34626417134607285
  0.35211372135975633  0.35796327137343986  0.36349610203436955  0.36900333591804030
  0.38120634923165975  0.40126337213956986  0.42055386079047241  0.43649909577921864
  0.44710630304586269  0.45732962373434677  0.46727955904036650  0.47678757056975224
  0.48988556398819866  0.51200576716732971  0.53068651196088834  0.54297447980119018
  0.55279126712653393  0.56159276510429224  0.56601167359535742  0.56936838649778121
  0.57361870728015452  0.57871152373452761  0.58316775659414999  0.58774646925697638
  0.59323380349616239  0.59919785867917241  0.60417492230170600  0.61076645697921750
  0.62035574012956707  0.63241836569540932  0.64959122348262499  0.67227816997307166
  0.69117851344062875  0.71253635259563353  0.73252594751288780  0.75153741297379417
  0.77429450782592135  0.80184804132969767  0.83076600716138027  0.85520384716234810
  0.87438089568798971  0.89345021765518551  0.90944789447198859  0.92441095686995423
  0.94019891246103093  0.95715333372532341  0.97512221507067254  1.00000000000000000
 -0.01614834069552261  0.12339972575277208  0.15175719076584987  0.16975700224567256
  0.18406029320366973  0.19842347287823714  0.21218951451753496  0.22425065755300500
  0.23427131832844905  0.24124435014757420  0.25149704742397727  0.27877351658514998
  0.31223909512215792  0.33754178373736488  0.35415228941681004  0.36760005321173522
  0.38555536627337766  0.39966980892402193  0.40676171480277229  0.41154189789308288
  0.41840391726301512  0.42380266272231498  0.42932235689444559  0.43742651370135416
  0.44329713939656445  0.44685118533303753  0.45065520749456356  0.45424984379189437
  0.45835125468140603  0.46428311301431319  0.46945751397260349  0.47388076903752285
  0.47731873225958815  0.48025693112163026  0.48326964618266383  0.48603594517682974
  0.49170791525768470  0.49766611848601239  0.50165363139868935  0.50467472503183552
  0.50784302838841733  0.51338732094209294  0.52090972736835861  0.52580276118214941
  0.53091726790903049  0.53603177463591167  0.54379225805189002  0.55394533693830184
  0.56409841582471365  0.57294976224555805  0.58138802100064446  0.58982627975573088
  0.60135792854657821  0.61530737779153255  0.62545817239296198  0.63250354619056059
  0.63932807919934398  0.64502877922173074  0.65029924940736694  0.65437867367766933
  0.65786928443013604  0.66112702233903087  0.66481234035886549  0.66830197712836636
  0.67088377534845145  0.67241205165900642  0.67737799528070064  0.68076561970116323
  0.68308169970797239  0.69034373322085107  0.70042575171579535  0.71159539142538430
  0.72474032645238018  0.73545078914770246  0.74513546737932612  0.75372641730545153
  0.76094534267236846  0.76756224242275772  0.77230768539334260  0.77770980567896197
  0.78436507080553131  0.79163844766172498  0.79955642924045767  0.81488275209824279
  0.82070322773522675  0.82652370337221071  0.83232621880034374  0.83812550990141621
  0.84359291356340038  0.84871162020406876  0.85445829679708241  0.86463835014689450
  0.87420079359949043  0.88403935143421752  0.90697363648945484  1.00000000000000000
  0.03178001861844326  0.05330054859611114  0.07788584801223805  0.13920087542197634
  0.19043498439513951  0.22846573102632950  0.25919243058072144  0.28657009075715939
  0.30624381705364978  0.31892253650035646  0.32940919662499246  0.34052449098793908
  0.34793947315856200  0.35501168699793467  0.36174827863318038  0.36913003169505088
  0.37502536088706129  0.38320673981031678  0.39487783521538211  0.40645305856956598
  0.41579967241344368  0.42532734318056264  0.43070753439265941  0.43491808232288165
  0.43807986798259746  0.44100196653678891  0.44378578829594606  0.45279484783621843
  0.46988586498765017  0.48416833440787815  0.48999376469562839  0.49206837000766784
  0.49396363720414749  0.49545458916096230  0.49691657561130748  0.49978947368641535
  0.50262378306359268  0.50520703484230667  0.50821445555184797  0.51310496815708706
  0.51832856513093306  0.52310966312173668  0.52580202207921056  0.52808079418513598
  0.53064757935191709  0.53297051811832286  0.53529911003887320  0.53865048769419077
  0.54346819218024656  0.54968975703463940  0.55845715638395310  0.56713049452129616
  0.57556753567856123  0.58412452215442812  0.59215119875251054  0.60003551484482964
  0.60675318276931511  0.61054125663854453  0.61432933050777405  0.61757453511825033
  0.62069326136796921  0.62375084555805183  0.62670430687404977  0.62965776819004760
  0.63581083699533814  0.64215853672696865  0.65054257545690797  0.65852570690716017
  0.66593358337910102  0.67309606692966506  0.67991661226102673  0.68557071375105150
  0.69106184742820598  0.69719398157739043  0.69900589085049003  0.70068717492951937
  0.70301903691990164  0.70498624968051160  0.70661616014044515  0.70861062593488122
  0.71098513390149887  0.71322136492434851  0.71581287032591900  0.72624949026913843
  0.74152056071587402  0.75581489078391628  0.76808982444349483  0.77783934554167888
  0.78329486030910445  0.78884461197190314  0.79449319125542872  0.80559621470736997
  0.81898752831687005  0.84635185281513425  0.88410902392008417  1.00000000000000000
   4.7030437514200094E-022  -1.0000000000000000     
 T F F F F F F F F F F F F F F F F F F F T F F F T F F F F F F F F F F F T F F F T F F F F F F F F F F F F F F F F F F F T F F F F F F F F F F F F F F F F F F F F F F F F F F F F F F F F F F F F F F F F F F F F F F F F F F F F F F F F F F F F F F F F F F F F F F F F F F F F F F F F F F F F F F F F F F F F F F F F F F F F F F F F F F F F F F F F F F F F F F F F F F F F F F F F F F F T F F F F F F F F F F F F F F F F F F F T F F F T F F F F F F F F F F F T F F F T F F F F F F F F F F F F F F F F F F F T F F F T F F F F F F F F F F F F F F F F F F F T F F F T F F F F F F F F F F F T F F F T F F F F F F F F F F F F F F F F F F F T F F F F F F F F F F F F F F F F F F F F F F F F F F F F F F F F F F F F F F F F F F F F F F F F F F F F F F F F F F F F F F F F F F F F F F F F F F F F F F F F F F F F F F F F F F F F F F F F F F F F F F F F F F F F F F F F F F F F F F F F F F F F F F F F F F F T F F F F F F F F F F F F F F F F F F F T F F F T F F F F F F F F F F F T F F F T F F F F F F F F F F F F F F F F F F F T F F F
  <DiscreteSampler_grid>
  grouped_processes
  1 # 1 for a reference and 2 for a running grid.
  10 # Attribute 'min_bin_probing_points' of the grid.
  1 # Attribute 'grid_mode' of the grid. 1=='default',2=='initialization'
  0.0000000000000000 # Attribute 'small_contrib_threshold' of the grid.
  0.5000000000000000 # Attribute 'damping_power' of the grid.
 # binID   n_entries weight   weight_sqr   abs_weight
    16   10   2.655589269092189E-016   6.080092151047394E-031   2.655589269092189E-016
    17   10   2.655589269092233E-016   6.080092151047606E-031   2.655589269092233E-016
    19   10   3.746666715408046E-016   1.275903561067688E-030   3.746666715408046E-016
    20   10   3.746666715408111E-016   1.275903561067735E-030   3.746666715408111E-016
    22   10   3.785409097810171E-016   1.303119622085643E-030   3.785409097810171E-016
    23   10   3.785409097810233E-016   1.303119622085688E-030   3.785409097810233E-016
    28   10   8.882593564766503E-017   2.518289607009715E-032   8.882593564766503E-017
    29   10   8.882593564766577E-017   2.518289607009810E-032   8.882593564766577E-017
    31   10   8.912541241704634E-017   1.992777008333488E-032   8.912541241704634E-017
    32   10   8.912541241704619E-017   1.992777008333506E-032   8.912541241704619E-017
    34   10   9.585797677935258E-017   2.444060113424446E-032   9.585797677935258E-017
    35   10   9.585797677935256E-017   2.444060113424483E-032   9.585797677935256E-017
    40   10   2.655589269092187E-016   6.080092151047387E-031   2.655589269092187E-016
    41   10   2.655589269092231E-016   6.080092151047597E-031   2.655589269092231E-016
    43   10   3.746666715408050E-016   1.275903561067691E-030   3.746666715408050E-016
    44   10   3.746666715408108E-016   1.275903561067732E-030   3.746666715408108E-016
    46   10   3.785409097810173E-016   1.303119622085644E-030   3.785409097810173E-016
    47   10   3.785409097810230E-016   1.303119622085686E-030   3.785409097810230E-016
    52   10   8.882593564766498E-017   2.518289607009714E-032   8.882593564766498E-017
    53   10   8.882593564766577E-017   2.518289607009811E-032   8.882593564766577E-017
    55   10   8.912541241704635E-017   1.992777008333489E-032   8.912541241704635E-017
    56   10   8.912541241704614E-017   1.992777008333503E-032   8.912541241704614E-017
    58   10   9.585797677935264E-017   2.444060113424449E-032   9.585797677935264E-017
    59   10   9.585797677935248E-017   2.444060113424479E-032   9.585797677935248E-017
    64   10   2.655589269092196E-016   6.080092151047434E-031   2.655589269092196E-016
    65   10   2.655589269092237E-016   6.080092151047623E-031   2.655589269092237E-016
    67   10   3.746666715408054E-016   1.275903561067694E-030   3.746666715408054E-016
    68   10   3.746666715408103E-016   1.275903561067728E-030   3.746666715408103E-016
    70   10   3.785409097810178E-016   1.303119622085649E-030   3.785409097810178E-016
    71   10   3.785409097810226E-016   1.303119622085683E-030   3.785409097810226E-016
    76   10   8.882593564766503E-017   2.518289607009714E-032   8.882593564766503E-017
    77   10   8.882593564766570E-017   2.518289607009805E-032   8.882593564766570E-017
    79   10   8.912541241704635E-017   1.992777008333488E-032   8.912541241704635E-017
    80   10   8.912541241704622E-017   1.992777008333507E-032   8.912541241704622E-017
    82   10   9.585797677935262E-017   2.444060113424447E-032   9.585797677935262E-017
    83   10   9.585797677935256E-017   2.444060113424483E-032   9.585797677935256E-017
    88   10   2.655589269092194E-016   6.080092151047421E-031   2.655589269092194E-016
    89   10   2.655589269092234E-016   6.080092151047611E-031   2.655589269092234E-016
    91   10   3.746666715408055E-016   1.275903561067694E-030   3.746666715408055E-016
    92   10   3.746666715408105E-016   1.275903561067730E-030   3.746666715408105E-016
    94   10   3.785409097810178E-016   1.303119622085649E-030   3.785409097810178E-016
    95   10   3.785409097810227E-016   1.303119622085684E-030   3.785409097810227E-016
    100   10   8.882593564766503E-017   2.518289607009713E-032   8.882593564766503E-017
    101   10   8.882593564766572E-017   2.518289607009806E-032   8.882593564766572E-017
    103   10   8.912541241704635E-017   1.992777008333489E-032   8.912541241704635E-017
    104   10   8.912541241704615E-017   1.992777008333504E-032   8.912541241704615E-017
    106   10   9.585797677935264E-017   2.444060113424449E-032   9.585797677935264E-017
    107   10   9.585797677935250E-017   2.444060113424480E-032   9.585797677935250E-017
  </DiscreteSampler_grid>
