  0.02328655626468940  0.03528396025531690  0.05143298656772476  0.07229629322077304
  0.09651737945587170  0.11535806947154278  0.12882055636754572  0.13829473583019383
  0.14856457319813693  0.15624881826849479  0.16159561305200928  0.16591974536235535
  0.17013242572150089  0.17429766465569363  0.17786496448399838  0.18156333997955454
  0.18657363649192907  0.19166099557076419  0.19850728967940875  0.20616642908180161
  0.21489517814443254  0.22386422438121834  0.23532409377006006  0.25162279897088075
  0.26964962631187539  0.28337414704881320  0.29323009715045018  0.30241308669005440
  0.31090664301230703  0.32079264973308835  0.33319228191973399  0.34386220125090611
  0.35329768691461277  0.36188126906063817  0.36941268893376999  0.38088883106697108
  0.39188290264389231  0.40046664521254643  0.40751164419401498  0.41626573959150331
  0.42526290168679137  0.43567518433276198  0.44705680393615643  0.45453595597647889
  0.46038756066445763  0.46597913290114445  0.47394884791599601  0.48198143523634268
  0.49146317750334162  0.49839828939273723  0.50483428852630108  0.51173882226434719
  0.52036083977214731  0.53153673777770194  0.54415128626757037  0.55614483722754005
  0.56638281868932083  0.57684061089778982  0.58764001703101154  0.59838380556128801
  0.61058083204660096  0.62506033141595718  0.64104761006064037  0.65629273952408185
  0.66962548418738810  0.68162773807064791  0.69359534698598491  0.70646934628212321
  0.72076801068673357  0.73303911680085576  0.74134464422269164  0.74896809769583905
  0.75849829662897950  0.76902466165464800  0.77761108084376007  0.78625881449341761
  0.79608617585006081  0.80598089520762450  0.81352633198585123  0.82081429498513514
  0.82819058409415514  0.83618284693035039  0.84359910956842887  0.84988563580653453
  0.85696350235412033  0.86546304277728237  0.87485945061713666  0.88412300284113365
  0.89356540319163835  0.90537158455906630  0.91954204538329543  0.93338033748364202
  0.94707228479707672  0.96146467969582528  0.97203393145193917  1.00000000000000000
  0.02778415251721937  0.02782662701403955  0.02786847583195204  0.02791254366269035
  0.02797903198511261  0.02807560727266829  0.02817052716528519  0.02826242925780397
  0.02835887961068700  0.02843282975479628  0.02850106484435956  0.02857733050496989
  0.02866330778691260  0.02875996005413064  0.02888442332169457  0.02901334271475131
  0.02913245180068516  0.02925124076642114  0.02937815246733247  0.02952345347415825
  0.02968486820078293  0.02984378748508439  0.02998486976149261  0.03011005445200223
  0.03021251970913932  0.03031035953965719  0.03042442188032200  0.03056258039561932
  0.03070494948499855  0.03082762080074559  0.03092430980069369  0.03100999989818915
  0.03110680814317640  0.03120284838361000  0.03135072274975485  0.03148418911499210
  0.03158543751484203  0.03166960230417737  0.03174772767074679  0.03182070125755894
  0.03190976842903140  0.03203294263642235  0.03220776466527155  0.03236961285272827
  0.03255776048406857  0.03275910000782497  0.03291814753873962  0.03303034732573222
  0.03316309714354308  0.03328208070265442  0.03342411174271947  0.03358643422506222
  0.03379615933640074  0.03399499503007532  0.03414426005519906  0.03424305291320343
  0.03443268261984572  0.03460157691082661  0.03478429957567733  0.03499146753641764
  0.03521518934801215  0.03546642659785514  0.03574793494960686  0.03605451575683919
  0.03640775651450410  0.03675378067340116  0.03713138997104534  0.03758634064178044
  0.03803775523307050  0.03843962920120126  0.03878960557674977  0.03911638838013971
  0.03943092605528078  0.03973255308410969  0.04005856503852659  0.04046194272799100
  0.04093458480429915  0.04137113828413159  0.04178558783700745  0.04222805149556706
  0.04274586573656027  0.04347574049100594  0.04443271220394471  0.04542871557778979
  0.04618908393533853  0.04712334229066226  0.04811366465948276  0.04882813194586102
  0.04942025730525026  0.05017674411195266  0.05119191925849436  0.05221309599687418
  0.05427201174385545  0.05725844001076701  0.06156128156106671  1.00000000000000000
  0.93603968059618925  0.93844791085722568  0.94012197054355173  0.94147350349311121
  0.94254889278628418  0.94352200266272424  0.94439748894377640  0.94502496171102879
  0.94543299194943475  0.94603449655812633  0.94692445511545142  0.94764585332207196
  0.94825207579839910  0.94891980148557398  0.94957641068164056  0.95041905638692392
  0.95085201589564894  0.95113080197261690  0.95127924406676645  0.95143752067257492
  0.95161685480065306  0.95191152824370961  0.95229136842450413  0.95268499769528137
  0.95319122620510188  0.95384355003407284  0.95418566942801231  0.95444906630712623
  0.95471443058378647  0.95504747512175781  0.95541868851890488  0.95580046713738409
  0.95609608854292594  0.95643015548792221  0.95680392305222461  0.95723003056028855
  0.95760957957559978  0.95789632807781488  0.95814895620305518  0.95839467083227214
  0.95862050412016486  0.95881900655335306  0.95899935160516414  0.95920504146615804
  0.95941922395747548  0.95962697929035679  0.95984159287137694  0.96002090374768201
  0.96018953960497666  0.96039124079479010  0.96061968372299067  0.96081005267993780
  0.96100093884931237  0.96124575805722068  0.96150528943878311  0.96171891190274006
  0.96190711947665197  0.96208320292457383  0.96229961635197925  0.96256930131190055
  0.96279576047311477  0.96304381884934276  0.96329080243801590  0.96351213563330029
  0.96372506238042410  0.96395137271205344  0.96412272774129348  0.96428600034454814
  0.96446016977618654  0.96464995892799110  0.96486170603157995  0.96507308736965314
  0.96529863298792029  0.96550195150809570  0.96568078398811419  0.96588104163053368
  0.96608180705378777  0.96630078728876612  0.96656174300352249  0.96680338701940260
  0.96698348440397131  0.96717139839944155  0.96734958936096527  0.96751696181578950
  0.96769893764492032  0.96793426164630658  0.96816450787225339  0.96837091522373930
  0.96854968205105474  0.96874537949329176  0.96890671256122562  0.96906006528172972
  0.96923369718486085  0.96936483829628017  0.96944272770311990  1.00000000000000000
  0.00330348071775491  0.00372673358299841  0.00387663556158663  0.00397063762259485
  0.00402916596038456  0.00408044221268671  0.00413632378257923  0.00420148256967711
  0.00428613260944593  0.00435900382008736  0.00443576780874600  0.00450966929347629
  0.00457711985898678  0.00464112898017438  0.00470912309582592  0.00476869979357445
  0.00482338273941881  0.00486232420751541  0.00489901042672289  0.00493570934548292
  0.00496592062152677  0.00500014231385663  0.00504126628052070  0.00508525569220834
  0.00513295982820483  0.00517507433219488  0.00522485858746479  0.00527309658206739
  0.00531803095856147  0.00535393481287137  0.00539268252615738  0.00543462723703675
  0.00547990813400578  0.00553834030025996  0.00561111442360196  0.00569627688160078
  0.00579296597404162  0.00589666936315798  0.00599290565811984  0.00608670003880538
  0.00618589045509135  0.00629851803797068  0.00641666068283367  0.00654749253909538
  0.00666419359816750  0.00677527279600064  0.00687724905357469  0.00695301899379321
  0.00702572767854998  0.00708969675503635  0.00716498631904241  0.00723689073463200
  0.00732984207731912  0.00742538329365116  0.00752055802765687  0.00762301539242094
  0.00772736860953594  0.00783776184918747  0.00796542373273900  0.00809919929388084
  0.00818000583604553  0.00828383690930080  0.00842687995473080  0.00854480938579743
  0.00863816408624798  0.00872269398397120  0.00884778144883542  0.00904831119493280
  0.00931751311530130  0.00959423928796060  0.00982248731030434  0.00998213854843066
  0.01014689079418987  0.01032514899285718  0.01053580180564237  0.01080248625395788
  0.01109658852351325  0.01134995020116602  0.01160133472257209  0.01186229918113539
  0.01216096968238068  0.01249037208949560  0.01283186822909683  0.01332773022795827
  0.01393567396247748  0.01465358882859085  0.01527171550272790  0.01611306352575449
  0.01703345996035749  0.01803303444344675  0.01958806795789671  0.02206028797506891
  0.02580822267315303  0.03129304506251078  0.19194005268087466  1.00000000000000000
  0.00335916120480590  0.00450211851577484  0.00478811360262238  0.00499025208099358
  0.00519185882732735  0.00536214765593376  0.00561369738838814  0.00584507946451793
  0.00604259491382976  0.00621485167803761  0.00640707219904175  0.00667453971434528
  0.00694162016881299  0.00718434301705790  0.00740150985536128  0.00758228780044413
  0.00778681796170095  0.00805031661163605  0.00836018781915392  0.00863683763220160
  0.00882477876165205  0.00899000229097474  0.00923711909834977  0.00953807084288645
  0.00985025578227430  0.01016447973064815  0.01056032541721800  0.01099554886530473
  0.01142512668241475  0.01187584621795695  0.01236635631190733  0.01273446898095482
  0.01315650629722496  0.01362087664258460  0.01402128184053758  0.01438518217169479
  0.01468346139095350  0.01491764671060110  0.01512402954522224  0.01534566076624283
  0.01562855243454486  0.01602050886036418  0.01645959874557907  0.01684402182199112
  0.01719127473089002  0.01758708626488384  0.01800965140591739  0.01855283988984127
  0.01920072564932394  0.01977768946267369  0.02033954992363749  0.02088171875572370
  0.02148611888035786  0.02203371028752344  0.02236693438468300  0.02264888672124162
  0.02289526716020306  0.02319634977849927  0.02363099842788271  0.02432922624543141
  0.02517447013646482  0.02581988823173372  0.02630346183018625  0.02678158327677425
  0.02751346117138089  0.02876656445334157  0.03009469075826449  0.03130633346063622
  0.03248535692116190  0.03360031424635901  0.03481676128128377  0.03612631572476992
  0.03752813643037391  0.03868459020382961  0.03902265180597482  0.03942689357278594
  0.03992660261041560  0.04064650371417638  0.04151404269033113  0.04197560040594222
  0.04229319777815028  0.04313106021779831  0.04408693920718604  0.04558193269875094
  0.04793254031027935  0.05220581392808727  0.05589403031015984  0.05925621571401765
  0.06272095236158953  0.06651049488480072  0.07265536849663223  0.07972381845433507
  0.09271707619096857  0.14461153125093640  0.29307833207775302  1.00000000000000000
 -0.00103597685183465  0.00572624645191744  0.01120333121586719  0.01639575012361311
  0.02185878442407872  0.02937229107830904  0.03812513621477515  0.04627590543879485
  0.05417709368463573  0.06266893422650106  0.07048436434570644  0.07789337279916253
  0.08504106550287224  0.09096598968465169  0.09842804588560537  0.10632040329495417
  0.11701837530560133  0.12765427574881419  0.13878845634673725  0.14961706810160669
  0.16185370730057716  0.17424091011913193  0.18696775999223200  0.20028322190323522
  0.21444105065208285  0.22854098734353184  0.24303675399502278  0.25805112393670032
  0.26996773872823182  0.28233286460506168  0.29535762879367361  0.30829155257527224
  0.31899954575045286  0.32910517690905172  0.33707818268570072  0.34386555341844588
  0.35227305798487046  0.36154556616053030  0.37083392460581388  0.38104216891447229
  0.39157425650673988  0.40128270526986454  0.41332926580034879  0.42659021203286757
  0.44085554333897359  0.45623556880678884  0.47036278611214805  0.48079841395110723
  0.48693003571591387  0.49368014434594354  0.49937719256834806  0.50535250768781259
  0.51091581165014732  0.51710738848352378  0.52516357003445036  0.53543506110323402
  0.54553642847866768  0.55551512015427351  0.56201152508591623  0.56788062884005164
  0.57342590519739489  0.57975587480965141  0.58803714522472150  0.59415397408137260
  0.60001223511330459  0.60764765546579025  0.61817761337938160  0.62943879514363610
  0.63915482444667171  0.64788666992981470  0.65691448392095075  0.66734048556175030
  0.67709389223080985  0.68856543557949046  0.70364055117469348  0.71330141630275845
  0.72137626606868177  0.72930386195821240  0.73710607992571342  0.74673578361590676
  0.75701367307603584  0.77090732311349131  0.78400598609665284  0.79730149391006888
  0.81166352083054660  0.82809298774028384  0.84695196924052030  0.86626964218341429
  0.88384835308111476  0.89655430463100705  0.91034726186280812  0.92488737260243670
  0.93947901316612714  0.95615357823921410  0.97630679556383937  1.00000000000000000
 -0.00169998386818032  0.00840178868653916  0.01394913309441874  0.01945375689947581
  0.02909517370673461  0.04441428259324695  0.06254017135878431  0.07988296729257306
  0.09728446105154379  0.11348107442291501  0.12726067335975871  0.14150591378359240
  0.15338780958525935  0.16143751874669021  0.16821974090402073  0.17471513384450871
  0.18219887807622726  0.19304830918721297  0.20677124895996243  0.22025223882670170
  0.23281195792408840  0.24968120235851909  0.26683164366925083  0.28146557303472769
  0.29489754794977124  0.30945007508520583  0.32171890992420715  0.33273817237490866
  0.34451919410482174  0.35448329217479252  0.36231955138439975  0.36974176856065355
  0.38032139142637844  0.39548791315020504  0.41187231303201410  0.42599347748956301
  0.43708573861968053  0.44605172263973081  0.45524397276787576  0.46401126273359361
  0.47400028423163665  0.48808843360193144  0.50636239594031363  0.52334021855103374
  0.53486618276085895  0.54374615321339548  0.55136109997008342  0.55817999403585628
  0.56646827174458569  0.57685853964569156  0.58988630263563158  0.59722168698865308
  0.60425450842774686  0.61165650338756761  0.61973877139824030  0.63231857015964643
  0.64344597354482080  0.65286117938758859  0.66185838874634351  0.67203301310586305
  0.68522897146798534  0.70066717336276041  0.71313386093195852  0.72197877636363605
  0.73217418085822406  0.74521495051553044  0.75851326025536170  0.76968964474766044
  0.77537863023695086  0.78157188810019895  0.78734753745505615  0.79547814446842846
  0.80449082961989526  0.81446885955953341  0.82149968549950203  0.82626075499387097
  0.83287809127667622  0.84551842724709481  0.86207878491239109  0.87745883659464408
  0.89385315436406010  0.90949836637250081  0.91883714951673168  0.92440979073472218
  0.93075943309955200  0.93730449641803915  0.94433441093154169  0.95296902562120922
  0.95719594615811843  0.96144790052656182  0.96675518915867176  0.97204029827415772
  0.97835661697810894  0.98535203039282204  0.99159214269012486  1.00000000000000000
 -0.00369334398156090  0.01390945092615673  0.02679723829490350  0.03846637973611162
  0.04876611967596383  0.05924879861872055  0.06887689215128308  0.07716068778196995
  0.08907997751672775  0.09981037677250550  0.10673875606179621  0.11263516635397243
  0.12094489602213357  0.13123855391881756  0.14269903785179477  0.15457345634502698
  0.16600321065098936  0.17688490643901417  0.18756998992866883  0.19932248301832567
  0.21460597654182562  0.23094455329497429  0.24639814862273574  0.26138299582734936
  0.27569114511818910  0.28603480605909376  0.29103811988556466  0.29574207101551336
  0.29989085964612483  0.30449305859808462  0.30963198113016466  0.31567945112658435
  0.32152218348112865  0.33040317294575544  0.34480858211936793  0.35747539938259182
  0.36774499884876338  0.37612134823113075  0.38533256458875664  0.39766053222986741
  0.40920585912540497  0.41632601582261308  0.42428343602775376  0.43297886856284290
  0.44149476371783075  0.44837286228878204  0.45590636561815823  0.46368180923812768
  0.47206109248447886  0.47993933053384974  0.48768301640779238  0.49585742162480639
  0.50425413927312324  0.51419453144005878  0.52752832853901588  0.54053448218763900
  0.55442594422682645  0.57087356375544762  0.58688253418188507  0.60140921666312142
  0.61143468159830361  0.62060298151930549  0.62978663450962946  0.64346127470950865
  0.66288493132002779  0.68090805548224842  0.69692305477944338  0.70785310743010654
  0.71671355044638185  0.72696338413704686  0.73728573481607551  0.74960434231956175
  0.76494651519489476  0.78244426768822439  0.79645242713586628  0.80642002533321733
  0.81437670836465004  0.82315433571751373  0.83364305658600901  0.84311449184033860
  0.85172095406996740  0.86019949282629882  0.87177112615568941  0.88393538009247141
  0.89594973290037738  0.90846384055114116  0.91985761860904958  0.92810455701923666
  0.93463946530885078  0.94043211788417203  0.94797586920317056  0.96022885378722533
  0.97208170512509917  0.98137666025429249  0.99013509356243845  1.00000000000000000
 -0.00224031142326307  0.01069015465094426  0.01890224039391803  0.02848928997495870
  0.03806413137974610  0.04805371103939743  0.05592119260392174  0.06683751964701544
  0.07611343888305445  0.08486988917208939  0.09620010448373453  0.10925815666976443
  0.12120154112879654  0.12998237666132911  0.13527364908312478  0.13933437735564022
  0.14455965900587270  0.15092648936158837  0.15877772760082118  0.16762696449163814
  0.17655774483657805  0.18538543686276387  0.19394734345258866  0.20650952012807683
  0.21551846581651463  0.22513018851779151  0.23557059505133285  0.25177963776700213
  0.26577196840681877  0.27362985869755385  0.28189157600276787  0.29153640032081574
  0.30300798139787927  0.31437639851541693  0.32414779555981482  0.33307221800198822
  0.34114569752508916  0.35056891392459150  0.36037588605348947  0.36972362168420453
  0.37984393668810595  0.39199743957212729  0.40990349279472937  0.42271079553318536
  0.43330645554278285  0.44246297676942509  0.45283516926167294  0.46359320273998089
  0.47152148520852455  0.48339030001799227  0.49669904874265641  0.50706919127476335
  0.51568970069243447  0.52470361655039677  0.53492766771252653  0.54573946619578706
  0.55688104636157354  0.57220439192797601  0.58431141079840887  0.59500852923835246
  0.60504305185664498  0.61432534693544816  0.62677098925908725  0.64128645517768812
  0.65388403870841350  0.66440314152206958  0.67420017718301017  0.68507201457837308
  0.69580712228164687  0.70417885946137015  0.71364885066267625  0.72405230534642584
  0.73720280425838980  0.75262935482007443  0.76640678419636077  0.78194234566468446
  0.79994997965571035  0.81747341872076063  0.83154812710755888  0.84268459665397488
  0.85393592703595245  0.86558633675425622  0.87416606297162480  0.88276278716590251
  0.89307575972390429  0.90652780560395796  0.91613001550016460  0.92303275714463562
  0.93170312050873372  0.94273202998383276  0.95281068354951370  0.96067625513583332
  0.96973357283792039  0.97943800214005139  0.98959434409594416  1.00000000000000000
 -0.00536094823402094  0.01465872772525640  0.03108931746277038  0.04330348217116085
  0.05238445700073689  0.06238911107638502  0.07395530934050090  0.08489242918904613
  0.09626589171010518  0.10972347722163553  0.12533029256859476  0.13602102686291861
  0.14775213502365087  0.15982605123554330  0.17204289061091010  0.18441575742733909
  0.19440696211987721  0.20280170988117982  0.21092485248348256  0.21895432172251658
  0.22540764137447181  0.23203620916896689  0.24190204596199802  0.25403556301985819
  0.26723285199901492  0.28061459087844454  0.29357058653643381  0.30539831935599832
  0.31696543237020136  0.32784216521279386  0.33820271782439060  0.34725533299038147
  0.35377554118682036  0.36140446143954974  0.36987687561696769  0.37562799703477179
  0.38168466932822964  0.38946234466476659  0.39839229657447750  0.40708597145077580
  0.42139082000503125  0.43674982011248198  0.45034616503234570  0.46267293820627664
  0.47345647798416707  0.48200104495581791  0.48980117140348933  0.49810916026016411
  0.50780205645630094  0.51698190321581095  0.52858103764431408  0.53875630978822775
  0.54790755454545148  0.55525598782037178  0.56351647840602059  0.57460929192654064
  0.58693526387292716  0.59722334475351735  0.60650949429530843  0.61601258502203193
  0.62570035260333268  0.63599536485165387  0.64787686673956535  0.66040143143367525
  0.66931476315839611  0.67844060569884179  0.68889776853573148  0.70161942947145184
  0.71476996406574278  0.72450875320345431  0.73157604090996642  0.74003771494602910
  0.74850933608073489  0.75523818013219324  0.76359504252808141  0.77511653935197034
  0.78558466916751768  0.79395703160147812  0.80110525802805788  0.80616506118686482
  0.81241117225189741  0.81934527917106859  0.82996504414021532  0.84127310145133516
  0.85061170180797374  0.86094930193145303  0.87444118582975994  0.88898261166310566
  0.90318706955644890  0.91578156663965826  0.93044224456882185  0.94593637511535900
  0.95997892359566173  0.97240459538942559  0.98501392861588566  1.00000000000000000
 -0.00450562789632286  0.01517688926630014  0.02968308907677858  0.04615683554380216
  0.06186714125460226  0.07539266653127279  0.08706539205755214  0.09597534286290745
  0.10145221360937778  0.10515978531671040  0.10775189530801155  0.11063040277019846
  0.11525575461168336  0.12456153452923008  0.14029527175609233  0.15477121449369843
  0.16614940148020613  0.17509421920651141  0.18371969829496274  0.19069584709572643
  0.19826108970586076  0.20716961782113064  0.21718738193378681  0.22811777796637572
  0.23737712498246560  0.24544858483150583  0.25246047391743326  0.25848639601105600
  0.26686798066926354  0.27625402972522467  0.28830242721320765  0.30346372801802118
  0.31964676697000305  0.33581879995034836  0.35453360133918327  0.37159168068077197
  0.38645876890737729  0.40079896630967315  0.41397828494206418  0.42568425921257824
  0.43605123238887961  0.44472767411068143  0.45399583298880480  0.46559457358278611
  0.47087363137317356  0.47619684909421778  0.48228441750366197  0.48897109370149594
  0.49623358346409274  0.50327060703085535  0.51327346882557845  0.52220362130621123
  0.52884720953437236  0.53584392449448792  0.54488506024803895  0.55773448922289237
  0.57312044834218312  0.58962818503535208  0.60043322243577280  0.60943722916124532
  0.61831736365201007  0.62859683720617265  0.63952683710190839  0.64956057810485013
  0.66240569525853743  0.67491993756897084  0.68573373062573650  0.69681291678977508
  0.70770457423309896  0.71928874839942203  0.73288754312540993  0.74052433186773492
  0.74931588912632929  0.75935112197836419  0.77618633512650903  0.78751221720354536
  0.79265127807597169  0.79952404413150358  0.80461437028112959  0.81080208413539945
  0.81852472605355953  0.82717159712962374  0.83655614347384777  0.84801695274845934
  0.86123068102108069  0.87282380967013584  0.88299885109400356  0.89336963617198850
  0.90599246426104652  0.91906504384382959  0.93155738646067932  0.94454360093356382
  0.95863773543544328  0.97189726032318602  0.98536336141612246  1.00000000000000000
 -0.00070731827260815  0.00135387734560852  0.00891615363646218  0.01557545617182492
  0.02122941863896317  0.02827745502981965  0.03669578961860237  0.04547281784014973
  0.05521016301590618  0.06379257588590248  0.07021166480631037  0.07618351832172762
  0.08150659296069257  0.08622739100131609  0.09100829783585175  0.09778501788723250
  0.10529741202422198  0.11191916581580051  0.11749446453245455  0.12144052058175324
  0.12600450983244407  0.13145713790344796  0.13661474830806866  0.14220700989176921
  0.15353027983477410  0.16601180118448519  0.18027170477347970  0.19619567877632990
  0.20835784778005564  0.22062588399549074  0.23251365373794622  0.24307286564264852
  0.25515750182832198  0.26921808131559133  0.28619996380935264  0.30163206589224545
  0.31674815481035462  0.33098807696958388  0.34348618252225871  0.35770354510406926
  0.37092644550736797  0.38064194716844707  0.39009553622328585  0.40024907619725031
  0.40900031887532995  0.41845267150477977  0.42995928289484375  0.44211333600437780
  0.45314331258806717  0.46956345675491273  0.48733868418131610  0.50690627940212385
  0.52363395022659354  0.54040874674390871  0.55588938482546102  0.57075923241763793
  0.58586324149579738  0.60009094098370142  0.61218010846231286  0.62117543132927588
  0.62767069061878589  0.63561384399462695  0.64524952633462951  0.65672303710431934
  0.66938216819479546  0.68189271927401163  0.69475862846323078  0.70802525403841265
  0.72136276566578195  0.73138773506462618  0.73939442181840076  0.74646175629526879
  0.75542959829812328  0.76872208915958562  0.78528527625364886  0.79713513501305233
  0.80752470047557112  0.81717757825815418  0.82746553009498158  0.83680811525333398
  0.84614399639376658  0.85601049277177288  0.86614578349963700  0.87652003354101471
  0.88787033333175780  0.89798533195276053  0.90921318328224598  0.91921152443949361
  0.92548832976627626  0.93659588788492210  0.94933006313337887  0.96029902891671559
  0.96901423732753333  0.97821788215308969  0.98901815989496544  1.00000000000000000
 -0.00075972636756673  0.00296843605433578  0.00765908101895892  0.01310121647634391
  0.01909111769012721  0.02762153713272317  0.04010682019057249  0.05254670720173871
  0.06340666581366357  0.07499845728167488  0.08806053440065861  0.10314812732025395
  0.11941990654340641  0.13454875771350772  0.15070840291742205  0.16687243697449589
  0.18501994399620528  0.19928636393459170  0.21062515390161032  0.22041215333894795
  0.22871612365257882  0.24031755463667975  0.25147547132168685  0.25777670804426622
  0.26650260366656936  0.27456371766933191  0.28349267215619123  0.29365732758868729
  0.30422385729548362  0.31478670388048313  0.32619758906815460  0.33890849497486741
  0.35355816035398269  0.37107794273963018  0.38947631744732925  0.40697101430597793
  0.41830817080890054  0.42790886130521122  0.43611747475457469  0.44430611745867260
  0.45288497808907363  0.46212283159772732  0.47338045918848598  0.48507176167097904
  0.49379030596632845  0.50444518204731981  0.51663976865162597  0.53100935578680464
  0.54682901815235907  0.55986826998454942  0.57014526064762183  0.57860762881096173
  0.58594203159554359  0.59211033068010999  0.59887175996061504  0.60570373593671101
  0.61159225543642715  0.61932860262220524  0.62745760052733268  0.63544191618940937
  0.64457273203690835  0.65501316854340785  0.66565910255111316  0.67533657174228223
  0.68385222363429188  0.69230807593138721  0.70159504345183266  0.70943382301298541
  0.71655981591573592  0.72438216501820885  0.73387134981527402  0.74551954894507166
  0.75798506630356455  0.77235422330006576  0.78727586578017350  0.80204869817075231
  0.81375013535871810  0.82509900802500813  0.83746469948236113  0.84947713949384207
  0.86432208495107254  0.87570335128173715  0.88495427461829690  0.89101939388607132
  0.89681294246784393  0.90317467218439729  0.90973214635941713  0.91643714457198489
  0.92758781804416801  0.93942156978406499  0.94642626521906270  0.95514365998066253
  0.96578350328777918  0.97733861574588776  0.98910018930203536  1.00000000000000000
 -0.00237395821914135  0.01097704558474378  0.01998346012412150  0.02803745011377488
  0.03777438547977729  0.04860944911837242  0.05617748576368773  0.06199786382599619
  0.06690996958899140  0.07056595206402999  0.07489127248372689  0.07999415098095010
  0.08781141394458072  0.09875460426570401  0.10838886363118111  0.11790243396076458
  0.12934537590613859  0.14158694614641365  0.15659786840152773  0.17287660858639076
  0.18676104693487958  0.19914927127835141  0.21096603324728042  0.21999488180575724
  0.22571241660823074  0.23169885212055888  0.24182808283979090  0.25205912898713217
  0.26109228584664707  0.26996301016543728  0.27824169763122536  0.28706202491383481
  0.29653918854382288  0.30694176825492892  0.31838464040148801  0.32892653893118290
  0.34053412765690094  0.35231417045218671  0.36402038073380227  0.37329423425680863
  0.38230695052155339  0.39168585781380649  0.40246064813001547  0.41562690005516678
  0.42651302224364213  0.43492539799638102  0.44265823866870463  0.45151426787830645
  0.46256161224073339  0.47517754556784703  0.49153512295091983  0.50739634119727806
  0.52404940413072965  0.54084992542453436  0.55468654141831064  0.56629631498283450
  0.57703500613867986  0.58771989947442349  0.60098337141511893  0.61526685177430118
  0.63040496036414673  0.64610327603630657  0.65970800910912653  0.67190146994233813
  0.68415969130024701  0.69591642472195259  0.70759981673354577  0.71987284731648182
  0.73402274126372957  0.75255679893179606  0.76765560936759014  0.77776864844914206
  0.78476988022900485  0.79271545788149800  0.80067634120042463  0.80864928150245141
  0.81962191446592580  0.83143008948931585  0.83947082925111050  0.84727111065738936
  0.85599960915905748  0.86399072166043511  0.87198125206023502  0.88022212098643648
  0.88771667213770900  0.89461662451005863  0.90193046819633960  0.90925207621288606
  0.91686767147620607  0.92502489433285306  0.93426963959279841  0.94428936408385711
  0.95543791635074460  0.96832621864990720  0.98346103635163451  1.00000000000000000
 -0.00320770906157427  0.00858879737810496  0.02081302189620100  0.03284853741736250
  0.04444340061449506  0.05390975717153198  0.06126775244421596  0.06909932090063850
  0.07746194880616208  0.08565494342999258  0.09340464726358017  0.10198096619529826
  0.11769326474085749  0.13660375198662197  0.15367782771169941  0.16787395895379612
  0.17915347076029636  0.18929513869344883  0.20071395707775896  0.21348886398463610
  0.22920125000262523  0.23941299212832079  0.24729302368124911  0.25473440657167434
  0.25964781708545687  0.26412162369622622  0.26928671356944933  0.27504139839163444
  0.28275975502119732  0.29371911010785123  0.30622152010478670  0.31989451865306184
  0.33530395911376876  0.34939033329136465  0.35990540300790452  0.36920896427229322
  0.37770165483573898  0.38469677355610393  0.39264505258801879  0.40352110716539413
  0.41619910745752059  0.42698976152198242  0.43630833242904693  0.44729496954021836
  0.45833791836019583  0.46994339577833949  0.48273650170570487  0.49578104596529227
  0.50511628068690884  0.51597311567852500  0.52690235814495956  0.53903106498332864
  0.54766320650456501  0.55578332494365346  0.56452747027303563  0.57612810159427907
  0.58888528299357079  0.60087699228260094  0.61633533537514984  0.62575313624210060
  0.63341092672397947  0.64051445798003170  0.64620044260546017  0.65279304066875665
  0.65893107917232929  0.66416725020913847  0.66951407804929564  0.67625796267408522
  0.68671666646313045  0.69863728470586695  0.70978929173206762  0.72055702761521823
  0.73190296360288165  0.74393961300030154  0.75599589584202187  0.76688503377724837
  0.77499212023004105  0.78346059222520048  0.79334312790699224  0.80453377069718057
  0.81770052334292587  0.83268980460552278  0.84918750815534128  0.86639326088909685
  0.88174976370435720  0.89539983179208149  0.90760337219601939  0.91616630663549448
  0.92326877060187507  0.93011517964012325  0.93774586150235095  0.94915630050423827
  0.95889735488914829  0.96732003772495645  0.97874673922823563  1.00000000000000000
 -0.00339450147936506  0.01171493162151018  0.02498851964677309  0.03725002376611133
  0.04918304767178097  0.06006406835459591  0.06860925687417825  0.07616230963398736
  0.08322393593675123  0.09037931415375172  0.09832987349688188  0.10567360271264832
  0.11150318807298355  0.11649201534635521  0.12180847838845965  0.13196841091330097
  0.14365336489666986  0.15433330928972624  0.16639651963934304  0.17963740880006923
  0.19405387293596396  0.20828084489973300  0.22192735329207813  0.23678400087767681
  0.25131711652847943  0.26397593846235751  0.27484831558355077  0.28370231241042249
  0.29092834166941017  0.29894049744411821  0.30692618433089230  0.31647936113970127
  0.32720624180264096  0.33583638425401702  0.34249472510896506  0.34918251688381730
  0.35588436167108645  0.36267712886690495  0.37204015986725997  0.38412331695202145
  0.39300360907326237  0.40058817692801962  0.40914962326836085  0.42003781312986904
  0.43490212907454057  0.45087089508439460  0.46762715465344135  0.48236532348759625
  0.49680237242692349  0.51286114554486395  0.52995209270913168  0.54630124949380510
  0.56454793306863282  0.58056109307305481  0.59436659491325305  0.60598044077285773
  0.61631859425672864  0.62479471910200524  0.63440939424836629  0.65079947659036974
  0.67088298812090119  0.69091177037411788  0.70902866072181137  0.72416180184937351
  0.73921103810151112  0.75424201623340503  0.76560437124564273  0.77406511709217707
  0.78149148001324753  0.78911857307220490  0.79811423036620888  0.80706247492096883
  0.81591416042915621  0.82199778171488636  0.82709058711047001  0.83216093065230967
  0.83891686040860036  0.85216604731387169  0.86359657559265868  0.87317879208587235
  0.88321161006854787  0.89467228882795935  0.90613117873464910  0.91474523071373259
  0.92370232181642264  0.93345554100252348  0.94380553434113001  0.95232485409508882
  0.95846954525032246  0.96538348574318544  0.97153982878947420  0.97782332856854648
  0.98276163066631805  0.98737263594039570  0.99309121332499006  1.00000000000000000
 -0.00227848131057829  0.00661539054744290  0.01577101112993463  0.02493989634785351
  0.03489879212033836  0.04486466644326435  0.05511602292400887  0.06696480212623207
  0.07870058478339066  0.09179286753185478  0.10531326568875002  0.11602003702719454
  0.12909491324110728  0.13855104100867036  0.14498802579083303  0.15381181828969059
  0.16041156691723193  0.16975770672467652  0.18017442752211610  0.18893109849806186
  0.19771045660600151  0.20733009227307078  0.21703085632640526  0.22843614577042756
  0.23961847670409286  0.24867009508523086  0.25460888027593492  0.26077921134949622
  0.26705985088079193  0.27426473201633822  0.28343976173109081  0.29323332662717144
  0.30488420416254208  0.31875550209930414  0.33323142710868076  0.34549787100491042
  0.35442195981181834  0.36205339828491689  0.36852770824314524  0.37479705694115362
  0.38233930463761528  0.38936639167867121  0.39495046784730531  0.40254963246179498
  0.41708982977252684  0.43392368097994977  0.44594595258309344  0.45511949680184205
  0.46503230712778720  0.47624699925136732  0.49048253189169999  0.50580154716424275
  0.52015268277776094  0.53113859022280874  0.54048054941006596  0.54992081814840643
  0.56016801825725793  0.57097908904924144  0.58338991551172814  0.59706292286280416
  0.60896796539258324  0.61790391317413218  0.62894501349574516  0.64178043939329932
  0.65555726564630246  0.66822505743556893  0.67868891860870995  0.69008209204851112
  0.69983229130238289  0.70850122210766142  0.71680655787808678  0.72517856628604349
  0.73327025677312918  0.73911462425069974  0.74585167716644685  0.75426146056829768
  0.76443611891734775  0.77640596089212699  0.79047111851772756  0.80315518836018562
  0.81437362467521879  0.82551116155102189  0.83826331160341117  0.85335536419749836
  0.87244795702501743  0.88967351497954361  0.90375927500279751  0.91512001971671375
  0.92508214226909813  0.93553716485641503  0.94682528401740373  0.95863760714182211
  0.97144922876089701  0.98356150498941386  0.99235230147023457  1.00000000000000000
 -0.03682657583249238  0.48482604081548264  0.52477938875521690  0.56365210071043836
  0.60547040163541821  0.63767749626732528  0.66325625979317882  0.68478542628573968
  0.69901850894685236  0.70900725094097050  0.71877514595696013  0.72881224148101509
  0.73949525117060966  0.74943472370811315  0.75759454249549929  0.76552548030390688
  0.77353578866525208  0.78059113139880754  0.78771251919142660  0.79432955395119875
  0.80077010850480823  0.80695956835276506  0.81079042598428397  0.81430863406921827
  0.81764946167802188  0.82216989147938202  0.82700130601460609  0.83076294949383822
  0.83352166480094836  0.83617036644903830  0.83938871654989566  0.84364437022342054
  0.84906302084792773  0.85418330692926947  0.85985321492654987  0.86555893400711181
  0.87028171667095666  0.87353411933724989  0.87670626123395901  0.88009521254956591
  0.88406507598561446  0.88779223499490423  0.89066086347452555  0.89310300431929124
  0.89596479176914579  0.89831585758276977  0.90037280955769960  0.90244857864012418
  0.90505270606016675  0.90838880266292543  0.91171195144708450  0.91460771116725503
  0.91664213333708378  0.91835355250819151  0.91952568268237822  0.92069171469390687
  0.92182974711858512  0.92345552725256430  0.92610249152732982  0.92884999791267397
  0.93109826224332415  0.93296299345064349  0.93468013049511267  0.93630677963613174
  0.93790878575526215  0.93964008815263311  0.94145776487549060  0.94315341434146427
  0.94440563902115104  0.94553963487581694  0.94668711188076138  0.94796291658687837
  0.94949785883964655  0.95119359640415035  0.95277051695015602  0.95400424029910447
  0.95523428263710231  0.95651004873336409  0.95793290005833753  0.95959711239623380
  0.96134240385962710  0.96307077302298116  0.96475341699486017  0.96641293905090708
  0.96821873512872880  0.97029986583954542  0.97259503937657699  0.97550452227512741
  0.97651689210419379  0.97756898267676107  0.97874477785074809  0.98052063374377008
  0.98305689923267858  0.98545635340459081  0.98842178586988616  1.00000000000000000
 -0.02833217422809652  0.15118362008476477  0.21165001795125674  0.23448247464793973
  0.25141239012739980  0.27012459521523241  0.28976716361117771  0.30888212686927713
  0.32598081428365810  0.33868526733926796  0.35259528558870895  0.36418116037250425
  0.37548915060134447  0.38755029494217058  0.39868970245952062  0.40841220627787755
  0.41768186237107569  0.42688875119931841  0.43684548465727469  0.44651528607062252
  0.45638589661119139  0.46784151465230617  0.47672899661323881  0.48416442872006127
  0.48984658161630878  0.49469945729463927  0.49963930573411636  0.50550486613048873
  0.51064690503409049  0.51569793800309882  0.52199921983135178  0.52807152228232668
  0.53462339831356798  0.53916679983448079  0.54299661686151912  0.54677443025602435
  0.55145449749401454  0.55505183704414240  0.55807447776514052  0.56087194054466316
  0.56363767361471240  0.56682035562987498  0.57055399020846431  0.57540044773907095
  0.57950296690925807  0.58352541504542621  0.58961391896895654  0.59735825849875113
  0.60517450627625669  0.61144136843585062  0.61605533103692733  0.62072620434763104
  0.62567861632476252  0.63080892936658672  0.63511791007040819  0.63891220630566203
  0.64265706477758999  0.64663757892139795  0.65067018001947985  0.65465853772905169
  0.65881651296557631  0.66186223742995642  0.66585300833219119  0.67018114573275589
  0.67542577165574746  0.68079571989873267  0.68536710117209643  0.68932499615118326
  0.69339191804548539  0.69755761982632691  0.70176286904546437  0.70607339668567615
  0.71065155809071978  0.71463758927074572  0.71825001609921257  0.72317030705622165
  0.72915552842783526  0.73386822423130182  0.73893474941292392  0.74398009790871111
  0.74893340197082414  0.75486815625597603  0.76155997635340322  0.76968501767792041
  0.77829092294804048  0.78430675203929479  0.78960299704258197  0.79544426390007950
  0.80414557214601734  0.81337476034813438  0.82336449337338857  0.83208376054846367
  0.84044404584567511  0.85792035027634572  0.88786937900389906  1.00000000000000000
   2.9035626158732370E-019  -1.0000000000000000     
 T F F F F F F F F F F F F F F F F F F F T F F F T F F F F F F F F F F F T F F F T F F F F F F F F F F F F F F F F F F F T F F F F F F F F F F F F F F F F F F F F F F F F F F F F F F F F F F F F F F F F F F F F F F F F F F F F F F F F F F F F F F F F F F F F F F F F F F F F F F F F F F F F F F F F F F F F F F F F F F F F F F F F F F F F F F F F F F F F F F F F F F F F F F F F F F F T F F F F F F F F F F F F F F F F F F F T F F F T F F F F F F F F F F F T F F F T F F F F F F F F F F F F F F F F F F F T F F F T F F F F F F F F F F F F F F F F F F F T F F F T F F F F F F F F F F F T F F F T F F F F F F F F F F F F F F F F F F F T F F F F F F F F F F F F F F F F F F F F F F F F F F F F F F F F F F F F F F F F F F F F F F F F F F F F F F F F F F F F F F F F F F F F F F F F F F F F F F F F F F F F F F F F F F F F F F F F F F F F F F F F F F F F F F F F F F F F F F F F F F F F F F F F F F F T F F F F F F F F F F F F F F F F F F F T F F F T F F F F F F F F F F F T F F F T F F F F F F F F F F F F F F F F F F F T F F F
  <DiscreteSampler_grid>
  grouped_processes
  1 # 1 for a reference and 2 for a running grid.
  10 # Attribute 'min_bin_probing_points' of the grid.
  1 # Attribute 'grid_mode' of the grid. 1=='default',2=='initialization'
  0.0000000000000000 # Attribute 'small_contrib_threshold' of the grid.
  0.5000000000000000 # Attribute 'damping_power' of the grid.
 # binID   n_entries weight   weight_sqr   abs_weight
    16   10   4.703333244491024E-018   1.032264082181219E-034   4.703333244491024E-018
    17   10   4.703333244491032E-018   1.032264082181224E-034   4.703333244491032E-018
    19   10   1.455028328774866E-017   1.369304803150167E-033   1.455028328774866E-017
    20   10   1.455028328774871E-017   1.369304803150171E-033   1.455028328774871E-017
    22   10   2.618989204738587E-017   4.364838932129689E-033   2.618989204738587E-017
    23   10   2.618989204738592E-017   4.364838932129705E-033   2.618989204738592E-017
    28   10   6.423642896290221E-017   3.233932273258156E-032   6.423642896290221E-017
    29   10   6.423642896290188E-017   3.233932273258116E-032   6.423642896290188E-017
    31   10   1.163697927928720E-016   1.116240262999050E-031   1.163697927928720E-016
    32   10   1.163697927928721E-016   1.116240262999052E-031   1.163697927928721E-016
    34   10   1.951162022921233E-016   3.252374657668128E-031   1.951162022921233E-016
    35   10   1.951162022921232E-016   3.252374657668118E-031   1.951162022921232E-016
    40   10   4.157725313686734E-017   1.019473203140921E-032   4.157725313686734E-017
    41   10   4.157725313686715E-017   1.019473203140910E-032   4.157725313686715E-017
    43   10   7.610120705258363E-017   2.567547599372146E-032   7.610120705258363E-017
    44   10   7.610120705258314E-017   2.567547599372107E-032   7.610120705258314E-017
    46   10   8.040015535907172E-017   2.663649785791072E-032   8.040015535907172E-017
    47   10   8.040015535907112E-017   2.663649785791032E-032   8.040015535907112E-017
    52   10   3.864944189459047E-018   8.263384080363683E-035   3.864944189459047E-018
    53   10   3.864944189459062E-018   8.263384080363763E-035   3.864944189459062E-018
    55   10   4.457753023867827E-018   1.203970510350248E-034   4.457753023867827E-018
    56   10   4.457753023867791E-018   1.203970510350226E-034   4.457753023867791E-018
    58   10   1.163252199325638E-017   5.936936100248995E-034   1.163252199325638E-017
    59   10   1.163252199325628E-017   5.936936100248879E-034   1.163252199325628E-017
    64   10   4.703333244491024E-018   1.032264082181218E-034   4.703333244491024E-018
    65   10   4.703333244491043E-018   1.032264082181229E-034   4.703333244491043E-018
    67   10   1.455028328774866E-017   1.369304803150165E-033   1.455028328774866E-017
    68   10   1.455028328774868E-017   1.369304803150166E-033   1.455028328774868E-017
    70   10   2.618989204738586E-017   4.364838932129685E-033   2.618989204738586E-017
    71   10   2.618989204738588E-017   4.364838932129689E-033   2.618989204738588E-017
    76   10   6.423642896290223E-017   3.233932273258160E-032   6.423642896290223E-017
    77   10   6.423642896290192E-017   3.233932273258119E-032   6.423642896290192E-017
    79   10   1.163697927928720E-016   1.116240262999051E-031   1.163697927928720E-016
    80   10   1.163697927928722E-016   1.116240262999053E-031   1.163697927928722E-016
    82   10   1.951162022921234E-016   3.252374657668129E-031   1.951162022921234E-016
    83   10   1.951162022921232E-016   3.252374657668120E-031   1.951162022921232E-016
    88   10   4.157725313686736E-017   1.019473203140922E-032   4.157725313686736E-017
    89   10   4.157725313686717E-017   1.019473203140911E-032   4.157725313686717E-017
    91   10   7.610120705258366E-017   2.567547599372147E-032   7.610120705258366E-017
    92   10   7.610120705258315E-017   2.567547599372109E-032   7.610120705258315E-017
    94   10   8.040015535907173E-017   2.663649785791073E-032   8.040015535907173E-017
    95   10   8.040015535907115E-017   2.663649785791038E-032   8.040015535907115E-017
    100   10   3.864944189459048E-018   8.263384080363693E-035   3.864944189459048E-018
    101   10   3.864944189459060E-018   8.263384080363752E-035   3.864944189459060E-018
    103   10   4.457753023867823E-018   1.203970510350245E-034   4.457753023867823E-018
    104   10   4.457753023867797E-018   1.203970510350231E-034   4.457753023867797E-018
    106   10   1.163252199325638E-017   5.936936100248990E-034   1.163252199325638E-017
    107   10   1.163252199325630E-017   5.936936100248897E-034   1.163252199325630E-017
    112   10   4.703333244491036E-018   1.032264082181224E-034   4.703333244491036E-018
    113   10   4.703333244491017E-018   1.032264082181216E-034   4.703333244491017E-018
    115   10   1.455028328774864E-017   1.369304803150162E-033   1.455028328774864E-017
    116   10   1.455028328774871E-017   1.369304803150171E-033   1.455028328774871E-017
    118   10   2.618989204738584E-017   4.364838932129674E-033   2.618989204738584E-017
    119   10   2.618989204738591E-017   4.364838932129700E-033   2.618989204738591E-017
    124   10   6.423642896290229E-017   3.233932273258165E-032   6.423642896290229E-017
    125   10   6.423642896290176E-017   3.233932273258103E-032   6.423642896290176E-017
    127   10   1.163697927928721E-016   1.116240262999053E-031   1.163697927928721E-016
    128   10   1.163697927928721E-016   1.116240262999051E-031   1.163697927928721E-016
    130   10   1.951162022921235E-016   3.252374657668133E-031   1.951162022921235E-016
    131   10   1.951162022921230E-016   3.252374657668115E-031   1.951162022921230E-016
    136   10   4.157725313686739E-017   1.019473203140922E-032   4.157725313686739E-017
    137   10   4.157725313686710E-017   1.019473203140906E-032   4.157725313686710E-017
    139   10   7.610120705258376E-017   2.567547599372152E-032   7.610120705258376E-017
    140   10   7.610120705258314E-017   2.567547599372109E-032   7.610120705258314E-017
    142   10   8.040015535907180E-017   2.663649785791078E-032   8.040015535907180E-017
    143   10   8.040015535907117E-017   2.663649785791037E-032   8.040015535907117E-017
    148   10   3.864944189459050E-018   8.263384080363698E-035   3.864944189459050E-018
    149   10   3.864944189459062E-018   8.263384080363758E-035   3.864944189459062E-018
    151   10   4.457753023867826E-018   1.203970510350247E-034   4.457753023867826E-018
    152   10   4.457753023867780E-018   1.203970510350222E-034   4.457753023867780E-018
    154   10   1.163252199325637E-017   5.936936100248988E-034   1.163252199325637E-017
    155   10   1.163252199325625E-017   5.936936100248848E-034   1.163252199325625E-017
    160   10   4.703333244491033E-018   1.032264082181223E-034   4.703333244491033E-018
    161   10   4.703333244491021E-018   1.032264082181218E-034   4.703333244491021E-018
    163   10   1.455028328774865E-017   1.369304803150164E-033   1.455028328774865E-017
    164   10   1.455028328774872E-017   1.369304803150173E-033   1.455028328774872E-017
    166   10   2.618989204738584E-017   4.364838932129679E-033   2.618989204738584E-017
    167   10   2.618989204738592E-017   4.364838932129704E-033   2.618989204738592E-017
    172   10   6.423642896290230E-017   3.233932273258165E-032   6.423642896290230E-017
    173   10   6.423642896290176E-017   3.233932273258100E-032   6.423642896290176E-017
    175   10   1.163697927928721E-016   1.116240262999053E-031   1.163697927928721E-016
    176   10   1.163697927928721E-016   1.116240262999051E-031   1.163697927928721E-016
    178   10   1.951162022921235E-016   3.252374657668133E-031   1.951162022921235E-016
    179   10   1.951162022921230E-016   3.252374657668113E-031   1.951162022921230E-016
    184   10   4.157725313686738E-017   1.019473203140922E-032   4.157725313686738E-017
    185   10   4.157725313686712E-017   1.019473203140906E-032   4.157725313686712E-017
    187   10   7.610120705258373E-017   2.567547599372151E-032   7.610120705258373E-017
    188   10   7.610120705258316E-017   2.567547599372109E-032   7.610120705258316E-017
    190   10   8.040015535907182E-017   2.663649785791077E-032   8.040015535907182E-017
    191   10   8.040015535907119E-017   2.663649785791036E-032   8.040015535907119E-017
    196   10   3.864944189459053E-018   8.263384080363712E-035   3.864944189459053E-018
    197   10   3.864944189459062E-018   8.263384080363760E-035   3.864944189459062E-018
    199   10   4.457753023867826E-018   1.203970510350247E-034   4.457753023867826E-018
    200   10   4.457753023867782E-018   1.203970510350222E-034   4.457753023867782E-018
    202   10   1.163252199325637E-017   5.936936100248990E-034   1.163252199325637E-017
    203   10   1.163252199325625E-017   5.936936100248851E-034   1.163252199325625E-017
  </DiscreteSampler_grid>
