  0.02529385114473175  0.03235098260888115  0.03984324131192140  0.04593703085472676
  0.05078456564609313  0.05920215522155434  0.06308185432263128  0.06895995550085841
  0.07522859732823915  0.08050085605449851  0.08539069655331513  0.09225502550186596
  0.10060345737409343  0.11119289721614589  0.12872403623928447  0.16188324941239160
  0.18563915724453986  0.18964395388772454  0.19078955110111157  0.19193514831449859
  0.19308069553313759  0.19422615456991840  0.19537161360669919  0.19651727199922636
  0.19769059122210095  0.19886391044497553  0.20003722966785012  0.20491259522858490
  0.21073810364863516  0.21577160766529244  0.22177422332781843  0.24320367551251518
  0.26527235314220493  0.27918972324548463  0.29090393790531877  0.30165656403218671
  0.31121640563942915  0.33798587175136396  0.36552291752691934  0.37999289796673497
  0.39115123506488447  0.40087155074576064  0.40912379412851335  0.41954690649289861
  0.43214097349418795  0.43947631128401093  0.44818742577599624  0.45558692872094836
  0.46063427943616841  0.46645427688924207  0.47232406426067269  0.47880752546839062
  0.49099471106180459  0.50176837614148928  0.51238955338013970  0.52519239076079505
  0.53949925259788756  0.55590371601314670  0.57028264227037551  0.58677448891684270
  0.60554447986610072  0.62481695870631282  0.64209694703653031  0.65005953538263050
  0.65799646825416258  0.66549469125488048  0.67299291425559826  0.68001315900809112
  0.68699437911507821  0.70115188311076215  0.72094093531276460  0.74891153375326147
  0.77405863046081180  0.79741283145234498  0.80973449076871695  0.81880996700558129
  0.83091394768191484  0.85908793637223546  0.88372645436048458  0.90332361083838408
  0.91528701236141852  0.92187563556969854  0.92718602631880220  0.93203115487434629
  0.93680748195382735  0.94115126679220129  0.94483262105494292  0.94716701251149227
  0.95052306835104061  0.95351263795867625  0.95696786135703049  0.96046773782081918
  0.96447454486455320  0.96819413022605449  0.97028408305958957  1.00000000000000000
  0.03042834333960518  0.03062126729041579  0.03078659229744320  0.03096584516048899
  0.03109246582432029  0.03127622548655739  0.03139977056518092  0.03147057585827645
  0.03148917308662254  0.03150789598615850  0.03154800816035302  0.03159573991872516
  0.03162070996159658  0.03163795215889141  0.03165507792644106  0.03167216247208984
  0.03170284660530961  0.03173532079044781  0.03177217111915753  0.03180391493178654
  0.03182136479932555  0.03183880465678939  0.03185623955101193  0.03190145656399261
  0.03204241199159997  0.03229601972372567  0.03265885316727575  0.03308298528424873
  0.03336460591959787  0.03360118687526469  0.03381383595200969  0.03399562976831030
  0.03424127396331914  0.03451255468201955  0.03462735288491031  0.03470415215897708
  0.03478095143304386  0.03485712936208805  0.03491532121348253  0.03497351306487700
  0.03503170491627147  0.03509345072048596  0.03516377115507568  0.03523409158966541
  0.03530441202425513  0.03553730600054165  0.03591822212272403  0.03632401403827777
  0.03675343828115825  0.03699063051310437  0.03720353965016719  0.03741652045788163
  0.03762780213641058  0.03780240610601605  0.03800251475504494  0.03838035226479283
  0.03870795788978155  0.03894275790697622  0.03924737284961978  0.03945173408917527
  0.03965938134450410  0.03989605598840158  0.04012675517036145  0.04030728418959106
  0.04050028230269651  0.04080175260779549  0.04116637147481553  0.04134727428362698
  0.04141042139891648  0.04147937804553223  0.04159708359851441  0.04168821612277362
  0.04181285522742006  0.04206499493607448  0.04245617770806991  0.04308244598309691
  0.04403901734123180  0.04449973791725256  0.04479194395309668  0.04508402160110277
  0.04538062700904884  0.04559689975627839  0.04588720441521608  0.04644049554574559
  0.04753069897658983  0.04902411843936898  0.05031654803120731  0.05112993712796264
  0.05173565896231609  0.05236085823150956  0.05336693729562576  0.05463555939964047
  0.05677161265635503  0.05994077747208101  0.06398625079639114  1.00000000000000000
  0.93599208499364361  0.94219939427626487  0.94425338266821235  0.94571218720348504
  0.94618150413715096  0.94644041141680513  0.94691433623577526  0.94727354429092880
  0.94906989169034572  0.95071673063746331  0.95195793728679423  0.95239775494363776
  0.95259145520816879  0.95280185071904622  0.95308405907519511  0.95336358689135747
  0.95360814178150299  0.95385269667164851  0.95429458659372490  0.95462577597915299
  0.95507877509412709  0.95563514267111538  0.95605341399096144  0.95657603279461478
  0.95712503636918245  0.95767833840853378  0.95827201048087940  0.95897384747512382
  0.95947443241123220  0.95967785953161766  0.95989213853440647  0.96012687888736814
  0.96033206919540737  0.96049545327575225  0.96066876737726814  0.96088318090499913
  0.96116436841780351  0.96140174191168803  0.96152405264374508  0.96164636337580212
  0.96176867410785916  0.96179531570273302  0.96181398801226736  0.96183266032180159
  0.96185135879902084  0.96187008374964089  0.96188880870026106  0.96191536019772994
  0.96202994329446934  0.96214081415241182  0.96222390933973412  0.96228081347819627
  0.96230887395163212  0.96233705066229924  0.96236536877120826  0.96239370426550319
  0.96242205672843228  0.96247066612212717  0.96252307076413157  0.96257932232207188
  0.96264587074017438  0.96279503920065967  0.96316343766251056  0.96352905490425922
  0.96387327989680693  0.96419574492199955  0.96446630614127948  0.96470083114756455
  0.96487127666975581  0.96502575523009138  0.96526360636986941  0.96548252473108132
  0.96567219329279796  0.96591147597222438  0.96604416983123453  0.96618338667817139
  0.96631893055848062  0.96644326641859379  0.96656266837720739  0.96663925309503773
  0.96668267019803233  0.96672780988184281  0.96679818242105553  0.96688863201373099
  0.96700181646120698  0.96712016654841360  0.96745305238069468  0.96781969393526290
  0.96804274445634475  0.96821584356609669  0.96832658661214854  0.96843859412169919
  0.96854768776943256  0.96864510426865991  0.96871378241242689  1.00000000000000000
 -0.00000469869013484  0.00001065161600959  0.00002220027588097  0.00002566404348058
  0.00002919120279963  0.00003088035262863  0.00003215307589658  0.00003358097156611
  0.00003504093993720  0.00003782569268839  0.00004084131331210  0.00005601225127752
  0.00006310342121840  0.00006452778965868  0.00006543657127761  0.00006619860604653
  0.00006639440501417  0.00006680233396046  0.00006726551358314  0.00006754038263984
  0.00006777010191397  0.00006800018553000  0.00006822828515962  0.00006865863288353
  0.00006908482030872  0.00006936030310941  0.00006962172838114  0.00006988389081081
  0.00007023285784800  0.00007071205260087  0.00007127333335013  0.00007183538478435
  0.00007236371448871  0.00007282445620377  0.00007350590584191  0.00007524190931918
  0.00007718502787972  0.00007843198247772  0.00007967888417802  0.00008092571846674
  0.00008239227903879  0.00008399946211933  0.00008624543015324  0.00008915933412627
  0.00009298348709271  0.00009513092378371  0.00009617691455069  0.00009722290531768
  0.00009826287449792  0.00009928956150939  0.00010031624852086  0.00010134293553233
  0.00010222478647716  0.00010310093049828  0.00010397707451941  0.00010650800195171
  0.00011070498329426  0.00011270342141789  0.00011480552717790  0.00011709029017466
  0.00011930239682715  0.00012138081530423  0.00012519978239808  0.00013174576514468
  0.00013607092453845  0.00014107318462531  0.00014674168601158  0.00015231716685225
  0.00015784429273550  0.00016366173908358  0.00017070985148300  0.00017668073404298
  0.00018139285217591  0.00018636685429747  0.00020188310327257  0.00022252723074407
  0.00024399890278624  0.00026431509291935  0.00029989366089082  0.00035710667704443
  0.00043397803976260  0.00055194374743133  0.00064408483970045  0.00072188690304604
  0.00079942512718875  0.00085993551887704  0.00095721389457671  0.00118006664557115
  0.00161166041049192  0.00240142338008444  0.00308030231859134  0.00354573945051030
  0.00451911896270194  0.00642588186333166  0.46811189015067234  1.00000000000000000
 -0.00041569446643159  0.00535047698794428  0.00944726667767812  0.01386582965453519
  0.01576024976100446  0.01678029497129804  0.01779691177978750  0.01910604037971375
  0.02059264068136000  0.02217931537374594  0.02288127009969201  0.02334087797909532
  0.02387293290103663  0.02444618838877695  0.02492397367399031  0.02529393796318793
  0.02544851010415332  0.02559610675639210  0.02574082820099823  0.02586011092562643
  0.02596914004694313  0.02610254673855674  0.02625733336642950  0.02640258263237903
  0.02650972489702869  0.02663173657754679  0.02675313891500215  0.02681092147261301
  0.02684528609271511  0.02689561487395033  0.02694758287252658  0.02702613608896045
  0.02715026075004799  0.02940140072205676  0.03016078390746549  0.03035525840492279
  0.03052452346051469  0.03063423200869525  0.03074143409375190  0.03084462815614301
  0.03100944970548084  0.03114270243608401  0.03116884564018777  0.03119498884429153
  0.03122113204839529  0.03124783351648028  0.03127573499234625  0.03130363646821222
  0.03133153794407818  0.03136747613528785  0.03141127259237422  0.03145506904946060
  0.03149886550654698  0.03160864470797243  0.03175019306932911  0.03191826184462442
  0.03208431005582134  0.03224817415079845  0.03251170197449309  0.03274305975206298
  0.03289669547057125  0.03304166801325593  0.03318784809091950  0.03336110916492605
  0.03349170655690844  0.03351283535843504  0.03353797714930252  0.03355795957326824
  0.03357919726141063  0.03360800084780799  0.03363243849993908  0.03367225555872050
  0.03373103829272557  0.03380697485798084  0.03384585100686760  0.03388325103450311
  0.03400431137604503  0.03462593669765280  0.03496159138671361  0.03512242062160381
  0.03525731688374276  0.03537789125617217  0.03546358921710625  0.03554928717804033
  0.03573928984200860  0.03604201592478408  0.03634474200755956  0.03669182142937667
  0.03704920263376565  0.03745385768948035  0.03814296712100008  0.03947175715702604
  0.04273333319000295  0.04792408358167383  0.05942600931472825  1.00000000000000000
 -0.00127372465015726 -0.00043165266080452  0.00041041932854822  0.00125249131790096
  0.00209456330725370  0.00381508155801566  0.00769733569450633  0.01157958983099700
  0.01546184396748767  0.01818952901205384  0.01978965158970561  0.02138977416735737
  0.02371098841542855  0.02827142484615027  0.03243085679196070  0.03842946527879963
  0.04800278242154930  0.05695216523917012  0.06092864492492703  0.06434901144828728
  0.06782850226939742  0.07197510431167924  0.08624811315205552  0.10614813995479352
  0.12420917737078711  0.13386044040361564  0.14089336240162739  0.14882828971242948
  0.17080163029268042  0.19307701983466452  0.21214329910230373  0.23484244682366631
  0.24744957930012365  0.25541004193157335  0.26134487435567577  0.26791168247508834
  0.27464156112238963  0.28188055253040634  0.30003637902948749  0.34419591416661510
  0.36602759831608522  0.37405613601718585  0.38245546782399925  0.39156060623769434
  0.40040324431624152  0.40882181219548336  0.42264804629752584  0.43763679153142476
  0.45411475860557604  0.46733891670597483  0.47250524280950673  0.47750492062247685
  0.48348957454935182  0.48750750675601900  0.49096583814549150  0.49445520312789454
  0.49969305678788345  0.50761502381098500  0.52040262802161152  0.52810591555309905
  0.53875222929246802  0.55693761957688970  0.58735522700328846  0.61746481516803187
  0.64101250553316169  0.66106879941610008  0.67854175977635522  0.69404623777033703
  0.70668070046300424  0.70929339535404134  0.71413668037909972  0.71585736791461552
  0.71755921000277811  0.71921390013821773  0.72077688162296472  0.72280423237454050
  0.72525479037832519  0.72777463219182725  0.72972217637030934  0.73194344842556014
  0.73444399842695796  0.74329884512916133  0.75617907379746374  0.76685017030928260
  0.78283633876099445  0.81220795469100726  0.83384441413064081  0.85636056611709543
  0.87697172405065060  0.89367549730308382  0.90938089851735238  0.92468615142213828
  0.94115681622113900  0.95871720173970243  0.97715792068710383  1.00000000000000000
 -0.00231927016239977  0.00712325300403396  0.01942399665798174  0.03246134119629014
  0.04506399754778084  0.05686738488091565  0.06662775283242441  0.07907550955094615
  0.09239039956600484  0.10381962205063515  0.11287879858640829  0.12071644334119609
  0.12684849944538187  0.13576383205460008  0.14958112341694030  0.16907574992456736
  0.18882551301320982  0.20178222035435753  0.21173988381227957  0.21975631414047747
  0.22639393184107381  0.23080842796173187  0.23608259263950598  0.24170441839743004
  0.24596039433065192  0.25096515750947374  0.25701981054812018  0.26576941237870721
  0.27953609601522167  0.28395486244729168  0.28665607289943645  0.28876597655723629
  0.29075259796562064  0.29417506449913644  0.29801213071238031  0.30747858308509446
  0.31179649848307533  0.32020461067652378  0.33223096303452598  0.34184226681869068
  0.36158786959960992  0.38674744252720156  0.39670232198002997  0.40755737303112360
  0.42287957311345992  0.43604654366775525  0.44371338681550032  0.45293136000377371
  0.46377765655500724  0.47544606619023344  0.48858246461867355  0.50607141891266594
  0.53882040774789486  0.54534885424354052  0.55187730073918628  0.55840574723483194
  0.56320878758049064  0.56693666163398337  0.57066453568747599  0.57436823368249901
  0.57778377608926401  0.58119931849602890  0.58461486090279391  0.59815713391159719
  0.62366940646717550  0.64360298184510745  0.65555787003147137  0.66969402068009498
  0.68727253630962815  0.70776237338591741  0.72051045124918411  0.72282417756101935
  0.72432881369138047  0.72555666824461940  0.72678665125670316  0.72915977642532992
  0.73237993672000490  0.73569071023914567  0.73918263961279396  0.74309094597214687
  0.74682906897525381  0.74935835219516422  0.76296340374175797  0.78739075693986305
  0.79984821302338938  0.81368312373284613  0.82281707790048131  0.82864087662058983
  0.83535365414571172  0.84741832976608322  0.86168645148240119  0.87508866419958009
  0.88577173511189888  0.90082462387298001  0.92880241721904833  1.00000000000000000
 -0.00533757963464861  0.01956923715574030  0.03342412209704486  0.04350050983213654
  0.05238388406506028  0.06130013371330224  0.06936736849508961  0.07879945676370699
  0.08101698317708010  0.08211706217252995  0.08349456140850159  0.08545780431387220
  0.08630310224409364  0.08665067991332311  0.08699852953421870  0.08750356688317965
  0.08832100214417406  0.08905622688079518  0.09017848120139008  0.09572270973411300
  0.10655972022535609  0.11516592202800544  0.12139604978888327  0.12974400941422862
  0.14458849568955057  0.15953544464337721  0.17454395474321438  0.19442604896650487
  0.21192228154007581  0.22613473487861313  0.24067969993028668  0.26070605331180285
  0.29100522372351567  0.31156565867629549  0.32334998331021825  0.33227580373397397
  0.34011629508404201  0.35061047969654791  0.36223838036020628  0.37552227625544238
  0.38797936141551365  0.40177250077005511  0.41722866921054091  0.42618362362131224
  0.43181944167068109  0.43928452206130225  0.44831182062979863  0.45913626801335383
  0.48149454214234388  0.50589764778809054  0.53163940275419264  0.53727150008281110
  0.54290359741142946  0.54853569474004793  0.55417828564629301  0.55982944593727380
  0.56548060622825447  0.57113176651923525  0.57605361844058678  0.58095892031626584
  0.58586422219194478  0.59333900128852890  0.60456361823260185  0.61476435829170106
  0.62539209123223471  0.63765074562741819  0.65449795641005615  0.68589351594950143
  0.71036167626731850  0.72857506734077204  0.74866088686329946  0.76122282454542056
  0.77120448170323752  0.77824293795748911  0.78618762401983266  0.79663619688927401
  0.80571939803817383  0.81480259918707354  0.82218854417580189  0.82951985523999150
  0.83558003620759980  0.84146888864150471  0.85313638411409054  0.86885416593989906
  0.88384647145688133  0.89255017727035602  0.89884342606227674  0.90341826174041040
  0.90779901486916548  0.91501686431052609  0.92816519742823811  0.94311252446667848
  0.95707637579618354  0.97126140121636084  0.98563070060818037  1.00000000000000000
 -0.00120345493516316  0.00562438761457837  0.01217305596284159  0.01864587539150064
  0.02520573175794004  0.03203892319919424  0.03648053184444079  0.04092588823306193
  0.04667506498386986  0.05380071665954125  0.05800972674408527  0.06097292549616654
  0.06389474757209725  0.06709539593102895  0.07120593799778016  0.07404862638500717
  0.09260440088841934  0.11004932306472778  0.12748151509140751  0.14936877651192990
  0.16708288713049796  0.17951081062318680  0.19107436092071342  0.20146747983223345
  0.20894805507075448  0.21794032375223046  0.23059246116625759  0.23702476569780825
  0.24545058698960079  0.25960168387093646  0.27563205600710367  0.27978579686790545
  0.28343305285098230  0.28996379439616871  0.29662820288882780  0.30644915392186561
  0.31746884855620361  0.35139294726753234  0.36918739616211033  0.37963379958016397
  0.39032690801649583  0.40288779641323869  0.42027925291839935  0.43537790765007295
  0.44678865973852605  0.45639189173765893  0.46868082398698013  0.47530198985091793
  0.48227253804926251  0.49057264742646950  0.49777372968578365  0.50337527446660990
  0.51119696420422867  0.52314143653535994  0.53300922272899509  0.53815867602713563
  0.54508998527311014  0.55565255579294537  0.56413567345414417  0.57252697096911387
  0.57912008230536860  0.58613376574448983  0.59483573784064214  0.60233527337709614
  0.61584430850379523  0.61824150582491266  0.62063870314602998  0.62303590046714730
  0.62581196154884844  0.62947076664632939  0.63312957174381024  0.63678837684129119
  0.64018340123922501  0.64340051815474208  0.64661763507025927  0.64983475198577645
  0.65723903806645612  0.66441095471141687  0.67370820112082597  0.68428653972521869
  0.69868670714607128  0.71732419126408009  0.74105312230510823  0.76520949110652170
  0.78534763939799990  0.80555945440093490  0.81370006112531357  0.81754700793374679
  0.82142928342499144  0.82529761983586558  0.83204819325210833  0.84825813443076192
  0.88948999285296415  0.94275413304798961  0.97399729285185888  1.00000000000000000
 -0.00053655193670989  0.00082237275819681  0.00200577583343425  0.00330456862508108
  0.00460083954590670  0.00688606280122012  0.00998447397107551  0.01296874198538685
  0.01610185379246267  0.01886025516200883  0.02185938921306021  0.02584052544391934
  0.02810923112028236  0.03563766291614312  0.04249482493967542  0.04885304827678804
  0.05537723527008491  0.06582253706290545  0.07737870952842418  0.08762094388650911
  0.09725671761532786  0.10603487595167624  0.11238225977891822  0.11872964360616022
  0.12620727444816943  0.13447809218045850  0.14487548256695959  0.15675667908191127
  0.16278874282522812  0.16897717659441180  0.17286722076153507  0.17839448831441437
  0.18933574326364433  0.20248533842791791  0.21266418522845115  0.22126813710507243
  0.23405381060120597  0.24073940285467882  0.24565742366772297  0.25100604892984812
  0.26356548363711091  0.28834773109704248  0.31992196322442323  0.33991764418124271
  0.35439906039196833  0.37086875662864949  0.38427894068859403  0.39831054720819725
  0.42115516672927217  0.45924976683284013  0.48485533802765413  0.49531310655356653
  0.50577087507947893  0.51623001792360612  0.52700982265868535  0.53778962739376457
  0.54856943212884368  0.55921524669394806  0.56970993411652271  0.58020462153909735
  0.59069930896167189  0.61984425872829341  0.64396331550940700  0.65778941928759838
  0.67073488927107150  0.68299685072435845  0.69090464702676069  0.69394043643040637
  0.69586884841625918  0.69744339572691338  0.69904624571028462  0.70191456467012825
  0.70663981553927735  0.70926406772470585  0.71076622076822304  0.71298658934108905
  0.71690442739001825  0.72350342176807225  0.73326962966494913  0.75131848202902041
  0.77656788097884810  0.80657424258275612  0.83163260325601729  0.84280897568887858
  0.85650644896060679  0.86983014139080783  0.87882922726455226  0.88493228196211338
  0.89055964846072710  0.89589119915836435  0.90446925392496125  0.91666521696338099
  0.93522700953778537  0.95416918211814294  0.97519887482696144  1.00000000000000000
 -0.00356225173074194  0.00836035761009030  0.01802708146719055  0.02560398208244889
  0.02897139576755702  0.03239081769101056  0.03616246857495814  0.04001099792460264
  0.04607884214029730  0.05427462782709866  0.06448431701448321  0.08271444348442171
  0.10782480250247246  0.12578523600456906  0.13581881252337796  0.14585238904218686
  0.15672998135726893  0.16761931934340313  0.18074538399779388  0.19427735686579622
  0.20758960908149041  0.21711608636591181  0.22699784140923282  0.24421963961357465
  0.27492034814025690  0.29781912803367816  0.31720878126784491  0.33746549506551132
  0.35638579906597501  0.37469978506154211  0.38314348082154415  0.39184115375996620
  0.40081463662431416  0.41253504307484645  0.42646302547017212  0.44834001746981428
  0.47477023623290820  0.49598237096964393  0.50312228578096385  0.50910881684697862
  0.51828994340709367  0.52064603515704377  0.52211203876730150  0.52357804237755934
  0.52518986759820785  0.52747638836585753  0.52976290913350721  0.53204942990115689
  0.53438494986392038  0.53684657331322994  0.53930819676253938  0.54176982021184883
  0.54574748023785535  0.55315404601739548  0.56471721392695351  0.58719605148090970
  0.61812402851760362  0.65213139530321107  0.68126995077788122  0.70171526953032393
  0.71940829241810345  0.74162410288572522  0.76401666492188314  0.77922289197967198
  0.78942931214972434  0.79607165336849639  0.80053405584247339  0.80189813637731855
  0.80326530746555558  0.80550565764980431  0.80794840055826944  0.80972915326167705
  0.81115028428889357  0.81291018301250395  0.81521849033783145  0.81684980474532476
  0.81925365587204924  0.82571792471392758  0.84087349064126571  0.85250933425114450
  0.86502061115079265  0.87940181436243314  0.89156676429545756  0.90108980867799260
  0.90888374777693715  0.91347122040087181  0.91649772160402043  0.91950071165792879
  0.92355744160528064  0.92732200866482939  0.93265095739556303  0.94323932877499927
  0.95568304708704677  0.96779320090980114  0.98235421283695479  1.00000000000000000
 -0.01135269604076023  0.05194576807411669  0.08005757238876625  0.09488443686356603
  0.10442865338691545  0.11280753196503746  0.12060449981695247  0.12606683145149097
  0.12965524643483495  0.13324366141817895  0.13683207640152292  0.14129484118060595
  0.14747728132789606  0.15365972147518617  0.15984216162247628  0.16363081691247650
  0.16605526245545466  0.16847970799843281  0.17090415354141097  0.18009645122428902
  0.19173862756738491  0.19745226649804101  0.20486785735800622  0.21346840435051845
  0.21750450925446041  0.21929020389925516  0.22176656744326856  0.22469622720385296
  0.22870649367553547  0.23107054145562214  0.24619692306552768  0.25485460809360361
  0.26571245024046219  0.27011315998296587  0.27316875718830663  0.27524228887915331
  0.27744322003990529  0.28166537163203681  0.29185186586110490  0.29719327354402347
  0.30201527437437720  0.30619328649845584  0.31109491205616668  0.31624216425268475
  0.33216271814406606  0.34243913209689508  0.35296680150960003  0.36656048116383411
  0.38162027289216421  0.39824575051424582  0.41565251258437835  0.43033623881700578
  0.44063482901748663  0.44918252983657386  0.45599071486744641  0.46412592440712541
  0.47331367148691428  0.48282448845626386  0.48624148185048166  0.48948528453001244
  0.49264637114374898  0.49694090625764858  0.50232825700416073  0.50695911030202889
  0.51075133414712104  0.51426464349670409  0.51766503439325007  0.52143361773433283
  0.52538743425100021  0.54078220038888747  0.57467495184707118  0.59617470649719118
  0.61129455028620028  0.62413333844438290  0.63471353983565093  0.65158001544048516
  0.68017545312218253  0.70933015851480463  0.73722990586214843  0.75321815488521815
  0.75820881340652257  0.76326423960928225  0.77366374799520143  0.78865140844021020
  0.79732550408532499  0.80731227216083246  0.81827046376637469  0.83059618757846498
  0.85259847456558113  0.88256471319771879  0.90691524383573452  0.92233957270056632
  0.94038202780141322  0.96014377372981896  0.97568812720854048  1.00000000000000000
 -0.01034471303696974  0.02333400409106968  0.04694601707703201  0.05643270033929076
  0.06535967682022081  0.07681142201777649  0.09489060004327342  0.10796086395708199
  0.12284541015521519  0.13771008048878422  0.15232679843678237  0.17357210318874550
  0.19215799012246865  0.20804241113084151  0.22245670190431827  0.23659614978299653
  0.24983340045573765  0.26851246928188971  0.29200380557876476  0.30895143445403006
  0.31988091828776344  0.32795903472662474  0.34211230427397299  0.35701156466130862
  0.35857642947018487  0.36076520229741210  0.36309575558976470  0.36611258219931253
  0.38138030983145904  0.39042741946527576  0.39693172593360204  0.40161875305681760
  0.40427604516220050  0.40693333726758335  0.40964440124677698  0.41322411419003263
  0.41680382713328834  0.42038354007654399  0.42636684191327107  0.43318984904706503
  0.44001285618085900  0.45355291521307040  0.47290411844047675  0.48214006040105323
  0.48965014754645370  0.49515205434612120  0.50009883065904770  0.50481255477061404
  0.51097766433584635  0.51592618785676314  0.52026221383545479  0.52489305855820578
  0.53042354671390513  0.54962162838776552  0.57055155378555023  0.58934336553959876
  0.61448150791084144  0.65441415869529396  0.67350448130496943  0.68744149045085612
  0.70383389168546673  0.70894353696286794  0.71288650579063439  0.71686899841974450
  0.72065604101541869  0.72483453577988155  0.73022563466240886  0.73340191409744626
  0.73568761640888014  0.73794720875140263  0.74127230389571075  0.74596239501485506
  0.75195994061775473  0.75860612434567187  0.76564800776743425  0.78642916270885688
  0.81160808753378844  0.82777262317262490  0.83620726983423166  0.84074805484620851
  0.84460880278134476  0.84669115601767753  0.85002954715873735  0.85863275598766131
  0.87102351091880992  0.88620622169813978  0.90189468459958311  0.91631207915378265
  0.94168309528861260  0.95287455928448705  0.96173661707875491  0.96861895348950533
  0.97491466327924858  0.98119220009709762  0.98746427662861136  1.00000000000000000
 -0.00526825099767351  0.02298021136648867  0.03801875866583587  0.05544420742663363
  0.07298962106143723  0.09913757794252567  0.13132977053000508  0.15699083286359738
  0.16400880073311805  0.17054283199824616  0.17471514697047894  0.17874537800739912
  0.18959144719328636  0.21003881266348723  0.21939349433449346  0.23456583466546088
  0.24873435257968901  0.26879144493715412  0.28504944157323242  0.30120843334943748
  0.33101825813121366  0.37306065538417638  0.40748981307581139  0.42498502395282900
  0.43381612845499812  0.44264723295716718  0.45147833745933624  0.46103579953333990
  0.47067909556104237  0.48032239158874485  0.48961656389269020  0.49653094482753612
  0.50344532576238210  0.51035970669722808  0.52290591193367641  0.54853703136695098
  0.58702428739523105  0.62942773045607781  0.64599566103951533  0.66000490708257697
  0.67258003045112169  0.68901912385866282  0.70758672435839942  0.72300892412587114
  0.73448747331070252  0.74164587040749941  0.74953499194802231  0.75796350879569818
  0.76200711052744274  0.76595299375681769  0.76977682480754384  0.77402731413542569
  0.77854444915465815  0.78835255104666702  0.80661564518934159  0.82234184645522412
  0.83307377858502729  0.83852790468491978  0.84495660186685895  0.85467533476892954
  0.86394353068006502  0.87065920740507119  0.87737488413007747  0.88643358213239198
  0.89425522033825944  0.90090976377843679  0.90727857816958923  0.91678995532703822
  0.92584140012134652  0.93197787990891534  0.93542065702335842  0.93880972988624711
  0.94261418610206471  0.94522592971922625  0.94890660342151745  0.95348741311397112
  0.95630022018733019  0.95823316767810496  0.95968659191968464  0.96105784165364450
  0.96293010587287564  0.96529075459433622  0.96748614723731274  0.96856162979760430
  0.96997307821332701  0.97196648066352187  0.97495244392659441  0.97837127279256419
  0.98183975729884509  0.98459705840988243  0.98672275591272862  0.98894154911328713
  0.99122591525619130  0.99350305139193373  0.99577811862215238  1.00000000000000000
 -0.00317007481527273  0.00700280041459059  0.01465349738219850  0.02145395104668123
  0.02802641592259493  0.04421724072159136  0.06560608761359696  0.09749244480438492
  0.12350328589957101  0.14192628879508737  0.15463449960166084  0.16483136922375063
  0.18563597713848451  0.21418982263991126  0.24638944394203888  0.27409792337138988
  0.28388646041855348  0.29275066122286708  0.30140360213729328  0.31037245637348221
  0.31782544161692211  0.32326188821059387  0.32813112869225936  0.33445230353568495
  0.35267455432872052  0.37182684528536286  0.38831225791071428  0.41521600656281493
  0.44960583867717657  0.48600134153905028  0.50028524272772079  0.50642340155507204
  0.51067723309302382  0.51467035132653516  0.52009275335049954  0.52948498008712619
  0.54065212934219309  0.55306287636928020  0.56055148607886407  0.56575231456995989
  0.57416555893438814  0.58896147374819563  0.60171275623319076  0.60914665989660943
  0.61804828112323063  0.62897106820796200  0.63490859198516914  0.64036422198335896
  0.64596947859008003  0.65204813689735919  0.66592131965854851  0.68299899356966831
  0.69422118540951394  0.70688757521381929  0.71749740457215427  0.73024755370626215
  0.75225371055936219  0.77895704103310448  0.79528486197930515  0.81514008880405764
  0.83184700111534404  0.84674333423522963  0.86099644753591942  0.87388533047397166
  0.88250235342555206  0.88984248430859603  0.89304412890605278  0.89624577350350965
  0.89944741810096651  0.90264906269842327  0.90574730099074441  0.90882471562736944
  0.91190213026399447  0.91497954490061950  0.91818272451862060  0.92155277448820649
  0.92492282445779250  0.92829287442737840  0.93556322298465189  0.94569824554100512
  0.95143163294987054  0.95382752221386036  0.95626188490410413  0.95859789527208927
  0.96104081851717738  0.96308916264826305  0.96457631026029256  0.96630321058627122
  0.96847096801469090  0.97039602496202304  0.97177467234450998  0.97750724602019090
  0.98561352032648797  0.99106105074321549  0.99565186955727447  1.00000000000000000
 -0.00260917723606795  0.00316990038661251  0.00894897800929296  0.01360384040852725
  0.01795912007574092  0.02194565015898066  0.02558620471854025  0.02986612663869105
  0.03106557151242967  0.03212041012153154  0.03313402960047143  0.03480061911622011
  0.03620060172430944  0.03760019247671059  0.03890429135736975  0.03977216658261921
  0.04059173293672148  0.04138320889485005  0.04214273417581869  0.04334929717562731
  0.04463439671479011  0.04603750078366970  0.05114787446697407  0.05824494564331675
  0.06419561034882483  0.06827475714438505  0.07284543472644023  0.07790097308579927
  0.08419216539979547  0.09224411755020913  0.10090631547498456  0.10973969183293222
  0.11879570813616167  0.12901936597666275  0.15131571506534119  0.18710537961799201
  0.21290140657164314  0.23846327367744344  0.25905190139168960  0.27430880061957924
  0.28489337840573120  0.29276214632876291  0.29900033925550584  0.30469699070337636
  0.31184130814846084  0.31950640233698724  0.32838449965903854  0.33795310943254764
  0.34984055887259480  0.36414597275879346  0.37986874962953954  0.39665481911081790
  0.41242322035808254  0.42147381522457056  0.42966021600414889  0.44299521751653120
  0.45969604366446398  0.47330134424086651  0.48058481434318590  0.48918139294149632
  0.51013661895568274  0.52926668335119487  0.54404160832664472  0.56197789911627871
  0.58744456690174662  0.61162767443091492  0.61800393999668279  0.62438020556245077
  0.63075647112821875  0.63819311682952362  0.64568760811399639  0.65318209939846905
  0.66009354188142610  0.66672573832460758  0.67335793476778905  0.68969185775061514
  0.71786016085286064  0.73441995914246894  0.74317027199466479  0.75261423929811211
  0.76515944945860737  0.77937932576878732  0.80056625879067644  0.81950908313710558
  0.83008274297528739  0.85897312709827567  0.89714129918465602  0.93052622421724085
  0.95584335303571399  0.96692260705528943  0.97471112095166912  0.98093987901612834
  0.98592810324103175  0.99036745549207295  0.99498905087857492  1.00000000000000000
 -0.00193374407215473  0.00894126835899072  0.01887613912286450  0.02566902073537398
  0.03222011214698924  0.04425525034601763  0.05016584422065610  0.05626519708312178
  0.06246918786870870  0.07373301932737858  0.08569780118615655  0.09639516065810519
  0.10575934935098655  0.11347634082331334  0.12139261958410079  0.12637820506663308
  0.13045382160517588  0.13614473274746428  0.14161728823289782  0.14689554111597616
  0.15294369364416111  0.15908066075298541  0.17094601805402984  0.18156240112110320
  0.19157583330088124  0.20166577289198853  0.21320785297677453  0.22903912085002726
  0.24260595556260867  0.25145291602784836  0.26812254297685867  0.27462880961463670
  0.28146958778407910  0.29099609520829373  0.30112900472810017  0.31951257005942590
  0.33829043117636520  0.36664587439127738  0.38456725099568828  0.39235543083037211
  0.39850673614306087  0.40465804145574957  0.41021618501647639  0.41384588700097852
  0.41747558898548065  0.42110529096998284  0.42492724741179899  0.42902751028278308
  0.43312777315376716  0.43722803602475119  0.44215410902960733  0.44819421250755115
  0.45643737920913557  0.46610814634237480  0.47717469745779034  0.48422444143497173
  0.49128686602469301  0.49835713545555399  0.50420649704796094  0.50984320442447650
  0.51481735839633891  0.51586817635296378  0.51691507308059192  0.51870859867092012
  0.52130201097117901  0.52389840321230863  0.52653107533011601  0.52917931616079561
  0.53112785052897682  0.53305584313380183  0.53763731690940619  0.55422062049966592
  0.57423834853636213  0.60290472574682452  0.64353621002060668  0.66962368671474914
  0.68055650149845359  0.69237403139851150  0.70300431660989682  0.71549484307462641
  0.72896014629340988  0.75293578551555729  0.77381697519989767  0.79351871263171159
  0.81711814260522520  0.83929411364508955  0.85812775272651742  0.87287300899849229
  0.88648220806195133  0.90027856648328353  0.91411943138761587  0.92779576382252393
  0.94056906028934573  0.95478697785128253  0.97344848803110806  1.00000000000000000
 -0.07225960603230044  0.60894121118151545  0.66167446939430419  0.70464001599549064
  0.73290585673833508  0.75074031361936666  0.76527476007783257  0.77433231080312770
  0.78184290929773259  0.78535141164057820  0.78723724471672141  0.78871905894623406
  0.79086904954599813  0.79268897486866741  0.79443798385798015  0.79669373405037736
  0.79952708658384086  0.80216168064315507  0.80473790100103049  0.80703023323940792
  0.80893765045477539  0.81060093165856539  0.81282116510837077  0.81576253886216277
  0.81762126059477047  0.81897887322025087  0.82041665005543996  0.82165876532024007
  0.82284646939423955  0.82433791574068438  0.82693143369568323  0.82969869713786748
  0.83206679075054413  0.83471206112125129  0.83776463305448989  0.84181850029168193
  0.84360770922227013  0.84461932318894273  0.84589600157897082  0.84728048006068502
  0.84847717803971878  0.84957924345486280  0.85051679365154631  0.85138510690304925
  0.85238119247336164  0.85350236024486703  0.85434664913722158  0.85502401312711440
  0.85569890851306762  0.85637519510965832  0.85708531533388299  0.85780269326783520
  0.85861005349261676  0.85985926135146573  0.86023815874389464  0.86058107873362266
  0.86076059274188899  0.86094010675015531  0.86111962075842163  0.86129910363826245
  0.86147852385844947  0.86165794407863638  0.86183736429882329  0.86202883911798700
  0.86223097031061935  0.86243310150325159  0.86279056256340947  0.86438702867268835
  0.86613828153562233  0.86746354045492713  0.86806816416102239  0.86859006979309528
  0.86921866148193172  0.86982636173625427  0.87047605912167192  0.87165773789846879
  0.87273147809368001  0.87379626368780372  0.87502406599802629  0.87779368213032549
  0.88012897222270525  0.88183985655751762  0.88327083017264707  0.88434589853875856
  0.88634812886024072  0.88853349605922283  0.88996660780653070  0.89193484065223017
  0.89651647104722620  0.90394526562461552  0.91179855883168093  0.91874501149204402
  0.92614651333526876  0.93386392751123393  0.94399213339514754  1.00000000000000000
 -0.02989797609950112  0.17730875799977885  0.22406076906708916  0.25177327993956816
  0.27003950183920489  0.28964803655848836  0.31053449490253249  0.32199372690295219
  0.33168916575492396  0.33844299338095191  0.34161592907512284  0.34933027634101804
  0.36033390977510482  0.36510244471938336  0.36854697757646476  0.37648790372903096
  0.38646713891399143  0.39266169784317323  0.39659183599398873  0.40052197414480417
  0.40445211229561967  0.40772442905585954  0.41059323972431450  0.41346205039276940
  0.41627913684425710  0.41869884564816567  0.42111855445207425  0.42353826325598282
  0.43507047796813680  0.46173982411634734  0.47737661107088214  0.47865020456691282
  0.47955521224952991  0.48045722445775457  0.48135928182799631  0.48268348463461458
  0.48437731078138896  0.48633777750878959  0.48810793389511914  0.48941018614856940
  0.49044002042227786  0.49144536562514735  0.49247374786861331  0.49402749400346313
  0.49594269569325572  0.49675202883528091  0.49852970256378287  0.50278546462757523
  0.50709519314899743  0.51186477556733856  0.51895591715129674  0.52480710621580862
  0.53004781105529819  0.53855858080822439  0.55109685886814452  0.56156092915887879
  0.56561329665572224  0.56925966322604604  0.57271028385590828  0.57582860746884890
  0.57902771931799357  0.58402023377096479  0.59183799337502663  0.59801818497201731
  0.60115085938313240  0.60462454342099359  0.60835272498463011  0.61202790448597777
  0.61530862047872215  0.61934828905775452  0.62325705184219760  0.62801607144409777
  0.63421337665694422  0.64225081948919072  0.65064688903754886  0.65920393079391326
  0.66830243729706595  0.67665752002489565  0.68355317181464870  0.68954142669177709
  0.69489917071457552  0.70039995218900153  0.70479718156335869  0.70863307489966210
  0.71294758422945181  0.71751366472319444  0.72327459868505362  0.72796359619635476
  0.73906493182377342  0.75103351387292827  0.77270207871522467  0.79383750488561322
  0.81138932015775900  0.82656621814421216  0.84660749326034879  1.00000000000000000
   1.9060670814264726E-019  -1.0000000000000000     
 T F F F F F F F F F F F F F F F F F F F T F F F T F F F F F F F F F F F T F F F T F F F F F F F F F F F F F F F F F F F F F F F F F F F F F F F F F F F F F F F F F F F F F F F F F F F F F F F F F F F F F F F F F F F F F F F F F F F F F F F F F F F F F F F F F F F F F F F F F F F F F F F F F F F F F F F F F F F F F F F F F F F F F F F F F F F F F F F F F F F F F F F F F F F F F F F T F F F F F F F F F F F F F F F F F F F T F F F T F F F F F F F F F F F T F F F T F F F F F F F F F F F F F F F F F F F T F F F T F F F F F F F F F F F F F F F F F F F T F F F T F F F F F F F F F F F T F F F T F F F F F F F F F F F F F F F F F F F F F F F F F F F F F F F F F F F F F F F F F F F F F F F F F F F F F F F F F F F F F F F F F F F F F F F F F F F F F F F F F F F F F F F F F F F F F F F F F F F F F F F F F F F F F F F F F F F F F F F F F F F F F F F F F F F F F F F F F F F F F F F F F F F F F F F T F F F F F F F F F F F F F F F F F F F T F F F T F F F F F F F F F F F T F F F T F F F F F F F F F F F F F F F F F F F F F F F
  <DiscreteSampler_grid>
  grouped_processes
  1 # 1 for a reference and 2 for a running grid.
  10 # Attribute 'min_bin_probing_points' of the grid.
  1 # Attribute 'grid_mode' of the grid. 1=='default',2=='initialization'
  0.0000000000000000 # Attribute 'small_contrib_threshold' of the grid.
  0.5000000000000000 # Attribute 'damping_power' of the grid.
 # binID   n_entries weight   weight_sqr   abs_weight
    16   10   9.373042051554695E-019   3.963340606938627E-036   9.373042051554695E-019
    17   10   9.373042541676890E-019   3.963340658169279E-036   9.373042541676890E-019
    19   10   7.530629289254963E-019   1.579001619608064E-036   7.530629289254963E-019
    20   10   7.530629880792771E-019   1.579001737308298E-036   7.530629880792771E-019
    22   10   8.922292318801848E-019   1.932722252857582E-036   8.922292318801848E-019
    23   10   8.922293510365175E-019   1.932722551005127E-036   8.922293510365175E-019
    28   10   2.182392873331230E-018   4.521826111047585E-035   2.182392873331230E-018
    29   10   2.182393307433274E-018   4.521826125772825E-035   2.182393307433274E-018
    31   10   1.649213979319138E-018   2.520218653583185E-035   1.649213979319138E-018
    32   10   1.649214315224171E-018   2.520218659784420E-035   1.649214315224171E-018
    34   10   1.917317967859737E-018   2.366765686323376E-035   1.917317967859737E-018
    35   10   1.917318406970593E-018   2.366765698277796E-035   1.917318406970593E-018
    40   10   9.373042051555331E-019   3.963340606938625E-036   9.373042051555331E-019
    41   10   9.373042541676913E-019   3.963340658169293E-036   9.373042541676913E-019
    43   10   7.530629289254955E-019   1.579001619608065E-036   7.530629289254955E-019
    44   10   7.530629880792775E-019   1.579001737308299E-036   7.530629880792775E-019
    46   10   8.922292318801818E-019   1.932722252857575E-036   8.922292318801818E-019
    47   10   8.922293510365185E-019   1.932722551005133E-036   8.922293510365185E-019
    52   10   2.182392873331234E-018   4.521826111047601E-035   2.182392873331234E-018
    53   10   2.182393307433278E-018   4.521826125772841E-035   2.182393307433278E-018
    55   10   1.649213979319140E-018   2.520218653583191E-035   1.649213979319140E-018
    56   10   1.649214315224168E-018   2.520218659784412E-035   1.649214315224168E-018
    58   10   1.917317967859742E-018   2.366765686323382E-035   1.917317967859742E-018
    59   10   1.917318406970595E-018   2.366765698277795E-035   1.917318406970595E-018
    64   10   9.373042051555287E-019   3.963340606938617E-036   9.373042051555287E-019
    65   10   9.373042541676861E-019   3.963340658169283E-036   9.373042541676861E-019
    67   10   7.530629289255009E-019   1.579001619608084E-036   7.530629289255009E-019
    68   10   7.530629880792746E-019   1.579001737308286E-036   7.530629880792746E-019
    70   10   8.922292318801879E-019   1.932722252857590E-036   8.922292318801879E-019
    71   10   8.922293510365193E-019   1.932722551005135E-036   8.922293510365193E-019
    76   10   9.373042051555269E-019   3.963340606938614E-036   9.373042051555269E-019
    77   10   9.373042541676878E-019   3.963340658169296E-036   9.373042541676878E-019
    79   10   7.530629289255020E-019   1.579001619608089E-036   7.530629289255020E-019
    80   10   7.530629880792751E-019   1.579001737308287E-036   7.530629880792751E-019
    82   10   8.922292318801850E-019   1.932722252857584E-036   8.922292318801850E-019
    83   10   8.922293510365199E-019   1.932722551005137E-036   8.922293510365199E-019
    88   10   2.182392873331231E-018   4.521826111047588E-035   2.182392873331231E-018
    89   10   2.182393307433273E-018   4.521826125772822E-035   2.182393307433273E-018
    91   10   1.649213979319134E-018   2.520218653583171E-035   1.649213979319134E-018
    92   10   1.649214315224167E-018   2.520218659784402E-035   1.649214315224167E-018
    94   10   1.917317967859725E-018   2.366765686323369E-035   1.917317967859725E-018
    95   10   1.917318406970575E-018   2.366765698277770E-035   1.917318406970575E-018
    100   10   2.182392873331233E-018   4.521826111047593E-035   2.182392873331233E-018
    101   10   2.182393307433275E-018   4.521826125772830E-035   2.182393307433275E-018
    103   10   1.649213979319135E-018   2.520218653583176E-035   1.649213979319135E-018
    104   10   1.649214315224165E-018   2.520218659784399E-035   1.649214315224165E-018
    106   10   1.917317967859729E-018   2.366765686323373E-035   1.917317967859729E-018
    107   10   1.917318406970581E-018   2.366765698277774E-035   1.917318406970581E-018
  </DiscreteSampler_grid>
