  0.02111377021538672  0.05259312168655662  0.07968614819383592  0.09768757791383084
  0.11254915920450251  0.12582416175508812  0.14014343155219372  0.15627593951961585
  0.19084422806170465  0.22579762779415763  0.24455630165003561  0.26628572856675981
  0.28198107553652790  0.29149446988255978  0.30269689453964121  0.31560031124369287
  0.32957332382681015  0.34152668239031919  0.35474146382945593  0.36955371573938556
  0.38225292523045307  0.38486712858965505  0.38748133194885703  0.39009553530805896
  0.39495718534581115  0.39989723126726845  0.40483727718872575  0.41082119909674902
  0.41747383995511039  0.42412648081347182  0.43489024776362106  0.46129898263840058
  0.49369582270504497  0.50654481952989894  0.51213477155246523  0.51772472357503163
  0.52150656397559958  0.52499592918953863  0.52837660585607826  0.53002006797595558
  0.53166353009583289  0.53534874880327532  0.54469464758319130  0.55490512237059308
  0.56455096004168559  0.57959116851241044  0.60253290408284266  0.62932482495378972
  0.64959327168958503  0.65467816986532379  0.65976683865065044  0.66817014139481512
  0.68157101674989817  0.68995737463689344  0.69391277191611989  0.69804989110270454
  0.70088183946319271  0.70859837783078128  0.73360040804882298  0.76158057417499492
  0.78031347735580947  0.79557306158631735  0.81009446166724330  0.82364899005534942
  0.82763565127106831  0.83536467612438625  0.84241573451355967  0.84513353007851766
  0.84799756610631549  0.85140039821415192  0.85432960514098788  0.85561310794017276
  0.85718514288210856  0.85960083765376860  0.86283802902121853  0.86752000645556449
  0.87545234381744241  0.88426924613809843  0.89259839646109118  0.89830396161781156
  0.90263558535350130  0.90761426869072426  0.91276323159646189  0.91915681463028820
  0.92559457707734860  0.92868821957852699  0.93241279470308025  0.93701422956407132
  0.94037076965066135  0.94405732034287670  0.95139808442847806  0.95873884851407953
  0.96368103033109820  0.96801414889283854  0.97239169043688556  1.00000000000000000
  0.02893552026724157  0.03532047167705300  0.04384419880547494  0.05319870806819333
  0.06267362449855531  0.07257619883749777  0.08127701318583758  0.08868460428423949
  0.09551050994452712  0.10057183908678462  0.10807744831878251  0.12462832765991574
  0.14605079412945426  0.15771897081299366  0.16569933607243303  0.17370887020486786
  0.18434834473315356  0.18643765834697970  0.18852697196080587  0.19044846112959940
  0.19231354257753080  0.19409316717414113  0.19574572624377540  0.19788278318884858
  0.20903447315339066  0.21292832938520773  0.21542520815641733  0.21792208692762693
  0.22142146845024180  0.22522418636385164  0.22902690427746147  0.23278198387690985
  0.23651678526478442  0.24025158665265900  0.25122826590889152  0.26796487427866539
  0.28626856783713484  0.30864446656776445  0.33168271054595977  0.35389165004864354
  0.36716422057373083  0.37328770311834147  0.37942348383007413  0.38672362773871855
  0.39102776583428506  0.39779444327188607  0.40714774812772764  0.41999203394425122
  0.42929289304827245  0.43696996263714322  0.44156488927324589  0.44612216175830399
  0.45051265653711287  0.45490315131592179  0.45951099276146340  0.46414036214544563
  0.47335945021404813  0.48780484910231908  0.50538297770900920  0.52353990867832523
  0.53896690473540476  0.55043011973213118  0.55992494619078914  0.57740368159844835
  0.59268516669586835  0.59849365014312039  0.60316816853189847  0.60859278396260053
  0.61574977141262410  0.63004829758213632  0.64950380688074116  0.68570702510849779
  0.69741493927243536  0.70499610268034529  0.71257726608825511  0.71961053793032392
  0.72654724872159182  0.73348395951285972  0.74044497689841426  0.74741032307095290
  0.75437566924349164  0.77839227689857282  0.80053540989640992  0.81211421931841987
  0.82132324845384197  0.83019117355420757  0.84134998755633861  0.85415319499409359
  0.86067295931319188  0.86601392845074132  0.87601786137092386  0.88744744686028187
  0.89441073374963664  0.90795535980364406  0.94064503303081370  1.00000000000000000
  0.03012048454364329  0.03152058222135212  0.03214404132426713  0.03254438250688006
  0.03293248844249579  0.03324185415120057  0.03349667216415128  0.03371211344615687
  0.03382077342147390  0.03392943339679092  0.03427632799076664  0.03457288873166049
  0.03483338143910768  0.03505528654548418  0.03526970489377533  0.03550818584073100
  0.03593694644070947  0.03654046087516140  0.03719682418128512  0.03773113208978589
  0.03801250168617849  0.03816371121632293  0.03828470752436113  0.03835762527891269
  0.03841131007576956  0.03846790507193440  0.03853003834742053  0.03864527785754728
  0.03887474664131608  0.03917524376103292  0.03950197657625212  0.03983623523683063
  0.04011851080498205  0.04019163004861098  0.04026532492505963  0.04034308574088375
  0.04043607684314136  0.04062955102657222  0.04083420079036088  0.04098990562079469
  0.04114561045122850  0.04128337016912922  0.04140011663320822  0.04151686309728722
  0.04162391547091203  0.04172365746305268  0.04182339945519333  0.04211016391841547
  0.04234302857985668  0.04255081429369104  0.04283983593319537  0.04315936620848310
  0.04352497812245628  0.04392513738625656  0.04452252178705209  0.04515651179624819
  0.04554236152924909  0.04581843414095425  0.04614358160315548  0.04660819759752839
  0.04730144178755311  0.04780902322724329  0.04825627631482486  0.04873398678459304
  0.04919064821542689  0.04956073040626286  0.04992610656951712  0.05025650289341243
  0.05049509429833431  0.05075906234844871  0.05151541700901814  0.05207303537364505
  0.05297711955947088  0.05448032511694058  0.05621108689145514  0.05786427878709315
  0.05846918137628899  0.05889888995444426  0.05932859853259952  0.05973772713541835
  0.06011505582675956  0.06049238451810077  0.06086971320944199  0.06115736341424179
  0.06143801934111249  0.06171867526798318  0.06263798987399007  0.06430838137412999
  0.06629164839519035  0.06910735800401704  0.07239147384236040  0.07615780102193925
  0.08182862140005533  0.08762929661447655  0.09159595426478051  1.00000000000000000
 -0.00000005411632638  0.00000129289609800  0.00000407564085897  0.00000651387292677
  0.00000830783236635  0.00001081269126702  0.00001411583180221  0.00001586183573705
  0.00001645623242101  0.00001705062910496  0.00001743454368367  0.00001769670180893
  0.00001795885993419  0.00001821280729617  0.00001846193829776  0.00001871106929934
  0.00001944998810815  0.00002104224184043  0.00002236378930905  0.00002313295323726
  0.00002374947912515  0.00002394971365114  0.00002414994817713  0.00002435069724228
  0.00002455426958816  0.00002475784193404  0.00002495813575503  0.00002515156789635
  0.00002534500003768  0.00002561761846161  0.00002602000095828  0.00002627624126473
  0.00002648124323056  0.00002670265166392  0.00002694271007158  0.00002719103413160
  0.00002739478421295  0.00002745586942139  0.00002751695462982  0.00002779857199866
  0.00002814276722129  0.00003009359100871  0.00003471004789215  0.00003932650477558
  0.00004809556509886  0.00004890541134027  0.00004968455890545  0.00005031280134008
  0.00005075083350553  0.00005107104288017  0.00005138832048772  0.00005172348786041
  0.00005201179794721  0.00005231710003853  0.00005267809918046  0.00005325421496753
  0.00005452010353959  0.00005557106277581  0.00005619979563635  0.00005674020986349
  0.00005736654228983  0.00005777358277697  0.00005812661936909  0.00005850594894845
  0.00005890995837647  0.00005929816762165  0.00005963220896589  0.00005996625031013
  0.00006126903105235  0.00006332137341598  0.00006540368571996  0.00006859272094309
  0.00007294146086103  0.00007750985767069  0.00008043295664299  0.00008298171207474
  0.00008582549187098  0.00008847484960976  0.00009174601683447  0.00009330798591486
  0.00009442798199452  0.00009563048515061  0.00009709061187000  0.00009877886932446
  0.00010086900373452  0.00010532359928509  0.00010987501999804  0.00011583808627129
  0.00012938242305360  0.00014882495499496  0.00020762064360151  0.00032265120807159
  0.00054390116429825  0.00174528716302424  0.25952031588102914  1.00000000000000000
 -0.00001781945211243  0.00002310991114288  0.00005281875502796  0.00008252759891304
  0.00010702849894424  0.00013098721838890  0.00015307033416128  0.00017147770542688
  0.00018988507669247  0.00022714289537985  0.00025549748807264  0.00028642298317323
  0.00033160829738590  0.00037184185039920  0.00040716350121611  0.00042712842216965
  0.00044201822030275  0.00045021707689225  0.00045706419036483  0.00047875446323361
  0.00051063799032675  0.00055462616139599  0.00062362377835074  0.00068342988258548
  0.00073893298327836  0.00081930922303801  0.00092101321961683  0.00113475843597004
  0.00145873048790307  0.00174613037311665  0.00197811759641956  0.00221529314226164
  0.00239931178263561  0.00266326204720082  0.00302032691164938  0.00315612307660377
  0.00325377504876209  0.00334257020169783  0.00356735621688666  0.00398426107545582
  0.00445648157347562  0.00476764768226496  0.00500655478903985  0.00528628155617986
  0.00567195654759015  0.00638920283506320  0.00736148239783833  0.00838084944642953
  0.00940739814906569  0.01019151426613049  0.01030095380863682  0.01042279616687399
  0.01057128552925571  0.01077384869482691  0.01102612899462385  0.01198719900192170
  0.01275362253942901  0.01355626878429670  0.01410711308813133  0.01448764972316135
  0.01475201926385723  0.01495253178686890  0.01522948265722299  0.01569365494971194
  0.01657753833862453  0.01779052070337817  0.01862481068232054  0.01965837404069053
  0.02106203448237535  0.02202101781348517  0.02242825786003858  0.02283549790659198
  0.02324139190073855  0.02362892350709560  0.02401645511345264  0.02440398671980968
  0.02471235893497957  0.02495575367523322  0.02519914841548688  0.02544254315574053
  0.02590127023392700  0.02636992407147360  0.02688628727506621  0.02725182833090732
  0.02754358903323779  0.02780618492221953  0.02805239355510910  0.02829975452825867
  0.02855166493690991  0.02880357534556115  0.02924483239046400  0.02984870229269744
  0.03084814885722200  0.03445111974134192  0.52545991107309309  1.00000000000000000
 -0.00597098770799963  0.03080816166727002  0.04790696639814046  0.07100593514124356
  0.07996176224542378  0.08647005019682194  0.10191589038974690  0.12654847103522182
  0.13507043351780332  0.15097018065242904  0.16742489012118392  0.18296291197636999
  0.19176685397491194  0.19718393094334311  0.20457307247475301  0.21760855710275198
  0.23956631066760661  0.25121294584009024  0.26033410418042752  0.26921000078645269
  0.27882245321294313  0.28860861108895847  0.30021259282256180  0.30882709170641576
  0.31859705427174240  0.33149135774688099  0.34439676091478316  0.35863679588729114
  0.37349863684608803  0.38836047780488486  0.39685014639034361  0.40414607736587010
  0.41097551450396624  0.41627284819171001  0.42157018187945378  0.43369944539709820
  0.44683842112014610  0.45995105489281807  0.47340988674252099  0.48403525235438133
  0.49332512797064121  0.51065980649698595  0.52717397294384671  0.53463121904872890
  0.54078376104859771  0.54654868003786550  0.55200204466770220  0.55738971298908246
  0.56256265435659869  0.56773559572411492  0.58200416643638209  0.59290588003038058
  0.59897798493058740  0.60387698001591816  0.61293304589365571  0.62456738763657738
  0.62995424486223706  0.63661473257975465  0.64452601117757891  0.65033296366360482
  0.65398562875322697  0.65696592630345374  0.65845649660564010  0.65915999260809244
  0.65986348861054467  0.66059289719818248  0.66134781729757053  0.66210273739695868
  0.66289717599511300  0.66375416307998225  0.66461115016485151  0.66703629041179457
  0.67457979330209572  0.68192803143674852  0.68977603734878556  0.70014582277691462
  0.72088831849122526  0.75584249464749420  0.77184301802338984  0.78110138045187549
  0.79118132353311688  0.80192355695037276  0.81897980893147959  0.83921433306597948
  0.86295288664272740  0.87323300885531185  0.88351313106789642  0.89253965007915004
  0.90047200338157030  0.90840435668399067  0.91605251691646361  0.92364025005243322
  0.93274700994342352  0.95545074082896331  0.98005864060968040  1.00000000000000000
 -0.00444749446039199  0.01698198301198063  0.03397078028867556  0.05980574119174343
  0.08236566720405143  0.10150553811395259  0.12098745672470400  0.14549426041604074
  0.17016298044742284  0.19165912189048825  0.22218429549614907  0.24696544052040711
  0.25916936668577895  0.26561617088875139  0.27762918019861760  0.29129173074497205
  0.29924456687952777  0.30648990464532161  0.31333977509500172  0.32013238388221188
  0.32454744315191203  0.32838325390107642  0.33199174622259614  0.33553076796711800
  0.33832521925107345  0.34084926121367365  0.35523988131555972  0.37051427924660790
  0.38336141913052446  0.39136477303270922  0.39710309092853813  0.40175864500720698
  0.40709612305878984  0.41476457905173963  0.42532277478630415  0.44118267601826999
  0.46598909489507323  0.47863351645702440  0.49076635362328125  0.50586111332923889
  0.51617642472933500  0.52224870090903552  0.52832097708873615  0.53357339899742573
  0.53737992868135620  0.54118645836528667  0.54459625163265857  0.54698928266264646
  0.54938231369263435  0.55307166932757279  0.56101348877959611  0.57511200485781644
  0.58609825454622433  0.59223635881465553  0.60556917805920529  0.61968275864643263
  0.63035856355991593  0.63643182507056173  0.64002913983873189  0.64291482722737725
  0.64487504954997055  0.64683527187256373  0.64958046289986815  0.65310296244390498
  0.65662546198794181  0.66178718463853958  0.66856945794266820  0.67535173124679670
  0.68659117411017478  0.70441383231259225  0.72934961635414031  0.76397347164464291
  0.80090989648163891  0.80655044706224477  0.81219099764285063  0.81541623446834732
  0.81840327041060623  0.82072570959392133  0.82265908685106071  0.82675773181250023
  0.83407780250871477  0.83954825478827999  0.84326882818584314  0.84649647493774849
  0.84916571213802783  0.85696353098998246  0.86803165374738955  0.88028267913880631
  0.89525631323286925  0.91643593605205254  0.93479971079233659  0.94418407700096929
  0.95287236342190673  0.96027760446745669  0.97058120116963131  1.00000000000000000
 -0.00179630405377089  0.00950231714206579  0.01601398347734474  0.01958406269915703
  0.02197624208445019  0.02462539205085154  0.02716925586050137  0.02988328817473372
  0.03375798895287623  0.03740603341681094  0.04097306395263575  0.04406032440325271
  0.04667019156623137  0.05023857882305735  0.05371103916789404  0.05650672985267008
  0.05921583609469960  0.06123288167943038  0.06332505746444070  0.06566623712014050
  0.06848110601754778  0.07089978992107636  0.07303403988647952  0.07585359305965168
  0.07736515001359126  0.07825999918467402  0.07896593602595377  0.08033430636322739
  0.08234657489660850  0.08448891659749723  0.08809269138511440  0.09466486126625115
  0.10132131181833430  0.10964825706524682  0.12881367522342091  0.15412508598544536
  0.17347098045861653  0.18417470446553644  0.20235833842061701  0.23319689578577088
  0.26102970233258177  0.28213859830554011  0.30134333140514169  0.32306630392574420
  0.35644475842607859  0.41221767914067359  0.48911790282796591  0.55579588735919849
  0.62172261437716581  0.68337232669734504  0.72656128771276718  0.76035510287523922
  0.77862249525654126  0.79352182749154976  0.79850719466886688  0.80047525327361368
  0.80244331187836049  0.80441137048310729  0.80717118163946311  0.81041906208893111
  0.81366694253839911  0.81691482298786711  0.82056331283797013  0.82458679635966636
  0.82861027988136260  0.83263376340305884  0.84387648843812635  0.86326035366510279
  0.88013033170923516  0.89368111911595405  0.90389704495677259  0.91238754620710394
  0.91748081201489928  0.92099873587471015  0.92764119941661982  0.93711082587168537
  0.94314781321858188  0.94689613968257902  0.94950077934486476  0.95142241989375986
  0.95334406044265496  0.95475824770645312  0.95597780513943875  0.95719736257242427
  0.95797224464580599  0.95865303882070008  0.96018544066595424  0.96177090311578872
  0.96335743786693839  0.96526429198256614  0.96728762545017088  0.97037552281627215
  0.97810424528295670  0.98588223606177583  0.99222205826432275  1.00000000000000000
 -0.00924692620115624  0.03074200078995480  0.05865940566884611  0.07751747422749891
  0.08415555652262936  0.08824931190754216  0.09234306729245496  0.09655754600025394
  0.10080589821363825  0.10505425042702254  0.10740459710253172  0.10924077569354854
  0.11107695428456536  0.11461757447753589  0.11868879039618516  0.13000019515483385
  0.15156369116832968  0.16352475499273597  0.17278471466853132  0.18302632065266186
  0.19521599608464085  0.21080272857882476  0.21555256125599048  0.22010304850361903
  0.22882231128560102  0.23943929442734085  0.25021236552806003  0.26256258580949904
  0.27182748211064373  0.27986117221941825  0.28894609592964465  0.29871263026485484
  0.30823190230005598  0.31824570978190098  0.32167752141243666  0.32513561991201156
  0.32880173346851410  0.33246784702501658  0.33642481130211349  0.34047965611993880
  0.34818482778956039  0.36207939892488650  0.37279665111857618  0.38044297113620706
  0.38592850112211396  0.39196730731778989  0.39769016696157422  0.40410847965193980
  0.41114524258843760  0.41700511131858153  0.42687849199853556  0.43325696891965176
  0.43963544584076791  0.44601392276188412  0.45522480848970615  0.46497817201498992
  0.47473153554027364  0.48417094812545453  0.49345812914061432  0.50274531015577417
  0.51458387368165626  0.52729644582014967  0.54162620360165203  0.55907312427777611
  0.57164464189200226  0.58590499426626508  0.59850438850578391  0.60983241745484407
  0.62155934737352558  0.63063406604451211  0.64033247435641494  0.65109572465812537
  0.66718874263907058  0.68015351115365175  0.68989822155716096  0.69996235947252450
  0.71179688376550776  0.72365742760482898  0.73972293442596926  0.75578844124710953
  0.79985674125702066  0.81565605711773603  0.82756577964377076  0.83698574409872517
  0.84999436885945601  0.85908662808025316  0.86452336524141993  0.87380448483394246
  0.88444830462769064  0.89504373379927837  0.90391342366467065  0.93246712955808042
  0.95175883361966773  0.96539223072178892  0.97752073995688982  1.00000000000000000
 -0.00114365057425879  0.00338692761235203  0.00851203342360520  0.01369909361748898
  0.01907984344574466  0.02419438262160095  0.02832633605786648  0.03622809839936485
  0.05660685101030433  0.07466531747621194  0.08833872931376539  0.09850026286722435
  0.10564269321982804  0.11129264207135299  0.11702677159983212  0.12295001114103531
  0.13131355794053631  0.14587872936126603  0.16394813349866000  0.17567604280892837
  0.18098470778046680  0.18518391249771551  0.19075655034576303  0.19704258949297554
  0.20163384308222820  0.20615485449786652  0.21648591378091500  0.22433012091778839
  0.23773672705417906  0.25294225347944743  0.26776426302873885  0.27231721768472889
  0.28005497769884141  0.28614159339535894  0.29152980755618663  0.29619705922371353
  0.30029830381935507  0.30429884447889161  0.30819331284072982  0.31389887558139429
  0.32138203149416050  0.32724287806202773  0.33269186151049279  0.34385136097046126
  0.36369490902452556  0.37532114838678082  0.38551880300015923  0.39557559793146485
  0.40823720855400425  0.41707669921874907  0.42482880185727395  0.43220167182234082
  0.44404010771172608  0.46191865858731074  0.47161893594224197  0.48131921329717314
  0.49042874510565149  0.49953711860360145  0.50712810629438854  0.51376006474251623
  0.52398469719084406  0.54203189758486081  0.54913249566742983  0.55564241933609471
  0.56260537078660777  0.56931455025411604  0.58182191810082506  0.59663081203526813
  0.61357919281489459  0.62826267031620975  0.64015421880256529  0.65132475080758112
  0.66639552042639649  0.67691603891860985  0.68187251139653282  0.68682898387445579
  0.69182168194705052  0.69684090599393200  0.70186013004081349  0.70689360238534582
  0.71194664661651919  0.71699969084769255  0.72569592637987035  0.74442098939143031
  0.76565751461356268  0.80141003718210757  0.85226494256582908  0.88638344988026596
  0.89428322745394351  0.90218300502762105  0.90739775482857643  0.91240004502612559
  0.91821498989591099  0.92686539943371793  0.93551580897152475  1.00000000000000000
 -0.00409450540711422  0.01723773905228087  0.04082828190344309  0.05837070578055976
  0.07498881316846594  0.08966998714353662  0.09852455214131570  0.10257805392105140
  0.10545836063413053  0.10830983204765054  0.11107858928730836  0.11384734652696619
  0.11753948213342194  0.12129606546600216  0.13026702694987397  0.14436635965871680
  0.15823954640962992  0.16916022430259725  0.17795882364292770  0.18894471306862037
  0.20246006644867551  0.21668194934353815  0.22832339595140527  0.23670150208408963
  0.24327451065816250  0.25350509087476775  0.26273926945784393  0.26879329146455594
  0.27408876490619155  0.27921259180863545  0.28635856280504085  0.29815561414321895
  0.30843625754902376  0.31522565508499945  0.32321330899855411  0.33941750200365284
  0.36543540579247996  0.38855045164650925  0.40592260852920620  0.41638489893957348
  0.42683921656295176  0.43695665172965054  0.44834895283837511  0.46251501707198195
  0.47874618281875120  0.49974915128930941  0.51900419458559355  0.54110892247472331
  0.56120832087435113  0.57941608852781590  0.60231841687502541  0.62682984848418788
  0.65244702364342888  0.67283015015204217  0.68168287474865485  0.69004195157193449
  0.69892595399333679  0.70768324849235920  0.71620657708668556  0.72883883720204767
  0.74027962354642929  0.74640092692734361  0.75252223030825793  0.75885275036428024
  0.76531840860583777  0.77178406684739542  0.77765972846124820  0.78320399010692887
  0.78874825175260954  0.80158094634011035  0.80873866704031061  0.81336688931993517
  0.81799511159955984  0.82224337346037180  0.82628928404583513  0.83033519463129846
  0.83425118281585886  0.83804482001259695  0.84183845720933503  0.85110074520845347
  0.86207900645140090  0.86773804569788604  0.87673651627747951  0.88275040425442586
  0.89013659354747887  0.90044530112008669  0.91022269160888947  0.91987483408507376
  0.93433523177186995  0.94823211792961015  0.95806878704694887  0.96283800537350561
  0.96760722370006236  0.97789108037031791  0.98894554018515923  1.00000000000000000
 -0.00672490552161335  0.03293362356547489  0.05845390614710981  0.07679389766804942
  0.09039441501252478  0.10309838278815450  0.11693408595705654  0.13112112831482736
  0.14592421937279923  0.16067697196315173  0.17543276950997810  0.18747596471689973
  0.19416353648730017  0.20041471860903298  0.20656924622814185  0.21103211230416183
  0.21548406309675872  0.22326646044156628  0.23569554350920666  0.24334088986484401
  0.24916346434732287  0.25517039762362215  0.25969124493549894  0.26234583588209093
  0.26500042682868291  0.26758835532604286  0.27014621403413536  0.27257261839123631
  0.27447497951111521  0.27637734063099406  0.27829644370757345  0.28082440669365583
  0.28335236967973815  0.28658031129162492  0.28997688899689117  0.29755230144229811
  0.30938486720942465  0.32282660759109288  0.33997374414576415  0.35741449786213719
  0.39121689204860088  0.40920973713709086  0.41880455086373525  0.42415170985347950
  0.42878688528941322  0.43307200189253769  0.43869419085331757  0.44877021126719097
  0.46064096693598228  0.47300455442227274  0.49164995738243555  0.51087057995042440
  0.52657206551333791  0.53852303803501955  0.55022556342214324  0.56469734424788209
  0.57820478928947250  0.59544066545200702  0.59997852896187787  0.60451639247174871
  0.60970461614598526  0.61563374327011688  0.62156287039424862  0.62550006864090602
  0.62842304880924149  0.63134602897757708  0.63927162389072012  0.64734346353004280
  0.65539894213198013  0.66335666267598437  0.67198893078697708  0.68161557898682590
  0.69280720042896671  0.70823176955793721  0.74558040155149263  0.75496169777128541
  0.76341060140796857  0.77185950504465173  0.77842789428354286  0.78478543693450464
  0.79114297958546642  0.79640472574285148  0.80143528277762865  0.80646583981240594
  0.82565839780427808  0.84599009000895176  0.86335136005214985  0.88190118258965378
  0.89226630760058845  0.90348721977709601  0.92421942018334391  0.95070904637768017
  0.96281417204017583  0.97112303093165109  0.98123519268432768  1.00000000000000000
 -0.00475348850163473  0.02086899834826186  0.02758306444409794  0.03429713053993401
  0.04071453787010250  0.04677210333562096  0.05282966880113944  0.05846801976909365
  0.06366768360913391  0.06886734744917419  0.07962926678524719  0.09869022263167844
  0.12309596044418096  0.15691643015608367  0.18927359763129145  0.21036395495524077
  0.22475662224717013  0.24683978115362054  0.27718291720216487  0.31210897426994211
  0.32344126437127974  0.32780477048998341  0.33035151399296103  0.33482654876243106
  0.33643454686297636  0.33776362507093810  0.33908790022135576  0.34040429889052493
  0.34172069755969403  0.34296425022418942  0.34419279994423718  0.34656605706993376
  0.35852234519574183  0.37601404291872703  0.39407849893687830  0.41058878068281496
  0.42325245330267486  0.44182649417337377  0.45958756384875371  0.47934747729407939
  0.48857191761761215  0.49169397122793429  0.49481602483825643  0.49778044588787657
  0.50057626111197284  0.50337207633606906  0.50630421143543958  0.50940153584215708
  0.51249886024887459  0.52059034978764962  0.53261798744325028  0.54008280535096009
  0.54911637679950354  0.55788400680823313  0.56708535935059823  0.57766881427039707
  0.58818255514579176  0.60112316696580104  0.60882889058830447  0.61679976171952289
  0.62273286239791681  0.62448413462607155  0.62650155385680861  0.62914825631438176
  0.63185934861426107  0.63487385085567805  0.63838915075917502  0.65350587223929668
  0.67893959325074504  0.69735849171302899  0.70967568791892688  0.71360122767459189
  0.71485104538436717  0.71556267530516859  0.71606054224192495  0.71655683196594600
  0.71728456984678213  0.71935273212886897  0.72377762881359620  0.72795145887591228
  0.73314943216397244  0.74160029306521924  0.76796551186122120  0.80571467950137121
  0.82698069803447283  0.84144076354476616  0.85895462640583309  0.87764640435676511
  0.89792523606151031  0.91291031493070329  0.93018389758010300  0.95482885478485069
  0.97065254297037895  0.98171400754873395  0.99085615562585405  1.00000000000000000
 -0.00155630694189744  0.00500969468604353  0.00744790268284714  0.00988611067965075
  0.01235568865261861  0.01488031817775472  0.01740494770289084  0.02001117320809949
  0.02266509403361843  0.02531901485913738  0.04545751655411857  0.07692577779952084
  0.09460307427150674  0.11451555295199983  0.14632431680651720  0.17504397304798705
  0.19926234333272513  0.22375331589765021  0.26294216511203106  0.29475709156788699
  0.32005940519952009  0.34329589684662593  0.37035638313327746  0.40307557671191324
  0.43337271978819236  0.44052494240934614  0.44440374098670893  0.44731136392705950
  0.44890531950844942  0.45049927508983933  0.45207770848517220  0.45365593486232042
  0.45658078234636235  0.46058378525995625  0.46673148634877798  0.47268679485830412
  0.48229867598314469  0.49335028030413197  0.51280170008550208  0.55441485094897602
  0.57525682354374663  0.57839957606911452  0.58154232859448229  0.58468508111985007
  0.58764252828355579  0.59056685441779277  0.59349118055202976  0.59805621812268106
  0.60342098785428999  0.60878575758589881  0.63102327978299622  0.68083790098988506
  0.71770798154234960  0.73139194447761402  0.73944524662511668  0.74818556525251245
  0.75574052082923104  0.75833801419278590  0.75992974686623382  0.76185524424382345
  0.76553929097606621  0.76814916484098117  0.77506559429925215  0.78345777862000410
  0.78814879946423166  0.79573969090931096  0.80540046272538146  0.81540843491035353
  0.82174189394044139  0.82698875543036698  0.83328902266420901  0.84491811273509365
  0.85412405787829015  0.85805044717690027  0.86196907753521979  0.86585830297491961
  0.86975059864329674  0.87366461675550344  0.87781982837230044  0.88713940827043636
  0.89622625135123868  0.90385439123762357  0.91355384471665635  0.91943435487006420
  0.92311965719295297  0.92733925396779859  0.93251887000270917  0.94036563496351577
  0.94724290861974636  0.95171763587140956  0.95613306033489209  0.95974396469952206
  0.96773743357638686  0.97911146560715712  0.99039081106904281  1.00000000000000000
 -0.00585018888494307  0.03013064436438392  0.06465791213850647  0.08574911024621071
  0.09871764844177021  0.12675322399408059  0.16739409181336487  0.18316146322868054
  0.19144468354813285  0.19972790386758515  0.20735241903304688  0.21341975361455354
  0.21948708819606022  0.22555442277756688  0.23147948463815443  0.23677461357238525
  0.24206974250661609  0.24736487144084693  0.25326642644967529  0.26311253241085680
  0.27295863837203826  0.29978900332022346  0.33054491825980997  0.34853227500015765
  0.36113940391668387  0.37089466202810217  0.37915152646768463  0.38924725164451013
  0.39881317325394294  0.40782735917425406  0.41438182567693127  0.41895904243640925
  0.42336680416514405  0.42819991323706147  0.44213324155623557  0.47524792991431863
  0.48979585871455855  0.49781986202452733  0.50655571152473866  0.51186601552659994
  0.51611196167031881  0.52035973442491790  0.52461025840878617  0.52885509405504172
  0.53005015487656093  0.53124521569808014  0.53713844777534958  0.54688124488761747
  0.55358222188784101  0.56424016298400614  0.57467922257589921  0.58345772755182623
  0.58930748314418802  0.59519584949736570  0.60126145620816651  0.61310547100750423
  0.62224301851021491  0.62982919981371821  0.63370490235799382  0.63865748230047015
  0.64415851816326974  0.65431667412801431  0.66051154199948925  0.66818099050193414
  0.67798465153971987  0.68595488942043370  0.68756656495442570  0.68920142956355690
  0.69104534599409806  0.69497949610319065  0.70087826142975718  0.71533045684705310
  0.73443574340152074  0.75303790915358571  0.76989091542785493  0.79107760535556204
  0.81269871045387931  0.83201763307570398  0.84574191632510509  0.85448194390458354
  0.86203730387529376  0.86698175531034050  0.87331446400884449  0.88050434928458210
  0.88828520630191421  0.89459271749814717  0.90507469581934863  0.91448528640000126
  0.92989622973581931  0.94387902615034891  0.95183456813159917  0.95979011011284943
  0.96914911251548086  0.97943274167698702  0.98971637083849329  1.00000000000000000
 -0.01699945218030821  0.06442652114151701  0.11615898632635956  0.13795673565331679
  0.14903734134874014  0.15893016097630427  0.16565168495821134  0.16687566551340588
  0.16809964606860039  0.16932362662379494  0.17195202283340541  0.17462835347587460
  0.17730468411834382  0.18016539606796930  0.18306767949326871  0.18596996291856813
  0.19576436069030717  0.20194882660177876  0.20459884912438189  0.20712659141198680
  0.20936885290644119  0.21161111440089556  0.21385421595716569  0.21609739014580440
  0.22233219915672958  0.23314965061229792  0.25321154795759671  0.25596619042155755
  0.25872083288551839  0.26144574422033817  0.26410101745356196  0.26675629068678575
  0.26962741227415871  0.27270622045844417  0.27578502864272963  0.29744029439716541
  0.32554977751050856  0.34115282971646071  0.35221936904706791  0.36281132021753676
  0.37308917070614661  0.38367721294762769  0.39451831473412452  0.41611821533914523
  0.44330410215435984  0.46273958022097195  0.48341614648745035  0.51101688895090025
  0.52706293897330181  0.53724149459779602  0.54845195415394943  0.56176168294312934
  0.57279031273269632  0.59303224636943563  0.61871174962919850  0.63622396855877617
  0.64953544191655976  0.66036519175195718  0.67003092520427621  0.67898105990986046
  0.69170734829936720  0.71102026475261448  0.72739592765526417  0.73856613467703602
  0.74798861879877243  0.76011835124907534  0.77244038140544291  0.78324223470509946
  0.79624327597711886  0.81137163626569186  0.82450700379722230  0.83346938287220174
  0.84024036012961045  0.84946986658157431  0.85668702510781081  0.86456084612624085
  0.87357390905734611  0.88131777231082309  0.88569209758099188  0.88965610898538261
  0.89418643216526050  0.90078274916394796  0.90365690585885561  0.90611863684543781
  0.90978265829422011  0.91568074127602328  0.92621392121688650  0.94015616139492919
  0.95305985460949927  0.96278756461651172  0.96980249703590604  0.97490124558734548
  0.97997652094055177  0.98550338927034564  0.99093059756810264  1.00000000000000000
 -0.00689796108017423  0.02923470830010449  0.04672312366515595  0.06465224545016536
  0.07895513515929259  0.08927282347050483  0.10189449287411990  0.12023438508629472
  0.13469487462723270  0.14523347608358639  0.16520987706254914  0.16921333975236463
  0.17321680244218010  0.17722026513199560  0.18129468665813495  0.18562395154671171
  0.18995321643528848  0.19428248132386527  0.19886611811792160  0.20379395473100645
  0.20872179134409130  0.21364962795717618  0.23520139403874452  0.25779875344948927
  0.26332491482453235  0.26673420598876169  0.26799814918862275  0.26926209238848381
  0.27052621300898444  0.27179277687741138  0.27305934074583826  0.27432590461426515
  0.27557461850945952  0.27682186060699948  0.27806910270453944  0.28231723481936621
  0.28725252013925207  0.29766403458730506  0.30972894951432889  0.32197414021717818
  0.34151363101233934  0.36754129617869696  0.38921214434915502  0.40857287419095256
  0.41906959608515298  0.42738314622752033  0.43435261547494153  0.44134402691159047
  0.44717957608045594  0.45691344748936280  0.46123239370186592  0.46555133991436909
  0.47108991142944817  0.47745477030251571  0.48381962917558330  0.49208068949689765
  0.50034803132601879  0.51269434274121539  0.52475386616382758  0.53499850535045501
  0.54545344805159690  0.55032045074667679  0.55376585399551592  0.55810061947231426
  0.56895911805988697  0.58714579331708727  0.61783760285306266  0.64319035678345837
  0.65698980270812135  0.67555896713762364  0.68733630570980442  0.69397308863791485
  0.70136954408889562  0.71020455867203813  0.72436895088584952  0.74624315072514269
  0.77149393961139179  0.78504782910923865  0.79705556468009953  0.81195552608479005
  0.82838281707872763  0.84720178806564927  0.86494276742706755  0.87833880116691809
  0.89025848045169975  0.89937297717583564  0.90889874225359191  0.91801553307901085
  0.92709859337973588  0.93456949896543895  0.94291396730671750  0.95491683717503117
  0.97091274938362671  0.98303376278189147  0.99213887640556186  1.00000000000000000
  0.08387781398074462  0.25334711101156893  0.33345212730052814  0.36994937326711363
  0.39612107347078734  0.40814561796990079  0.42394039669160533  0.43931533963011860
  0.45818298447047962  0.46843023076023793  0.47811624440115030  0.48317853951977746
  0.48566353492401232  0.48823290559904392  0.49107789184533213  0.49392287809162033
  0.49764446960281294  0.50150084370459180  0.51427983136128219  0.52515138868393552
  0.53384946085543528  0.54574705159771397  0.55225234067567941  0.55465987247076431
  0.55560311088477221  0.55654634929878022  0.55800113986913458  0.55951265640451120
  0.56109685425264855  0.56361428824526216  0.56613172223787567  0.57079566976837592
  0.58375685535002553  0.58951552313578626  0.59208826801108372  0.59259796526464825
  0.59310766251821279  0.59369009315960664  0.59452254384138137  0.59535499452315621
  0.59657454223280293  0.59848166219167531  0.60038878215054770  0.60675549885658342
  0.61914016640584335  0.63074882532794863  0.64087901622343035  0.65108940288825956
  0.66276352755122792  0.68064019688958244  0.69504212367000906  0.70093653565331637
  0.70636267335566483  0.71221821760505599  0.72043293719284296  0.73124474036151743
  0.74127391474054771  0.74964225246999305  0.75491104977428991  0.76059799616189971
  0.76837086931220011  0.77443447680475974  0.77862210436861123  0.78277952285016028
  0.78578454512250107  0.78924155476144808  0.79277884841801949  0.79782213673154045
  0.80062704130420570  0.80241138200975204  0.80405285339670085  0.80545217923151269
  0.80631974659624484  0.80685320405444683  0.80741264364907595  0.80800054762766638
  0.80874798289474026  0.80950486274454814  0.81114198100117252  0.81404988997871675
  0.81869882402869865  0.82445222982960731  0.83057677077481873  0.83357570270794590
  0.83669612582270259  0.84014951664198612  0.84360245525560962  0.84705157560912114
  0.85050069596263267  0.85690651544375274  0.86374727456147082  0.87112126200808238
  0.88207024500506759  0.90120619335027907  0.93732187668980937  1.00000000000000000
 -0.00854635565200183  0.08361343647233591  0.14844959183560649  0.21417905929165715
  0.25611449459384272  0.28867502757428160  0.31535248150613243  0.34556342839915982
  0.36716809758160279  0.37350552233517753  0.37984294708875227  0.38751483268426784
  0.39519862198784361  0.40221713796917452  0.40825313838152144  0.41428913879386836
  0.42239364072344771  0.42941185986913399  0.43525244851531653  0.44098690251990630
  0.44409490588165579  0.44509231590316500  0.44608972592467422  0.44744199612338525
  0.44898416564281945  0.45052633516225365  0.45239902757137002  0.45435766389716603
  0.45631630022296205  0.46343146468297886  0.47089419333101024  0.47796425673923137
  0.48242957178286144  0.48719572255901344  0.49314395476757034  0.50002263965249394
  0.50649837771619888  0.51262958061245045  0.51875880677599617  0.52523712686873092
  0.53264524552238302  0.53587305252285788  0.53879400139248568  0.54328538904957435
  0.54641263360469083  0.54861077425413329  0.55288626617122150  0.55850093229266828
  0.56102722279963257  0.56314552187188638  0.57444212370197834  0.59537138936300593
  0.60619621777046284  0.60829366374885097  0.61025204255151377  0.61096938537214440
  0.61175157784501422  0.61305617565681236  0.61559832942744341  0.61813079401686200
  0.62037148515787088  0.62144138876371036  0.62235442116952810  0.62326745357534596
  0.62424335309681600  0.62629040617424914  0.62833745925168216  0.63038451232911530
  0.63236279118810246  0.63411430063399832  0.63586581007989429  0.63761731952579015
  0.64185948802083859  0.64826131741769533  0.65503665678855794  0.66304203573472553
  0.66821446656991568  0.67438188982292491  0.68098183741449625  0.68773008582604078
  0.69458017923332949  0.70219899549436138  0.71127128870575174  0.72274211294537427
  0.73406435356305599  0.74069780564616017  0.74896902472054538  0.76032904890747410
  0.76730819731706146  0.77446955508356108  0.78443850913778568  0.79950391298936740
  0.81556798873543679  0.84156300360856962  0.89696613856183061  1.00000000000000000
   4.6589262047420898E-018  -1.0000000000000000     
 T F F F F F F F F F F F F F F F F F F F T F F F T F F F F F F F F F F F T F F F T F F F F F F F F F F F F F F F F F F F T F F F F F F F F F F F F F F F F F F F F F F F F F F F F F F F F F F F F F F F F F F F F F F F F F F F F F F F F F F F F F F F F F F F F F F F F F F F F F F F F F F F F F F F F F F F F F F F F F F F F F F F F F F F F F F F F F F F F F F F F F F F F F F F F F F F T F F F F F F F F F F F F F F F F F F F T F F F T F F F F F F F F F F F T F F F T F F F F F F F F F F F F F F F F F F F T F F F T F F F F F F F F F F F F F F F F F F F T F F F T F F F F F F F F F F F T F F F T F F F F F F F F F F F F F F F F F F F T F F F F F F F F F F F F F F F F F F F F F F F F F F F F F F F F F F F F F F F F F F F F F F F F F F F F F F F F F F F F F F F F F F F F F F F F F F F F F F F F F F F F F F F F F F F F F F F F F F F F F F F F F F F F F F F F F F F F F F F F F F F F F F F F F F F T F F F F F F F F F F F F F F F F F F F T F F F T F F F F F F F F F F F T F F F T F F F F F F F F F F F F F F F F F F F T F F F
  <DiscreteSampler_grid>
  grouped_processes
  1 # 1 for a reference and 2 for a running grid.
  10 # Attribute 'min_bin_probing_points' of the grid.
  1 # Attribute 'grid_mode' of the grid. 1=='default',2=='initialization'
  0.0000000000000000 # Attribute 'small_contrib_threshold' of the grid.
  0.5000000000000000 # Attribute 'damping_power' of the grid.
 # binID   n_entries weight   weight_sqr   abs_weight
    16   10   1.399459478271930E-015   1.715281807807466E-029   1.399459478271930E-015
    17   10   1.399459478272026E-015   1.715281807807693E-029   1.399459478272026E-015
    19   10   1.182103212392653E-014   1.249601879048358E-027   1.182103212392653E-014
    20   10   1.182103212392733E-014   1.249601879048537E-027   1.182103212392733E-014
    22   10   1.258323441502671E-014   1.362471905697505E-027   1.258323441502671E-014
    23   10   1.258323441502701E-014   1.362471905697570E-027   1.258323441502701E-014
    28   10   2.071608114188407E-016   2.752766021322021E-031   2.071608114188407E-016
    29   10   2.071608114188674E-016   2.752766021322871E-031   2.071608114188674E-016
    31   10   3.928285513301864E-016   9.013419264367428E-031   3.928285513301864E-016
    32   10   3.928285513302065E-016   9.013419264368509E-031   3.928285513302065E-016
    34   10   2.867897915846024E-015   3.474270636232401E-029   2.867897915846024E-015
    35   10   2.867897915845926E-015   3.474270636232156E-029   2.867897915845926E-015
    40   10   1.399459478271927E-015   1.715281807807456E-029   1.399459478271927E-015
    41   10   1.399459478272022E-015   1.715281807807682E-029   1.399459478272022E-015
    43   10   1.182103212392653E-014   1.249601879048358E-027   1.182103212392653E-014
    44   10   1.182103212392732E-014   1.249601879048536E-027   1.182103212392732E-014
    46   10   1.258323441502669E-014   1.362471905697498E-027   1.258323441502669E-014
    47   10   1.258323441502699E-014   1.362471905697567E-027   1.258323441502699E-014
    52   10   2.071608114188407E-016   2.752766021322014E-031   2.071608114188407E-016
    53   10   2.071608114188676E-016   2.752766021322886E-031   2.071608114188676E-016
    55   10   3.928285513301863E-016   9.013419264367416E-031   3.928285513301863E-016
    56   10   3.928285513302067E-016   9.013419264368511E-031   3.928285513302067E-016
    58   10   2.867897915846022E-015   3.474270636232398E-029   2.867897915846022E-015
    59   10   2.867897915845927E-015   3.474270636232159E-029   2.867897915845927E-015
    64   10   1.399459478271920E-015   1.715281807807439E-029   1.399459478271920E-015
    65   10   1.399459478272021E-015   1.715281807807679E-029   1.399459478272021E-015
    67   10   1.182103212392653E-014   1.249601879048357E-027   1.182103212392653E-014
    68   10   1.182103212392732E-014   1.249601879048535E-027   1.182103212392732E-014
    70   10   1.258323441502671E-014   1.362471905697503E-027   1.258323441502671E-014
    71   10   1.258323441502699E-014   1.362471905697567E-027   1.258323441502699E-014
    76   10   1.399459478271919E-015   1.715281807807439E-029   1.399459478271919E-015
    77   10   1.399459478272018E-015   1.715281807807671E-029   1.399459478272018E-015
    79   10   1.182103212392653E-014   1.249601879048357E-027   1.182103212392653E-014
    80   10   1.182103212392732E-014   1.249601879048535E-027   1.182103212392732E-014
    82   10   1.258323441502669E-014   1.362471905697500E-027   1.258323441502669E-014
    83   10   1.258323441502699E-014   1.362471905697567E-027   1.258323441502699E-014
    88   10   2.071608114188409E-016   2.752766021322016E-031   2.071608114188409E-016
    89   10   2.071608114188670E-016   2.752766021322866E-031   2.071608114188670E-016
    91   10   3.928285513301862E-016   9.013419264367423E-031   3.928285513301862E-016
    92   10   3.928285513302069E-016   9.013419264368532E-031   3.928285513302069E-016
    94   10   2.867897915846021E-015   3.474270636232393E-029   2.867897915846021E-015
    95   10   2.867897915845923E-015   3.474270636232152E-029   2.867897915845923E-015
    100   10   2.071608114188405E-016   2.752766021322005E-031   2.071608114188405E-016
    101   10   2.071608114188668E-016   2.752766021322865E-031   2.071608114188668E-016
    103   10   3.928285513301864E-016   9.013419264367434E-031   3.928285513301864E-016
    104   10   3.928285513302072E-016   9.013419264368539E-031   3.928285513302072E-016
    106   10   2.867897915846022E-015   3.474270636232397E-029   2.867897915846022E-015
    107   10   2.867897915845925E-015   3.474270636232156E-029   2.867897915845925E-015
  </DiscreteSampler_grid>
