 -0.00000072999935667  0.00000539208902993  0.00000846652392089  0.00001061992583848
  0.00001220925715615  0.00001341546150588  0.00001429642281933  0.00001511483349759
  0.00001593601139719  0.00001695305497216  0.00001803681651491  0.00001900303522960
  0.00001989880481956  0.00002073319837541  0.00002165472760602  0.00002264154447190
  0.00002406316891898  0.00002492918785368  0.00002559176286826  0.00002601704070088
  0.00002627101373704  0.00002653976991775  0.00002704248676033  0.00002750186288059
  0.00002794487493326  0.00002836109501761  0.00002875152241504  0.00002916510700898
  0.00002970398440942  0.00003026730838300  0.00003088715645437  0.00003152613528600
  0.00003207889749213  0.00003253170202045  0.00003304750183171  0.00003355386804075
  0.00003405887398454  0.00003451371867911  0.00003489009370040  0.00003517621212040
  0.00003551054779106  0.00003589709180257  0.00003652248298240  0.00003738844344458
  0.00004978735571927  0.00006182716623957  0.00006415369744154  0.00006469364189270
  0.00006516435172534  0.00006561300211240  0.00006609800993297  0.00006671692930958
  0.00006747285800771  0.00006793735850518  0.00006835050007871  0.00006888547413367
  0.00006950317195374  0.00007008351921052  0.00007072283387995  0.00007161492754796
  0.00007264288572824  0.00007375641787462  0.00007498616899097  0.00007628408501420
  0.00007723196501910  0.00007802670147779  0.00007887777586061  0.00007983061431386
  0.00008085943405961  0.00008217874712259  0.00008358136248490  0.00008441877846317
  0.00008500020206711  0.00008545745579101  0.00008606122142088  0.00008660139644039
  0.00008796583489456  0.00008999539873039  0.00009256874520350  0.00009547323926695
  0.00009792549750056  0.00009996682721927  0.00010239244394286  0.00010524763040782
  0.00011117568035480  0.00011968863907560  0.00013369131635721  0.00014604719750300
  0.00016243965145493  0.00018618171010269  0.00021867830414279  0.00025577550166316
  0.00034420055721674  0.00051666143862866  0.00270487892426131  1.00000000000000000
 -0.00003294181237953  0.00017884318171391  0.00025972172174789  0.00030670125210446
  0.00033959048957051  0.00036812016869760  0.00039845973743961  0.00043155649822756
  0.00047544950734044  0.00051955025152406  0.00055718730940948  0.00058709908773208
  0.00060481291525932  0.00062391615751033  0.00064206538349200  0.00065863789558056
  0.00067472542708590  0.00069292230131171  0.00071163812633598  0.00072916071337182
  0.00074481453003497  0.00075968662501150  0.00077423252069385  0.00078616371330392
  0.00080206899736567  0.00082653010958979  0.00084836248209705  0.00086805582665323
  0.00088402346023085  0.00089805289974295  0.00091436904726070  0.00093041186856903
  0.00094564638209840  0.00096362840180621  0.00098276291895652  0.00099768803726969
  0.00100826549566914  0.00102025594709886  0.00103128515358557  0.00104208626023991
  0.00105762746499950  0.00108103684061110  0.00110084498884411  0.00111265830110202
  0.00112183360239219  0.00113120477498836  0.00114120327382906  0.00115558447650561
  0.00117447930778702  0.00119604438346495  0.00120720082410281  0.00121586582953118
  0.00122314249568717  0.00123055890354216  0.00123878136375325  0.00124655437841078
  0.00125405056961612  0.00126043256255874  0.00126729075860030  0.00127867889001867
  0.00129482107993900  0.00131008809065942  0.00132262126844406  0.00133024163005420
  0.00133698452031175  0.00134281637170888  0.00134931399638866  0.00136096211565814
  0.00137541630131763  0.00139162845171103  0.00140889493812728  0.00142490501460030
  0.00143970988864570  0.00145356595808185  0.00146689884193544  0.00148188329935549
  0.00150055005428902  0.00151135398275630  0.00151876035814897  0.00152549585841369
  0.00153895021983450  0.00155329977519714  0.00156614849289032  0.00158219492128462
  0.00160246149100013  0.00162800298211838  0.00165674497741353  0.00169172363297511
  0.00173038664713743  0.00177237913448413  0.00181782939972323  0.00188822179946733
  0.00201007055547411  0.00223375028879875  0.00251671933220115  1.00000000000000000
 -0.00003262107232088  0.00028683505841419  0.00039130945289452  0.00048958858453784
  0.00051274147577938  0.00053606582764913  0.00055979939870788  0.00058537057618960
  0.00060909225400761  0.00068449029901450  0.00073140783880452  0.00076742837803078
  0.00080829039158428  0.00085609520866191  0.00090359931436890  0.00093706876208441
  0.00096572921695370  0.00099140917130960  0.00101621244126508  0.00104471496452759
  0.00106726935926254  0.00108886602916743  0.00111104264397479  0.00113307016506930
  0.00115465152009079  0.00118206570557779  0.00120857921057398  0.00123135896188208
  0.00124407760333911  0.00125518745685942  0.00126645658533086  0.00127728988412874
  0.00129033904875106  0.00130646011064406  0.00132820818604722  0.00135833557928199
  0.00138985936778449  0.00142073568960189  0.00145270194830652  0.00148852955233243
  0.00151435578929353  0.00152814618979141  0.00154061689806718  0.00155391919421601
  0.00156785329900044  0.00158738654554660  0.00160134317368337  0.00161902250541441
  0.00163636251162619  0.00165082606158450  0.00166427365672161  0.00167751474182085
  0.00168938907688589  0.00170408530609736  0.00171940231083255  0.00173435396326989
  0.00175571441503283  0.00177663307840624  0.00179207718246828  0.00180247619017174
  0.00181330239776901  0.00182579404653388  0.00184042366995910  0.00185823074200453
  0.00187788935647672  0.00189337992124948  0.00190566079945898  0.00191590337289751
  0.00192694247521492  0.00194116457154680  0.00195961395197967  0.00197794566726570
  0.00199129205234623  0.00200547934217657  0.00202049019378342  0.00203657495048306
  0.00205737564847421  0.00207608098909773  0.00209094307944445  0.00210312080776052
  0.00211324456969030  0.00212061680473687  0.00212795939923631  0.00213820434189225
  0.00215744323745899  0.00217817850107933  0.00220140367596665  0.00222300924163784
  0.00225208954963714  0.00227871479490309  0.00230023921178165  0.00232677277458234
  0.00236504350042761  0.00242676213329513  0.00268587429249731  1.00000000000000000
  0.02777258562692465  0.02785543284428896  0.02797078675220291  0.02806379475706690
  0.02816676427847278  0.02828809515537386  0.02842660556238838  0.02856085388059201
  0.02868960203741789  0.02882099891873713  0.02896337215664790  0.02912709519941483
  0.02927214839379201  0.02940223738309894  0.02954329301026418  0.02967669918433104
  0.02982730516352844  0.02998025840237729  0.03014088824736293  0.03034266875964264
  0.03052767498964187  0.03067290933611662  0.03077868163334569  0.03087703004583848
  0.03096276065980309  0.03106155862247961  0.03119121467090374  0.03133689010712440
  0.03143968607461581  0.03154369929638873  0.03164804636466340  0.03178639132480107
  0.03192773896843010  0.03203860018585923  0.03212914535029326  0.03221339612715903
  0.03232902002682937  0.03244833432930112  0.03254775262516015  0.03271531500597856
  0.03292248177186248  0.03312599468340512  0.03328626578873573  0.03346196112305969
  0.03360935484579079  0.03377116463053694  0.03399449100174570  0.03421320028773546
  0.03443005845912749  0.03464835906621965  0.03487499697496502  0.03510224176395799
  0.03532838106475344  0.03557498475011078  0.03584122256272804  0.03609003984891435
  0.03631179503573216  0.03649606834840963  0.03666768691964193  0.03683936818600315
  0.03701405516957991  0.03719845938694719  0.03739942488182023  0.03780710812063313
  0.03825102951805756  0.03865309400016083  0.03894861479738575  0.03921773541780103
  0.03951342422763730  0.03986505608400435  0.04013649043764903  0.04040693434912761
  0.04072511449627037  0.04106295630613018  0.04142260382089484  0.04182039415974709
  0.04226226616219926  0.04277080754865168  0.04333690907268664  0.04385053707967480
  0.04429378752890351  0.04475130264403038  0.04529000927082454  0.04585217382632688
  0.04682455432127097  0.04775556080543372  0.04841639879178407  0.04897911530584297
  0.04985477275650736  0.05134845202644545  0.05289056997349025  0.05384321247802037
  0.05514153058464323  0.05740926431095674  0.06153580168130305  1.00000000000000000
  0.93665992933107389  0.93903037705429049  0.94067396123366942  0.94161046184567032
  0.94245112207684800  0.94359246712549705  0.94457416543509520  0.94526646250636737
  0.94582297450410091  0.94630093192778508  0.94673148267932783  0.94703677313965928
  0.94724841013460492  0.94750882042862827  0.94777783795492321  0.94803019975341174
  0.94833792288302021  0.94857799274564203  0.94876874027516356  0.94896187912835195
  0.94927019321352246  0.94967018728168429  0.95016861744136116  0.95043208429890302
  0.95079327100248545  0.95131073486926576  0.95182456001733196  0.95227823887200891
  0.95275726222916546  0.95321411417683422  0.95363668113507016  0.95393029488629366
  0.95425162518461148  0.95459794841402412  0.95498561099160550  0.95549680107376711
  0.95598740300232898  0.95647261398444250  0.95694501508066254  0.95741646280503945
  0.95788622761453390  0.95836091313332217  0.95867098280979035  0.95888477156147478
  0.95906368580364387  0.95931344537566132  0.95953379294432006  0.95979468354723851
  0.96004193226389922  0.96026237223722277  0.96047811791211235  0.96070441367466619
  0.96092754266020475  0.96114557989492999  0.96134968813684007  0.96151731001269558
  0.96167474441864853  0.96184232277422466  0.96196520342629255  0.96210893536306130
  0.96230138831594303  0.96252085385130903  0.96271619666448549  0.96290339021597104
  0.96310119710514375  0.96328637615085588  0.96346890956388787  0.96363060450528482
  0.96381561570988672  0.96404065905874436  0.96430789594008315  0.96460945546719568
  0.96497168560532753  0.96531624016990369  0.96554439679094461  0.96569044097263113
  0.96587808125841679  0.96607712168243765  0.96634643669342635  0.96660217101919355
  0.96683457521736182  0.96699058674925786  0.96712972394261909  0.96727840558702904
  0.96744714168916701  0.96761261277700050  0.96780457513697871  0.96800022250389650
  0.96821235801767946  0.96844886360872939  0.96862662689870282  0.96881458748179017
  0.96904193255204396  0.96925469576210677  0.96947995921535179  1.00000000000000000
 -0.00041180403899816  0.00284553088475845  0.00582190989991492  0.01011286045578774
  0.01766600399048962  0.02074507984045261  0.02292874567412228  0.02827226371289947
  0.03522712922193880  0.04093752249853236  0.04864754210760748  0.05637280453106955
  0.06336802295862100  0.07050188155983342  0.07804936296153232  0.08544947920559777
  0.09172664261186422  0.10125670646524584  0.11683116181482441  0.12532300587383605
  0.13121084768039515  0.13703075308862817  0.14410475058557498  0.15401594607691546
  0.16486026527707287  0.17375923222235434  0.18214942144118634  0.19099766884042740
  0.19710115399183673  0.20335760556412921  0.20869630876782722  0.21410403231605657
  0.21940175500425990  0.22590966754643477  0.23311875984218061  0.24600931882847166
  0.26067163930002707  0.27211788189642805  0.28227873834398493  0.29276593066392087
  0.30585537298849169  0.32704031948418638  0.34661119456308059  0.36365669031507863
  0.37253262122711278  0.37970775365887560  0.38601613310575322  0.39258086191579172
  0.40298357790774031  0.41506692796272271  0.42871935073113998  0.44361187455780382
  0.45747735360210090  0.47251294763592055  0.48836363229610136  0.50455774842419154
  0.51561980268979957  0.52482690822801148  0.53686882236698097  0.55319315445297224
  0.57279766502144824  0.59019939287383594  0.60409755585014502  0.61489419947847102
  0.62415774522948608  0.63366951567954166  0.64170139659589809  0.65110609158453292
  0.66308767107751210  0.67468917364439973  0.68921268049448747  0.70885926836303703
  0.73513088870136944  0.76552076903737876  0.78815100059893528  0.79926884702309176
  0.80647888480607999  0.81343593785514456  0.81971222263810894  0.82495115054471835
  0.83311444911397514  0.84316457503215370  0.85224454847702280  0.85923830948465041
  0.86426610599793452  0.87017868456455294  0.87654099580001599  0.88345189518760869
  0.89282970821328911  0.90417529813588249  0.91786436031807683  0.93721229262926720
  0.95356187134620884  0.96972764876088657  0.98486382438044306  1.00000000000000000
 -0.00384795373245882  0.01588627273417236  0.02490558363507944  0.03026303933370515
  0.03347220405236143  0.04082137143111800  0.04720416121285975  0.05291060140542268
  0.05711168487177153  0.06413576744247794  0.06811019922748293  0.07286313086000942
  0.07668440231470205  0.08159147192687778  0.09115000646418132  0.10438010487362141
  0.11795792325584405  0.13260248515014000  0.14566860479944399  0.15903460806938402
  0.17223245653657104  0.18667177707384430  0.20236620276832992  0.21144216802677224
  0.22080048150454235  0.23093763590662272  0.24099133550886900  0.25532702681839226
  0.27404319722278064  0.28863601921928606  0.30083514819102752  0.31168230876141217
  0.32454149866892296  0.34189139369612848  0.36094896095367557  0.37359337029930106
  0.38131058939709489  0.38760644313868381  0.39112937985617097  0.39490456324334633
  0.40245556151313744  0.40840483735882771  0.41241934062603097  0.41872946939937600
  0.42760502302019360  0.43795166019418325  0.44832103240202781  0.45754903694139731
  0.47138488582115340  0.48774486568548264  0.50641967167915602  0.52354919289697766
  0.54505902702794529  0.56550953304535279  0.58040125547361809  0.58677610637558664
  0.59246854756860201  0.59799222541116159  0.60430654665115546  0.61083412195816922
  0.61782866795008373  0.62444526672453371  0.63254817614959968  0.64597377493350072
  0.66848342703680186  0.68192589980888907  0.68810049125813710  0.69477321530343117
  0.70389556522133223  0.71294239320485953  0.72042271523506651  0.72709254967696069
  0.73558878158634344  0.74591486885421121  0.75894603212176348  0.77161336935231106
  0.78755783840157412  0.80479350259683535  0.81897485639343803  0.82968361655825740
  0.84159816266045828  0.84981542722778414  0.85630642385729339  0.86489488419425309
  0.87509386256248745  0.88378535976000416  0.89648289287871175  0.90841548929945470
  0.91917237025030307  0.92807737529186007  0.93571718952889937  0.94342056502653404
  0.95170265347819460  0.96247388082564655  0.97717347105878594  1.00000000000000000
 -0.00241051919592573  0.01289207775652340  0.02661587982498166  0.04194519039957146
  0.05963573156361914  0.07725857509777628  0.09435298478712931  0.10516821205249356
  0.11262880812996581  0.12131911774310651  0.13259923437081847  0.14205090849262259
  0.15285523475484028  0.16549477306875388  0.18538421719781270  0.20535336038588287
  0.22214261480394010  0.23407457955890448  0.24403180132876168  0.25511915970302418
  0.26819765009252172  0.27937845770280501  0.29085045291074763  0.30385875390917250
  0.31752342808856332  0.33013501730745298  0.34311408330031473  0.35323895456098869
  0.36318367886924541  0.37346606057838838  0.38168138757609493  0.38970948074307349
  0.39924738843824931  0.40854418111311236  0.41731902769143109  0.42936299922314158
  0.44356658721031433  0.45623705414280591  0.47423813133265341  0.48831022754100956
  0.49928349899352342  0.51101193797923516  0.52081536646775783  0.52927317291455200
  0.53805942331555323  0.54967330826588168  0.56935279964639296  0.58813947873442307
  0.60081038207735404  0.61351846228593077  0.62670027048761712  0.64045213311051108
  0.65773730454166890  0.67543508286354570  0.69097125436742146  0.69916778186247530
  0.70652932825570502  0.71472374774494363  0.72127197634923879  0.72689928905893042
  0.73235880775779783  0.74081353893765967  0.74779858510411579  0.75022832557433727
  0.75236303994225151  0.75516746128222279  0.76141854919847685  0.76770457578530038
  0.77358471446321775  0.78274127398184346  0.78756129588558166  0.79112241351026802
  0.79587787203083127  0.80185217115819707  0.81112959632646731  0.82230222154332255
  0.83512013163923615  0.84739733158958641  0.85799857774060051  0.86535818852434732
  0.87126158927592179  0.87784986992502789  0.88326439712721572  0.88858005689360142
  0.89358023574487766  0.90024418321204214  0.90940015950442610  0.91975701539266719
  0.93043370907351008  0.93644843067515859  0.94220037818456615  0.94899594371412666
  0.95988651362382693  0.97058725379346966  0.98355264621125982  1.00000000000000000
 -0.00721494277456622  0.02665521143693695  0.05050531431859172  0.06298225522064034
  0.06892542081542430  0.07388540833933713  0.07758627850311700  0.07931829596395550
  0.08134506417091381  0.08634359502231032  0.09120659434005615  0.09534054248644007
  0.09929143506361471  0.10481797672692689  0.10917058359470591  0.11229201274345511
  0.11600753344356980  0.12062817191571056  0.12659596572569826  0.13466683272330537
  0.14488748334394808  0.15646628335027049  0.16902816073284591  0.18120636980547658
  0.19152294439569914  0.20020590731104754  0.21162489260566456  0.22278280142788864
  0.23413507970472544  0.24686866325019516  0.26137861309124399  0.27864022096538216
  0.29363401645877579  0.30638205790889694  0.31712017312188623  0.32795003979469489
  0.33883412980197020  0.34966061848070945  0.35938915877420202  0.36784926875171536
  0.37559294408967997  0.38285999306810548  0.39059816035569633  0.39800007751092537
  0.40674562486356725  0.41686006894482369  0.42712148486680668  0.44003987241491543
  0.45663722927500799  0.47172833348412907  0.48186011535480411  0.48931197048031388
  0.49645933192066510  0.50331411984047125  0.51101235856073446  0.52479553039832649
  0.54047234117871379  0.54872537929391230  0.55393257320621625  0.55939796231068584
  0.56452713584758119  0.56988669380265844  0.58941823765941070  0.60690894917445137
  0.61811623798488990  0.63111156929520940  0.64462724284765871  0.65817624908813055
  0.68195327600874989  0.70532467696403223  0.72569419825868819  0.73813596470516252
  0.74466540507116452  0.75219555853718334  0.75914063126513065  0.76853871806044916
  0.77914580157065050  0.78892714654905516  0.79799367244552355  0.80825602922128892
  0.82166818966702426  0.83808737125391530  0.85683171746258402  0.87558577458092257
  0.88710141599843861  0.89778883513440033  0.90797577087226189  0.91780579964351849
  0.92963660449538277  0.94212127389956379  0.95285637080923469  0.96043726690088826
  0.96653613746024136  0.97382647509161135  0.98397566131702874  1.00000000000000000
 -0.00145895064586270  0.00567974283152595  0.01348277717565185  0.02298099900612817
  0.03253229415949093  0.04055184957266395  0.05313527555163567  0.07456858366666762
  0.08956902310629944  0.10110094582514333  0.11253048777619840  0.12190668304010480
  0.13013947125985473  0.13745248009695279  0.14553881909625141  0.15353929920683790
  0.15918985840044297  0.16437971946728089  0.16887132798240359  0.17251389972590869
  0.17632279348661556  0.17964993781333460  0.18252551503006992  0.18646644002856957
  0.20122596197403025  0.21628689167340848  0.22958219345733433  0.24110484892647016
  0.24894756837564860  0.25839355399058683  0.26815729779164454  0.27763873159318697
  0.28700088034735671  0.29626725497860218  0.30842973453213463  0.32138514941065777
  0.33057552031103965  0.33872278376670956  0.34647505665427381  0.35215433339688024
  0.35792792998151929  0.36557092363037608  0.37583212880084538  0.38650589213958458
  0.39515775931161878  0.40523698112312834  0.41652918467866928  0.42839926122373362
  0.44025729265124619  0.45217375845014207  0.46090741461944140  0.46936384352898397
  0.47675593767204671  0.48506832544036133  0.49900173908094264  0.51593771085884932
  0.52973501618434593  0.54321168024050981  0.55849671337456419  0.57240948053942864
  0.58623703903648716  0.59936876143156659  0.61169295264922940  0.62437812160889350
  0.63634071399496150  0.64693355197305735  0.65625075077990114  0.67033552586157119
  0.68504770844033458  0.69783193360924511  0.70850824430926729  0.71814093288309311
  0.72776764226299606  0.73826251074225191  0.74920806889862601  0.76238418660917062
  0.77796369476275751  0.79826399453833341  0.82139685289689968  0.84035339226192340
  0.84914001375677206  0.85638591492362559  0.86331275381028161  0.87427283476385331
  0.89330820854911885  0.90108578368432601  0.90918110550831854  0.91862575214472864
  0.93408536976236667  0.94488141279441140  0.95544083333374286  0.96566560440751981
  0.97492743855317898  0.98377492283083356  0.99159792970794913  1.00000000000000000
 -0.00455828189551909  0.01334597282541164  0.03030539170075940  0.04654451926020185
  0.05994297802147940  0.06730268076983971  0.07341297205938255  0.08064916411174286
  0.08601169393410896  0.09126235095073719  0.09889380893516263  0.10370943997429410
  0.10849006538076343  0.11207030936805179  0.11621843765720415  0.12124383038428894
  0.13378525426510526  0.15395782405305677  0.17074622314663540  0.18013934781297794
  0.18858049899035600  0.19814660568055262  0.20506223471822532  0.21574089271627939
  0.22837249414010613  0.24106243586784931  0.25534702250332147  0.26729795461839723
  0.27878246357839936  0.28842887975293086  0.29415611359611121  0.29923619453046935
  0.30712774414235627  0.31791712787630916  0.33366491607175758  0.35047236466648440
  0.36722407056585521  0.37790825199017775  0.38840132063406690  0.39874506516455543
  0.41027752707579968  0.42186590310158689  0.43318361495629870  0.44724514252267578
  0.45652953635759086  0.46420195041697460  0.47146869401181390  0.47814580344566976
  0.48404682121580656  0.49658249813691457  0.51017771332428596  0.52280280509792110
  0.53408600367296055  0.54595012742955329  0.55898311194480943  0.57175358055615255
  0.58477148726298611  0.59809792982871468  0.61068205122090846  0.62172965431732263
  0.63189206188077829  0.64144635966156005  0.65020108094700313  0.65684047518790001
  0.66326759386720635  0.66986587033763678  0.67543037721676891  0.68831939710610845
  0.70036665134535314  0.71576252291330866  0.73274051526614992  0.74511522059200264
  0.75978280770680529  0.76958043426459810  0.77883813109036215  0.78822008151122214
  0.79608816517216352  0.80585925181717111  0.81766324146806135  0.82816171603318778
  0.83879786263472444  0.84811232042499796  0.85565123899068196  0.86105403517718782
  0.87150241626535740  0.88455907699203051  0.89713870402189599  0.90995256624730014
  0.92303404230856323  0.93443300625740444  0.94643974532849195  0.95489149749480939
  0.96397197310495697  0.97420177605076919  0.98609226397683269  1.00000000000000000
 -0.00314806977933816  0.00836002638200611  0.01794804511925245  0.02691756326789188
  0.03723763400387253  0.04315848677182214  0.04886334070539754  0.05437439596693891
  0.05882727836746549  0.06394528735950351  0.07068206460200531  0.07642720576437861
  0.08278995698117798  0.08905333264496337  0.09415316169520893  0.10312512546739522
  0.11874253210679983  0.13604905542701709  0.15180489719311621  0.16576828676095715
  0.17954194959394565  0.19122725444965546  0.20025520802975444  0.20721217344460333
  0.21229809051040993  0.21816973155522576  0.22663183208513288  0.23578168987219986
  0.24360991571006838  0.25084708386829363  0.26115087792168484  0.27272968908344009
  0.28562098458131074  0.30220522070603817  0.31687315094127605  0.32607236661450473
  0.33397831752168150  0.34373566584998966  0.35362210493286494  0.36321231578063812
  0.37161150213500610  0.37757225780600695  0.38316962832492479  0.38632339929013160
  0.39056544297874285  0.39609339477699762  0.40309608428954463  0.41289991449977520
  0.41850208022413060  0.42463473244904260  0.43100898196961029  0.43600439922451750
  0.44532003019058447  0.45437366506946208  0.47083085981815209  0.48892821257340524
  0.50133706691418023  0.51119085907767392  0.52057702979690867  0.52907545296916725
  0.53419177075779023  0.53867375021012065  0.54334457043467366  0.55000559468372390
  0.56172676751081596  0.57751315194457031  0.59217359890462673  0.60562026788672152
  0.61777305226012591  0.62976062109429087  0.64154918356170132  0.65640614099148464
  0.67242042041348349  0.68772269341847381  0.70492099291493204  0.72197351801790111
  0.73791688787428011  0.75240908784087079  0.76366941786609144  0.77421932333308030
  0.78846798898453707  0.80764109893848801  0.82455624550025797  0.84029624708682527
  0.85379241609581524  0.85948858293073538  0.86592497706086902  0.87298403005800129
  0.88149002621370121  0.89563617851597677  0.91290794643939011  0.93306101715188161
  0.95369450231382180  0.97088458087413931  0.98476957588988701  1.00000000000000000
 -0.00136220705543057  0.00679208592596304  0.01700586805216012  0.03208804259146101
  0.05244893144861612  0.06900363061548853  0.08261359782374893  0.09337930398333058
  0.10086733677890197  0.10855538749264101  0.11792593834470771  0.12883961109989078
  0.14162158563667457  0.15826527769973031  0.17511654152830189  0.18817543831079583
  0.20045321272538347  0.21201891864927944  0.21809454533972503  0.22592226554386333
  0.23488481127311986  0.24529778634983895  0.25672291314423989  0.26635345674984373
  0.27422642629963806  0.28122086119369949  0.28719469086748445  0.29326002919151417
  0.29971344759675145  0.30758577571808871  0.31306604930441523  0.31982313627922676
  0.32808901049277434  0.33532904934180408  0.34842091382078161  0.36468813227019525
  0.38221214612333193  0.39823637488251629  0.40867480604195000  0.41358295722575134
  0.41694957719207976  0.42108049779164897  0.42533277464315877  0.43011755891161485
  0.43673098853220033  0.44633548966196090  0.45778927117590784  0.47068766804846429
  0.48270688613568963  0.49457168180404043  0.50505603692039602  0.51421330822177891
  0.52201761177258676  0.53076257725006271  0.54012692304909438  0.55245783377575353
  0.56636612306288248  0.58501474366870454  0.59997346844140098  0.61089838705400767
  0.62091151964243008  0.63306144387416341  0.64450061479426890  0.65388737721228574
  0.66218249542738050  0.66980816126706877  0.67607361034446045  0.68327995801763020
  0.69195216922202440  0.70209977783736266  0.71678278531777551  0.72916820298333351
  0.74144587556248509  0.74931784917003119  0.75668758662617608  0.76698477545881494
  0.77873843697538137  0.79273327400127924  0.81639185809257497  0.84179595119485529
  0.86408977320648150  0.87884435541357619  0.89109027647331140  0.89841518534611586
  0.90211599293320244  0.90471827526126991  0.90707058296970200  0.91073399112715792
  0.91835949975967601  0.92365483324994346  0.92878369552976803  0.93519166506179330
  0.94374907627222970  0.95485589479810629  0.97284162040371103  1.00000000000000000
 -0.00308817121760639  0.01425671180570738  0.02832313437640139  0.04088581210038852
  0.04587997516922866  0.05085826547717908  0.05645987731990341  0.06122634054951768
  0.06585850223587757  0.07301134705424672  0.08196861499165484  0.09184863680723784
  0.10273522747125469  0.11701687624869671  0.12812376152532257  0.13408999317316825
  0.13996948608796422  0.14646367719836906  0.15223491857792498  0.15728569023049241
  0.16426731854744939  0.17084807883017999  0.17965221373044848  0.18598475201242232
  0.19282369810683930  0.20299724596909957  0.21707655873263718  0.22916918931217806
  0.23978748011780573  0.24871587800006970  0.25759100499929516  0.26697281204702417
  0.27410926870720875  0.28041473569420933  0.29070259616268163  0.30490095417521373
  0.31863289886797130  0.33133830359529431  0.34425765038176637  0.35662839558644072
  0.36810484897311846  0.37601599001673514  0.38519934982849147  0.39314610324464444
  0.40058920722388575  0.40919640946003938  0.41816527273644200  0.43251832951266800
  0.44444982339307487  0.45440262321829988  0.46385893579064025  0.47387018877660092
  0.48458146065847768  0.49394346282619739  0.50955856234293828  0.52648996622712108
  0.54076612966843751  0.55323889459945275  0.56888639449961687  0.58963405561809146
  0.60564834141630797  0.61832632231979168  0.62999880800849617  0.64264808667582496
  0.65510276433353654  0.66594450873291733  0.67693685499324352  0.68900413381639203
  0.70019988009246359  0.71032786520164759  0.72231446928535148  0.73200943588773626
  0.73968061563871612  0.74607911853975106  0.75327580011965822  0.75946942481366575
  0.76589252482841585  0.77963012400096776  0.79822509303154787  0.81434199508968297
  0.82543196424253373  0.83283990740773606  0.84008598959465297  0.85169124922553807
  0.86369363895654527  0.87492306909254602  0.88563868989238248  0.89542598063160750
  0.90411415380629567  0.91302428265647473  0.92224744616516507  0.93312785504344353
  0.94494015747812554  0.95881361869637727  0.97786623128585526  1.00000000000000000
 -0.00563519692175980  0.02246874571739385  0.04230911358104644  0.05388265020785772
  0.06525760428056496  0.07437279104678178  0.08284216569348005  0.08892585241093401
  0.09349433608798209  0.09924759760798381  0.10627003151021422  0.11297757671076683
  0.12310256520786386  0.13501032156373977  0.15471481953046662  0.17100916434345939
  0.18185307080209195  0.19300413286299392  0.20654551475040031  0.22133040151796196
  0.23698307984431441  0.25356730117475701  0.26568362729048761  0.27509849070905196
  0.28382296725788853  0.29165208333074050  0.30196422041349213  0.31180150137694163
  0.32337929070164778  0.33377488623777535  0.34160387307187112  0.34838599986470503
  0.35922233468634229  0.37362048668385661  0.39055535621730186  0.40525567374739324
  0.41577709009795644  0.42263257475146543  0.42920349393199242  0.43570108704761851
  0.44340929403354706  0.45200072805471531  0.45805120843134217  0.46206698913707728
  0.46729163355762943  0.47336966880993092  0.48271486964763022  0.49325179123635132
  0.51131764877258890  0.52227314464171837  0.53080609422411174  0.54089799265455440
  0.54918493512615496  0.55885034439498560  0.56777382189603676  0.57644674629098069
  0.58481844898759183  0.59207495729287862  0.60077357683704391  0.60868133005249292
  0.61882456794522001  0.62694978181542160  0.63210884376436405  0.64034389350780119
  0.64918151801007395  0.65521989519552604  0.66095857982406936  0.66786509259099847
  0.67547244603636636  0.68207902194894510  0.68582374515209144  0.69098684448156544
  0.70014598395685912  0.70906664945865550  0.71635957129599592  0.72459026077939670
  0.73615815164634602  0.74883893573339411  0.76247424342142023  0.77482151467623517
  0.78524897483723799  0.79448186066032933  0.80434921216559740  0.81495324163917371
  0.83177870490416295  0.85119365822395687  0.87228285168981223  0.89462790468752618
  0.91397529180173331  0.93093804650724332  0.94579020437481764  0.95945972637491150
  0.96885118867146791  0.97798041579874040  0.98826140166849841  1.00000000000000000
 -0.00145558727470690  0.00759741170999855  0.01700952816205340  0.02687122779406347
  0.03577087793331091  0.04149604425323903  0.04590984090853454  0.05078161444003798
  0.05812767297109424  0.06473867576048453  0.07225331347041938  0.08597919907164181
  0.10612053468690784  0.11921220053771760  0.13158949587004923  0.14536574143686207
  0.15362084475754723  0.16215776364273796  0.17160399961313189  0.18301796083029437
  0.19407742663629682  0.20798263322908284  0.22030964003024336  0.22913030312633831
  0.24330053481951033  0.25969288197067203  0.27756479386271121  0.29527226697610481
  0.30919845106444593  0.31937316568548757  0.32752990025358020  0.33562970607185710
  0.34498487063045657  0.35301998564175485  0.36056642661999455  0.37599031145851436
  0.39205831310835121  0.40827015512468157  0.42418765145256065  0.43880395127391775
  0.44978464417384839  0.46061152399289662  0.47264078264528397  0.48262904213737129
  0.49316282274183776  0.50497741365431836  0.51691736567804003  0.53062584027765602
  0.54054127197620483  0.55027279553073527  0.56037470429232195  0.57021831974423964
  0.57959004890468691  0.59315398972183075  0.61038619196721122  0.62814473622811318
  0.64397059592895733  0.65229265504279810  0.65813046593923819  0.66510352878206047
  0.67287221138166198  0.68100658939816050  0.69190357582058493  0.70088737752523145
  0.70943948986564620  0.72593896552254567  0.73959727992644086  0.75299793734579612
  0.76675055794309066  0.78108721056471853  0.79594333105296122  0.81142518724802426
  0.82346980550212412  0.83263208369399511  0.84203693883960973  0.85129075383842945
  0.86044720932309793  0.87078237372930023  0.87971929408952676  0.88644034405984817
  0.89329630613815136  0.90039244803600282  0.90677985729264599  0.91238238819666029
  0.92038431521499020  0.92763998113621116  0.93409840778736264  0.93898578488386930
  0.94349949422213042  0.94944656419791551  0.95729938971859041  0.96697143128640251
  0.97422891365060793  0.98098176073764798  0.98911797000150614  1.00000000000000000
 -0.00557796939855971  0.01980048106753083  0.03730126047620759  0.05132166437822976
  0.06323292522347121  0.07312222094109815  0.08231045673996135  0.09016883368017434
  0.09674174273880623  0.10296686353853628  0.10813195606909892  0.11220310725973884
  0.11527149691273653  0.12009407822074643  0.12966594370665099  0.14224833938581810
  0.15862300931272932  0.17342212081986430  0.18784702423095909  0.20418491556384086
  0.22509522518699787  0.24907607072809879  0.27422755319998948  0.29620456663372113
  0.31405759608008255  0.32891282850205061  0.34171553785834524  0.35519576866040437
  0.36400531224989824  0.37065042405044613  0.37645773051736620  0.38179719024772724
  0.38614841969753544  0.39285811158219019  0.39780655954349026  0.40116616416725337
  0.40408780949707002  0.40871992103467769  0.41356720581652745  0.42011242859487996
  0.42899125361993168  0.43356688461394266  0.43740601979312199  0.44192435382314255
  0.44598266625106631  0.45064515164816582  0.45662556160257450  0.46026718147519885
  0.46811747464137116  0.47749314253376840  0.48760641822139905  0.49840421046651739
  0.50961208812018433  0.52048141592659858  0.53019829927304030  0.53960646167690240
  0.54828686085003187  0.55755787351842079  0.56745527687375630  0.57825923278996050
  0.59119885432772179  0.60318869429428956  0.61255585269743518  0.61941738180015626
  0.62510616650791062  0.63283351858620374  0.64062605258530814  0.64915162542905491
  0.65879993821712346  0.66917131942928265  0.67705778888656887  0.68357386480178561
  0.68947896295691813  0.69757531785704918  0.70829445708265648  0.71991636023497463
  0.73248836477731516  0.74529660068809123  0.75952173676628698  0.77378417397425869
  0.78620272101069721  0.80103999770927103  0.81630417525515775  0.82954967097114074
  0.84194048908192398  0.85464313277233805  0.86678777683726871  0.87824102638441304
  0.89078413204918838  0.90393502907701295  0.91788906264997816  0.93347704971432421
  0.94810620019646907  0.96404792041275100  0.98317808834411946  1.00000000000000000
 -0.01744058794359520  0.13798329852931787  0.16702420961409689  0.19259478765879928
  0.21440091344240411  0.23206346760572005  0.24450327620740728  0.25856249069535125
  0.27005211198677759  0.27827743922189224  0.28449932062813654  0.29020257340130201
  0.29566589279548633  0.30067874224118540  0.30620493775645607  0.31159777933756228
  0.31691153813132589  0.32088289303142109  0.32472135776033739  0.32851734904073038
  0.33203039482891039  0.33455697338967300  0.33755770781154965  0.34207773303179911
  0.34636835126111698  0.35038655749903425  0.35511775639421816  0.35908595497798473
  0.36279607594240249  0.36614691345183975  0.36940569170692755  0.37293476566345390
  0.37645832308553984  0.37966120176750273  0.38267140697759605  0.38591939525056829
  0.38979525259019182  0.39398707315230386  0.39888477233096192  0.40605087252283700
  0.41250233343758197  0.41751084928241333  0.42251722588058638  0.42834189364890141
  0.43363143654287922  0.43719930803020052  0.44165433291609330  0.44690611500766642
  0.45278365846328184  0.45858408164391151  0.46212859919767951  0.46449075780315535
  0.46663985662559254  0.46938627005199307  0.47217589890931672  0.47500696346564059
  0.47843044293748521  0.48163711831267675  0.48598136748807164  0.49173499557875672
  0.49656590679434431  0.50018690803841281  0.50367111547299426  0.50710049812982072
  0.51001588596360659  0.51353072792638887  0.51743979729017509  0.52046459552563018
  0.52317027851342524  0.52512889595795098  0.52794009375510997  0.53048480909219597
  0.53402429049046207  0.54104146003213949  0.55016560980336060  0.56118524244596579
  0.58121129373307834  0.60610803185685302  0.63702045691310794  0.66062811056419035
  0.67352310742734933  0.68740042156281778  0.70285453167669232  0.71884405922555150
  0.73782168378407420  0.76075834524581076  0.79003815054748361  0.81989284962499909
  0.83693125135417179  0.85012779355774915  0.86089194358392696  0.87149450663808969
  0.88497950326010699  0.90924357489077556  0.95831395954128895  1.00000000000000000
 -0.01615969841411023  0.14144502380415208  0.21493917059827780  0.25745439637318640
  0.28952375913559003  0.30571711755289172  0.31783039777694189  0.32644661365200967
  0.33728711228741726  0.34707193164697436  0.35289077749458608  0.35996690278001092
  0.36883014577340445  0.38327220155545849  0.39100611449731509  0.39923497015514903
  0.40960044088655639  0.41888757169967794  0.42584282105443022  0.43176337381342078
  0.44140327456838818  0.45526132251075396  0.46837500585842923  0.47753150806594497
  0.48501226253205915  0.49121014359667586  0.49685983226717201  0.50357450861375641
  0.51053162859806811  0.51640311384786286  0.52191477184879920  0.52853014641149509
  0.53597844455214094  0.54379072140498785  0.55170202342427588  0.55783694364463898
  0.56196343628900203  0.56544348764512431  0.56890712210100280  0.57243915555186076
  0.57711235159798313  0.58340943081590391  0.58985760999583547  0.59476725977750677
  0.59946780592692750  0.60420223623483782  0.60899154004169198  0.61333598001568512
  0.61732690062140838  0.62124204485904932  0.62552532957081175  0.63076984968923977
  0.63555081592011486  0.63960903848904516  0.64316651690963089  0.64667676096203541
  0.65010870525102438  0.65448937408132024  0.66200155338197120  0.67109135977619105
  0.67970320418712604  0.68641550406413598  0.69177937227075947  0.69606848006484212
  0.70091212222772892  0.70556892874334143  0.70996754907688830  0.71299906048863737
  0.71605825518329203  0.71974779393653443  0.72507820332206807  0.72984160510650276
  0.73569941170893050  0.74254420354396300  0.74907449680358884  0.75652248599588456
  0.76327943616412330  0.76890627182853555  0.77452633722410757  0.78030063205353284
  0.78493322899220730  0.78891075601173366  0.79428955232644316  0.79793336455480901
  0.80125540916117888  0.80455140503406541  0.80939281893443848  0.81691073349362198
  0.82545138030901299  0.83513881330880968  0.84465861315486002  0.85380456110365344
  0.86602348489229186  0.88079472733338882  0.90249401669920037  1.00000000000000000
   5.6996638871270021E-021  -1.0000000000000000     
 T F F F F F F F F F F F F F F F F F F F T F F F T F F F F F F F F F F F T F F F T F F F F F F F F F F F F F F F F F F F T F F F F F F F F F F F F F F F F F F F F F F F F F F F F F F F F F F F F F F F F F F F F F F F F F F F F F F F F F F F F F F F F F F F F F F F F F F F F F F F F F F F F F F F F F F F F F F F F F F F F F F F F F F F F F F F F F F F F F F F F F F F F F F F F F F F T F F F F F F F F F F F F F F F F F F F T F F F T F F F F F F F F F F F T F F F T F F F F F F F F F F F F F F F F F F F T F F F T F F F F F F F F F F F F F F F F F F F T F F F T F F F F F F F F F F F T F F F T F F F F F F F F F F F F F F F F F F F T F F F F F F F F F F F F F F F F F F F F F F F F F F F F F F F F F F F F F F F F F F F F F F F F F F F F F F F F F F F F F F F F F F F F F F F F F F F F F F F F F F F F F F F F F F F F F F F F F F F F F F F F F F F F F F F F F F F F F F F F F F F F F F F F F F F T F F F F F F F F F F F F F F F F F F F T F F F T F F F F F F F F F F F T F F F T F F F F F F F F F F F F F F F F F F F T F F F
  <DiscreteSampler_grid>
  grouped_processes
  1 # 1 for a reference and 2 for a running grid.
  10 # Attribute 'min_bin_probing_points' of the grid.
  1 # Attribute 'grid_mode' of the grid. 1=='default',2=='initialization'
  0.0000000000000000 # Attribute 'small_contrib_threshold' of the grid.
  0.5000000000000000 # Attribute 'damping_power' of the grid.
 # binID   n_entries weight   weight_sqr   abs_weight
    16   10   4.408495228312800E-022   8.175359851172636E-043   4.408495228312800E-022
    17   10   4.408495228312798E-022   8.175359851172615E-043   4.408495228312798E-022
    19   10   7.440867044340833E-022   2.577794562057772E-042   7.440867044340833E-022
    20   10   7.440867044340768E-022   2.577794562057746E-042   7.440867044340768E-022
    22   10   1.841245086779580E-021   1.661715007631520E-041   1.841245086779580E-021
    23   10   1.841245086779570E-021   1.661715007631506E-041   1.841245086779570E-021
    28   10   5.771005347547782E-023   1.235246984298797E-044   5.771005347547782E-023
    29   10   5.771005347547814E-023   1.235246984298812E-044   5.771005347547814E-023
    31   10   5.529447306262128E-023   1.101754103410350E-044   5.529447306262128E-023
    32   10   5.529447306262073E-023   1.101754103410326E-044   5.529447306262073E-023
    34   10   7.513679136756020E-023   1.960060011022499E-044   7.513679136756020E-023
    35   10   7.513679136755925E-023   1.960060011022450E-044   7.513679136755925E-023
    40   10   4.967730959461869E-023   1.058759460566995E-044   4.967730959461869E-023
    41   10   4.967730959461850E-023   1.058759460566985E-044   4.967730959461850E-023
    43   10   7.131573176933643E-023   2.325081140915624E-044   7.131573176933643E-023
    44   10   7.131573176933596E-023   2.325081140915577E-044   7.131573176933596E-023
    46   10   3.816144327087393E-022   1.248847835092690E-042   3.816144327087393E-022
    47   10   3.816144327087329E-022   1.248847835092644E-042   3.816144327087329E-022
    52   10   1.090769367489354E-021   9.698928156638906E-042   1.090769367489354E-021
    53   10   1.090769367489351E-021   9.698928156638869E-042   1.090769367489351E-021
    55   10   1.122538428142869E-021   9.666269204767213E-042   1.122538428142869E-021
    56   10   1.122538428142863E-021   9.666269204767139E-042   1.122538428142863E-021
    58   10   1.733483993872419E-021   1.521813956942366E-041   1.733483993872419E-021
    59   10   1.733483993872403E-021   1.521813956942341E-041   1.733483993872403E-021
    64   10   4.408495228312798E-022   8.175359851172634E-043   4.408495228312798E-022
    65   10   4.408495228312797E-022   8.175359851172615E-043   4.408495228312797E-022
    67   10   7.440867044340841E-022   2.577794562057778E-042   7.440867044340841E-022
    68   10   7.440867044340771E-022   2.577794562057746E-042   7.440867044340771E-022
    70   10   1.841245086779580E-021   1.661715007631522E-041   1.841245086779580E-021
    71   10   1.841245086779570E-021   1.661715007631506E-041   1.841245086779570E-021
    76   10   5.771005347547776E-023   1.235246984298794E-044   5.771005347547776E-023
    77   10   5.771005347547810E-023   1.235246984298810E-044   5.771005347547810E-023
    79   10   5.529447306262127E-023   1.101754103410349E-044   5.529447306262127E-023
    80   10   5.529447306262076E-023   1.101754103410326E-044   5.529447306262076E-023
    82   10   7.513679136756017E-023   1.960060011022497E-044   7.513679136756017E-023
    83   10   7.513679136755934E-023   1.960060011022454E-044   7.513679136755934E-023
    88   10   4.967730959461869E-023   1.058759460566995E-044   4.967730959461869E-023
    89   10   4.967730959461845E-023   1.058759460566983E-044   4.967730959461845E-023
    91   10   7.131573176933642E-023   2.325081140915623E-044   7.131573176933642E-023
    92   10   7.131573176933596E-023   2.325081140915577E-044   7.131573176933596E-023
    94   10   3.816144327087393E-022   1.248847835092690E-042   3.816144327087393E-022
    95   10   3.816144327087330E-022   1.248847835092645E-042   3.816144327087330E-022
    100   10   1.090769367489355E-021   9.698928156638917E-042   1.090769367489355E-021
    101   10   1.090769367489352E-021   9.698928156638875E-042   1.090769367489352E-021
    103   10   1.122538428142869E-021   9.666269204767217E-042   1.122538428142869E-021
    104   10   1.122538428142863E-021   9.666269204767139E-042   1.122538428142863E-021
    106   10   1.733483993872419E-021   1.521813956942367E-041   1.733483993872419E-021
    107   10   1.733483993872401E-021   1.521813956942339E-041   1.733483993872401E-021
    112   10   4.408495228312799E-022   8.175359851172647E-043   4.408495228312799E-022
    113   10   4.408495228312805E-022   8.175359851172657E-043   4.408495228312805E-022
    115   10   7.440867044340846E-022   2.577794562057786E-042   7.440867044340846E-022
    116   10   7.440867044340765E-022   2.577794562057742E-042   7.440867044340765E-022
    118   10   1.841245086779583E-021   1.661715007631526E-041   1.841245086779583E-021
    119   10   1.841245086779567E-021   1.661715007631501E-041   1.841245086779567E-021
    124   10   5.771005347547773E-023   1.235246984298793E-044   5.771005347547773E-023
    125   10   5.771005347547817E-023   1.235246984298815E-044   5.771005347547817E-023
    127   10   5.529447306262128E-023   1.101754103410349E-044   5.529447306262128E-023
    128   10   5.529447306262076E-023   1.101754103410326E-044   5.529447306262076E-023
    130   10   7.513679136756020E-023   1.960060011022500E-044   7.513679136756020E-023
    131   10   7.513679136755935E-023   1.960060011022456E-044   7.513679136755935E-023
    136   10   4.967730959461861E-023   1.058759460566991E-044   4.967730959461861E-023
    137   10   4.967730959461848E-023   1.058759460566984E-044   4.967730959461848E-023
    139   10   7.131573176933649E-023   2.325081140915629E-044   7.131573176933649E-023
    140   10   7.131573176933597E-023   2.325081140915578E-044   7.131573176933597E-023
    142   10   3.816144327087394E-022   1.248847835092691E-042   3.816144327087394E-022
    143   10   3.816144327087330E-022   1.248847835092645E-042   3.816144327087330E-022
    148   10   1.090769367489354E-021   9.698928156638906E-042   1.090769367489354E-021
    149   10   1.090769367489351E-021   9.698928156638855E-042   1.090769367489351E-021
    151   10   1.122538428142869E-021   9.666269204767217E-042   1.122538428142869E-021
    152   10   1.122538428142863E-021   9.666269204767139E-042   1.122538428142863E-021
    154   10   1.733483993872421E-021   1.521813956942368E-041   1.733483993872421E-021
    155   10   1.733483993872401E-021   1.521813956942339E-041   1.733483993872401E-021
    160   10   4.408495228312798E-022   8.175359851172636E-043   4.408495228312798E-022
    161   10   4.408495228312802E-022   8.175359851172641E-043   4.408495228312802E-022
    163   10   7.440867044340846E-022   2.577794562057785E-042   7.440867044340846E-022
    164   10   7.440867044340763E-022   2.577794562057741E-042   7.440867044340763E-022
    166   10   1.841245086779582E-021   1.661715007631525E-041   1.841245086779582E-021
    167   10   1.841245086779568E-021   1.661715007631504E-041   1.841245086779568E-021
    172   10   5.771005347547769E-023   1.235246984298791E-044   5.771005347547769E-023
    173   10   5.771005347547817E-023   1.235246984298815E-044   5.771005347547817E-023
    175   10   5.529447306262132E-023   1.101754103410351E-044   5.529447306262132E-023
    176   10   5.529447306262077E-023   1.101754103410327E-044   5.529447306262077E-023
    178   10   7.513679136756021E-023   1.960060011022500E-044   7.513679136756021E-023
    179   10   7.513679136755938E-023   1.960060011022458E-044   7.513679136755938E-023
    184   10   4.967730959461857E-023   1.058759460566989E-044   4.967730959461857E-023
    185   10   4.967730959461845E-023   1.058759460566983E-044   4.967730959461845E-023
    187   10   7.131573176933649E-023   2.325081140915630E-044   7.131573176933649E-023
    188   10   7.131573176933596E-023   2.325081140915578E-044   7.131573176933596E-023
    190   10   3.816144327087399E-022   1.248847835092694E-042   3.816144327087399E-022
    191   10   3.816144327087329E-022   1.248847835092645E-042   3.816144327087329E-022
    196   10   1.090769367489354E-021   9.698928156638916E-042   1.090769367489354E-021
    197   10   1.090769367489351E-021   9.698928156638859E-042   1.090769367489351E-021
    199   10   1.122538428142869E-021   9.666269204767219E-042   1.122538428142869E-021
    200   10   1.122538428142863E-021   9.666269204767134E-042   1.122538428142863E-021
    202   10   1.733483993872421E-021   1.521813956942368E-041   1.733483993872421E-021
    203   10   1.733483993872402E-021   1.521813956942339E-041   1.733483993872402E-021
  </DiscreteSampler_grid>
