  0.00000007983924584  0.00000204690738373  0.00000363594034835  0.00000526659665111
  0.00000715450376617  0.00000876680204704  0.00001019255637236  0.00001144852706416
  0.00001267413806103  0.00001409906651460  0.00001589293904739  0.00001738085721682
  0.00001886949216403  0.00002061338939236  0.00002167958998481  0.00002244958360979
  0.00002322615969944  0.00002414546853436  0.00002511712463711  0.00002584660676202
  0.00002622911523210  0.00002660707761031  0.00002697887805094  0.00002734874303083
  0.00002771767241066  0.00002827036233574  0.00002864655374949  0.00002908680450291
  0.00002961468429877  0.00003001386640725  0.00003038619852676  0.00003071227142649
  0.00003108663391319  0.00003131687360479  0.00003154711329639  0.00003179106677341
  0.00003203788092485  0.00003228599674722  0.00003253480086148  0.00003294199178923
  0.00003346610077232  0.00003384889443195  0.00003419063697251  0.00003440909686845
  0.00003463073908219  0.00003486037221068  0.00003507347823719  0.00003526236851085
  0.00003545528382872  0.00003565587288422  0.00003585438887762  0.00003605176713971
  0.00003632567396238  0.00003670376273289  0.00003735807336383  0.00006339863894245
  0.00006454145839568  0.00006553188227102  0.00006613182483701  0.00006672359851139
  0.00006721392419380  0.00006769439616014  0.00006820068987180  0.00006877915506507
  0.00006942462735053  0.00007003547025068  0.00007067464913211  0.00007131105666517
  0.00007198947869612  0.00007348630860289  0.00007527311205963  0.00007692920956939
  0.00007824010222578  0.00007956063344946  0.00008097994374893  0.00008279372240008
  0.00008583353610142  0.00009033458166399  0.00009678446586473  0.00010241881633615
  0.00011208644498845  0.00012181154058564  0.00013083491771648  0.00013862232139223
  0.00014678476071635  0.00015484167987468  0.00016251976217524  0.00017234495276180
  0.00018316104685482  0.00019994689318624  0.00022233235752182  0.00026153784063795
  0.00036817972970157  0.00072289114507231  0.00260385694335967  1.00000000000000000
 -0.00000160322506461  0.00002619588470271  0.00004065823862082  0.00005238226836012
  0.00005560467105460  0.00005844421969087  0.00006141136366996  0.00006393164923904
  0.00006644834663178  0.00007301858147046  0.00007930037558578  0.00008507705806197
  0.00008915225034507  0.00009271626669726  0.00009718051523793  0.00010096101343344
  0.00010314045593272  0.00010526012301484  0.00010893501035766  0.00011240247003726
  0.00011522555462870  0.00011749660232849  0.00011933195141446  0.00012112403754449
  0.00012287008588296  0.00012584763478829  0.00013279888671878  0.00014012179306482
  0.00014727507060141  0.00015539432559329  0.00016578954719130  0.00017564755573914
  0.00018374103558867  0.00018807708413302  0.00019245558563367  0.00019655409287066
  0.00020071383999284  0.00020520331003473  0.00021074604895804  0.00021351072150670
  0.00021615775199148  0.00022165792687681  0.00022858289150454  0.00023738124099440
  0.00025606952632513  0.00027486792116665  0.00028722457870481  0.00029853206378735
  0.00030967601853542  0.00032082939262498  0.00033203494142021  0.00034926647982322
  0.00036510876726597  0.00037910932547598  0.00039132057588209  0.00040242020125061
  0.00041430017391025  0.00042525576083295  0.00043487060616156  0.00044499886750461
  0.00045555909702360  0.00046656795558755  0.00047778916834454  0.00049819626216601
  0.00052028940764662  0.00054231269543363  0.00056826597053907  0.00058564669327310
  0.00060318752287081  0.00062155304145270  0.00063222587089798  0.00064777701371920
  0.00066799487039460  0.00068718097472427  0.00070123830244608  0.00072742898613584
  0.00075722723929672  0.00078811662838497  0.00081964396806481  0.00085283055364740
  0.00088540559594733  0.00093639178635517  0.00098156007826505  0.00103980725797873
  0.00108762498690128  0.00113642062273495  0.00118664021911635  0.00123671235257484
  0.00131172822942299  0.00139521944390626  0.00148382432444717  0.00160442809169842
  0.00180831690874313  0.00210841888589575  0.00331507610953728  1.00000000000000000
  0.00000492594385533  0.00010628367488984  0.00011463993488686  0.00012036891291670
  0.00012434688400715  0.00012839499046056  0.00013247680846439  0.00013654456217421
  0.00014100264259690  0.00016343971190231  0.00019194464073073  0.00020485428569142
  0.00021155073408358  0.00021824718247573  0.00022478195965260  0.00023125553118044
  0.00023772910270828  0.00024528185626744  0.00025326991943312  0.00026125798259880
  0.00027597992207699  0.00029166216281392  0.00030515010798458  0.00031907715109019
  0.00033341466558980  0.00034483847166811  0.00035620177492421  0.00036654241509756
  0.00037622011427720  0.00038641947206981  0.00039533639567835  0.00040092366641752
  0.00040519002490048  0.00040979929065213  0.00041466424735447  0.00041972769177116
  0.00042499674290198  0.00043250918855456  0.00044226223571038  0.00045169514529323
  0.00046007048824873  0.00046786961407194  0.00047505436167576  0.00048590633126725
  0.00050427397749798  0.00052712082903112  0.00055178194866179  0.00057256139967022
  0.00059086807598272  0.00062432824961945  0.00065999344660805  0.00067458966735833
  0.00068628983261505  0.00069761706802930  0.00070954192233173  0.00072280750823457
  0.00073722422627472  0.00075243352005745  0.00079796861277373  0.00082369071390766
  0.00084485165435816  0.00086332044595137  0.00088335181832103  0.00090812847943433
  0.00094735496552876  0.00100295009914989  0.00107227933648579  0.00114672106355030
  0.00121852149747955  0.00128050143145877  0.00133576013030187  0.00137846963257282
  0.00140923109317402  0.00144253694010314  0.00147703518552056  0.00150994893580743
  0.00155392974683798  0.00160816037958970  0.00165471429216648  0.00170127503686022
  0.00175194221655570  0.00180342146794968  0.00185512366846783  0.00191735506813948
  0.00197784578072237  0.00203870117564956  0.00209207058135844  0.00213715162164889
  0.00218797559340733  0.00224064347922870  0.00231068089431081  0.00241312071118689
  0.00254721393323611  0.00280458514478290  0.00340720999976251  1.00000000000000000
  0.02477043435572698  0.04763584054309938  0.06754949942382771  0.08927291871820760
  0.10139469518643394  0.11279609663448553  0.12638465852551892  0.13835155439411559
  0.14840732700930137  0.15925712112369766  0.17043843033678915  0.18144506759257545
  0.19197750621699991  0.20174783881309410  0.21153106324612206  0.21883573350306407
  0.22625091179211199  0.23422977440494588  0.24327931102118627  0.25053778932941134
  0.25730324014275374  0.26520481720063399  0.27453412447172965  0.28466612647925832
  0.29269737086940756  0.30299819757021995  0.32014553461402451  0.33932798233737271
  0.35039695803463833  0.35971417682858586  0.36932195921393929  0.37824332478858519
  0.38398247460906176  0.38946426787337746  0.39579057307561127  0.40373729067272246
  0.41166099332064310  0.41955079030988923  0.42701026036561096  0.43460900191890894
  0.44630642214419169  0.45737030396484829  0.46305249146139371  0.46843271276931664
  0.47403399674252428  0.47957047443089318  0.48508130073778410  0.49091543849046548
  0.49971536791642085  0.51425628084868791  0.52036624541652765  0.52633238415656824
  0.53217381759770910  0.53808001025683572  0.54488680961081704  0.55309499552971375
  0.56103830200586202  0.56990977786664687  0.57867432351033754  0.58287207326085311
  0.58762521333469331  0.59498620440729055  0.60228949121223774  0.60935309674196425
  0.61817937121474431  0.63183694367500420  0.64188558154529352  0.64954952998255133
  0.65617841249062581  0.66485039133404134  0.67399892216018775  0.68355616854625822
  0.70029091808829169  0.70872050595250069  0.71688593032263725  0.72406685106047486
  0.73140304708217063  0.73891534787638358  0.75489464717507848  0.76970853220537028
  0.78266877492731568  0.79580889839147106  0.80357762503311347  0.80969879273625722
  0.81575284646062829  0.82122447495004680  0.82610077441510310  0.83533649058484016
  0.85112446216897664  0.87009389285416905  0.89098125468066625  0.92183085776826745
  0.94007965946330196  0.95779886933668468  0.97056552254516604  1.00000000000000000
  0.00348710228450844  0.00365649264721314  0.00378581020497949  0.00389866109459186
  0.00399467349817474  0.00407005895445893  0.00415722643000793  0.00425509560068501
  0.00433212117739772  0.00441701883651272  0.00449124547393906  0.00455998286337720
  0.00461617921764642  0.00467046310204246  0.00473019146050106  0.00479070067388890
  0.00487090912255312  0.00496115610418699  0.00504532075746435  0.00511557899184986
  0.00520152542921004  0.00529835511289732  0.00541188906621282  0.00554000873829111
  0.00562031523255079  0.00568631416329474  0.00573336654154966  0.00578041251019484
  0.00582978349911610  0.00588551900661160  0.00594731981250437  0.00600997813051810
  0.00606935210470684  0.00612617841920018  0.00618547056757321  0.00624349066966332
  0.00629300139125511  0.00633779250279199  0.00638768436941692  0.00644113414432275
  0.00651470761456476  0.00660523355203364  0.00673019823574933  0.00689499071136113
  0.00705361458970657  0.00719240018073115  0.00733184810869753  0.00746595663905873
  0.00762572088295440  0.00778339953142437  0.00799034871103754  0.00829271771970001
  0.00863281843871346  0.00906000108385645  0.00935185899255752  0.00960109402361775
  0.00986080777972289  0.01012360165016978  0.01032945555157623  0.01051359092818790
  0.01069636070826356  0.01087854935548510  0.01106252790247677  0.01125258655562151
  0.01150120136771849  0.01175744071431605  0.01192075638951846  0.01200814254162014
  0.01209688516246696  0.01222838828314471  0.01237747312989404  0.01249947562647759
  0.01260235096523352  0.01273655877724162  0.01301939235153269  0.01332421239713247
  0.01363810222426719  0.01389053761577312  0.01403353575074386  0.01421745216230535
  0.01439703205158656  0.01455333395508674  0.01462319939465673  0.01472630581456488
  0.01486232391281673  0.01512212624708163  0.01542676720738251  0.01595899916765387
  0.01651673410526489  0.01717053383491786  0.01821844659211800  0.01974594391317824
  0.02164902150598281  0.02522702676365013  0.07326918105000947  1.00000000000000000
 -0.00048947320048149  0.00289591379752785  0.00446724422191569  0.00668574508415079
  0.01032571507266387  0.01325923088897814  0.01567331526289454  0.02055945171276890
  0.02634072479815081  0.02974678703651871  0.03247260772280287  0.03513645830332251
  0.03776257135550112  0.04011094879321536  0.04228620567055390  0.04634672600377283
  0.05333424310084674  0.05940812365555871  0.06292727199754261  0.06504817499971319
  0.06735784806860762  0.07212966887711622  0.07972210090879384  0.08650310876619487
  0.09339732622283599  0.10406164185958597  0.11607639693537500  0.12746137644912275
  0.14202725539775596  0.15275884859767760  0.16097005564981465  0.16908231765767004
  0.17904994616213510  0.18828875959042668  0.20206394378061002  0.20962369228487340
  0.21718344078913679  0.22656940878097873  0.23653805012114035  0.24542024803338611
  0.25336355842359942  0.26130686881381276  0.26972284666521218  0.27835348291783107
  0.28588626637660486  0.29297947608875047  0.30324950255860822  0.31622855396057742
  0.32885972221217563  0.35200812424153893  0.36947942273515122  0.38257485477073988
  0.39401618919874559  0.40583358353468590  0.41904564263626959  0.43092007530128662
  0.44070444522270763  0.44992035648058576  0.45850782493773823  0.46616808152554051
  0.47368209684321000  0.48172737596304999  0.48971981097195538  0.49766242813824235
  0.50708552364752957  0.51530562960067949  0.52391299713350059  0.53315538280644093
  0.54355210609502225  0.56168097485362278  0.57740571688700382  0.59294176734540971
  0.60883123487871393  0.62928603835280050  0.64506455371017346  0.65414759200195360
  0.66189916642140734  0.66976032912624239  0.67779137755389807  0.68408686301987087
  0.69200042144517016  0.70344677143002021  0.71337974062460363  0.72221020781091649
  0.73095461429010578  0.74734067289960271  0.77267552326816769  0.79754018661814552
  0.81956055434508590  0.83662457559438297  0.85588024549758313  0.88307758355694332
  0.91985581611057976  0.95178607437792861  0.97734111388510714  1.00000000000000000
 -0.00141347704252364  0.00675978820124930  0.01609074855050405  0.02127933118876777
  0.02544221356071142  0.02995819863195183  0.03488535868072475  0.04010249113079928
  0.04590905828980336  0.05544192934928480  0.06890042881062412  0.08194579863575194
  0.09595979264624201  0.11061907899704426  0.12365854879989066  0.13430687323541365
  0.14268523521567777  0.15098353345204371  0.16026811495690310  0.17417165003680365
  0.18551304816066494  0.19568002653810193  0.20527213416460199  0.21464939175075556
  0.22394122598049943  0.23603401158708012  0.25244330043900637  0.27376889396541931
  0.29247785174509150  0.30701585188042047  0.31922087074344652  0.33000660351515843
  0.34144493290046335  0.35405776998287003  0.37084828942997872  0.38152950845799405
  0.39085175168802266  0.39846954282850561  0.40390261460354543  0.41004538317761996
  0.41552143090536553  0.42109528590483813  0.42656271544345792  0.43374316518614958
  0.44298601771412260  0.45291527228123990  0.46243099866812853  0.47083989852898833
  0.48019907182044369  0.49179161150452250  0.50034105519178129  0.50722479969313861
  0.51426864982163267  0.52153518574281743  0.52880172166400219  0.53492294127652174
  0.54071068199473682  0.54634137466152566  0.55093171989762602  0.55770437173974097
  0.57288516891630337  0.58875406108121620  0.59834830622284307  0.60955668171707178
  0.62654815878372572  0.64382397810448788  0.65888997330233579  0.67490342678256177
  0.69301809890378196  0.70758726697367536  0.71769588535598372  0.72841583428915790
  0.73684714710198163  0.74566065255120373  0.75661767271912284  0.76911176578441087
  0.79030736016213754  0.80534229950409220  0.81388909180025248  0.82102145370375845
  0.82764111386779282  0.83357120791570749  0.84250707485277976  0.85445489041072209
  0.86579038517662898  0.87609895401194893  0.88432379592112420  0.89281063952783390
  0.90220199773176335  0.91405729839934924  0.92830323806103554  0.94190265279683716
  0.95519108433630084  0.96818531542059627  0.98150330101323902  1.00000000000000000
 -0.00437212475221989  0.02223736958765871  0.03695880289348583  0.04791749354331720
  0.05813326184206827  0.06807167729891431  0.08036549769878770  0.09261982722609091
  0.10727910793183140  0.12604632742335373  0.13648779353641896  0.14373634033002605
  0.15116552772290751  0.16012823219431505  0.17174897741552539  0.18688674192612720
  0.21192579857195382  0.22274259353223638  0.23097980947049251  0.23794378099699567
  0.24435998055659397  0.24941002970110909  0.25394426596813641  0.26173636849701459
  0.27468276133977271  0.29093432389783780  0.30152242294768916  0.31190784551076917
  0.32358046628800380  0.33627629539187515  0.34970882577365914  0.36289199975174430
  0.37649010895016960  0.39209701668376723  0.40797713636225197  0.41910430927888848
  0.42517515090094765  0.43057491940117770  0.43783238489808807  0.44261449793196983
  0.45203693575233445  0.46359878823137896  0.47617235602599239  0.48726301738559580
  0.49801030462518536  0.50906275850926130  0.52026002205250588  0.53398263707505622
  0.54938753019056519  0.57068542584708304  0.58435002538868974  0.59270971650872184
  0.59934657328772456  0.60599131828959130  0.61139820909595777  0.61714082679574345
  0.62560171938047915  0.63619050256072829  0.64906887991502682  0.66025905888840597
  0.66698202305063536  0.67388841889228079  0.68088455446258511  0.68761385346379678
  0.69428641286876347  0.70342838603717550  0.71223603657873347  0.72103636086241041
  0.73171688228559006  0.74354998664810279  0.75603403666091429  0.76838630652428275
  0.77715892794589458  0.78629224580741708  0.79347755073997672  0.80410024425805937
  0.82166840913021932  0.84014715089366754  0.85891612368547288  0.88017062925151945
  0.90005363291235752  0.91172676762776506  0.92287152077062773  0.92948462264213327
  0.93437074314384860  0.93876246746795688  0.94549555419072562  0.95273723037254632
  0.95880117473770432  0.96617685637796724  0.97297720812077237  0.97755060770797575
  0.98220784968575436  0.98761610905934971  0.99398234129012653  1.00000000000000000
 -0.00267784132248113  0.01207088499774189  0.02923825347847358  0.04988639994991800
  0.06624719886812774  0.07951271917262756  0.09232948971796043  0.10481683248063992
  0.11729316990234663  0.13266676681744680  0.15006605907723544  0.16543521563618685
  0.17765356341080391  0.19120804023337828  0.20554889724671552  0.22112835378485399
  0.23556896305570965  0.24799061670626954  0.25834233701962644  0.26847870140310204
  0.27740735234267300  0.28699836192227074  0.30004097413609149  0.31297080442246777
  0.32430616707222704  0.32990272839332530  0.33559602811151257  0.34090405033904259
  0.34608651233323295  0.35399228347545086  0.36336116180286765  0.37442249739325367
  0.38281878297612748  0.38748963467442882  0.39297535333014644  0.39902704689312968
  0.40585051371465825  0.41292476842994469  0.42605125229251495  0.43509768358053269
  0.43938026349165010  0.44455126182152016  0.44984306367772775  0.45417416331169858
  0.46037813735329730  0.47040137857039765  0.48130824347636392  0.49248892646479647
  0.50646039680516131  0.52988430159155486  0.54563701236214357  0.55380440820937327
  0.56164902760197100  0.57112604700353520  0.58728568504587275  0.60889178979145153
  0.62368107671387107  0.63574990702126088  0.64664006737081037  0.65685126852233733
  0.66651461041869287  0.67807409804553986  0.68777265120489472  0.69736506929482978
  0.70951165758486845  0.72413709894261902  0.73734701497291710  0.74963481745474758
  0.76334216891895845  0.78177230162875089  0.79755430619937917  0.80671306421774946
  0.81301030218360770  0.81804850380744054  0.82271730553744871  0.83112423580603390
  0.84114389198799699  0.85341352294784778  0.86401336104697113  0.87168050940678710
  0.87463486575802463  0.87746678351986007  0.88030703376986841  0.88384617076350536
  0.88856396181381181  0.89621978432768845  0.90345707294807664  0.91013001340716859
  0.91771805381445870  0.93264748591958890  0.94916080031900774  0.96071782132705397
  0.97034922822912129  0.98011475434110318  0.99017772465824594  1.00000000000000000
 -0.00197273650021829  0.01157099899449666  0.02547169116964081  0.04182121165391377
  0.05454227574480780  0.06752597769270673  0.08060531117090165  0.09071818544865580
  0.10088304131525666  0.11122490557016700  0.11847705360438618  0.12482082150020339
  0.13226961814081215  0.14486139087334726  0.16335749144213407  0.18009606435732681
  0.19522919293245058  0.21154630254965545  0.22821223065896867  0.24641484233371727
  0.26297073531036058  0.27903196236608280  0.29412986189351908  0.30539405740154635
  0.31364544789113391  0.32181158220635947  0.32981508553520017  0.33662009430794582
  0.34554123627549788  0.35896003709540208  0.37543186856495225  0.39591672251396326
  0.41683897689449961  0.43443034899007149  0.44239125406453461  0.44902852596611720
  0.45551001883238840  0.46227808324036485  0.46584407332117816  0.47104840071214771
  0.47733229251360637  0.48317447138879788  0.49183016463145895  0.50224896260122709
  0.51295829244022062  0.51919504913417225  0.52989557620854533  0.54456168832307128
  0.55758503011177596  0.57011934935786712  0.58166518340899687  0.59225505508346810
  0.60197656723921267  0.61058492550400811  0.61995816181404928  0.63205500796578051
  0.64823425913681398  0.65581809445928918  0.66360964792065913  0.67355837140866281
  0.68315179368833401  0.69196914318966829  0.70112075436072607  0.71048722251712160
  0.71898098256539344  0.72844170748552484  0.73628388907562903  0.75526311056449724
  0.76887089588268165  0.78722217791559501  0.80047855418696146  0.81404560704097961
  0.82791677858477819  0.84301291578914161  0.85176981791430773  0.85611115538403681
  0.86033393639539246  0.86451916201702883  0.86848985257463995  0.87260895100067148
  0.88067055670410477  0.89229564813043283  0.90992593813370792  0.93198482515667735
  0.94810247231804079  0.96046582101255462  0.96655252019121463  0.97085521150864851
  0.97444197250633380  0.97768652085935681  0.97987293142118792  0.98205934198301892
  0.98421318620653964  0.98635831700655374  0.99189301774380290  1.00000000000000000
 -0.00195758919561075  0.01411231277118808  0.03011783329403075  0.04336860218566984
  0.05248226973965375  0.07016781515617708  0.08185417091221993  0.09997535109187936
  0.11768746869825060  0.12887508330723410  0.13700307101069262  0.14352036874417487
  0.14788220645337141  0.15254387154994334  0.15741473150380852  0.16499525684850477
  0.17304372392536876  0.17935548697510295  0.18572429080476716  0.19585334349615563
  0.21227628373011023  0.22536199224024972  0.23725418179593741  0.24977487836402415
  0.26095306086188907  0.26751420023779909  0.27738825494778141  0.28972048279490137
  0.30506286127753685  0.32386382149642950  0.34096668744159386  0.35620831878695564
  0.37407688582486087  0.39540759903942435  0.40583781555588710  0.41495396539932283
  0.42442145269389142  0.43365395729127559  0.44237380981638913  0.45109366234150261
  0.46137698837197649  0.47127640154136924  0.47853521933057369  0.48579403711977814
  0.49395798522343376  0.50247306586101359  0.51020485290868245  0.51789039649826130
  0.53069395836228284  0.54061412478119752  0.55268273873886797  0.56007180013589442
  0.56657537156067173  0.57484278658296251  0.58554390595373818  0.59934970193651393
  0.61124342750272809  0.61761255244134239  0.62262266758185081  0.62826125888589912
  0.63533387483243464  0.64624046656097023  0.65733771015958065  0.66865179512034256
  0.68072012360762679  0.69335603996334538  0.70450570498937126  0.72211308707741062
  0.73841528830022585  0.75352394873865658  0.76617494723673840  0.77839997537648065
  0.78814312672876952  0.79899120425707892  0.80717392338471050  0.81746942525224731
  0.82875248204129903  0.83513778636224234  0.84134291782345061  0.84741875746339257
  0.85326047063980281  0.86131506767541277  0.87178611473533274  0.88833394471405591
  0.89793759290160380  0.90613034551626759  0.91417118645784479  0.92745807657909052
  0.94195323363083294  0.95393653018355462  0.96233827813813388  0.97024588809569878
  0.97799717676489528  0.98538038016644514  0.99270740714375927  1.00000000000000000
 -0.00155091002541415  0.00864283437807917  0.01719832794028324  0.02940554045305790
  0.04434506127625480  0.05790938555525046  0.06774682534558683  0.07897867626076195
  0.09052999854456505  0.10476647901427094  0.12186479958597045  0.14066671246121376
  0.15768649465413989  0.16713012228025459  0.16940065882990890  0.17177510823968417
  0.17414252707544423  0.17705968109807013  0.18192324957049461  0.18676773210135439
  0.19095886106894097  0.20211383293783947  0.21262976849643198  0.22091056849419183
  0.23061819636913733  0.24271128876711337  0.25675260507215969  0.26572544677743476
  0.27188680043119834  0.28015208149024029  0.29059088060463428  0.30332113900443120
  0.32135639371219360  0.34574859834588922  0.36945497141645950  0.38550647078918088
  0.39654478993066244  0.40518995096374150  0.41344462939413817  0.42156986434530991
  0.43024972287257945  0.43935532122823173  0.45415266409832589  0.47066651247395647
  0.48986439015398703  0.50994264117952748  0.52455367063581515  0.53385035965135119
  0.54154582568592446  0.55043549225072219  0.56125387663633308  0.56706986284486105
  0.57252039536775512  0.57777234927537668  0.58340035489702702  0.59755002236640753
  0.61322324759195168  0.62712032323062084  0.63999519539222616  0.64954875779852306
  0.65935217684693126  0.67028786836500076  0.68402044662935679  0.70038492761091453
  0.71955712771543168  0.74023880905822448  0.76420122710629779  0.78329462220231250
  0.79702948788119743  0.80198104895813216  0.80716248141808544  0.81280917230595962
  0.81766818219830895  0.82253665467956072  0.83104193362710510  0.83741245890517335
  0.84406018433409347  0.85681567909838030  0.87849018678702573  0.88875511700836018
  0.89465240771574284  0.90042037842839351  0.90413389590872772  0.90784741338906194
  0.91155795068425338  0.91518395505826744  0.91880995943228139  0.92254739402056618
  0.92736499324371047  0.93218259246685475  0.94420813787093161  0.95956333904350433
  0.96992752881893107  0.97853119814878442  0.98952936985404016  1.00000000000000000
 -0.00524818506648289  0.02181943111495829  0.04608020387874617  0.07437692905033662
  0.09830946138939366  0.11574764720301131  0.12860674221388124  0.13885828435405917
  0.15083489150219645  0.16227374335579359  0.17830501283496897  0.19484147489770498
  0.20729209277511063  0.21879226134020335  0.23031281597122122  0.24176312435366715
  0.25308617181187515  0.26176946838167220  0.27004731369015134  0.27735049944617945
  0.28463807893193682  0.29412076815381621  0.31148829271245659  0.32827630895629673
  0.34967452213304301  0.36725550721381861  0.37860793948884186  0.38525794614008557
  0.39264975374957128  0.40195034262647011  0.40954596178102948  0.41817299798466634
  0.43169257932472083  0.44523165326986086  0.45443583918814795  0.46318973159828969
  0.47173247887362324  0.48076488005948365  0.48994496723470304  0.50018247576712371
  0.50963045283454411  0.51739687667751744  0.52380978395556832  0.53093264976640031
  0.53541433012960216  0.53988027690123686  0.54389643780271102  0.55026922222666019
  0.55653998494203805  0.56145499577019298  0.56469148274460257  0.56860296824783085
  0.57282250430773429  0.57710252862598110  0.58139280014167316  0.58853362703352263
  0.59580597285864789  0.60251707230589424  0.60862918830874035  0.61467208169569942
  0.61898969883068322  0.62306274777824433  0.62906575056873626  0.63903092932110850
  0.64725148886505579  0.65954362046016080  0.67167651656724525  0.68574319485258584
  0.69820616404095004  0.70659306695338664  0.71245291120916365  0.71866584359638852
  0.72647387403562880  0.73427969217968325  0.74201566382773554  0.74975163547578794
  0.76409729020650130  0.78209791255367800  0.80534692964410792  0.83207605579393629
  0.85628702280176494  0.86600374892611987  0.87426052717553904  0.88267509195270732
  0.89263970041205232  0.90296366029039477  0.91029718643803581  0.91819430988204620
  0.92931112322991871  0.94112400649382633  0.95135610240592183  0.95991210880639855
  0.96838624170481991  0.98060211090822014  0.99041613603967482  1.00000000000000000
 -0.00159554472352894  0.01123856676587061  0.02773805486972599  0.04145310539037800
  0.05025713765665706  0.05732853388011074  0.06448891108382190  0.07634401227427176
  0.09004491877611309  0.09931018015382345  0.10391816710786059  0.10838964445933982
  0.11275157851098434  0.11725272516709276  0.12187158528091392  0.12782666264614947
  0.13507365944254812  0.14689998357199319  0.15854968145274498  0.16968184774636597
  0.18031148551105788  0.18840065434538716  0.19518356075077112  0.20332687990797255
  0.21275296218255579  0.22221151567087888  0.23484491604680377  0.25432385934226659
  0.27100855977850996  0.28242192412905853  0.29168358541085448  0.30108269764371925
  0.31066322989903522  0.32007411878997316  0.33160877467272709  0.33906091477898370
  0.34503182362996593  0.35119615640698426  0.35763534724247353  0.36403365484953421
  0.37122938699782593  0.37977436429261457  0.38925904031464426  0.40100566491189849
  0.42011899026903993  0.44427692450028045  0.47631515158563026  0.49230008101901063
  0.50492155031197883  0.51681784378473739  0.52706936808328797  0.53524175618611158
  0.54213044619078987  0.54833944888306485  0.55468826050860931  0.56140388904355543
  0.57025367220155720  0.58344464116761907  0.59635531857335711  0.60430651687544767
  0.61182289571334147  0.61700611684876894  0.62206941359784196  0.62646336871487385
  0.63085732383190574  0.63743696876426148  0.64412072499616779  0.65352294089915353
  0.66561868112725286  0.67673339077741013  0.68742113551990758  0.69331036570066318
  0.69868260882674960  0.70397674574797831  0.71002663547831724  0.71650455296122606
  0.72433819005031364  0.73633033033856998  0.74901309920383696  0.77375142442666323
  0.79618702983622314  0.80856985013547433  0.82088057728759767  0.83278685831498034
  0.84445844109048529  0.86182692113205028  0.87824898122584716  0.89551993821250520
  0.91460555310063263  0.93097198956792393  0.94517851555597932  0.95732533115071883
  0.96926355613489812  0.98101417426365434  0.99075662643142026  1.00000000000000000
 -0.00609481671869931  0.03137410949525776  0.05222589715528706  0.06700342415589945
  0.07588460857735592  0.08388094222284723  0.09212889092855955  0.10121066705528874
  0.11117491938549694  0.12142764826651034  0.13250038487927454  0.14166203604023178
  0.14576662175833033  0.14945069121846158  0.15324570785400293  0.15754218295039898
  0.16193018311413265  0.16735952954319103  0.17346603061092303  0.17889113294182682
  0.18670209795138362  0.19543053045092676  0.20502980374643676  0.22086338786734003
  0.23545195451452591  0.24786080231507610  0.25942782056852798  0.27046765205969264
  0.28142964626801542  0.29233077648521366  0.30653131508362835  0.32257132652494874
  0.33465525291234466  0.34343092677340409  0.35148866030964832  0.36065115938908232
  0.37014864614741183  0.37966058215888215  0.39000301403617649  0.40264572116714054
  0.41473289880067116  0.42634833010949053  0.43626200293472667  0.44363651133746146
  0.45144845900283287  0.46161833994623330  0.47298778020337312  0.48160574334606893
  0.48998865732368629  0.49988991336147431  0.51486239674758916  0.53020315185571376
  0.54181183908399166  0.55261838688126830  0.56370427197489748  0.57982677934713622
  0.59964925407632752  0.61661421149210227  0.62522206880933207  0.63345123888275301
  0.64067883685880900  0.64791392997768593  0.65516421586860807  0.66498712440971353
  0.67737367412813076  0.68473501392407221  0.68880063649048839  0.69250306259471628
  0.69721528871187699  0.70242423571757318  0.71224659217818864  0.72665510795756372
  0.74823944201247428  0.76746915024098861  0.78362675294121376  0.79673722594277807
  0.81129684348975950  0.81938841649508010  0.83001741678185215  0.83924944631778453
  0.84463669998859214  0.84768224796849601  0.85156798604992001  0.85582733128951671
  0.86070303750789190  0.86933204472653292  0.88197643892016331  0.89744494431770372
  0.91205437359289865  0.92465564531274469  0.93477890392425178  0.94635871558672024
  0.95763088543218811  0.97107771564946077  0.98603402889850056  1.00000000000000000
 -0.00182034290784379  0.00970626461094603  0.01792371200795760  0.02817108801448887
  0.04201312082821446  0.05437276335998759  0.07213231539688378  0.08874733630573066
  0.10255896657861831  0.11514482989810741  0.12994411138040213  0.14862717998048247
  0.16374967620962366  0.18103065936210122  0.19939678250084056  0.22084701841417004
  0.24177149159819400  0.25618965390649073  0.26698662981184246  0.27674361868692160
  0.28529569571927410  0.29251841937661843  0.29945809181490768  0.30584142453129948
  0.31205756488556585  0.31764208504724195  0.32599565773508116  0.33616483374994310
  0.34527128188099565  0.35510317714110035  0.36336957244228391  0.37017572418124178
  0.37522735392517514  0.37888475727043197  0.38272346445056010  0.38702392886693543
  0.39450046388458987  0.40666193833807102  0.41725915335083696  0.43285273288620008
  0.44820242505439811  0.46272303042267682  0.48386494077988135  0.50166739272067462
  0.50964891186545369  0.51615171112458003  0.52316779512308720  0.53582564789146025
  0.54851182930947195  0.55682899809585418  0.56590409071411119  0.58204002819632228
  0.59989570860722874  0.61306012438816626  0.61887527366485096  0.62401202729814109
  0.62912282707588529  0.63369918086341170  0.63796658502208503  0.64087872959422698
  0.64335625105913374  0.64809040292607623  0.65595595153031216  0.66352634601278426
  0.67209347466779867  0.68289286459193621  0.69176823828519995  0.70599457096034457
  0.72483267168261944  0.74050262722417948  0.75476632237253527  0.77053576463195472
  0.78622752107159211  0.80027945288149194  0.81167027794257607  0.81975558248042202
  0.82794893321806606  0.83597585332329793  0.84339652353907468  0.85127527459483321
  0.85951039735267265  0.86671136210020561  0.87339953141326354  0.87940076519652455
  0.88487693544517010  0.89041527581917002  0.89707777014316381  0.90374026446715772
  0.91006786970794151  0.91653928408788132  0.92677678010152342  0.93813308774097592
  0.94994809350808107  0.96212027656329768  0.97551622615757538  1.00000000000000000
 -0.00575645013299193  0.00555288094187266  0.01549402513676269  0.02542358640885401
  0.03500640037233477  0.04458921433581554  0.05513118418748732  0.06645435441557106
  0.07790942498631685  0.08945990740224138  0.10143868173838197  0.11352671581176180
  0.12460295741732225  0.13659250272713605  0.15042718170953220  0.16504949968290242
  0.19206310180948724  0.21288413647102045  0.22641762673667462  0.23603337640642585
  0.24251425205251925  0.24835329279700122  0.25435255677486823  0.26186143370600490
  0.26952996125465412  0.27929899874358699  0.28987188300928429  0.29983013648007412
  0.30838300768617521  0.31797655231743555  0.32353766670295570  0.32744535578885420
  0.33316222830869524  0.34146183262846952  0.34945187859086396  0.35600649571639936
  0.36436263905133937  0.37580148700351274  0.38489840929772484  0.39239845351727048
  0.40041105453267423  0.40953043908352310  0.41853719343637968  0.42763436558204998
  0.43611266338633253  0.44494258539957737  0.45406113205325516  0.46560687406318430
  0.47837453438021926  0.48569145267113678  0.49318235247004327  0.50101738804005413
  0.50793866377912733  0.51476518033711327  0.52175425766100458  0.52918309755795123
  0.53711337799013781  0.54519745451691204  0.55437016108192616  0.56471397183085559
  0.57578244546891488  0.58874233925118680  0.60944688593967700  0.62809050562369617
  0.63955810184291395  0.65507776594164724  0.66863154458509666  0.68179047448519858
  0.68964809755335243  0.69864285441154061  0.70821758093435583  0.72018715273336975
  0.73279711530341007  0.74373854631131819  0.75593563337190206  0.76764658944730291
  0.78223556663588290  0.80096357009763219  0.81449884254948546  0.82474430544124344
  0.83543532083625593  0.84642575402816400  0.85714339629950298  0.86764415892520552
  0.87946902830843410  0.89205245685590051  0.90369113502742093  0.91369185369582462
  0.92371676767977640  0.93643527278959815  0.94858362689106690  0.96128625467399120
  0.97272233297305799  0.98220057008050721  0.99075129567758735  1.00000000000000000
  0.05698176259684258  0.28924579233528241  0.34769150385644637  0.38422969876501378
  0.40382998688859162  0.42323355608356561  0.44308413981658162  0.45764099349196302
  0.46835518027854489  0.47940526842664150  0.49709568042995028  0.51276071065865547
  0.52296672974409597  0.53316391108401151  0.54210620704602697  0.54950375186825973
  0.56078063412543022  0.57277750151262352  0.58365148869697403  0.59495573027445370
  0.60504115878642217  0.61439038605227780  0.62251338888879604  0.62808053524939456
  0.63373332981397867  0.63949315173617560  0.64545607428366936  0.65173372274696229
  0.66284547745885125  0.67136747574346889  0.68134458265126741  0.69225108690984094
  0.70316718528780053  0.71222341671779188  0.71811508125247780  0.72465649945635824
  0.73316015305941451  0.74238818914799054  0.75113004948928352  0.75659744082726632
  0.76094537124586004  0.76501931648627775  0.76802321728406575  0.77224455464452479
  0.77572843071423947  0.78036870648577805  0.78487780143891894  0.78841978995210416
  0.79126918709869087  0.79389920329699315  0.79584993789644598  0.79806147915691694
  0.80071311761171482  0.80379187446170086  0.80752515609981068  0.81124342448650422
  0.81570766264396355  0.81928788131737940  0.82393108780056890  0.82830137104538515
  0.83145030708470580  0.83447448619835274  0.83720124470026869  0.84007585840080012
  0.84343142723193387  0.84750651282977552  0.85498472755948662  0.85932334874388772
  0.86309303089790990  0.86602421968096099  0.86886396018790102  0.87118853953463327
  0.87319669253993926  0.87526092407456679  0.87742507223180555  0.87996530445157495
  0.88247369575002743  0.88547016453087091  0.88973409597884678  0.89551079633691966
  0.90121597268102116  0.90378626378444693  0.90531475434993758  0.90672808172782793
  0.90841742597880315  0.91027519255235012  0.91223358467695936  0.91401264349360078
  0.92002245747557754  0.92848554498388369  0.93512060533941754  0.94445127727193490
  0.95611894961118937  0.96815548701123022  0.98332524049604564  1.00000000000000000
  0.00124496142508445  0.14648429186231207  0.23698516990703025  0.25539520376055702
  0.26630720270564223  0.27468142708125054  0.28289753519775884  0.28892325477791647
  0.29465546817639449  0.30418850643327539  0.31648505900794127  0.33257762890696790
  0.35406326551665962  0.37423745342949299  0.39039413175537568  0.40426907052212702
  0.41932129998292511  0.43110025555824483  0.44091691614169742  0.44750444344203483
  0.45323859446679371  0.46038944527881043  0.46922590104021933  0.47905274116530044
  0.49245893063743257  0.50269586302258551  0.50784092491378952  0.51196131686768798
  0.51572672089922955  0.51969233766295120  0.52323488477606628  0.52633556435164464
  0.52974855331270920  0.53242199702511483  0.53382184833633939  0.53641997952760634
  0.53925161256620968  0.54086702800856545  0.54242897654992972  0.54398698173528293
  0.54628856610914789  0.55075662312498119  0.55912746422180015  0.57046236149138485
  0.58146195277598856  0.59003916720927552  0.59789064093698618  0.60598245266124406
  0.61467212569458540  0.62410267443616818  0.63059474024119155  0.63502737976576062
  0.63836466774427914  0.64123341264573719  0.64416130487909040  0.64735293874539079
  0.65191832380554970  0.66025114121625184  0.67419732988959991  0.68507458269656030
  0.69127229416160085  0.69551903796827674  0.69988548035241693  0.70540961715220962
  0.71292224595923481  0.71851921482248182  0.72147887628476481  0.72512608065575623
  0.73142871799290110  0.74116905554790202  0.75184584344325001  0.75653157619841016
  0.76032083325769384  0.76436130399883451  0.76917531740986878  0.77469760997268300
  0.77963413669006576  0.78511720235659388  0.78790487590352765  0.79132976820972079
  0.79509956653741998  0.79933622130908755  0.80406809023603454  0.80928532226710881
  0.81556465517787791  0.82599028888752690  0.84498510083527500  0.87630725734167636
  0.88923198709388462  0.89987138936870137  0.91138878356985320  0.92410857235727173
  0.93682836114469015  0.95772442726734364  0.97886221363367187  1.00000000000000000
   1.0475933963689289E-016  -1.0000000000000000     
 T F F F F F F F F F F F F F F F F F F F T F F F T F F F F F F F F F F F T F F F T F F F F F F F F F F F F F F F F F F F T F F F F F F F F F F F F F F F F F F F F F F F F F F F F F F F F F F F F F F F F F F F F F F F F F F F F F F F F F F F F F F F F F F F F F F F F F F F F F F F F F F F F F F F F F F F F F F F F F F F F F F F F F F F F F F F F F F F F F F F F F F F F F F F F F F F T F F F F F F F F F F F F F F F F F F F T F F F T F F F F F F F F F F F T F F F T F F F F F F F F F F F F F F F F F F F T F F F T F F F F F F F F F F F F F F F F F F F T F F F T F F F F F F F F F F F T F F F T F F F F F F F F F F F F F F F F F F F T F F F F F F F F F F F F F F F F F F F F F F F F F F F F F F F F F F F F F F F F F F F F F F F F F F F F F F F F F F F F F F F F F F F F F F F F F F F F F F F F F F F F F F F F F F F F F F F F F F F F F F F F F F F F F F F F F F F F F F F F F F F F F F F F F F F T F F F F F F F F F F F F F F F F F F F T F F F T F F F F F F F F F F F T F F F T F F F F F F F F F F F F F F F F F F F T F F F
  <DiscreteSampler_grid>
  grouped_processes
  1 # 1 for a reference and 2 for a running grid.
  10 # Attribute 'min_bin_probing_points' of the grid.
  1 # Attribute 'grid_mode' of the grid. 1=='default',2=='initialization'
  0.0000000000000000 # Attribute 'small_contrib_threshold' of the grid.
  0.5000000000000000 # Attribute 'damping_power' of the grid.
 # binID   n_entries weight   weight_sqr   abs_weight
    16   10   1.054314214132049E-018   2.907209525021096E-036   1.054314214132049E-018
    17   10   1.054314214132053E-018   2.907209525021110E-036   1.054314214132053E-018
    19   10   1.212579573319500E-018   3.725766006621044E-036   1.212579573319500E-018
    20   10   1.212579573319512E-018   3.725766006621120E-036   1.212579573319512E-018
    22   10   1.194315799612977E-018   3.647680144353293E-036   1.194315799612977E-018
    23   10   1.194315799612987E-018   3.647680144353350E-036   1.194315799612987E-018
    28   10   3.354261579628389E-018   7.314726538561013E-035   3.354261579628389E-018
    29   10   3.354261579628392E-018   7.314726538561085E-035   3.354261579628392E-018
    31   10   5.383232672639576E-018   1.882408816337234E-034   5.383232672639576E-018
    32   10   5.383232672639565E-018   1.882408816337234E-034   5.383232672639565E-018
    34   10   7.024916215685006E-018   3.469911891707694E-034   7.024916215685006E-018
    35   10   7.024916215684982E-018   3.469911891707681E-034   7.024916215684982E-018
    40   10   1.054314214132051E-018   2.907209525021096E-036   1.054314214132051E-018
    41   10   1.054314214132054E-018   2.907209525021110E-036   1.054314214132054E-018
    43   10   1.212579573319500E-018   3.725766006621040E-036   1.212579573319500E-018
    44   10   1.212579573319513E-018   3.725766006621124E-036   1.212579573319513E-018
    46   10   1.194315799612976E-018   3.647680144353290E-036   1.194315799612976E-018
    47   10   1.194315799612988E-018   3.647680144353356E-036   1.194315799612988E-018
    52   10   3.354261579628393E-018   7.314726538561041E-035   3.354261579628393E-018
    53   10   3.354261579628400E-018   7.314726538561125E-035   3.354261579628400E-018
    55   10   5.383232672639573E-018   1.882408816337231E-034   5.383232672639573E-018
    56   10   5.383232672639565E-018   1.882408816337232E-034   5.383232672639565E-018
    58   10   7.024916215685001E-018   3.469911891707686E-034   7.024916215685001E-018
    59   10   7.024916215684987E-018   3.469911891707683E-034   7.024916215684987E-018
    64   10   1.054314214132050E-018   2.907209525021094E-036   1.054314214132050E-018
    65   10   1.054314214132053E-018   2.907209525021109E-036   1.054314214132053E-018
    67   10   1.212579573319501E-018   3.725766006621046E-036   1.212579573319501E-018
    68   10   1.212579573319514E-018   3.725766006621130E-036   1.212579573319514E-018
    70   10   1.194315799612977E-018   3.647680144353291E-036   1.194315799612977E-018
    71   10   1.194315799612989E-018   3.647680144353355E-036   1.194315799612989E-018
    76   10   3.354261579628393E-018   7.314726538561041E-035   3.354261579628393E-018
    77   10   3.354261579628397E-018   7.314726538561111E-035   3.354261579628397E-018
    79   10   5.383232672639569E-018   1.882408816337229E-034   5.383232672639569E-018
    80   10   5.383232672639560E-018   1.882408816337229E-034   5.383232672639560E-018
    82   10   7.024916215684995E-018   3.469911891707681E-034   7.024916215684995E-018
    83   10   7.024916215684978E-018   3.469911891707677E-034   7.024916215684978E-018
    88   10   1.054314214132049E-018   2.907209525021091E-036   1.054314214132049E-018
    89   10   1.054314214132054E-018   2.907209525021114E-036   1.054314214132054E-018
    91   10   1.212579573319501E-018   3.725766006621047E-036   1.212579573319501E-018
    92   10   1.212579573319513E-018   3.725766006621124E-036   1.212579573319513E-018
    94   10   1.194315799612977E-018   3.647680144353296E-036   1.194315799612977E-018
    95   10   1.194315799612989E-018   3.647680144353358E-036   1.194315799612989E-018
    100   10   3.354261579628390E-018   7.314726538561019E-035   3.354261579628390E-018
    101   10   3.354261579628405E-018   7.314726538561145E-035   3.354261579628405E-018
    103   10   5.383232672639565E-018   1.882408816337225E-034   5.383232672639565E-018
    104   10   5.383232672639555E-018   1.882408816337226E-034   5.383232672639555E-018
    106   10   7.024916215684993E-018   3.469911891707677E-034   7.024916215684993E-018
    107   10   7.024916215684976E-018   3.469911891707673E-034   7.024916215684976E-018
  </DiscreteSampler_grid>
