 -0.00000147153984660  0.00000989891343693  0.00001400525531044  0.00001611723130856
  0.00001852875697588  0.00002010898893427  0.00002100443283753  0.00002209324214776
  0.00002311375247941  0.00002399986878758  0.00002476327884225  0.00002547547854987
  0.00002593303721426  0.00002608987812054  0.00002630927953436  0.00002653199816324
  0.00002683578534579  0.00002713095898902  0.00002756958639830  0.00002794784355307
  0.00002840329128071  0.00002881091862311  0.00002923518790805  0.00002935657587055
  0.00002945955179573  0.00002956252772090  0.00002967380740368  0.00002980712466234
  0.00002994044192100  0.00003007375917966  0.00003021497909020  0.00003036198419423
  0.00003050898929827  0.00003065599440230  0.00003132390563217  0.00003175948754064
  0.00003196066067390  0.00003210085793775  0.00003225134003446  0.00003251441496464
  0.00003280524294557  0.00003300538175725  0.00003308145913719  0.00003320509538344
  0.00003346197747879  0.00003372357225542  0.00003398194342078  0.00003425712253788
  0.00003451847482036  0.00003474345436364  0.00003529448237368  0.00003659031503873
  0.00003858659427331  0.00004822900278375  0.00006217382192538  0.00006440059438499
  0.00006594205961634  0.00006733791373752  0.00006861095948959  0.00006998330122949
  0.00007163206832891  0.00007370512214687  0.00007661630583436  0.00007944388618784
  0.00008217771766421  0.00008404256520147  0.00008542644906834  0.00008671939195636
  0.00008799792830261  0.00008934550058296  0.00009072401747752  0.00009257733512907
  0.00009487943121963  0.00009930829072375  0.00010224883168000  0.00010530565339996
  0.00010853533642383  0.00011188187790982  0.00011550733339198  0.00012262360759843
  0.00013159273169134  0.00014114870041533  0.00015121402490273  0.00015925323479929
  0.00016921400110403  0.00017978288704986  0.00020296470215322  0.00026227615182619
  0.00033677210539515  0.00038509136330987  0.00042891364014734  0.00051196435481515
  0.00090398635388802  0.00270736445190797  0.51890547161910283  1.00000000000000000
 -0.00013149066109044  0.00082415863362278  0.00124035089362116  0.00190196203688258
  0.00267541846057737  0.00308492007586330  0.00338642390755581  0.00377628823296630
  0.00398180971370237  0.00406897228858074  0.00419887187030422  0.00452682059764397
  0.00482739057441584  0.00497948220234386  0.00513875807316392  0.00527299658001147
  0.00542679503516067  0.00560736047302767  0.00575062102752798  0.00585269938240957
  0.00596267030780581  0.00611659083388128  0.00640705176332459  0.00654933544823872
  0.00667981502544396  0.00684923148394963  0.00699586730220033  0.00719810765096480
  0.00738344415237392  0.00766048481708859  0.00809908799876812  0.00868973821745788
  0.00932865433033257  0.00975683372159755  0.01009149446091641  0.01027589099319244
  0.01039838840891342  0.01060374675208366  0.01086250868801955  0.01121725961966382
  0.01141898026981853  0.01164492006422782  0.01189474172919977  0.01223489974333553
  0.01262661043914513  0.01313960974761326  0.01337245943089819  0.01352608898750498
  0.01368203925657283  0.01382349620426735  0.01392055116516180  0.01400854428793224
  0.01419169686543110  0.01469754220637130  0.01500942143570505  0.01530171549706174
  0.01559650736790047  0.01591406504484999  0.01621701583777307  0.01632420311446572
  0.01639690486652768  0.01646960661858964  0.01654526215446549  0.01662246788496788
  0.01669967361547026  0.01678164017622301  0.01686971287326301  0.01695778557030301
  0.01708648359442525  0.01739035814968335  0.01763373456747169  0.01782641446281901
  0.01794723028839611  0.01804275893475677  0.01812541484872445  0.01819311074425254
  0.01824700399432318  0.01829427315802027  0.01834509541312397  0.01837842291139084
  0.01839926516475572  0.01842010741812060  0.01845743057992751  0.01849552353634400
  0.01853057534807480  0.01855782257073226  0.01858506979338972  0.01862988147036627
  0.01869559213049631  0.01878182095646785  0.01924595259658640  0.02133571245147216
  0.02215967272613227  0.02338325775650242  0.02665618522960814  1.00000000000000000
 -0.00165855103479018  0.00957840375006359  0.01127622814452779  0.01273165848042695
  0.01398031869796076  0.01546286389628037  0.01627370717302986  0.01706695946001438
  0.01754659432520203  0.01785683790987646  0.01812340912941752  0.01826576859228710
  0.01836739589007172  0.01844618471062681  0.01851235485894590  0.01857382083046758
  0.01861526912936192  0.01864859064536114  0.01867887193340717  0.01870719791367299
  0.01873381446042521  0.01881990390464002  0.02097848306902960  0.02153367723996289
  0.02162378846069953  0.02170179197615594  0.02177284323876042  0.02185400195037457
  0.02193207385965251  0.02197262833927302  0.02200466132868690  0.02203347994831215
  0.02206266173580340  0.02209452861510771  0.02212001337608627  0.02214278090802207
  0.02218352137886744  0.02223304589034843  0.02230374404687312  0.02235709326336793
  0.02239863437081843  0.02252808264820849  0.02263616328123558  0.02272940775347348
  0.02284885718603247  0.02300418316771687  0.02320923107614272  0.02344147162195263
  0.02365892020662437  0.02382058047564452  0.02392892399251566  0.02402071550717094
  0.02413240206542458  0.02428250501147933  0.02439699794450191  0.02448106486351915
  0.02460440298330239  0.02474828740606579  0.02498259118103391  0.02526721269456605
  0.02554735964395393  0.02629608641027925  0.02653447715056203  0.02677286789084482
  0.02708687468579904  0.02748035102808724  0.02787382737037544  0.02846611597093095
  0.02908252852902120  0.03006501791356290  0.03187987975438873  0.03348540779766060
  0.03458335002130451  0.03538589617841670  0.03599261083459409  0.03682155360745804
  0.03771059579316923  0.03827398762178682  0.03883787652122296  0.03936097979111227
  0.04003967741962617  0.04094478566568586  0.04271673197977950  0.04484245429481552
  0.04775492532518977  0.05107396537109192  0.05407503954934033  0.05707611372758874
  0.06007718790583715  0.06698338110981136  0.07418398377954588  0.08138458644928041
  0.20107714835384577  0.35505439507966380  0.50903164180548188  1.00000000000000000
  0.02062105684650374  0.04787111085708417  0.06250273181696152  0.06947277066930588
  0.07937056507804570  0.09585266044570381  0.10660782664341910  0.11090451045715147
  0.11491782963766937  0.12024719402397581  0.12388323882558461  0.12716642889907426
  0.13044961897256391  0.13972824082979632  0.15058486972077401  0.16144149861175167
  0.17247081391409730  0.18354290243601887  0.19461499095794041  0.21310913833543835
  0.22477486534090152  0.23367179711189645  0.25062789458281098  0.26129036844178560
  0.26977330104709413  0.27916210650727918  0.29534674998982285  0.31289873955397651
  0.33782426141773131  0.36762961452193682  0.37506263583917610  0.38120226396172496
  0.38785461609685623  0.39415705650834071  0.39838601398500834  0.40365239204663805
  0.41221654241332967  0.42386303521676622  0.43339284877945156  0.44431325531078075
  0.45809271596146095  0.47396701414690567  0.49377402256244080  0.50584858531658594
  0.51472184912086238  0.52302569475560701  0.52961705142504811  0.53624651576999072
  0.54443317356511323  0.55343646108035605  0.56336519496895809  0.57709256402194720
  0.59012570417770194  0.60343753674462097  0.61955190853340225  0.62763877564211423
  0.63505175784547985  0.63992496355275219  0.64368428893451579  0.64701665818293119
  0.65090260183781401  0.65554180795529116  0.66082356287896360  0.66993680117326970
  0.67914367624788319  0.68846536535758607  0.69750332905742174  0.70984259275080697
  0.73029094885013912  0.74903297032386751  0.76113092223689860  0.76644889495183521
  0.77157550272118558  0.77746248418849695  0.78431664858834005  0.79070542997981053
  0.79532071101495005  0.79802394956528078  0.80100416346863912  0.80410203906466426
  0.80719454059747853  0.81028637459852026  0.81337793937610803  0.81807251678801007
  0.82438748438717702  0.83206164834044249  0.84524379302987807  0.86177197251408832
  0.87620275162596339  0.88691640172353892  0.90148020108919658  0.91361219931300863
  0.92235845292581864  0.93247314692941241  0.94777925951183706  1.00000000000000000
  0.02392378230878246  0.04151292256589964  0.05874239471426802  0.07496542043444394
  0.09958486333764076  0.12281851796855246  0.14717669492252172  0.16361471457948867
  0.17660494291584408  0.18990792420526470  0.20264050320247182  0.21316584294618504
  0.21957913440770901  0.22560707666169455  0.23176152185274970  0.23800429923651867
  0.24208993541058049  0.24441350680003696  0.25080001554731768  0.26292173901263916
  0.27182762066474514  0.27994952666337181  0.28505962698799009  0.29501978056632022
  0.30756898960741924  0.31715772344554038  0.32452874763876044  0.33083536648291406
  0.33745074876168202  0.34631858377614860  0.36301907091423175  0.38488850595568708
  0.40385238742402552  0.41637100885675538  0.42651712372937678  0.43809470818447172
  0.45031780735489230  0.45810424579507036  0.46357526316743414  0.46742181706874641
  0.47349561698431009  0.48345707478059813  0.49424146783767481  0.50473968375998457
  0.51873411980329664  0.53012406907484932  0.53583985012305579  0.54155563117126237
  0.54687599853826696  0.55163712558023914  0.55639825262221132  0.55988199074939837
  0.56128463025591646  0.56268726976243455  0.56457612138824453  0.56662223543928436
  0.56817413712655773  0.57029418693872980  0.57225338969796480  0.57438164258744284
  0.58094245818723322  0.58966222432870463  0.59599411407941383  0.60045661553834573
  0.60606131397547780  0.61162589156890679  0.61578689276147847  0.62020199820268629
  0.62686047403215150  0.63990445496798409  0.65651606804232665  0.66791836167498220
  0.67447080152634775  0.68305604490936722  0.69137143887776342  0.70051544562060852
  0.70932564515944141  0.71629909301217487  0.72635209483660423  0.74115383163316584
  0.75217058855009933  0.76119217344206103  0.77254054317618293  0.78825059986978441
  0.80754947490270124  0.82850650687051053  0.84674056907345985  0.85369234486716383
  0.86076842629925421  0.86790564423802707  0.87513343683231981  0.88652758219629679
  0.90056608720546194  0.91830178118689432  0.93955340891979233  1.00000000000000000
 -0.00516445233836928  0.02680229585266892  0.04489813051738301  0.06609610057244228
  0.08117558080707482  0.09602866420141787  0.12084843500777080  0.13477617144399875
  0.14261303005863146  0.15318641437901032  0.18206235274152335  0.21097263316765252
  0.23213692775803635  0.25477030739043943  0.26958939728512349  0.28341257524047764
  0.29476687439886484  0.30300386368885573  0.31105705642612774  0.31785901543002770
  0.32347302343994583  0.32519306433923795  0.32617933470744270  0.32695548367712957
  0.32773505698743122  0.32875348381201336  0.33212788612548544  0.33785434917311408
  0.34250939579248224  0.34749073562767396  0.35599133638965913  0.36485249169359546
  0.37285724294284278  0.38030726551947774  0.38844211754749852  0.39968946944699185
  0.41063225761502964  0.42466633565938677  0.44649367235992110  0.45764615868234537
  0.46849776286877148  0.47595835955213855  0.48074115742980478  0.48491664700864723
  0.48952334418253107  0.49468459377865437  0.50265821167449976  0.51211439789343505
  0.52218557944412880  0.53397726388656674  0.54587823088883103  0.55585376783719531
  0.56578113692720844  0.57562083004705267  0.58538352394541004  0.59496117352711342
  0.60611980190287373  0.62079089222341843  0.63483425311309871  0.64391420985283387
  0.65423760580911383  0.66519125832408688  0.67238736477689509  0.67816851261744693
  0.68394966045799888  0.68871046706851213  0.69314378566757628  0.69757710426664044
  0.70160450599251878  0.70526280573028455  0.70892110546805032  0.71432751393319616
  0.72404522916979264  0.75281163367285109  0.76793372875214427  0.77774275882767674
  0.78621167021978011  0.79745637711658579  0.81410346578221504  0.83290733665604588
  0.84010777497017053  0.84730821328429506  0.85298870532015869  0.85865427880494838
  0.86450886807425043  0.87036738756521648  0.88666092343959968  0.90346515564815166
  0.91915933333822764  0.92650820319640836  0.93354498168998423  0.93953081671647265
  0.94574675240439299  0.95286211439328994  0.96353415921314112  1.00000000000000000
 -0.00623055115584648  0.02080473726262339  0.04271425384856534  0.05994490516063276
  0.07315961229307838  0.08262166668455075  0.08831308028966633  0.09396723591725578
  0.09918155391880543  0.10607170828074665  0.10977920639608174  0.11436077138158897
  0.12308253425062970  0.13281433301944781  0.13731247273428340  0.14045106079193145
  0.14523993274684779  0.15084157375506127  0.15779823660088893  0.16156238560723504
  0.16460339241198430  0.16758692478548881  0.17056448108640310  0.17354156876639185
  0.17651861287486770  0.18406833856049729  0.19597059340314080  0.20669977419828439
  0.21692285500787831  0.23415094854676960  0.25213029433279649  0.27084890351035518
  0.28623757459755461  0.29990985690369437  0.30598239631684382  0.31548303523066001
  0.32516586499073508  0.33381914569225846  0.34287654268671935  0.35487452502943834
  0.37186004774813997  0.39187793874526600  0.40973513966783132  0.41526062899824123
  0.41719483648866751  0.41912904397909373  0.42059312791123737  0.42180479780725100
  0.42301646770326462  0.42439908340130755  0.42592031165313843  0.42744153990496930
  0.43144975290156118  0.43848594803246504  0.45072712439008233  0.46533599197404196
  0.48287503116767849  0.50022961750722839  0.51315282218271585  0.52415848853841240
  0.53326974428833829  0.54416296980770495  0.55709975928362543  0.57221219316765692
  0.57990947144883720  0.58730010214829809  0.59742874966420845  0.60944653609648247
  0.62712005687579364  0.64865579171982379  0.67778628559053844  0.70413751486611242
  0.72123116482200067  0.73806020975483289  0.76553050217900709  0.79175092904924427
  0.80684445146036288  0.82174257320115784  0.83758458640707445  0.85507770268196037
  0.86794592019897754  0.88379950786166661  0.89262187235061230  0.89806857103286808
  0.90444694597526554  0.91914377976373074  0.92962942692433703  0.93830956506868113
  0.94787199952476997  0.95303387572131237  0.95862086091904208  0.96550001063944979
  0.97247033171616271  0.97975859149625477  0.98793112080787748  1.00000000000000000
 -0.00097681312538127  0.00403928384866889  0.00964119377934126  0.01525504590091496
  0.02156321068100037  0.02907345507908020  0.03514576993126070  0.04104527352818765
  0.04693155250982985  0.05531715936059852  0.07608349575350935  0.10048529393218142
  0.11482439727199531  0.12347906370862574  0.13068111485433642  0.13862692608761812
  0.14755506084712341  0.15821668171252304  0.17262306202961414  0.19082585863639134
  0.20780335064306305  0.21483636755331362  0.22425968429202880  0.23882180460375138
  0.24890570485365948  0.25645509508275777  0.26750828163101897  0.30649651559818525
  0.34480834300685453  0.37928716250939237  0.43545466009134998  0.51768758345518862
  0.58390850319619758  0.59704091268631754  0.60955652642885150  0.62135798931468111
  0.63181373775494709  0.64214895064528321  0.65381646776639946  0.66701729788500264
  0.68779108486710150  0.70288171078899087  0.71602161409970277  0.73197616441020485
  0.74901796986384350  0.76526135052792854  0.78620080390076030  0.80152963909823438
  0.81498176629051566  0.83263065491223431  0.84677995428103880  0.85741406543450249
  0.86582723379649729  0.87080712138677208  0.87537319658917279  0.87767038051222712
  0.87902817222689356  0.88038596394155999  0.88299343214311665  0.88623095036321120
  0.88946846858330575  0.89226526089128433  0.89478988842117813  0.89731451595107192
  0.90104440797956098  0.90623231717889041  0.91022431047326802  0.91456243007329530
  0.91798232855988615  0.91953461333688091  0.92145533632373344  0.92401640841269228
  0.92656600345174622  0.92910460638247072  0.93187882012738144  0.93532361084146487
  0.93851337426824488  0.94173599206171743  0.94752505219933281  0.95371225102996116
  0.95899592887274043  0.96471771948991625  0.96876394915361830  0.97193702469173660
  0.97483270284886181  0.97766130719898747  0.97856960721132202  0.97959019204651177
  0.98130037844941587  0.98341883872140712  0.98552209983603301  0.98762862833051168
  0.98966692172300830  0.99169913393328957  0.99369901273063177  1.00000000000000000
 -0.00275398589798777  0.01345142488918338  0.02414042788854278  0.03059083063990376
  0.03702580688092138  0.04877607254395978  0.06765605028916331  0.08670237145325263
  0.11152879160681932  0.14372276363971331  0.16762356378610416  0.18053719638225987
  0.18880018700247997  0.19522487089742685  0.20412642572771328  0.23227936765979235
  0.27878389796956415  0.30672403398797327  0.31756875135046370  0.32646216758642538
  0.33186970389615755  0.33656040130099435  0.34089593680254643  0.34761578914370583
  0.35511934576306847  0.37209480114365062  0.39067238477316568  0.39879579562649536
  0.40726151851452719  0.41725423112064308  0.42714236386064475  0.43516471365949966
  0.44291877049644646  0.45173262870051567  0.46160722454586839  0.48072183461283774
  0.50334203731819960  0.51796724155063323  0.53019756844706900  0.54385127680985546
  0.55846872406608017  0.57360991436405695  0.58124985568164289  0.59001724029289837
  0.60496980561350255  0.61651668524229952  0.62574044323692535  0.63520931224712462
  0.64482291611678433  0.65443651998644403  0.66129109978055933  0.66688466509357358
  0.67247823040658783  0.67747744330292348  0.68226794398664714  0.68882015387336870
  0.69723469621858813  0.70518691766648001  0.71166707130939699  0.72208110796939506
  0.73264983766992975  0.74374917488212011  0.75079574202525390  0.75651284914183969
  0.76450148043759181  0.77786403609962174  0.78840028400599160  0.79686726498352489
  0.80184619607924978  0.80518831690618098  0.80813240714889711  0.81077194955517129
  0.82255617948145832  0.83255245487187979  0.83906670117566007  0.84521805872670497
  0.85204871473183463  0.85913847151040201  0.86833558268475897  0.88466444352385665
  0.90208724369467097  0.91354118183324529  0.92231277283161017  0.92803889244963966
  0.93462260474011827  0.94246825427502712  0.94676022527173787  0.94985592733704216
  0.95295162940234657  0.95772917724061835  0.96303944406849107  0.96834971089636379
  0.97568696548249112  0.98379131032166089  0.99189565516083056  1.00000000000000000
 -0.00635350162081613  0.03546412659980557  0.05482492068822530  0.06965910818406877
  0.08128246919233244  0.08876552876706006  0.09380763011288779  0.09492944138830181
  0.09572443497817711  0.09651685806606769  0.09726435096389274  0.09801184386171781
  0.09880465382269538  0.09977293061908558  0.10074120741547581  0.10372589921796538
  0.11625202098056983  0.12670536288978129  0.13918324645385288  0.15685227610936364
  0.19200034135032909  0.22496528649558051  0.24593533461059350  0.25824155632268880
  0.26579481619311829  0.27183474800584956  0.27737703828391841  0.28173506571823032
  0.28965764369649399  0.32314055560876753  0.35854795171797538  0.37456011988443561
  0.38877891164787992  0.39697230359781172  0.40444514973381807  0.41138286931508439
  0.41979033522674647  0.42880907455323858  0.44603855447638185  0.45800079254120230
  0.46246400930457776  0.46731951858286191  0.47174338199706917  0.47698054336891671
  0.48141099936132353  0.48857865524018823  0.49728485944269074  0.50259059400864270
  0.50953508746078624  0.52137384307729528  0.54216081217149292  0.56700500937336351
  0.58435045161157029  0.59866114615744070  0.61312801196138977  0.63168334992913955
  0.64441446925893109  0.65606715118031456  0.66726574901710445  0.67471856383323259
  0.68374584069410693  0.69530840338599276  0.70753493457373051  0.71661309944376850
  0.72729231417735984  0.74488266491670341  0.76053751749562171  0.77074765316143090
  0.78010336189624674  0.79135342276957021  0.79996256482951811  0.80550655595344134
  0.81066978035463777  0.81546825939766787  0.81966609760441433  0.82328117874751117
  0.82898047636425898  0.83857916276257183  0.84660726664606933  0.85342824037807363
  0.85824145635078253  0.86364693493913247  0.87077422840590701  0.88267062241507144
  0.90115596173006896  0.92886006518855113  0.95370499896147454  0.96442448223713428
  0.97362590026217222  0.97804807317091857  0.98098900202178230  0.98354656769545112
  0.98623862576965915  0.98975458341892419  0.99257960488613473  1.00000000000000000
 -0.01169466530103170  0.05224140704768716  0.07952235475062668  0.10184029615645387
  0.11696175185750474  0.14228395587334994  0.17068681724978269  0.20132000200101369
  0.22704030032312353  0.25120606628904096  0.26794119891399626  0.27974993179418006
  0.28581483613661579  0.29389441975184988  0.31673385067866011  0.33543534608780967
  0.35317261867882044  0.36575004127120680  0.37861765851119955  0.38692637073329739
  0.39110753503195494  0.39496703909970360  0.39849414348566953  0.40206572143195718
  0.41253866775682996  0.41843534081328448  0.42404698450805639  0.42786356014210497
  0.43114015793321359  0.43663823245375943  0.44250462356386955  0.44798656844060813
  0.45307804468632684  0.45957195611628493  0.48152230313721822  0.49923356914853068
  0.51075836472713410  0.52367139508145688  0.53526972239669857  0.54684451732313688
  0.55168984681658906  0.55693853886258116  0.56280663087596106  0.56886673751710626
  0.57512459368584945  0.58523996909939424  0.60163144605460017  0.61924246727989740
  0.63591713180085929  0.64966058445359876  0.66151272840431319  0.67090372425196398
  0.67795192965655204  0.68482668730683938  0.69808859178154747  0.71261258459413368
  0.72074026894999699  0.72629316683005918  0.73110000219414695  0.73576067307770354
  0.74061678231521577  0.74565495429637918  0.75108056522157951  0.75804827938883879
  0.76886662601892586  0.78469484155059477  0.80242050351979033  0.81987167429444663
  0.83406382272012525  0.84357691131524071  0.84574724722819827  0.84791758314115584
  0.85009362387252363  0.85248975963743201  0.85488589540234028  0.85728203116724866
  0.86094184791116302  0.86467620202347062  0.86841055613577811  0.88042387583513848
  0.89203845124098347  0.90042564313857032  0.90571426676686029  0.90930786705056577
  0.91338870445262466  0.91710916233655637  0.92022894580485537  0.92316745590454863
  0.92600184342788705  0.92925942021653529  0.93877681925943346  0.94892521759589565
  0.95412274750013326  0.95881836886623528  0.97235488468678788  1.00000000000000000
 -0.00562784360922893  0.02053752314478815  0.03731747544108563  0.05027188257263059
  0.06247979343265204  0.06794157624828677  0.07289187968576719  0.07851138806788546
  0.09358389309040265  0.10648734527305406  0.12068201934974725  0.13364775992940156
  0.13959553277942835  0.14288106984895863  0.14733495826356482  0.15294584497428174
  0.16366868437750859  0.18006739504440239  0.19766326144687624  0.20567479592009419
  0.21034391332602836  0.22034024774523506  0.23342806280601677  0.24819080243744751
  0.26173091833507334  0.27287363988916452  0.28645772625127314  0.30117999367115200
  0.31096619659005031  0.32182081920441996  0.33545711785427962  0.34886017028405308
  0.36715193181058181  0.38509329717230661  0.39507046125812645  0.40268315019169820
  0.41029583912526996  0.41725478488906104  0.42373758626564584  0.43022038764223069
  0.43670318901881555  0.44508067547896601  0.45363659531238132  0.46219251514579662
  0.47209255772926878  0.48551130908916307  0.50036878473315005  0.51788290813705340
  0.53183108381169752  0.54915330467909051  0.56434569256532363  0.57307446769067261
  0.57832180275321055  0.58230216420434655  0.58553970266122457  0.58837750631192487
  0.59205091268863674  0.59802474383001047  0.60403962017377733  0.61253700344954920
  0.62548761826644173  0.63324202161990306  0.63983387666242830  0.64943699060266069
  0.66401922653473933  0.68614788885006928  0.70488640783244427  0.72060450457412650
  0.73527046723382838  0.74449115682604938  0.75371184641827049  0.75931321493170878
  0.76448076193583836  0.77286456513189938  0.78208843574005249  0.79055775012979979
  0.79507852601224382  0.80094340370467332  0.81006839296685640  0.82108883994529958
  0.83105926772538030  0.84247227580768935  0.84962081572683656  0.85857358821177898
  0.86529251299748955  0.87427973709458595  0.88465745988459965  0.89665156290116677
  0.90861510087785224  0.91871710885299962  0.92669860520078839  0.93511914390681383
  0.94463900830950898  0.96022187016071858  0.97993428221123979  1.00000000000000000
 -0.00647439417143860  0.00610268225427607  0.01855532365225799  0.03096832049068002
  0.04332126531495985  0.05801812010314901  0.08061752088871892  0.09717657100475735
  0.11323489530424491  0.12596485345922129  0.13610161431627196  0.14793537665861456
  0.15710499353390206  0.17000285710034235  0.18225179521921339  0.19770956936830086
  0.22141242137467401  0.24534091226180441  0.26985360075274240  0.28759551312905407
  0.31352293996072811  0.34026424777343872  0.36187056960227593  0.37631112813279793
  0.38833184987423125  0.39104995534295595  0.39376806081168064  0.39655382965257707
  0.40034631876932536  0.40413880788607370  0.40800220916463775  0.41230807521568719
  0.41661394126673662  0.42275635096035824  0.43527654820539630  0.44755507244810439
  0.45587422715318177  0.46010909848619286  0.46509518114865922  0.47046399105661962
  0.47857457152169225  0.48762265808603039  0.49989752604243409  0.51276940727303999
  0.52289593921867628  0.52855460324654480  0.53425792048911547  0.54400517373301016
  0.55376997042020648  0.56276746225421581  0.57349051672626494  0.58040414879291125
  0.58938604264161165  0.59698491269633913  0.60387366401111053  0.61157258870091624
  0.61809347678513904  0.62319091568370277  0.62941311296129698  0.64057412450054196
  0.65269783607347209  0.66060325585339075  0.66790928237332736  0.67797403470204354
  0.68938634609175964  0.70540216141056689  0.72035100201816149  0.72734376092539121
  0.73318806082491317  0.73864763178705339  0.74405646882316845  0.74999178682639689
  0.76663555585653942  0.78206493086918505  0.79810437057242467  0.81422561075619748
  0.82872084703858306  0.83748395589144653  0.84864583247490988  0.86152022230183056
  0.86999224903087402  0.87442037100035619  0.87885253538239561  0.88328641883222092
  0.88773200175989220  0.89218101420138229  0.90025780865241767  0.90877825771443510
  0.91699882339507910  0.92250420184368043  0.92699834151951022  0.93679593895746593
  0.95163508444417455  0.96622444392057105  0.98235976703310002  1.00000000000000000
 -0.00079368978125546  0.00643048840787991  0.01400841348630918  0.02163679553585965
  0.03189053442912147  0.05120026966896454  0.06415657935365643  0.07120359478725981
  0.07452129990060780  0.07839514287183254  0.08476137890990483  0.08826709878823280
  0.09021607529305690  0.09145476186021695  0.09217680783937264  0.09290040465297761
  0.09367350379801367  0.09605652509056349  0.10078541663095394  0.10472985967659683
  0.10835556587047455  0.11197585534485767  0.11688024284108545  0.12467889055508002
  0.14465146888439262  0.16653014591806684  0.18821647488287474  0.21290991918976110
  0.22872541276525896  0.24454090634075681  0.25676629077488961  0.26869925785298560
  0.27615035271391358  0.28287788829761729  0.29137530005672141  0.30378361932392545
  0.31926504614612566  0.33775554472186320  0.35856902692998133  0.37123363673946314
  0.38632435535051357  0.40351925131685018  0.41589508634037275  0.42397376790988511
  0.42926088913806942  0.43390805547159894  0.43746268654098958  0.44003500291382563
  0.44403688108189299  0.44938313991304435  0.45605263856211542  0.46311559638087069
  0.47377558035191430  0.48424687962240132  0.49333074467005628  0.49845241050186057
  0.50552368353330213  0.51661151755726475  0.52371187739288028  0.53303086305470682
  0.54562675524635795  0.55801082227367482  0.57492083721321352  0.59123346759179041
  0.60575079765400375  0.62062116009062096  0.63554611968131836  0.64954888580192016
  0.66099828870275734  0.67244769160359463  0.68448739602643349  0.69969490821634339
  0.71490242040625329  0.73010993259616319  0.74015682768309898  0.74947673052350194
  0.75879663336390490  0.76816589147452097  0.77779103042353981  0.78816189127247038
  0.79483513794207494  0.80185206682212784  0.81957685485301890  0.84475058152809646
  0.86798028589541565  0.88983556896935778  0.90320287858009851  0.92092850427106865
  0.94232046511872603  0.95099586265118974  0.95863879270616892  0.96706384394054612
  0.97562451923002658  0.98387147638929084  0.99193573819464520  1.00000000000000000
 -0.00158513628816766  0.00954128673487989  0.01509130232349368  0.01784309482838156
  0.02052027077590188  0.02429843041880846  0.02960382489144368  0.03437681883901120
  0.03723191403656260  0.04489119100909243  0.06357556946804729  0.07734256973822752
  0.08591540954272942  0.09553831415748699  0.10905663685600898  0.12025095109455873
  0.12569342167645334  0.13024962131422893  0.13505515274909852  0.13999120395058989
  0.14499103051602222  0.15099099893024540  0.15845100622658256  0.16640862839751486
  0.17598275391620202  0.18659005153903552  0.19501141876176056  0.20150146419673343
  0.20871751350011791  0.21946949588040660  0.22815510090580737  0.23537103779652668
  0.24167249588293624  0.24752719179308724  0.25335241517258988  0.25898502312981297
  0.26461763108703601  0.27269130660313851  0.28236113374677824  0.29681115703778466
  0.30844643281176476  0.31446790618269577  0.32185993536038304  0.32887505312401999
  0.33282583059366527  0.33669052475994338  0.33983926387287100  0.34739557635816293
  0.36148046099632369  0.37215799550058143  0.38270744675329688  0.39216579565312715
  0.40350994913433724  0.41500785665314838  0.42299435485535258  0.42858488021587327
  0.43557512257430914  0.44262979194867558  0.44970750705274221  0.45764627805893188
  0.46556486998187008  0.48024921079325328  0.50546107326884060  0.52797679008020060
  0.54555247876948343  0.55985596072509203  0.57423408766351314  0.58233240949702114
  0.59043073133052926  0.59851168987879177  0.60648448920267972  0.61445728852656767
  0.62243008785045550  0.62673963743799721  0.63104473211236378  0.63534982678673046
  0.65264453893036878  0.67441381100850684  0.69110590547565676  0.70634728201853647
  0.72012085032599560  0.73327504243283215  0.75036798365417690  0.76829659400736428
  0.78846931965302880  0.81181842736305487  0.84029648500949683  0.86673905503554338
  0.88323786131561588  0.89582949978983573  0.90823425938707025  0.91927777866987537
  0.92922346887766150  0.93854066847186213  0.96011507161292731  1.00000000000000000
 -0.00121677855674469  0.00342282689927860  0.00926277243345668  0.01511860660329582
  0.02142575775186093  0.02430387918088126  0.02707465972347203  0.03058465701746872
  0.03432125585326097  0.03909591171964742  0.04537239144627390  0.05040059934137989
  0.05625420607374720  0.06240889667319581  0.06851317721806419  0.07220868163814020
  0.07504011342976841  0.07751613564369397  0.08082415042618681  0.08472846222034956
  0.08992361178271648  0.10048536843639538  0.11068743787555016  0.11770487719500355
  0.12768351401667472  0.14403879273004142  0.16093971463936915  0.17653727750954054
  0.18973724464790739  0.20139285772801366  0.20981058074681758  0.21483213623928751
  0.21845053701103284  0.22060408584511532  0.22280409525461781  0.22505253201508713
  0.22769836596674420  0.23076582453124869  0.23581002524719652  0.24163718934771578
  0.24852769837550998  0.25603691070186513  0.26533455140151191  0.27923946175640602
  0.29661317168421697  0.32561865864926404  0.35766217653379478  0.37311566386784106
  0.38254944426327353  0.39260700976752161  0.40662485705468188  0.44530223732202845
  0.47740972346338068  0.50057028252532643  0.52412329676745262  0.56138270353253095
  0.59259492881881382  0.60764999241658579  0.62026016507012038  0.63175056733757651
  0.64081266130254011  0.64958440152751429  0.65693819998447223  0.66491353060964986
  0.67193749312279083  0.67949057690842907  0.69032868603052500  0.70039346080603637
  0.72169492945526592  0.75221147799513410  0.78122080083715661  0.80269618120563435
  0.81019444854984990  0.81665467685754900  0.82396143952699108  0.83588040498494098
  0.85911569364136697  0.88017494896376824  0.88630362630584358  0.89057832805415815
  0.89484367016339439  0.89834405279602414  0.90184443542865378  0.90534200976669921
  0.90882594724953925  0.91230988473237928  0.91825718419365787  0.92900394654409335
  0.93846235138535261  0.94459945098049580  0.94897455375233886  0.95383447370011920
  0.95899083421523934  0.96597006896436266  0.97382977020723449  1.00000000000000000
 -0.00839333733672481  0.03040627009036425  0.05604619486116010  0.06623621117635756
  0.07332426715892777  0.08043376516741811  0.08726458852225964  0.09277026237630277
  0.09674660391397029  0.10048024653579288  0.10404958168863335  0.10808537483143695
  0.11228553556571404  0.11906169825068705  0.12583392657390940  0.13299755837749438
  0.14077856748007039  0.14775185436796132  0.15153455691235018  0.15831082988544104
  0.16472106428859939  0.17168609637251067  0.18452923192308082  0.20386246296637955
  0.22651295981845357  0.23336448684307665  0.23585281048831561  0.23708579931128987
  0.23833931058204660  0.23961370382549629  0.24091523438806037  0.24222905293149893
  0.24666527507579308  0.25013189867123131  0.25324223246232719  0.26642466622314004
  0.28219093555964003  0.29487215723721227  0.30663511637067981  0.31843946956496350
  0.32958538144017141  0.33879321908733684  0.34793605983866860  0.35588071369677465
  0.36397793088844005  0.37001130871916660  0.37679832519694967  0.38558722797476708
  0.41062161661272506  0.43328487354152423  0.45279046806668294  0.46555123717621716
  0.47575747897302534  0.48041819381847900  0.48431190034922528  0.48820560687997155
  0.49158344441244911  0.49485655278711888  0.49812966116178864  0.50163311794178123
  0.50518587920348690  0.50873864046519257  0.52359201242884168  0.54434696011055661
  0.57689490652768416  0.63040224063146932  0.65687711403226845  0.66340316355199580
  0.67141133755754900  0.68046916607170227  0.68584038657490531  0.69018973362532066
  0.69538278065469883  0.70023895572143358  0.70434113426324441  0.71416171829456920
  0.73256176518444116  0.75516663860330124  0.76231726321480275  0.76845760754168246
  0.77467012073144936  0.78033297946530045  0.78619831317109057  0.79941513508463391
  0.80603560043208478  0.81390604491924834  0.82159989547421308  0.82737373714887186
  0.83228482448463814  0.83707129220966991  0.85116301608315603  0.87056126229658903
  0.89413547168991137  0.92159543363131025  0.95444345450221069  1.00000000000000000
 -0.02538224477862551  0.69251181927706773  0.70656576885715594  0.71837641644389161
  0.72992536792513418  0.74518631961099624  0.75922549801008410  0.77022263311767236
  0.78241045886769944  0.78797136835509318  0.79166917077910526  0.79363744239791167
  0.79445843205998590  0.79583450698080038  0.79811889767907862  0.80016790584339847
  0.80232318295670235  0.80375382582661070  0.80544942346624582  0.80776526386240055
  0.80912543103246359  0.81011536017273611  0.81096168298071869  0.81241358469013913
  0.81441942133639833  0.81666178856426430  0.81723854146675512  0.81781499232036392
  0.81838755914889005  0.81894656101130392  0.81939847836089563  0.81991498720309175
  0.82098041615429462  0.82185684679581028  0.82264919333493292  0.82319297822400406
  0.82358271636060498  0.82401436809830042  0.82456771287546837  0.82524351700988829
  0.82576397936513701  0.82665096365836677  0.82804287131203769  0.82924720790804651
  0.83080785408765068  0.83249334817855369  0.83485559210083171  0.83749043006030233
  0.84137463849137273  0.84469043906870167  0.84678750191234153  0.84864835981086795
  0.85053768925831152  0.85201975904644911  0.85311792667295050  0.85428023211260529
  0.85543383475281409  0.85656116024699935  0.85807409591575345  0.85963462645259148
  0.86102085825522690  0.86261623286019118  0.86621134608725636  0.86995599314864602
  0.87229023965327079  0.87451860563435801  0.87641776998714427  0.87839481053826429
  0.88027089534891645  0.88305215527625935  0.88620919257194564  0.88845063877467456
  0.88946535327650966  0.89048006777834487  0.89151981355231869  0.89260469724569536
  0.89368958093907214  0.89474390049063868  0.89572212489561931  0.89670034930059994
  0.89775419027941450  0.89934898946530328  0.90085806587120554  0.90245581798819174
  0.90445239510141173  0.90731903116128354  0.91151102186837740  0.91729923299919869
  0.92340220648696558  0.92536556252456070  0.92666431808769689  0.92775631344217613
  0.92900899307899998  0.93042470502201469  0.93785013409681584  1.00000000000000000
 -0.02558801186711817  0.11732702125279486  0.16133002054030493  0.17969926693462948
  0.20260534242810957  0.22345207930771194  0.24750259615436973  0.26953540645128565
  0.29100571784872259  0.32333119041934483  0.34680742370260709  0.35747956956474264
  0.36448629770791074  0.37229143626517114  0.38082669262128993  0.39130996312377847
  0.39666410058283552  0.39953926771540160  0.40241443484796763  0.40584174331480122
  0.41014533902908018  0.41444893474335914  0.41856091247474625  0.42240503043858280
  0.42624914840241934  0.43506230575012433  0.44822902354248967  0.45732028775437134
  0.46324371099456563  0.46837518665887534  0.47223075634739992  0.47520560336292395
  0.48111453824293993  0.48785240296817090  0.49632305197630311  0.50580012183388778
  0.51890531967493814  0.53041036793164709  0.54636609686428372  0.55926395787841221
  0.56863523886693534  0.57499748860303734  0.57998110577533946  0.58416851874294873
  0.58861148934469165  0.59533166931026904  0.60168518404386251  0.60574877611006872
  0.60686903404675363  0.60828327583177255  0.60963352769975487  0.61069335090456800
  0.61181829649737962  0.61316038797193351  0.61503969483201248  0.61893566930993238
  0.62143091631203806  0.62333690796919861  0.62574023456128702  0.62802885178731638
  0.63184753257413206  0.63819132778806742  0.64256286166244136  0.64776423259615534
  0.65555714325921377  0.66448814468743056  0.67410590831031036  0.68117938902344910
  0.68653978157577333  0.68895635583217685  0.69133578638425186  0.69364935531134675
  0.69551771815389452  0.69703022341159893  0.70001904637594314  0.70145321537814564
  0.70292754548476311  0.70491912752739105  0.70697320515859818  0.71035234124691882
  0.71375547969557052  0.71852683539980367  0.72362477019377558  0.73257040825736119
  0.74246991728934664  0.75478967973329991  0.76986221648327080  0.78611402489980975
  0.80061687453303843  0.81315817769972509  0.82292012096218448  0.83076295997541383
  0.84160991470105950  0.85431993016502050  0.89130543242440119  1.00000000000000000
   1.2922220587926840E-014  -1.0000000000000000     
 T F F F F F F F F F F F F F F F F F F F T F F F T F F F F F F F F F F F T F F F T F F F F F F F F F F F F F F F F F F F F F F F F F F F F F F F F F F F F F F F F F F F F F F F F F F F F F F F F F F F F F F F F F F F F F F F F F F F F F F F F F F F F F F F F F F F F F F F F F F F F F F F F F F F F F F F F F F F F F F F F F F F F F F F F F F F F F F F F F F F F F F F F F F F F F F F T F F F F F F F F F F F F F F F F F F F T F F F T F F F F F F F F F F F T F F F T F F F F F F F F F F F F F F F F F F F F F F F T F F F F F F F F F F F F F F F F F F F T F F F T F F F F F F F F F F F T F F F T F F F F F F F F F F F F F F F F F F F F F F F F F F F F F F F F F F F F F F F F F F F F F F F F F F F F F F F F F F F F F F F F F F F F F F F F F F F F F F F F F F F F F F F F F F F F F F F F F F F F F F F F F F F F F F F F F F F F F F F F F F F F F F F F F F F F F F F F F F F F F F F F F F F F F F F T F F F F F F F F F F F F F F F F F F F T F F F T F F F F F F F F F F F T F F F T F F F F F F F F F F F F F F F F F F F F F F F
  <DiscreteSampler_grid>
  grouped_processes
  1 # 1 for a reference and 2 for a running grid.
  10 # Attribute 'min_bin_probing_points' of the grid.
  1 # Attribute 'grid_mode' of the grid. 1=='default',2=='initialization'
  0.0000000000000000 # Attribute 'small_contrib_threshold' of the grid.
  0.5000000000000000 # Attribute 'damping_power' of the grid.
 # binID   n_entries weight   weight_sqr   abs_weight
    16   10   1.563880225330652E-014   2.438334976343955E-027   1.563880225330652E-014
    17   10   1.563880225330669E-014   2.438334976344024E-027   1.563880225330669E-014
    19   10   1.698410017375951E-014   2.846039895906917E-027   1.698410017375951E-014
    20   10   1.698410017375975E-014   2.846039895906998E-027   1.698410017375975E-014
    22   10   1.568585737304133E-014   2.424501286197195E-027   1.568585737304133E-014
    23   10   1.568585737304158E-014   2.424501286197273E-027   1.568585737304158E-014
    28   10   8.535051280667547E-015   7.278412345504001E-028   8.535051280667547E-015
    29   10   8.535051280667498E-015   7.278412345503916E-028   8.535051280667498E-015
    31   10   1.273033691461279E-014   1.618557180455860E-027   1.273033691461279E-014
    32   10   1.273033691461269E-014   1.618557180455834E-027   1.273033691461269E-014
    34   10   1.278500658261265E-014   1.631272544380386E-027   1.278500658261265E-014
    35   10   1.278500658261254E-014   1.631272544380360E-027   1.278500658261254E-014
    40   10   1.563880225330646E-014   2.438334976343952E-027   1.563880225330646E-014
    41   10   1.563880225330670E-014   2.438334976344026E-027   1.563880225330670E-014
    43   10   1.698410017375948E-014   2.846039895906906E-027   1.698410017375948E-014
    44   10   1.698410017375977E-014   2.846039895907004E-027   1.698410017375977E-014
    46   10   1.568585737304131E-014   2.424501286197189E-027   1.568585737304131E-014
    47   10   1.568585737304157E-014   2.424501286197270E-027   1.568585737304157E-014
    52   10   8.535051280667539E-015   7.278412345503989E-028   8.535051280667539E-015
    53   10   8.535051280667467E-015   7.278412345503860E-028   8.535051280667467E-015
    55   10   1.273033691461277E-014   1.618557180455854E-027   1.273033691461277E-014
    56   10   1.273033691461265E-014   1.618557180455824E-027   1.273033691461265E-014
    58   10   1.278500658261262E-014   1.631272544380380E-027   1.278500658261262E-014
    59   10   1.278500658261249E-014   1.631272544380347E-027   1.278500658261249E-014
    64   10   1.563880225330645E-014   2.438334976343948E-027   1.563880225330645E-014
    65   10   1.563880225330671E-014   2.438334976344030E-027   1.563880225330671E-014
    67   10   1.698410017375957E-014   2.846039895906935E-027   1.698410017375957E-014
    68   10   1.698410017375977E-014   2.846039895907005E-027   1.698410017375977E-014
    70   10   1.568585737304137E-014   2.424501286197209E-027   1.568585737304137E-014
    71   10   1.568585737304159E-014   2.424501286197277E-027   1.568585737304159E-014
    76   10   1.563880225330644E-014   2.438334976343945E-027   1.563880225330644E-014
    77   10   1.563880225330669E-014   2.438334976344024E-027   1.563880225330669E-014
    79   10   1.698410017375953E-014   2.846039895906925E-027   1.698410017375953E-014
    80   10   1.698410017375979E-014   2.846039895907012E-027   1.698410017375979E-014
    82   10   1.568585737304135E-014   2.424501286197200E-027   1.568585737304135E-014
    83   10   1.568585737304160E-014   2.424501286197278E-027   1.568585737304160E-014
    88   10   8.535051280667542E-015   7.278412345503994E-028   8.535051280667542E-015
    89   10   8.535051280667509E-015   7.278412345503937E-028   8.535051280667509E-015
    91   10   1.273033691461274E-014   1.618557180455849E-027   1.273033691461274E-014
    92   10   1.273033691461270E-014   1.618557180455838E-027   1.273033691461270E-014
    94   10   1.278500658261262E-014   1.631272544380379E-027   1.278500658261262E-014
    95   10   1.278500658261253E-014   1.631272544380355E-027   1.278500658261253E-014
    100   10   8.535051280667538E-015   7.278412345503985E-028   8.535051280667538E-015
    101   10   8.535051280667465E-015   7.278412345503860E-028   8.535051280667465E-015
    103   10   1.273033691461275E-014   1.618557180455851E-027   1.273033691461275E-014
    104   10   1.273033691461270E-014   1.618557180455839E-027   1.273033691461270E-014
    106   10   1.278500658261264E-014   1.631272544380384E-027   1.278500658261264E-014
    107   10   1.278500658261254E-014   1.631272544380359E-027   1.278500658261254E-014
  </DiscreteSampler_grid>
