 -0.00000003315734240  0.00000049136960360  0.00000175774656825  0.00000263087702276
  0.00000361987390560  0.00000468829897697  0.00000567486849562  0.00000690846050412
  0.00000857359211887  0.00001027935957194  0.00001156753794708  0.00001264306118442
  0.00001379271336100  0.00001470451094108  0.00001520991714098  0.00001568162815910
  0.00001615028135608  0.00001656983971634  0.00001700336885887  0.00001782061436464
  0.00001917179587719  0.00001965637364372  0.00002003448917048  0.00002030921985986
  0.00002045166962476  0.00002073389121767  0.00002099048357118  0.00002127776882339
  0.00002146327476728  0.00002156613887782  0.00002166324396427  0.00002202245382504
  0.00002282650358696  0.00002353913463472  0.00002398809687696  0.00002420389650800
  0.00002441489262943  0.00002460258077550  0.00002480884313091  0.00002514492162287
  0.00002570680913170  0.00002639132199915  0.00002696422412537  0.00002772147238009
  0.00002995674369605  0.00003478287693453  0.00004038084507647  0.00004495061369227
  0.00004907587029744  0.00005317327360357  0.00005729151520213  0.00006117091115732
  0.00006320537423187  0.00006547099756800  0.00006671042647453  0.00006781029455054
  0.00006882449047092  0.00006980672963406  0.00007087541331408  0.00007208690602448
  0.00007319890242271  0.00007470487298545  0.00007547847844835  0.00007627294461746
  0.00007737521195546  0.00007848072019282  0.00007982473211231  0.00008141522576556
  0.00008290761344467  0.00008480483858166  0.00008768012540615  0.00009005042604412
  0.00009276719810903  0.00009623345547010  0.00011016324296915  0.00012889094942283
  0.00014457084696684  0.00016192840402982  0.00018046271304569  0.00020148597067093
  0.00022741068402174  0.00025043462682390  0.00026987402156530  0.00028742337924035
  0.00031438918285118  0.00037473687452454  0.00043508456619791  0.00050315724159409
  0.00071657416533830  0.00092999108908250  0.00115344181895298  0.00172762475542383
  0.00230180769189467  0.00337147272702031  0.02503922349838392  1.00000000000000000
  0.02558197985430287  0.03798719035367946  0.05105099034217506  0.06484428192035033
  0.08117878869644995  0.09894815720282286  0.11917821490526620  0.14064547022997181
  0.15045240502430157  0.16081161657750540  0.17238072136338828  0.18039526497258251
  0.18663752792038246  0.19324360119460066  0.19849868414074803  0.20459069848836214
  0.21197542330833405  0.22002235545090471  0.22856554849046268  0.24377102398944125
  0.26027764750036764  0.27429760017563209  0.28435127144475147  0.29249338161059263
  0.29785504381730721  0.30415607114510368  0.31078087935582005  0.31651251132865210
  0.32249027431819821  0.32933869965579549  0.33633988858532116  0.34187171692506291
  0.34729432732513815  0.35225727019605424  0.35759911078817963  0.36218213505224134
  0.36767112951845371  0.37397181444287358  0.38219900414896590  0.38890423304913302
  0.39393982379317860  0.40839567114818864  0.42914582762390513  0.45176922326044933
  0.47216400692807053  0.49062618575322242  0.50829747815019344  0.52863191822888511
  0.53969266454391418  0.54620115384580714  0.55095869571998213  0.55405940567915946
  0.55809923204597456  0.56221692548242941  0.57167281832253036  0.57991130702139659
  0.58582782031894531  0.59511085643819128  0.60231537356130971  0.60785258675691356
  0.61798853204292359  0.62587597678425011  0.63369708960329241  0.64010680908627637
  0.64427754541815507  0.64844828175003388  0.65275539728429499  0.65888084034566330
  0.66500628340703172  0.67113172646840014  0.67378575524609863  0.67619491772062335
  0.67860408019514806  0.68499493377273080  0.68980486462134827  0.69498089174204625
  0.69958846874386071  0.70650984640953607  0.71994213972210452  0.73672481091329944
  0.75186465787867418  0.76509124530264239  0.77367068166744113  0.78548165584270202
  0.80009520369165865  0.81316399516516280  0.83260581799181099  0.85586540440441627
  0.87281004317812760  0.88141591523781315  0.89061649412100885  0.90116508038845478
  0.91711824216775550  0.94039439672410663  0.97306170239760004  1.00000000000000000
  0.02138604688455655  0.02266417285519913  0.02296941317692410  0.02315221534344985
  0.02336146941534454  0.02352704603913248  0.02364456045082586  0.02376137121937084
  0.02387700557705411  0.02399240342679039  0.02410379385572982  0.02420343415396204
  0.02429609635231753  0.02435415625939527  0.02443021355132464  0.02454960008311981
  0.02467307310092609  0.02487844870774955  0.02502836330614779  0.02516649821012714
  0.02528876998925017  0.02541004894802345  0.02554985820259316  0.02573389332278845
  0.02593860304402339  0.02622410338816823  0.02654379200037853  0.02687996305999613
  0.02712865035208556  0.02724766711149147  0.02735899054794309  0.02749283586732306
  0.02773748114357239  0.02794030482096421  0.02805373314334841  0.02816851167201850
  0.02831031276055364  0.02848119386342900  0.02871248035673547  0.02904555862240981
  0.02949336804638052  0.02993257449485513  0.03036753121981328  0.03077252182524700
  0.03114790142767249  0.03158717047684464  0.03204347619370271  0.03228951823133686
  0.03241358900761358  0.03253765978389031  0.03263507140151689  0.03270947174898316
  0.03278387209644942  0.03285739375896665  0.03292990794732275  0.03300242213567884
  0.03310825943660404  0.03322115912897877  0.03328323811960863  0.03335980271612255
  0.03343280274059032  0.03349997144565980  0.03355217523451376  0.03360241166312395
  0.03365378682284740  0.03371566773098793  0.03402392661162001  0.03457872953561560
  0.03494708823805942  0.03536506064700630  0.03557683703427976  0.03572594983772785
  0.03585335343519739  0.03607687482694701  0.03640612466982417  0.03672575626038606
  0.03701774098387840  0.03731586104607897  0.03800472778122917  0.03906068983060956
  0.04040545242079069  0.04178566178056022  0.04323998747937240  0.04492501087815337
  0.04675624448399225  0.04868256594563086  0.05075126959158539  0.05491195564081502
  0.05967979713743493  0.06196735782117666  0.06442396201508936  0.06859307216560505
  0.07446997606239773  0.08024162822852214  0.09122219108425193  1.00000000000000000
  0.02164995040682631  0.02592727264368240  0.02798955320148768  0.02897839037512762
  0.02957499914693646  0.03005554114436662  0.03053499860610063  0.03113486610085861
  0.03167681266339323  0.03218110189774692  0.03271128072979993  0.03350762595375296
  0.03440081128695716  0.03486982843751267  0.03533034979769224  0.03567809977125545
  0.03623971859460848  0.03687457413431599  0.03762714636170653  0.03824178173045523
  0.03881484023032439  0.03950617999798751  0.04013642633499774  0.04065916503765492
  0.04113364068820331  0.04148340372796823  0.04180871623187941  0.04218460902212697
  0.04253265308861290  0.04282421443554980  0.04309943545468119  0.04331117600443161
  0.04349453770051945  0.04365122842607283  0.04378938229558003  0.04408306859706923
  0.04464273083277047  0.04530048740960247  0.04572058261985017  0.04610382175989744
  0.04640374610682516  0.04664134976317979  0.04698223567562711  0.04740432005968463
  0.04818578538861765  0.04906384029606611  0.05000045280997048  0.05069140846703954
  0.05088834738778409  0.05103641270822072  0.05122255312295647  0.05136703067897088
  0.05140699803279013  0.05149859176971385  0.05157671163980687  0.05167167330199812
  0.05174709764434769  0.05182707305028534  0.05202746020035125  0.05231763768726588
  0.05246343007950503  0.05257543139499173  0.05268112022963755  0.05279814488089908
  0.05302985294327633  0.05334058035283859  0.05370380821587876  0.05403911979100675
  0.05437139259371186  0.05479628389154365  0.05542307629585477  0.05644639510392781
  0.05704920888773183  0.05748721782951387  0.05792522677129592  0.05844326286011679
  0.05908877971594997  0.05973429657178315  0.06037981342761634  0.06109255592596756
  0.06181096302311870  0.06252937012026984  0.06393140815904967  0.06610454956758276
  0.06815966584855657  0.07007557227039350  0.07268081361721397  0.07642948633624243
  0.08126013767243812  0.08561260876113763  0.09048831984871178  0.09816683087253877
  0.11067136820111768  0.12815163345394648  0.14895494861067737  1.00000000000000000
  0.02085572960435617  0.03168757943278997  0.03835991148715724  0.04317234751047106
  0.04665419965634345  0.04871619816792151  0.04996769215645359  0.05120330882306900
  0.05256474073228901  0.05387011467743598  0.05530865367357651  0.05681009483978653
  0.05834933172480275  0.05993943213271880  0.06159867953783000  0.06370047809212083
  0.06581146092353436  0.06750311746018796  0.06908303002979740  0.07038789100158002
  0.07103025060707822  0.07134771368366044  0.07152919701325418  0.07161960338861936
  0.07173119114486763  0.07186116731208557  0.07199019295392660  0.07240546694512048
  0.07294177077511596  0.07357373356863520  0.07420571399331317  0.07496589018743878
  0.07577772623361639  0.07648303165467603  0.07726344118267173  0.07790322402785416
  0.07832970315844322  0.07844930124682561  0.07859079922196506  0.07873184985686768
  0.07892275962927245  0.07927183516854050  0.07959266661043400  0.08039022535893606
  0.08292542086040730  0.08542838480147461  0.08803412170776254  0.09037778952912713
  0.09265973506361383  0.09489709192567133  0.09709148669902974  0.09937014803106062
  0.10201459966332793  0.10348304729655329  0.10457966379745826  0.10567628029836322
  0.10687702536876116  0.10819735967280011  0.10951769397683908  0.11084433981365294
  0.11219426307626282  0.11354418633887271  0.11489410960148261  0.11688618709092029
  0.11804900315401969  0.11940238604607473  0.12067865213113915  0.12185029058818223
  0.12319667195946050  0.12465934278293193  0.12676176156936891  0.12900099245480151
  0.13150637499769555  0.13436604711074901  0.13669805740335078  0.13889962467272679
  0.14052097890582613  0.14183254927541161  0.14337488596854783  0.14499944791464744
  0.14798207832127919  0.15090223241195336  0.15376653237403354  0.15622510543112325
  0.15988370720796310  0.16473277987816159  0.16909903982878702  0.17327343047167340
  0.17647279856959991  0.17978358513509166  0.18295073816168486  0.19040343146590630
  0.20898275452352474  0.23488979932100107  0.30530122370470081  1.00000000000000000
 -0.00259451631851840  0.01229214627852857  0.01759950636049111  0.01990848725044116
  0.02221746814039121  0.02587129930679140  0.03082585618838536  0.03578041306997932
  0.04130417230292077  0.04745038188331452  0.05359659146370825  0.06450173415688473
  0.07886841644107863  0.09182281422282382  0.10418425506095863  0.11215110175286901
  0.11767518726390840  0.12475414431940762  0.13596278842522613  0.14497997210457234
  0.15662608416100418  0.16426031045005959  0.17364843167393468  0.18640429882149931
  0.20900442662019164  0.22432104068889636  0.23420378080839185  0.24747057312197832
  0.26391804517339096  0.27834973883929282  0.28794501064582029  0.29366458679091623
  0.29936757777530415  0.30355800213769824  0.30887367217077394  0.31539625007007688
  0.32133227058194314  0.32549309672210325  0.32899603105613218  0.33379017411657552
  0.34198220392330753  0.35197114200339308  0.36515026236545400  0.37473105672540619
  0.38429150768774534  0.39462694739083365  0.40718093254613852  0.41952527074094331
  0.43096541044325259  0.44325601530670206  0.46004916342435903  0.47826793298479597
  0.48945165510894628  0.49841336325208191  0.50738802319845766  0.51727593506157321
  0.52606778979060165  0.53302805413131826  0.53961689499081467  0.54890853555863373
  0.55965140600051333  0.57309446212661497  0.58576605222894751  0.59499672969067308
  0.60270245818591683  0.60850885156497048  0.61347149152490088  0.61802265031431403
  0.62286870531236305  0.62958048556179413  0.64045738635322724  0.64824607024339920
  0.65479900093939158  0.66129934617955433  0.67593350781876582  0.71276912800872483
  0.75777359641580044  0.79565968605376680  0.82570788020216535  0.84040931629128512
  0.85092288941796912  0.86049919140752762  0.87010086570243639  0.88287018747082679
  0.89269104444555947  0.90150790591485053  0.91030149813126349  0.91855495056230496
  0.92670299571108827  0.93531116868609987  0.94281533747207136  0.95011520679871952
  0.95913780506956803  0.96848430794743512  0.97953527437867072  1.00000000000000000
 -0.00437132624532964  0.00778392434886844  0.01839279874640523  0.02299905898294250
  0.02714995418233366  0.03251247827914458  0.03812011038129954  0.04118909208473676
  0.04377195931288098  0.04657092048433648  0.05101464922793843  0.05641563624436986
  0.06321396780462907  0.07871737182840229  0.09995064854835436  0.11971007402375300
  0.13691817409271168  0.15432829048223723  0.17027119763231371  0.18286577253359640
  0.19585804584381783  0.20592250979043550  0.21535176439526102  0.22644136891889552
  0.23879581380857284  0.25386072422053529  0.27732884030207700  0.30408291919381258
  0.32806853939982700  0.34684208764328839  0.36728236149627508  0.38542072479802242
  0.39830034554262644  0.40452949569250779  0.40903090779975093  0.41344553000599082
  0.41802677464323640  0.42409819065582360  0.43589898911980407  0.44475213836053973
  0.44822983613837736  0.45349285712208465  0.45788846980359332  0.45988804860003385
  0.46300513761790790  0.46906460976626635  0.47546140976651263  0.48189389430870910
  0.48898905725262731  0.49706580932502237  0.50388595534679426  0.51064093467272365
  0.51797985128983881  0.52493359621023616  0.53338264946683278  0.55005430142158640
  0.57236042756374472  0.59268611612744393  0.61449767263514676  0.64119059524342270
  0.66796360785748166  0.69143531812689085  0.70910679760479001  0.72487466526945776
  0.73687434009483777  0.75515962281840787  0.77653426635122824  0.79964119570324443
  0.82274856470915469  0.83610043086778485  0.84674370600077820  0.85315308394334222
  0.85897677965030472  0.86729775530625808  0.87565672333763611  0.88041565990563420
  0.88275368337091020  0.88509170683618632  0.88743349483401823  0.89013970817934829
  0.89284592152467823  0.89555213487000818  0.89947135067432971  0.90437046467408655
  0.90926957867384339  0.91565848464172928  0.92868669603173315  0.93660424740452075
  0.94199497152606548  0.94710290987113865  0.95430651740718253  0.95965184475928489
  0.96537988079637094  0.97389122918475146  0.98368910624492012  1.00000000000000000
 -0.00860337186925090  0.01823124800222630  0.04063114680439976  0.05539162960169434
  0.06397683302166512  0.07082882187586337  0.08299400074548080  0.08808997028227555
  0.09451479222491874  0.10861493161447379  0.13409092493532479  0.16088975594096841
  0.18943265617688823  0.20900744187302667  0.22246948656925625  0.23593418405449140
  0.24814032950950837  0.26010417207172420  0.27582503031749050  0.29462628038255739
  0.30002746241297318  0.30208379607613689  0.30287201861730950  0.30366024115848211
  0.30439298358198591  0.30508101164696483  0.30576903971194375  0.30659476452490791
  0.30748410057172521  0.30837343661854250  0.31323949588574784  0.31584329845894316
  0.31774284271821324  0.31965469772304406  0.32090040148406884  0.32210699503126128
  0.32442903674427898  0.33556946568531382  0.36342442594495689  0.38274254029948079
  0.40159265566487257  0.42796924179205348  0.44883278495856249  0.46565968844945088
  0.48013472571567867  0.49459784332399515  0.50854237784211354  0.51945888524474848
  0.52569724601400880  0.53183978853043423  0.54131930752472035  0.55237162558392361
  0.56476204687010734  0.57801328370102090  0.59053303897789511  0.60187687447435911
  0.61010564838528258  0.62176033461975944  0.64231630600815237  0.65774943554094323
  0.66829986982599343  0.67898378892545896  0.68958777817008254  0.70114038439470061
  0.71555083034059819  0.74048611234256623  0.76514180001924359  0.78531395153110484
  0.80197224565466019  0.81429456355561147  0.82200157959729003  0.83054944460368263
  0.83541419147324769  0.83979126198337739  0.84296667601409581  0.84902760428884827
  0.85294710320246925  0.85674170019570628  0.85955329394546209  0.86748005115862892
  0.87583245405009913  0.88274328367354804  0.89005330032393615  0.89334760930816315
  0.89785460435423059  0.90668506170103658  0.91752449409897674  0.92867410014911733
  0.93751039506114009  0.94395038832354450  0.95090068182373999  0.95632942742683580
  0.96360552023348844  0.97008708325924153  0.98103918044308525  1.00000000000000000
 -0.00697994863859628  0.02816941134161379  0.06251434354216487  0.09859718689695715
  0.11350936955781311  0.12465553101529286  0.13580169247277263  0.14469644812218771
  0.15136862721268521  0.15804080630318271  0.16394464498861200  0.16623585036497268
  0.16852705574133336  0.17081826111769405  0.17455397144201140  0.17872250526267239
  0.18317240086563941  0.18848761856326049  0.19428264874891138  0.20081261212871251
  0.20680607900779835  0.21057809352027795  0.21391107144012150  0.21738307627943732
  0.22337745680700494  0.23409546529589634  0.24279192370629429  0.25137351858230339
  0.26452871175001802  0.27626841313304051  0.28811342286184793  0.29997385856317965
  0.30679132379992924  0.31365439692394381  0.32100657937905425  0.32433876468150696
  0.32642900736692049  0.32881921360086713  0.33167865970155641  0.33682904453132489
  0.34622002661461704  0.35203879795152726  0.35781907697020232  0.36422949942848853
  0.37242739851633011  0.38610626525875547  0.40015063053176142  0.41313798248040229
  0.42384474208220135  0.43418540084326818  0.44240271394764685  0.44912487211687324
  0.45423410838114264  0.45803708399974702  0.46106261978874497  0.46422920527076095
  0.46798890207214711  0.47785920045086028  0.48120031956965698  0.48688871877143824
  0.49422895665155414  0.49905442867823707  0.50600854465197553  0.51391878998172491
  0.52941939035634167  0.54995117899872481  0.56841076171250071  0.58352250329881672
  0.59508804971243023  0.60595564446284345  0.61648938087939864  0.62765328876577120
  0.64513530806661723  0.67167690513150602  0.70028899088517538  0.71070277672267257
  0.72068376494556052  0.73024675244422754  0.73928999070899948  0.75395688074659939
  0.77459947247790673  0.79359973349204471  0.81515439928061695  0.83047864497445856
  0.84973863586509490  0.87050608667634977  0.88772021493979358  0.90355415816847284
  0.91719308652129816  0.92958345262771602  0.94268939868246793  0.96035406482366070
  0.97486044591739807  0.98534257483033527  0.99309810302672352  1.00000000000000000
 -0.00401491391141460  0.01853750400536398  0.03952093679649252  0.05387212511723909
  0.06193874477387200  0.06639920178460887  0.07083305347118396  0.07552021973320761
  0.08470600539307907  0.09254196207109518  0.10007116474834414  0.10709433541924342
  0.11388998447227434  0.11957335172072744  0.12812459977807378  0.14165025173015378
  0.16274066787903319  0.18028902505689418  0.18483555092522869  0.18883883735907261
  0.19597319260548593  0.20098614678090546  0.20542369953284789  0.20777120505941038
  0.21108501310009858  0.21565149843774228  0.22005936178173666  0.22532195625340004
  0.23149092928098258  0.23497409882035439  0.23912803130982543  0.24276892810875975
  0.24623475403605896  0.25068349899334968  0.25296922900859897  0.25571830165411308
  0.25982698411920796  0.26316607568903794  0.27024967279068668  0.27903177030813819
  0.29060323321722270  0.30887046156524639  0.33834767119302384  0.35348705916015560
  0.36644113703373660  0.37907684555256965  0.39002328510829964  0.39989225023948283
  0.41046380112869651  0.41801699911178897  0.42442914464065223  0.43021152346449665
  0.43350333422185899  0.43607697126542810  0.43887235535791724  0.44483479033216916
  0.45239398486729698  0.45980368367691332  0.46915733939598492  0.48013225854023978
  0.50026297176675105  0.52045554575137110  0.53178538163975797  0.54181073720254191
  0.55015572174743543  0.55624519714207266  0.56773048465861231  0.58841878738207454
  0.61940226490758399  0.64166527364310599  0.66053907787559174  0.67674377195042545
  0.69100569594435279  0.70634182158978076  0.71308052396483812  0.72485471057086615
  0.73346357663291972  0.74457594642888236  0.75515020449406911  0.76309891173364230
  0.77737534450813983  0.80556575269713926  0.82277854913676141  0.83956653604506015
  0.85635452295335879  0.87178652775362564  0.88615218795518924  0.90051784815675295
  0.91486070054754576  0.92113911436722373  0.92741752818690171  0.93369594200657979
  0.94323739797709993  0.95687716966934866  0.97846631209445123  1.00000000000000000
 -0.00093936129284784  0.00672059493042919  0.01263843701602289  0.01771289872263537
  0.02413878898581993  0.03264361963146138  0.03806244574087492  0.04320964717975738
  0.05241940040616350  0.06258767554468962  0.07312825857054826  0.08535757245344197
  0.08908399444289819  0.09215741324245603  0.09584983851584999  0.10179284264372816
  0.10646165164948000  0.11580943087335881  0.12431646463489754  0.13555869471431467
  0.14294510065925325  0.15162360554503729  0.16459579978268440  0.18577450404892271
  0.20819517440144492  0.23103924116512711  0.25206389710115529  0.27232352233119311
  0.28160103315307805  0.29042439001818454  0.30101095177301307  0.31311408542394548
  0.31986945176224146  0.32408346252816317  0.33026517746367906  0.33721090777922330
  0.34538365049062014  0.35964053847862038  0.38038047838226269  0.39808831205418427
  0.41056766875970102  0.42027535052668369  0.42847156701442957  0.43795096204370254
  0.44791984428414666  0.45318032296757477  0.45623393721151528  0.45928755145545580
  0.46215031030823495  0.46474795321625489  0.46734559612427479  0.46987365349767068
  0.47203291981902823  0.47419218614038577  0.47635145246174332  0.48164531957610052
  0.48554152508373488  0.49245017861676804  0.49936585872611899  0.50747389649780139
  0.52345403869253626  0.54217682456729055  0.55963601098212845  0.57215681039059119
  0.58281721271421261  0.59215852538423530  0.60323205802484581  0.61703227972473484
  0.62800352471168486  0.63691937137994414  0.64655147469517193  0.65791650921990386
  0.67189220469943223  0.69511362864312976  0.71193243967789299  0.72137893059325309
  0.73038844398068992  0.73868245690752921  0.74571242543607974  0.75402075980366434
  0.76269773911201244  0.77189743561231738  0.78080326872067174  0.78930481494322935
  0.80410415400799673  0.81938252750751450  0.83666142587206149  0.85502418921398871
  0.88143530753504551  0.91514881646526558  0.94217002745510536  0.95247858031725541
  0.96362298085238485  0.97191117611890032  0.98522163782191996  1.00000000000000000
 -0.00305751749212360  0.01403711419124755  0.02881580060374429  0.05227747031565156
  0.07285866749401906  0.08716337484096388  0.10224471785469968  0.11829340649812471
  0.13244957593802273  0.14391074560559450  0.15481591074560400  0.16455678270853671
  0.17332571587567233  0.18215424817648868  0.19102055604477258  0.19714140950942821
  0.20220396774878788  0.20657206723371810  0.21070620570518256  0.21625301848531758
  0.22299186988927630  0.22917657278757117  0.23505260182893098  0.23936406702850874
  0.24509164881969953  0.24770190667982153  0.24937951437816785  0.25031267402732454
  0.25207824951493146  0.25570861560343022  0.26032780895497060  0.26287125347858625
  0.26541469800220191  0.26970449045096745  0.27520157500960335  0.28069865956823919
  0.28792223713032500  0.29721509609647023  0.30650795506261547  0.31629164561225176
  0.32447646442647154  0.33001848814024126  0.33372834096322135  0.33745043147125375
  0.34607298716395246  0.35056349159028538  0.35762461064096357  0.36329576733410746
  0.37543484571384561  0.38605183672368021  0.39592254835188789  0.40700494029230999
  0.41644698728631774  0.42300229865787081  0.43503463994094499  0.44743339892637046
  0.46024031663697335  0.47518108593599845  0.49195686950427708  0.52526480833605160
  0.54397799002076874  0.56642501373156517  0.58156904848578694  0.59541991330680732
  0.60542758266323815  0.61531546323849040  0.62563975342334499  0.63768181146097014
  0.65412611964253475  0.66844236739656371  0.67605173942879504  0.68588766260932221
  0.69578834134537670  0.70754096181828774  0.72021694730216124  0.73327199999547410
  0.74582949827050182  0.75861024448442604  0.77296608157345637  0.78468646774269324
  0.79554365280811745  0.80808798980818131  0.82190596733779209  0.83661386792099246
  0.84728128915699708  0.86621860947719764  0.88268679079683710  0.89008030921599790
  0.89882944799134856  0.91038470063669563  0.92241155507623840  0.93475676795514218
  0.94910623395419569  0.95836041800968053  0.97483502888462437  1.00000000000000000
 -0.00777951730284523  0.03134346436501818  0.04330568767730476  0.05114325065363121
  0.05948096658443539  0.06788383199529446  0.07331720862898025  0.07850909196890236
  0.08417220896793925  0.09642296609708104  0.10582561384916687  0.11407746262586442
  0.12406182343647816  0.13304204818279738  0.13641384344359306  0.13978591242074870
  0.14312794851002833  0.14963372215622811  0.16771660202586555  0.19393468905325573
  0.22197433178462778  0.24296053314442048  0.25530676616511783  0.26624145629053225
  0.27449639338005305  0.28296182006123505  0.29033587655679566  0.29321494514681279
  0.29609401373682998  0.30030640771054412  0.30654182841530730  0.31277724912007054
  0.31904086093494177  0.32533176385752233  0.33162266678010288  0.34287092530562402
  0.35323302340848906  0.36047710598446908  0.37663316223149174  0.39418020104771045
  0.40755747426180627  0.42140175558728249  0.42457695069387502  0.42703937061337299
  0.42938451012931750  0.43287595352250707  0.43806785008882243  0.44746569695357191
  0.46059181270882182  0.48075107283092211  0.50018374204783267  0.51399176571609395
  0.52041464837220919  0.52352740201077519  0.52841787580875965  0.53866550085140896
  0.54609869712660986  0.55156523839215499  0.55959095184402463  0.56806920669223115
  0.57411364901264395  0.57718073264677383  0.58024287724459256  0.58414499650583740
  0.59355775718375237  0.60976545444514074  0.63240644265687507  0.65738564511155795
  0.68196217227262057  0.70133834678852025  0.71431729949962164  0.72613592350749800
  0.74045573062667924  0.75049185948472930  0.75643212211416644  0.75950649440331686
  0.76317418969984674  0.76674507252627189  0.76979810002282223  0.77953581262860205
  0.79743801265233372  0.80899864270314159  0.81756051503088356  0.82479323743005883
  0.83090656916413907  0.84306038961875018  0.85214003066919952  0.86042839236324076
  0.86805917638927121  0.87593170579848967  0.88449384561473521  0.89455022416859342
  0.91063669295361938  0.93104725304035829  0.96599313460008973  1.00000000000000000
 -0.00117492808498455  0.00496933746246820  0.01304331622300298  0.01874781850548898
  0.02171231871344545  0.02482953300582137  0.02798536940331752  0.03123879356250802
  0.03456263077603005  0.03871826129550275  0.04299320062243674  0.04739428179191260
  0.05157940229326990  0.05688678990494567  0.06465116822326802  0.07474142437360584
  0.08385439806971651  0.09133366860124652  0.09791304749883643  0.10282383088181755
  0.10547568034559852  0.10788694077369360  0.10982531482247143  0.11180824640306394
  0.11416873923443747  0.11725109117210408  0.12803980181368257  0.13977186445136539
  0.14470343988266809  0.14809679077289151  0.15454929975058981  0.16384155118252622
  0.17281144433148971  0.18015461639789229  0.18593477255017424  0.19068175599918133
  0.19486425527501769  0.20100056081873727  0.20571250595358481  0.20972235456585006
  0.22072450660002124  0.23415351875644713  0.24207896102132290  0.24562134791363288
  0.24945613643882433  0.25368483429617639  0.25896910673183893  0.27107713178209802
  0.29315383579587517  0.30763738309197330  0.31872473490253855  0.33478557293500549
  0.34952852079893343  0.36469177283065296  0.38255602968020214  0.39764473027506769
  0.40985290745211317  0.42194613269364245  0.43295286363380742  0.44778327627246445
  0.45195629068710225  0.45505999287148702  0.45816369505587173  0.46449878273097589
  0.47230146014014157  0.48010413754930725  0.48985503284993598  0.50528621703132093
  0.52071740121270582  0.53614858539409072  0.56299224413070459  0.59274692536566409
  0.62014205331428929  0.64082751072296484  0.65485037087324027  0.66580014734804882
  0.67707129619473549  0.69556668346021933  0.71657205777787136  0.73566234604009995
  0.75557319616434171  0.77172841870199960  0.78062745693757141  0.78712279368300186
  0.79285262279963920  0.80041771735276068  0.80699797176544863  0.82012681451007430
  0.82969391684283300  0.84866656743703661  0.87998453125535203  0.91543661601384685
  0.94440785942944894  0.96436524245373578  0.97873531175765371  1.00000000000000000
 -0.00324556767061046  0.00271990847492405  0.00868538462045856  0.01477364444042427
  0.02099625304037240  0.02894537773022413  0.03913913372082874  0.04781834253365275
  0.05475162477922668  0.06064989579568470  0.06673090861587948  0.07604937679114807
  0.09223144205150208  0.11131640436250732  0.13243857943201615  0.14852586149451819
  0.16525152891119960  0.17931760016661841  0.18996857640293402  0.20306185869205520
  0.21154834997733396  0.22291211609871697  0.23282888794909876  0.24457343151341829
  0.26311213242046677  0.28047973640930790  0.29686964989950293  0.31187301072031959
  0.32237794181877399  0.32780518702056183  0.33302106932494024  0.33805810039804485
  0.34290148763548062  0.34914872722129969  0.35643180758408860  0.36468091453064122
  0.38414968561983137  0.40020202718273923  0.41369456392130693  0.42428949081755618
  0.43385853756393122  0.44260114601317924  0.45086296839681517  0.45864298958607319
  0.47226975051939141  0.49589564317862928  0.52438648715478908  0.54383352025800269
  0.56001330256444848  0.57304910183290869  0.58580372937185465  0.59845205747824570
  0.61925376117400210  0.63498504360846575  0.64581482905129195  0.65563696918849168
  0.66195595471556612  0.66939814405767628  0.67172727378015340  0.67452752874521926
  0.67773444977259356  0.68049317941859078  0.68274926354942167  0.68643803829325523
  0.68977039554919173  0.69390465610127450  0.69653914257983551  0.69822812352041230
  0.69991710446098898  0.70278308225670860  0.70628386765585738  0.70978465305500604
  0.72393577769862716  0.74527604529118507  0.76661631288374310  0.79239919329248365
  0.81197128140276309  0.81934848612235456  0.82711450884765503  0.83790182247585843
  0.84617072391872172  0.85623348468505944  0.87219511816689255  0.87997349887563514
  0.88437431694585578  0.88904870924203216  0.89260080679217246  0.89830906306101577
  0.90534207804866762  0.91178917845991081  0.92111934947901108  0.93529236864279952
  0.94083960303756775  0.94616295960659824  0.95243842103254228  1.00000000000000000
 -0.00255866151792835  0.01676419768664555  0.03878758102131290  0.07843452981224097
  0.11983800965184264  0.14822739398289450  0.17035702094387334  0.18727461306338877
  0.19493416358280649  0.20433042938523011  0.21440013784589906  0.23261086256015842
  0.24680870977218436  0.25538326182436555  0.26437884496509184  0.27362593434801458
  0.28294511145509521  0.29948677323283851  0.31777278598095460  0.33808408426234504
  0.35571019227812478  0.36887084455031438  0.39067150886895124  0.41657814610295707
  0.44202932412624624  0.45543356684104130  0.46894345410159777  0.48997459780246516
  0.51190561751736963  0.53381608605354514  0.54922830567065484  0.56230388092831574
  0.57427643820960517  0.58205305144684027  0.58895211199164454  0.59500944724227367
  0.60724389038346493  0.61873303918662570  0.63177519923298420  0.64696130376302674
  0.66381936665688701  0.68104110411521479  0.69577923271348274  0.70443905262877626
  0.71041057447887135  0.71778273124053915  0.72742876200437667  0.73936858813526640
  0.76290233519299400  0.77157343254559674  0.77520605589551073  0.77789650367780439
  0.77861398853738739  0.77933147339697040  0.78004895825655340  0.78125198761744574
  0.78246770743597016  0.78368342725449447  0.78517236361475840  0.78677098697661085
  0.78836961033846331  0.79250251054143661  0.79963828521117675  0.80706186580850581
  0.81230538042000500  0.81855391855075965  0.82834349537782148  0.83688606880578786
  0.84555643011798642  0.85360824937497970  0.85908666225480190  0.86411573118606821
  0.87004208344981371  0.87800630734441709  0.88910262747308166  0.89763908520996427
  0.90436424651691028  0.90958232635481051  0.91381048450920932  0.91786505340449831
  0.92214403014594171  0.92789945665820595  0.93274486690148495  0.93959885014731037
  0.94606849728744280  0.95058881743082635  0.95361480850038072  0.95596675321095770
  0.95876249098719690  0.96223245136977931  0.96837913695174949  0.97346775760681459
  0.97790132526479934  0.98235276771172875  0.98775569842086142  1.00000000000000000
 -0.00322122398220456  0.01458050136704545  0.02075209987101419  0.02800877367827150
  0.03441673985708300  0.04190121053668375  0.05069026732262136  0.06114890036659824
  0.07078593834189013  0.07841487647057982  0.08529438731713568  0.09166499907887896
  0.09648121691111039  0.10227385195034444  0.10874396851101194  0.11571965457302637
  0.12045135796453081  0.12506651298416072  0.12997484004570631  0.13665247057473934
  0.14490043601379768  0.15128528897556587  0.16122740914646855  0.17806305984463017
  0.18830084554179599  0.19573046455695420  0.20247504496220667  0.21063227282657823
  0.22303092153780588  0.23259033973207038  0.23506593121411096  0.23671615030598658
  0.23934814432613583  0.24468717296434253  0.24967933857872687  0.25320324064031102
  0.25637268874697872  0.25832644675829836  0.26090691091904666  0.27435516805539617
  0.30019257254744863  0.31031658360430531  0.31762634678642548  0.32493610996854566
  0.33150603159212627  0.33778962117307354  0.34407321075402081  0.34969562677072497
  0.35487205080395345  0.36004847483718194  0.37182669233825716  0.39233682298782269
  0.40999759737672237  0.41957029046729583  0.43005272148102691  0.43903938371257450
  0.44473372299619002  0.45087246895365618  0.45710742463326703  0.46755353391972937
  0.47862837699361349  0.49134516946134804  0.50431955320359312  0.51759322842158551
  0.53106356843075542  0.54229482262739148  0.55237004709683635  0.56383602703960090
  0.57603419646565779  0.58663792933209247  0.60028767127202720  0.61210369859194658
  0.62232930361176275  0.63206685517527150  0.64706153636328367  0.66174577080534513
  0.67770883280273064  0.68841606867963778  0.69309930977794676  0.69974898931852036
  0.70883012504869269  0.72083200621269949  0.74815250601013528  0.77809149219298213
  0.79540759490161317  0.80889289177334744  0.82207498514610389  0.84106082536122129
  0.86284485451924375  0.88702128028025073  0.90928129440209671  0.92247758527255874
  0.93838192679080823  0.95392384989351975  0.97527971455596818  1.00000000000000000
  0.00849037688703705  0.63528903995616226  0.70752088681621661  0.73171343733018357
  0.74361486559917200  0.75065777087256857  0.75605738557133328  0.76064954422727293
  0.76568827597342892  0.77237511310079410  0.77736230307902499  0.78750491725236949
  0.79265633930070323  0.79606875207384131  0.80153192365277537  0.80575790834405225
  0.80680940244579036  0.80777841648271065  0.80884035657545739  0.80992578647945435
  0.81111062010989909  0.81294700717165291  0.81571795947341708  0.82138759828235797
  0.82536911126977308  0.82826689636974871  0.83011090358619899  0.83260533182471064
  0.83629894325387455  0.83824715967664198  0.84001085023825106  0.84172350372019289
  0.84339448656342408  0.84490919405719278  0.84732002843917520  0.84949465165024096
  0.85213713761854737  0.85650834471318782  0.86247259576845603  0.86821718649827573
  0.87396809474656134  0.87992169445480761  0.88513181067047375  0.88809947404359402
  0.89103680842119803  0.89284875874366953  0.89394030536164548  0.89455752883939166
  0.89517475231713783  0.89579152929821304  0.89640739721879792  0.89702326513938280
  0.89761570413355030  0.89813713989700050  0.89865857566045060  0.89931055386383907
  0.90085564464934098  0.90224791864588416  0.90348240055830797  0.90455125092223754
  0.90547101717820244  0.90588294374302858  0.90619026133196390  0.90651509491920246
  0.90683728690250720  0.90717400557280603  0.90768890180070383  0.90813061530892447
  0.90856856299878830  0.90919150539663640  0.91082600016604309  0.91260073493171734
  0.91432679284556162  0.91600295462759151  0.91760588378116070  0.91986950815142465
  0.92267676541917831  0.92497350732174322  0.92680678425402396  0.92808959036941518
  0.92978895918322635  0.93250603824994849  0.93666322946596392  0.93978820608895397
  0.94173422667404116  0.94331651516638193  0.94477961603616700  0.94606567586318091
  0.94739587960619920  0.94879967051201575  0.95047226084334813  0.95264865644631236
  0.95779223744921405  0.96533249308334745  0.97691865898405505  1.00000000000000000
 -0.02995367865521357  0.14564711671132713  0.18285120930421331  0.21991258344277917
  0.25463248986308601  0.27508934633894944  0.29596030850824390  0.31869325693189859
  0.34134009304371793  0.36578291508945626  0.38829324553388300  0.40418369713689895
  0.41734425681266601  0.42170491870053611  0.42606558058840621  0.43042624247627631
  0.43422881951398151  0.43802337843819167  0.44181793736240177  0.44585490763568125
  0.44992705895759288  0.45399921027950452  0.46281730625050876  0.47294219869284071
  0.48133685305413260  0.48805726550256096  0.49686850477807654  0.50153653584862790
  0.50692694355310786  0.51278240468310887  0.51892585160925075  0.53060154924973768
  0.54185374736346359  0.55023779832443487  0.55823159496399699  0.56325223883010711
  0.56829554789778591  0.57336138731790132  0.57819676943379339  0.58300811302915989
  0.58960988958519034  0.59651316459844461  0.60368547662801963  0.60948759747066172
  0.61747332959899792  0.62260005171272181  0.62523038639039696  0.62794655825163714
  0.63146572055510686  0.63600137288914238  0.64046811294552952  0.64430391547652510
  0.64873943368215470  0.65371537127436985  0.65846161702348960  0.66187853286178799
  0.66453302689595939  0.67212612102348435  0.68125515604112608  0.68704293338041511
  0.69111908285272816  0.69485000527470453  0.69774354804913985  0.70074737702978718
  0.70386491558325370  0.70857798117134541  0.71256292520902209  0.71662454736220493
  0.72074186638911131  0.72784788958564128  0.73498174768693414  0.74272039242905752
  0.74879796734409987  0.75345934357696764  0.75658733919341448  0.75946524682512595
  0.76206490787483050  0.76717257474402456  0.77353323643617689  0.77774168681118316
  0.78098335739162372  0.78282589348357368  0.78445140394381152  0.78666570497617005
  0.78886596772698048  0.79234928708685826  0.79563309443926444  0.80091016314254060
  0.80741685106205097  0.81545348167285492  0.82271951546138344  0.82906837150434876
  0.83441317300587570  0.84893024888519497  0.89790728086525773  1.00000000000000000
   3.5641273228976154E-017  -1.0000000000000000     
 T F F F F F F F F F F F F F F F F F F F T F F F T F F F F F F F F F F F T F F F T F F F F F F F F F F F F F F F F F F F T F F F F F F F F F F F F F F F F F F F F F F F F F F F F F F F F F F F F F F F F F F F F F F F F F F F F F F F F F F F F F F F F F F F F F F F F F F F F F F F F F F F F F F F F F F F F F F F F F F F F F F F F F F F F F F F F F F F F F F F F F F F F F F F F F F F T F F F F F F F F F F F F F F F F F F F T F F F T F F F F F F F F F F F T F F F T F F F F F F F F F F F F F F F F F F F T F F F T F F F F F F F F F F F F F F F F F F F T F F F T F F F F F F F F F F F T F F F T F F F F F F F F F F F F F F F F F F F T F F F F F F F F F F F F F F F F F F F F F F F F F F F F F F F F F F F F F F F F F F F F F F F F F F F F F F F F F F F F F F F F F F F F F F F F F F F F F F F F F F F F F F F F F F F F F F F F F F F F F F F F F F F F F F F F F F F F F F F F F F F F F F F F F F F T F F F F F F F F F F F F F F F F F F F T F F F T F F F F F F F F F F F T F F F T F F F F F F F F F F F F F F F F F F F T F F F
  <DiscreteSampler_grid>
  grouped_processes
  1 # 1 for a reference and 2 for a running grid.
  10 # Attribute 'min_bin_probing_points' of the grid.
  1 # Attribute 'grid_mode' of the grid. 1=='default',2=='initialization'
  0.0000000000000000 # Attribute 'small_contrib_threshold' of the grid.
  0.5000000000000000 # Attribute 'damping_power' of the grid.
 # binID   n_entries weight   weight_sqr   abs_weight
    16   10   1.511921374249050E-019   8.690872406994576E-038   1.511921374249050E-019
    17   10   1.511921374249117E-019   8.690872406995254E-038   1.511921374249117E-019
    19   10   9.008371435918160E-020   2.839169899861741E-038   9.008371435918160E-020
    20   10   9.008371435918011E-020   2.839169899861471E-038   9.008371435918011E-020
    22   10   2.112491544502211E-019   2.280515963740581E-037   2.112491544502211E-019
    23   10   2.112491544502155E-019   2.280515963740353E-037   2.112491544502155E-019
    28   10   1.511921374249051E-019   8.690872406994590E-038   1.511921374249051E-019
    29   10   1.511921374249122E-019   8.690872406995289E-038   1.511921374249122E-019
    31   10   9.008371435918176E-020   2.839169899861757E-038   9.008371435918176E-020
    32   10   9.008371435917995E-020   2.839169899861450E-038   9.008371435917995E-020
    34   10   2.112491544502215E-019   2.280515963740591E-037   2.112491544502215E-019
    35   10   2.112491544502144E-019   2.280515963740318E-037   2.112491544502144E-019
    40   10   1.511921374249046E-019   8.690872406994563E-038   1.511921374249046E-019
    41   10   1.511921374249111E-019   8.690872406995251E-038   1.511921374249111E-019
    43   10   9.008371435918151E-020   2.839169899861744E-038   9.008371435918151E-020
    44   10   9.008371435918131E-020   2.839169899861590E-038   9.008371435918131E-020
    46   10   2.112491544502196E-019   2.280515963740533E-037   2.112491544502196E-019
    47   10   2.112491544502189E-019   2.280515963740462E-037   2.112491544502189E-019
    52   10   1.511921374249048E-019   8.690872406994582E-038   1.511921374249048E-019
    53   10   1.511921374249109E-019   8.690872406995241E-038   1.511921374249109E-019
    55   10   9.008371435918166E-020   2.839169899861761E-038   9.008371435918166E-020
    56   10   9.008371435918088E-020   2.839169899861548E-038   9.008371435918088E-020
    58   10   2.112491544502201E-019   2.280515963740545E-037   2.112491544502201E-019
    59   10   2.112491544502163E-019   2.280515963740384E-037   2.112491544502163E-019
    64   10   6.994829954628198E-019   2.421823868271344E-036   6.994829954628198E-019
    65   10   6.994829954627776E-019   2.421823868271020E-036   6.994829954627776E-019
    67   10   1.494653114546210E-018   1.154796684763402E-035   1.494653114546210E-018
    68   10   1.494653114546116E-018   1.154796684763248E-035   1.494653114546116E-018
    70   10   1.838171635442581E-018   1.728590804589188E-035   1.838171635442581E-018
    71   10   1.838171635442488E-018   1.728590804588987E-035   1.838171635442488E-018
    76   10   6.994829954628324E-019   2.421823868271422E-036   6.994829954628324E-019
    77   10   6.994829954627783E-019   2.421823868271024E-036   6.994829954627783E-019
    79   10   1.494653114546202E-018   1.154796684763384E-035   1.494653114546202E-018
    80   10   1.494653114546121E-018   1.154796684763254E-035   1.494653114546121E-018
    82   10   1.838171635442572E-018   1.728590804589159E-035   1.838171635442572E-018
    83   10   1.838171635442494E-018   1.728590804588996E-035   1.838171635442494E-018
    88   10   6.994829954628280E-019   2.421823868271406E-036   6.994829954628280E-019
    89   10   6.994829954627752E-019   2.421823868271009E-036   6.994829954627752E-019
    91   10   1.494653114546205E-018   1.154796684763391E-035   1.494653114546205E-018
    92   10   1.494653114546113E-018   1.154796684763243E-035   1.494653114546113E-018
    94   10   1.838171635442575E-018   1.728590804589173E-035   1.838171635442575E-018
    95   10   1.838171635442484E-018   1.728590804588980E-035   1.838171635442484E-018
    100   10   6.994829954628376E-019   2.421823868271469E-036   6.994829954628376E-019
    101   10   6.994829954627756E-019   2.421823868271007E-036   6.994829954627756E-019
    103   10   1.494653114546197E-018   1.154796684763375E-035   1.494653114546197E-018
    104   10   1.494653114546118E-018   1.154796684763249E-035   1.494653114546118E-018
    106   10   1.838171635442569E-018   1.728590804589149E-035   1.838171635442569E-018
    107   10   1.838171635442487E-018   1.728590804588984E-035   1.838171635442487E-018
  </DiscreteSampler_grid>
