 -0.00000003835589695  0.00000040429619186  0.00000136795275065  0.00000189143513147
  0.00000241025519071  0.00000304288026888  0.00000469108820520  0.00000699352088865
  0.00000905017293140  0.00001062377242358  0.00001192830815689  0.00001332852507705
  0.00001483457151955  0.00001730687485974  0.00001920779201483  0.00002034164973704
  0.00002175631500172  0.00002302058679963  0.00002415719877934  0.00002537881357727
  0.00002653142599274  0.00002695919580866  0.00002724252860032  0.00002752586139199
  0.00002862703535728  0.00003024033142444  0.00003185362749159  0.00003447188582089
  0.00003852704947602  0.00004258221313115  0.00004663737678628  0.00004792521978773
  0.00004864090595509  0.00004875678401386  0.00004886168785861  0.00004907399088522
  0.00004932359101360  0.00004952557576669  0.00004972762781751  0.00005000314523662
  0.00005010145483495  0.00005017805096336  0.00005026291059895  0.00005029442143933
  0.00005031112606823  0.00005032610929893  0.00005034070845016  0.00005035493399158
  0.00005036572952342  0.00005039513877079  0.00005048193074244  0.00005054486573898
  0.00005061106444186  0.00005075739968216  0.00005099863232889  0.00005123986497563
  0.00005168668194061  0.00005215709546020  0.00005271348977933  0.00005337561902366
  0.00005403774826799  0.00005500034335881  0.00005583408430050  0.00005670850933814
  0.00005765130746275  0.00005847618890119  0.00005918386516774  0.00006015421566171
  0.00006183653418429  0.00006344318970557  0.00006506456420510  0.00006651568228444
  0.00006821197375300  0.00006911654055675  0.00006932789910181  0.00006959958302288
  0.00006993108449333  0.00007027860774135  0.00007097833383258  0.00007298518638059
  0.00007505979792891  0.00007698862149583  0.00008175193118236  0.00008823374038382
  0.00009680078203662  0.00010917128679325  0.00013257882513548  0.00016004615419471
  0.00019197000254109  0.00023016712689176  0.00029138395526438  0.00037126135935882
  0.00048939381808638  0.00114209358540910  0.02631974112019849  1.00000000000000000
 -0.00004295278201938  0.00040306631109299  0.00068067874724428  0.00099974559161377
  0.00152709244311364  0.00211630131160925  0.00254200756508285  0.00303560372401807
  0.00344933980857489  0.00379023181015444  0.00415688836359440  0.00460454111899068
  0.00500402103712262  0.00533682660678121  0.00553763047987064  0.00573490136745896
  0.00592612473523888  0.00614860621490889  0.00639137405375143  0.00664745559501867
  0.00686891303401936  0.00703407815920959  0.00720302518833098  0.00733560510059251
  0.00749889201848481  0.00766854618518991  0.00793275615907909  0.00827538894758419
  0.00864381312472491  0.00899044296923421  0.00933053401415305  0.00981900771397724
  0.01024750296798430  0.01063191888377939  0.01096368743828645  0.01128160637009524
  0.01166115446022082  0.01205186016111921  0.01230236385958813  0.01260699695128152
  0.01281994477828727  0.01290909015833468  0.01296715208676034  0.01300615232134627
  0.01303866478295670  0.01307159315763993  0.01315411114149729  0.01325202842560791
  0.01333739420334596  0.01343374023740919  0.01359830332908872  0.01376286642076824
  0.01392973827651852  0.01411172726619702  0.01429371625587553  0.01447377283194993
  0.01463782092563252  0.01480186901931512  0.01503754720436493  0.01536804118284263
  0.01567952388822913  0.01599377250792712  0.01623341151713631  0.01656449142877680
  0.01682491654607902  0.01694545545304226  0.01698913694814943  0.01701936058212986
  0.01705070434667118  0.01709778567982324  0.01716518407416191  0.01721302472259035
  0.01723830601725625  0.01726986213623042  0.01733316886700313  0.01742067646317892
  0.01749566735586265  0.01754248151316447  0.01759401204712954  0.01765735714905265
  0.01772051453010676  0.01780266164381704  0.01788643740715692  0.01802046587609040
  0.01840443463427799  0.01890622860641611  0.01936729570879770  0.01974274999964298
  0.01986410073397769  0.01999183737501008  0.02012951800754548  0.02031018917042478
  0.02055025012619714  0.02121906296731563  0.02301027263197281  1.00000000000000000
  0.02430362077260857  0.05614306032664455  0.07387393390817019  0.08307281216445014
  0.08872537094296513  0.09044082306534466  0.09169515494928575  0.09291064556026606
  0.09418791952898646  0.09484601895513875  0.09550100439741027  0.09637456243465119
  0.09740147485858951  0.09838610863872177  0.09958834879368453  0.10080460340683015
  0.10285917368725854  0.10618624517484390  0.10994786772887420  0.11403895880241699
  0.11932809582761812  0.12744934536178978  0.13781676527359668  0.14858373288197982
  0.16060843444189046  0.17555623730849659  0.18978563992940622  0.20188008702730978
  0.21121559217093255  0.21849087969179609  0.22254553606293637  0.22702304235457241
  0.23443660937375713  0.24368889152669698  0.24832140545490097  0.25180030342256893
  0.25429231286718734  0.25760703227501436  0.26751812772210559  0.27762182645772115
  0.28620697339991968  0.29421932915273619  0.30341825753238583  0.31122105537796252
  0.31657710973209113  0.32191841829985840  0.33079178074907661  0.34810846993508110
  0.36366250779672737  0.38458640008166095  0.41548699916173620  0.44357184538511069
  0.46485328787652735  0.47036206886735366  0.47380937711711585  0.47691363183838370
  0.47994060840997477  0.48394218228368596  0.48994967132139222  0.49756090416276461
  0.50333029671410789  0.50879918517767619  0.51241123197695326  0.51460234894496426
  0.51679346591297526  0.52241264483446193  0.52970340256522974  0.53699416029599756
  0.54671744091139396  0.55657761455599042  0.57019881606460820  0.59316778294720895
  0.61378444742965899  0.63759425799864777  0.66529747984504750  0.68815837445054340
  0.70445264977809574  0.71530163144540693  0.72817543950897645  0.74064293388042246
  0.75091378296498712  0.76058953651009431  0.77358686666089671  0.78521047029355528
  0.79299936939231719  0.79835018322445872  0.80480667369529613  0.81582257591435925
  0.83779261722824749  0.86769148183439893  0.89009569877096750  0.90400520950327146
  0.91836718475476475  0.94067169184545263  0.97277535693808370  1.00000000000000000
  0.02341008089406495  0.02605097599757662  0.02644190407494103  0.02674781149614994
  0.02704529830062359  0.02745117830095673  0.02788085994104027  0.02831596547805468
  0.02888549286329979  0.02940004971675977  0.02995496623468302  0.03032625049711712
  0.03066039330622643  0.03109684287839470  0.03152057112603164  0.03183252330638348
  0.03207023280180463  0.03224134981506310  0.03242973172853491  0.03256798468402757
  0.03274530559675860  0.03294679660080303  0.03315763375809936  0.03330509708696430
  0.03340948187819075  0.03360920961879830  0.03378345832545599  0.03395564562105814
  0.03409777929686754  0.03417760524975015  0.03424129314270783  0.03431192235586280
  0.03441003887710008  0.03447538226607276  0.03454072565504544  0.03460422823368436
  0.03466243688642752  0.03472064553917067  0.03476520333954436  0.03479880053937428
  0.03483239773920420  0.03492191702529938  0.03498674658296896  0.03504456607364768
  0.03510708249173704  0.03529985276625231  0.03551059644167089  0.03571686561943749
  0.03605173941429148  0.03630275161885409  0.03655077524112910  0.03670527588531543
  0.03675813449555683  0.03679441791299447  0.03682259141051209  0.03688631699833993
  0.03696911829717259  0.03706818826472762  0.03716830830044125  0.03728183226430810
  0.03737730173212173  0.03752400751294313  0.03776857658535056  0.03808087130907559
  0.03836363237265179  0.03865122884958266  0.03894454214760051  0.03926467493846603
  0.03950588281630739  0.03974865724236081  0.03999072251203285  0.04022957699708527
  0.04060015605248955  0.04100601633418968  0.04166059935749559  0.04257019357744575
  0.04349023713305153  0.04433817686869677  0.04523891602205269  0.04647875004184181
  0.04773742634070254  0.04954704496740824  0.05161674520862424  0.05435327896271278
  0.05727764467598548  0.06098614002257889  0.06538297484337006  0.06997198015031482
  0.07329393426977417  0.07692739036656296  0.08095481740085597  0.08673727117313317
  0.09479354150149413  0.11374885752793519  0.58886406189617524  1.00000000000000000
  0.02259858805507610  0.03387936717731224  0.03515342110744182  0.03601881593936328
  0.03674140353057207  0.03757972456640331  0.03962546856765774  0.04232645075108558
  0.04308105932219979  0.04346527505520352  0.04361629905177328  0.04376781734935597
  0.04397883781874169  0.04441677143366908  0.04529458627121853  0.04596358273087124
  0.04650382231165709  0.04689588420301249  0.04716257522800607  0.04726800156886567
  0.04737342790972526  0.04748058406019156  0.04758896851808034  0.04772968749787349
  0.04822265849083142  0.04871562948378935  0.05017028114063449  0.05189634168238717
  0.05306927047775366  0.05394793030862122  0.05480047973765197  0.05586726315981711
  0.05694545085522777  0.05767555313058724  0.05838195702912069  0.05904089542802887
  0.05994943453718681  0.06102323661500235  0.06217904083442537  0.06324096860705376
  0.06471738901397545  0.06585976030072357  0.06711625470109359  0.06846814953739516
  0.07029777888911838  0.07212650352148407  0.07395473983580599  0.07619764932807775
  0.07861238089118479  0.08137036753086527  0.08484257527794196  0.08693691745561223
  0.09008334461877857  0.09186661138630060  0.09318552218950195  0.09457277762384698
  0.09889926912681760  0.10273539359772643  0.10389631024903831  0.10514349936724260
  0.10664763833554261  0.10909067167110853  0.11204284894674525  0.11421319746113315
  0.11614942684003658  0.11773643770703388  0.12025374795430675  0.12228750308545375
  0.12420141535722763  0.12520292522993370  0.12575528642932315  0.12618789609330408
  0.12660422979780067  0.12702050149448346  0.12757911432923186  0.13071656612167465
  0.13291861357939602  0.13605572768186325  0.14021229473463478  0.14559479576372519
  0.15161259979835420  0.15564167013695779  0.15961851691103765  0.16190465954891531
  0.16441453869623704  0.16754409241270504  0.17425857550865492  0.17980344927485331
  0.18486776095897800  0.19020610605598409  0.19735854468070385  0.20543229512759148
  0.29573084068997257  0.49369209551632887  0.69165335034268249  1.00000000000000000
 -0.00413912876622695  0.01759353646043850  0.02938845402393172  0.04336079807688045
  0.05907930594524011  0.06854692608688795  0.07808329343441900  0.09345970702405010
  0.10859496245831234  0.12172625382412383  0.13456579156717358  0.15474352298335142
  0.16528987349647645  0.16889484214514086  0.17249981079380527  0.17544343528697093
  0.17821792393576194  0.18128464551647966  0.18518339580324103  0.18908214609000240
  0.19598281149406335  0.20622514217352439  0.21885717537068361  0.23440694537963713
  0.25043845561981859  0.26090297230847359  0.26755515416629422  0.27299546359468974
  0.27733529050022787  0.28023301357653707  0.28354573092935897  0.29248219726239255
  0.30141290608230747  0.31071647717967266  0.31896567092795414  0.32677785259331854
  0.33217387690628913  0.33699660451251373  0.34500520780508809  0.35537402261707574
  0.36180931241280490  0.36666991756836481  0.37541655448761058  0.39226232932856964
  0.41922933083600550  0.44455690992217739  0.46052675247716740  0.46805901961698798
  0.47409401954207803  0.48045114011440282  0.48775676959659592  0.49650868200379600
  0.50543733312475458  0.50944043985412524  0.51180921833154036  0.51603930792519725
  0.52316978249822788  0.54752578065615942  0.57086233847459011  0.59193100142185229
  0.60374353155339366  0.60792908363790810  0.61217884228554897  0.61644466813940546
  0.62083310932296631  0.62417678526024889  0.62619650261674908  0.62769124126006903
  0.62917171899430790  0.63057677071252671  0.63203656249359141  0.63373417880391703
  0.63603278300677057  0.63949592897863328  0.64147249779244431  0.64344006786022090
  0.64543640498415789  0.64726278744119925  0.64907155668171712  0.65160626236685060
  0.65913694369784392  0.66687363929044596  0.67373446570175743  0.68257983460145777
  0.69041349591871148  0.69764583077513531  0.70469174348552688  0.71880454835916086
  0.73690183616468430  0.75033227285826787  0.76699552873497612  0.78330757389036831
  0.79948558977540385  0.82632405125723984  0.88621501412977188  1.00000000000000000
 -0.01461408485826129  0.06700162524694872  0.10617423500694669  0.13229177162622641
  0.14972847277185836  0.15850366149350861  0.16828637459841356  0.17935193410308356
  0.18548416820198610  0.18895368828726949  0.19250519340532901  0.19597654585898749
  0.19922551743891956  0.20581748822614490  0.21552853038970501  0.22889586523739658
  0.24032229167138264  0.25488323624915349  0.26853986913565892  0.28403495497646353
  0.30852345510827950  0.34353809465068413  0.36950391881745137  0.38455052178920662
  0.39736131212993142  0.39927533931748971  0.40157412927084779  0.40335650623808783
  0.40517978050491693  0.40706097855274914  0.40941224922779085  0.41226930957015706
  0.41610386743807654  0.41911326644689478  0.42208591691973490  0.42574935370394046
  0.42932574350641228  0.43275878685457592  0.43590485191315964  0.43999127328415871
  0.45253411188068482  0.46604354863694991  0.47698365021267991  0.48848135870116116
  0.50193079000053076  0.51932460359595634  0.54803483449114176  0.56114167563948614
  0.57022695648721833  0.57803680856186113  0.58829658420268738  0.59892533501691503
  0.61166660285532704  0.63298666017420824  0.66657060165211868  0.67464315724437662
  0.67893043790056795  0.68083080293896381  0.68431468060219858  0.68786039810487931
  0.68988601475629086  0.69184660663527164  0.69939970070268265  0.71320399552980573
  0.72465314639386114  0.73034183325198043  0.73273126454138615  0.73686733885453803
  0.74199784569738103  0.74616384470824626  0.75053518628782012  0.75648663426891838
  0.76274798246166742  0.76857650291650448  0.77309849255205865  0.77753777411693847
  0.78191277156390271  0.78666758262244230  0.79160213077615271  0.81076005562547426
  0.82230799653696740  0.83282542834268314  0.84362971965850164  0.85523925188011607
  0.86238399479382399  0.86938692028333475  0.87722056486789834  0.88748431643349668
  0.89774806799909512  0.90725856055320253  0.91628662957358564  0.92531469859396864
  0.94579770037593658  0.97118336258711591  0.98561030347996292  1.00000000000000000
 -0.00662855590973536  0.02153421139500920  0.04203043542426890  0.06554200013713078
  0.08134421588177644  0.09191304243724288  0.10301276049755004  0.11151976515644835
  0.12174545422477989  0.13173911536616006  0.13428360643211326  0.13685732208920148
  0.13946438673249933  0.14204402745105921  0.14555548766400117  0.15331463339991971
  0.16250377873548014  0.17537362146376806  0.20026670881002256  0.22256576639754808
  0.24172155989262520  0.25830021187168406  0.27550099513689064  0.29377149744605208
  0.31427378021028590  0.33387181314912201  0.35178980111405095  0.36774499953108986
  0.38286241415458483  0.40096576300625686  0.42059320181033910  0.44191008320429714
  0.46377919926823197  0.48509036967362656  0.50522189084922431  0.51505546193111429
  0.52094032669462642  0.52590753081896280  0.53159796619598931  0.53740018543854917
  0.54153734296633738  0.54670133932254694  0.55194618902521164  0.55739012515264397
  0.56275354359784335  0.57159015638478861  0.57554379510111231  0.57664581068598675
  0.57734955204635241  0.57805664517830246  0.57908188072825795  0.57993739589819504
  0.58084755167374036  0.58184197941092863  0.58300962011217772  0.58409988457735706
  0.58638014731819366  0.59400041293779771  0.60182170965112314  0.60946899403825849
  0.61457497630141955  0.62105740549028154  0.63093185336103930  0.64624842343598587
  0.68967312149253412  0.73530564821105815  0.76629289293026026  0.78887549125103940
  0.81079293855669210  0.83274550201251574  0.85489592291011585  0.87531253546122734
  0.89099980304950710  0.91049304943569798  0.92911327269720645  0.94578927177764993
  0.95968373525601469  0.96269745959044228  0.96442576901572352  0.96689716705831719
  0.96884134436101754  0.97302707821107914  0.97939024212981518  0.98506783260379804
  0.98761305283208767  0.98828338799967785  0.98846943462249082  0.98865548124530378
  0.98917324704405174  0.98973411949945367  0.99037249072885725  0.99125714555300026
  0.99214180037714328  0.99369368239895750  0.99600685993257021  1.00000000000000000
 -0.00303594465260527  0.01523329966473818  0.03294822790585914  0.04763692078382999
  0.05324557106965076  0.05772435807965967  0.06166206065514777  0.06589398859180143
  0.08698101548687415  0.10596069336380963  0.10758420753968780  0.10837734257068656
  0.10926071547057843  0.11189471457652571  0.11527156723869662  0.12139644073128203
  0.12766833407124786  0.13319508040734662  0.14298346452996197  0.14865823716963342
  0.15169442202359468  0.15790472768809358  0.16280760891724358  0.16539110075299698
  0.16958305310187521  0.17635584578881969  0.18452769868669150  0.19530042649082005
  0.21307516371993759  0.24047192705040787  0.26892000251925113  0.27939462991807529
  0.29370005325457160  0.30673548857378641  0.32332756506062582  0.33922140484852203
  0.34850142336259282  0.35778144187666361  0.36681779502215450  0.37549486870747956
  0.38417194239280461  0.39245259203282468  0.40041214633339933  0.40837170063397399
  0.42651816298890327  0.44962404704806808  0.46912181269068570  0.48350581971903300
  0.49429140385075926  0.50372427594130431  0.51323624603251938  0.52221931916534425
  0.53235464864904958  0.54453134725974461  0.55689963573936074  0.56205406893741139
  0.56397662432659812  0.56638697072070832  0.56926389318975690  0.57213194553440960
  0.57494412172102516  0.57819277856922657  0.58161554792239423  0.58350223904774057
  0.58715958570365456  0.59132999995681745  0.59673660241181681  0.60420397738219633
  0.60972346275351519  0.61515951220364018  0.63265271577211013  0.64973542780079052
  0.67152150228168961  0.70605104375597127  0.73786169384678324  0.75849542047551266
  0.77690706119514863  0.79613934208765469  0.80935583567224101  0.82183171909250852
  0.83412206271678502  0.84544150420336028  0.85492526698349069  0.86465250985660735
  0.87579799427871430  0.89153987010118918  0.91088059610065675  0.93177720383814255
  0.95097772592841701  0.95726528075573381  0.96212987196494204  0.96790458519814959
  0.97619931348487166  0.98435824185040055  0.99230166713233914  1.00000000000000000
 -0.00594346240985784  0.01796312785550160  0.03976939822967480  0.06121709154086916
  0.07976825863855212  0.09424780546895793  0.11447475127884726  0.14082137833410283
  0.17246185272994030  0.20719953258933277  0.23584512977212035  0.25921596250845047
  0.27320197334665486  0.28484922521836281  0.30085501630173694  0.32648965571115141
  0.36368225205399290  0.38776217928428736  0.39667770671838876  0.40181692972533156
  0.40767495666376746  0.41594130964544795  0.42369345306136752  0.42969006728889048
  0.43554990602322469  0.44128332925527647  0.44700990938315233  0.45303932873299607
  0.46309908498416646  0.47634335068929390  0.48683445671872699  0.49596281021778016
  0.50399872743715535  0.51157386053962695  0.51931965083604059  0.53167540316037398
  0.55487509408285085  0.57108025378159744  0.57764428723283889  0.58478155261351705
  0.60105666026468407  0.61890802094857733  0.63834238699411272  0.66227065181541944
  0.69287120655498413  0.70005802769844294  0.70880247033420263  0.71440262293632639
  0.71937750334042960  0.72704499494947539  0.73447499700545282  0.73999082602702149
  0.74962718824763663  0.75953841286169521  0.77126269011244375  0.78648916245574763
  0.81333744177079292  0.84529467818093729  0.86854913252048660  0.87964620325982501
  0.88316753859309860  0.88585811554165139  0.88814018102299153  0.89122631106440242
  0.89452692141686352  0.89839365429318985  0.90151769735075893  0.90501707563758960
  0.91023783033970573  0.91560172936594575  0.91854573193575606  0.92039051568637287
  0.92219080943658871  0.92334022740740018  0.92448964537821177  0.92542251275134035
  0.92615598971102708  0.92712903619518217  0.93123627770249406  0.93323629280618681
  0.93403917132567571  0.93546599289834087  0.94145920889840529  0.94996451653762271
  0.95429795436101783  0.95770116958783302  0.96190175268102640  0.96553969830840225
  0.97161653415335492  0.97713344633237220  0.98084655970222956  0.98510700666090101
  0.98919858036974584  0.99292102920314618  0.99650896868207761  1.00000000000000000
 -0.00839469157251694  0.04768083723342764  0.08735093785375549  0.11395141241219096
  0.12330077334152190  0.13495282806138401  0.14886888691043790  0.16349580144713183
  0.17875299835861588  0.19761409519776890  0.21588642093538998  0.22388166544817087
  0.23341382537918132  0.24295983177557676  0.25394440519394867  0.26572202306115600
  0.27551768355211609  0.28634921723643164  0.29445270613164609  0.30053845139064445
  0.30484161512342539  0.30913058835796342  0.31329495724619411  0.31942962004485642
  0.32488621243837501  0.33186125926351445  0.34051937725840037  0.35067727851931990
  0.36135061182222927  0.37319320838269848  0.38742746887893964  0.40597685394147603
  0.42388479079876651  0.44022266392467729  0.45509401304408015  0.47274050428889219
  0.48953028720115027  0.50625341722050576  0.51547066718005774  0.52468791713960961
  0.53534807562256326  0.54809486278418673  0.56084164994581009  0.57065217090721354
  0.57972215724431120  0.59026233466742817  0.60832319385258826  0.62219472029559897
  0.62931855741038956  0.63680212903994649  0.64768589039141178  0.65613855933422249
  0.66458345573857902  0.67404723240171394  0.67763677402964617  0.68019559167114041
  0.68332919379133694  0.68913000233091015  0.69807538600268559  0.70611596916508101
  0.71208416240546391  0.71598246530546272  0.71990803856337504  0.72357482088748792
  0.72541695056693423  0.72807549615083245  0.73128462808286498  0.73415334727404058
  0.73701416424783850  0.73987220106042817  0.74946392572843334  0.75402477984231286
  0.75909478883758585  0.76396577079614358  0.77467766210552591  0.78622437671528955
  0.80199736338972660  0.82460966984829986  0.84370068852833591  0.85629104383825427
  0.86171246671816026  0.86619193239575654  0.87123666382966314  0.88144235496850509
  0.88977683092874771  0.89744845006351082  0.90296330408914849  0.90682937838276090
  0.91042958729251100  0.91679814131858561  0.92763972249329785  0.94227012089998308
  0.95859750391686882  0.97250894656203335  0.98643896204649428  1.00000000000000000
 -0.00926952563108048  0.05559536376638256  0.08955844291939953  0.11463062112341359
  0.14613199665460841  0.16869641542287153  0.18701638370007531  0.20311256983355228
  0.22440790112022527  0.24405859258475521  0.26133418313977946  0.26856977129719961
  0.27470126621169483  0.27955803273929353  0.28705554477600992  0.29402521140544458
  0.30974100559415779  0.32539383445576159  0.34116847974151981  0.36329572327771797
  0.38333369293239428  0.39795363421705804  0.41016199507599993  0.42185694371250065
  0.42951136164454162  0.43700819466950841  0.44392751217365989  0.45084682967781142
  0.45779735290521528  0.46499340632478492  0.47218945974435456  0.47938551316392414
  0.48995927302310416  0.50068210538080482  0.51448140436106260  0.53802298157916773
  0.54995600877199036  0.55753960531077218  0.56301663734067375  0.56767665969939085
  0.57658228998172678  0.58480048079540392  0.59225715339883378  0.59783169543789560
  0.60319915911356292  0.61082303134704796  0.62237898777563694  0.64491570114768604
  0.66422524175628739  0.68217431071791235  0.70043777822484776  0.72014273839848297
  0.73018960510879538  0.73984326763561947  0.74722637281973225  0.75176201316273006
  0.75626708646659102  0.76031243263313864  0.76441508994119700  0.77047858539756331
  0.78102296869401333  0.79147554622645788  0.80088124248994708  0.80918991038201527
  0.81971023267952625  0.83468795934784235  0.84831714154665516  0.85711881397218914
  0.86618243344114065  0.87781448677138163  0.88983802572921755  0.89920559713016235
  0.90632759249365213  0.91391981129849476  0.92090754746629022  0.92810764331760720
  0.93242964629998837  0.93521868254932627  0.93824173017861490  0.94096034458130096
  0.94234128601740652  0.94351731957070861  0.94464326007704391  0.94568143981083486
  0.94768655724665984  0.94878003442365000  0.95016175286105398  0.95195241336194536
  0.95520976178834804  0.96079784378192334  0.96753928997445682  0.97511592434852645
  0.98195713475744240  0.98757419041259709  0.99274341928205134  1.00000000000000000
 -0.00101036283224363  0.00271648932580522  0.00782627741901286  0.01331133866065518
  0.01868272661648325  0.02493643937426227  0.03100283622177330  0.03648007292062444
  0.04218093076412583  0.04775468119488267  0.04983482636688496  0.05292164535126182
  0.05875429831516939  0.06640040284103804  0.07674145692477372  0.09029254869512605
  0.10534987988837337  0.11404868417726924  0.12344112293396613  0.13403972278370280
  0.14027622768524850  0.14264810417957102  0.14584549454495419  0.14876737499634785
  0.15248502270771358  0.16650299081465064  0.18245102396662127  0.19707728732600499
  0.21377206390113415  0.23169800106225574  0.25384977365189504  0.27509619862782086
  0.29394515192850057  0.30928258105124679  0.32209170441901991  0.33801969352713190
  0.35313178131334844  0.36814943263025424  0.38118913646766228  0.39296677865500401
  0.40585422737478616  0.41911827711152744  0.42604600707306783  0.43023861340790748
  0.43385935960950411  0.44265975644601802  0.45239533481931449  0.46245978725760040
  0.47429246304117478  0.48466695100134993  0.49445611107805082  0.51324420783912972
  0.52506868291192543  0.53014475605289191  0.53522082919385838  0.54116639987996529
  0.54713052336145507  0.55239324122440814  0.55711679449983520  0.56292496892228561
  0.57673780257782292  0.58762675899351369  0.60023246970198618  0.60970976109319797
  0.61952434097221021  0.62932035551097754  0.63823263062680602  0.64632359103863146
  0.65563958274199152  0.66256701027656095  0.67173932993365126  0.67794239166713977
  0.68255722021464582  0.68771609169785841  0.69305541700623008  0.70060998499953786
  0.71480722256809404  0.73116078888757818  0.74779839410945115  0.76414321357340909
  0.77624422106133228  0.78182249373254731  0.79011087028011684  0.79992012903494669
  0.81077582402733117  0.81826010014799377  0.82438043565816832  0.83262865303570277
  0.84085468984518164  0.85362962997419545  0.88044257750419364  0.91695593241596840
  0.94297312368844721  0.96661176924584180  0.98485644368625480  1.00000000000000000
 -0.00131845103097011  0.00616808913699254  0.00957018907504338  0.01322039435426606
  0.01565115667290432  0.01777355141171210  0.01967758538474420  0.02765677372090129
  0.03362112610761073  0.03868866581922501  0.04311609381356144  0.04468667712073818
  0.04622243736865728  0.04783603082660837  0.04963431514383215  0.05225476601190104
  0.05549394542515648  0.05791649610862730  0.05968819930416532  0.06114045104323117
  0.06537249095175442  0.07051632864713825  0.08131096661150100  0.09127189151216222
  0.09700980385635931  0.10536018709569230  0.11544052879425012  0.12360829678727808
  0.13183066869521320  0.14158858305597843  0.15575516932157410  0.16538716992568264
  0.17269840701076178  0.17973269154597799  0.18667873833293536  0.19618522807964162
  0.20757050081528947  0.21959809383381979  0.24282528639514944  0.26952328585771951
  0.29931973259144579  0.31423101842537626  0.33167845257149220  0.34914732125423942
  0.36526621777622409  0.37740827432957208  0.38183825086074508  0.38620319460788199
  0.39120237561380095  0.39804433323006977  0.40607238133481127  0.41377465399993046
  0.42043592891676823  0.42437333842932590  0.42769332435441976  0.43117017086230691
  0.43605762532441350  0.44073489348752670  0.44485426478398993  0.45025142860276746
  0.46207164685987501  0.47531548423736353  0.48685266661920418  0.49319107756312652
  0.49605234458933695  0.49958503869759147  0.50301722447326402  0.51084734896038508
  0.52226342943776849  0.53683714073304878  0.55856386177211803  0.58339475691266596
  0.61064935659837627  0.63034870669946941  0.64899807875189208  0.66856875254845061
  0.69149036916034912  0.71421917555591530  0.72799047889563262  0.74268041587320455
  0.75829673303184331  0.76636411716671859  0.77397444846325369  0.78221884384445139
  0.79140781211383759  0.80059678038322390  0.80838191750389876  0.81486663929931613
  0.82135136109473350  0.83249187169346273  0.84617138008219539  0.88344785862499986
  0.91266747967635531  0.94528082531290725  0.97080558464113975  1.00000000000000000
 -0.00047572884239181  0.00473513677443079  0.01078367572567859  0.01449422558356726
  0.01774870928622838  0.02114671427776418  0.02513135415718621  0.02858767655306240
  0.03046609038805802  0.03234450422305363  0.03414117401089375  0.03593617686142081
  0.03966574519549936  0.04513836109099977  0.05293515719863993  0.08850779436386536
  0.12125106316861450  0.14827043912716292  0.17478526175752021  0.19952836651378289
  0.22194962050079439  0.23933192855514746  0.25214930804424718  0.26498392226707257
  0.27938453631912324  0.28589605690321213  0.29116847389430411  0.29645183445842538
  0.30247394453563353  0.30824131891129869  0.32612025405010953  0.34804467803145123
  0.38005298214173511  0.40784257387770834  0.42550659400569102  0.44214158082111271
  0.45680096013089122  0.48727585426780784  0.52235815432916866  0.56162971651489757
  0.59044327085659332  0.61134258875280634  0.62429673370325978  0.63460551304834767
  0.64222415461056670  0.64887424365024271  0.65522008098627837  0.66546174013015147
  0.67949073319995867  0.69799919612249028  0.71722020869427283  0.73230934187538699
  0.73563716745718022  0.74023747388996564  0.74547461169692131  0.74971835066965131
  0.75359764433263576  0.75779916197442254  0.76369017472317169  0.76703856682015092
  0.76912157947141280  0.77317518378082395  0.77737516513764449  0.78020723756859311
  0.78521709392083361  0.79322438547313601  0.80103349742224372  0.80623944274207615
  0.80962647421926370  0.81263256312912424  0.81555657667857739  0.81884739004870921
  0.82279791132776725  0.82676736425551467  0.82966663273216890  0.83255260979029633
  0.83532197656654805  0.83948263754534524  0.84444898143766534  0.84954158631952603
  0.85504167084505023  0.85947848471204802  0.87741998446541125  0.88857058210358997
  0.89806298635274562  0.90594269445649112  0.91121593322776007  0.91556789264602600
  0.92078874770243446  0.92787375027024499  0.93533288491055733  0.94453164867613471
  0.95479650280775885  0.96585922612528385  0.98104714058434594  1.00000000000000000
 -0.00468425688406357  0.02643151062284768  0.05721866071685813  0.08430411434346130
  0.11031124643507868  0.13276026786784204  0.15490157441873748  0.17803393381658078
  0.20547311274322605  0.21719578221287050  0.22681061526205615  0.23638829121615013
  0.24585866067529985  0.25532903013444957  0.26679436619447344  0.27906953339275231
  0.29142765091518058  0.30496488534538280  0.31865398521442906  0.33289284089396870
  0.34725460609489811  0.36144312900725994  0.38105886396424349  0.40405469409355421
  0.43499851781809379  0.45625767636215109  0.46327402422760261  0.47015033915008553
  0.47465355767843825  0.47772624006638192  0.48253434573000487  0.48788380327526626
  0.49369241885157028  0.49659449218488849  0.50046377010291232  0.50309550726229502
  0.50852123506237978  0.51780219055085897  0.53108724921462858  0.54618053272396172
  0.55748327727645919  0.56604014696043126  0.57649516568258075  0.59164762553087058
  0.60521921123278088  0.62273657978046548  0.63598745209396468  0.64695476569950272
  0.65316476069433971  0.65564327533389688  0.65829031507302616  0.66263386837667670
  0.66901537539035594  0.67493181652480350  0.67785318200566014  0.68029629271416647
  0.68226095511904383  0.68392310747387908  0.68475085864479168  0.68557401445597710
  0.68639545204898222  0.68721936597992794  0.68883181399271809  0.69093135937087213
  0.70386526904252844  0.71752804548688165  0.73628201251620085  0.76550449482447547
  0.79072010737279907  0.81023961468778161  0.82119055547591358  0.83054321201754677
  0.84117357946241056  0.84963117789655151  0.85654884815280463  0.86061964978430372
  0.86576981412772103  0.87003276667817242  0.87436882046807551  0.87915640629054093
  0.88433728992966210  0.89502214879858355  0.90714777533099267  0.91836816143451172
  0.93155921602505731  0.94523245125905886  0.95225888858869945  0.95613206204339152
  0.96413493977683562  0.97282685471683128  0.97746254078896377  0.98085268368654388
  0.98395088323258673  0.98717283906095588  0.99286294118785745  1.00000000000000000
 -0.01246469087451487  0.03186978412513265  0.06461081074082088  0.08633518136818319
  0.09072119064151271  0.09443995693396526  0.09868038873108689  0.10268247211890619
  0.10712498366019393  0.11308274634029393  0.12444399343101289  0.13488491676783151
  0.14604478577734176  0.15959230142745762  0.19628986704063534  0.22522109695750017
  0.25282027593590639  0.26930266718224050  0.27598020642837756  0.28684035842985195
  0.29694759299623624  0.30419191434408976  0.31148969567182971  0.31987182440716566
  0.32825395314250161  0.33788146608272907  0.34789459444733212  0.36202493407580277
  0.37857947523675317  0.39355188377527561  0.40749165285056826  0.42570575604940630
  0.43831770921798713  0.44769058942745765  0.45198998251383787  0.45467143781905639
  0.45771314822401277  0.46112794685754788  0.46412029227416846  0.46734211694553257
  0.47090141774765126  0.47464740808211897  0.47886791855125527  0.48394183181604583
  0.48766174965648651  0.49096765033204837  0.49440707995854000  0.49812387369720046
  0.50395565358298278  0.50932507236846325  0.51445567550167026  0.51716423339904516
  0.51945469681501089  0.52126462014513553  0.52213530922376850  0.52363844770934143
  0.52518289379634830  0.52850356290808120  0.53448878631908003  0.53860293069199661
  0.54226945678978788  0.54558890974882446  0.54717149074668692  0.54879370568386576
  0.55182346284643968  0.55787960328736463  0.56981499108440292  0.60239425107239752
  0.62505202090909018  0.63888673150157482  0.64885586503639636  0.66081596042481650
  0.67205758704296370  0.67759665505191613  0.68313572306086845  0.68923893258336533
  0.69560853027699265  0.70209069314843342  0.71246775530555606  0.72284481746267881
  0.73889028505461107  0.76557307307099209  0.79238827060508177  0.80750860733799168
  0.81714076414972414  0.82661644728504780  0.83365353095365891  0.84312017785372906
  0.85253377854315870  0.86231023550989916  0.87595665555367208  0.90112732261848183
  0.93031891562695002  0.95548404850744706  0.97665699293200980  1.00000000000000000
 -0.01725265352379350  0.51993943371000673  0.55355277512256329  0.58136634017812117
  0.61035918561680258  0.65356662667291576  0.68259638071491147  0.70283655208608009
  0.72823641506302639  0.73794947676944411  0.74581968439469304  0.75267492733869168
  0.75932277653072278  0.76584955346012273  0.77260960176910098  0.77794493982391788
  0.78128988139354782  0.78564043457832111  0.79099594984920563  0.79450927110045422
  0.79653875172579602  0.79836862227755290  0.80036766415558702  0.80241345857565882
  0.80405978768306785  0.80571321342144930  0.80740865854324551  0.80839166046656807
  0.80929257531868926  0.81017651024369752  0.81152538575092703  0.81467171018060314
  0.81934092367329003  0.82239560359790131  0.82376711933950608  0.82453316146952915
  0.82532252278129115  0.82659607235434818  0.82885173689016078  0.83067412313719713
  0.83267066297491710  0.83490162649429223  0.83659401966221281  0.83762919329803354
  0.83886286789813991  0.83963882586517768  0.84047565582960393  0.84150056075643287
  0.84307076384148971  0.84490890515791373  0.84719762931160603  0.84852841604511253
  0.84956189507599833  0.85075956598551983  0.85303232864645517  0.85682753203213513
  0.86204060896667356  0.86776601969235301  0.87261438047596906  0.87517885690801178
  0.87601323888186444  0.87686233686526371  0.87770864696480033  0.87898829036680470
  0.88084073445035271  0.88182183750897780  0.88227826172001900  0.88273466968320624
  0.88319025736656764  0.88364584504992894  0.88410220019142716  0.88455925674427982
  0.88504531115326612  0.88636982235210382  0.88774202334581942  0.88924099681918489
  0.89070090246633116  0.89215549431258656  0.89319352712402833  0.89388290047433550
  0.89456012847137434  0.89654582564595253  0.90117881115327370  0.90815212636526299
  0.91646126687378549  0.92411051180677040  0.93001409300536408  0.93368613649054277
  0.93648694590708448  0.93940695713074540  0.94192142546921875  0.94438607414239650
  0.94698226351168791  0.95582837112197960  0.97387198732994729  1.00000000000000000
 -0.02816064993716247  0.05062240164252677  0.12111611536439135  0.14844557491022051
  0.17450348661790410  0.19794153803653755  0.23420853522651572  0.27518771573651629
  0.31503784600480150  0.35064023498845803  0.37653313070727229  0.39305260836727784
  0.40630134717729960  0.42118166054313599  0.43891481613694933  0.45645483515084156
  0.46347129897442557  0.46759238011834264  0.47114244024504520  0.47390317356036554
  0.47538485340410203  0.47668887939733068  0.47833097033249056  0.48038215011893565
  0.48234314930045097  0.48424287535650634  0.48593766690282680  0.49029639702188410
  0.49277491883743124  0.49566990421528406  0.50321327923356174  0.51113764648441717
  0.51521819961574744  0.51855631322159779  0.52101587320439990  0.52280527055986503
  0.52493056536400706  0.52879649865745249  0.53305825034896093  0.53593935250732183
  0.53942283416301384  0.54392526362488536  0.54907755163855276  0.55049387735177302
  0.55191020306499317  0.55408960193270695  0.55655409474212936  0.55902341221053642
  0.56150893165488502  0.56399445109923374  0.56792375286476959  0.57256282843336970
  0.57764955531570428  0.58242439820643088  0.58739008840934848  0.59278516958012051
  0.59710444505275562  0.60210700422738539  0.60819745193155117  0.61740454653363597
  0.63198641266652722  0.64307359339689840  0.64947910139168064  0.65342603717596892
  0.65588933380643966  0.65948187486454102  0.66312875091181145  0.66708864658020306
  0.67188680739543427  0.67592022930902651  0.67995479617789178  0.68499214624927729
  0.69155300526784047  0.69444455391277082  0.69726044933770603  0.70013166480325251
  0.70321967108035432  0.70849063027751447  0.71425082919754945  0.71818788151317525
  0.72024337578185427  0.72230538297107061  0.72437604345098938  0.72666359064714747
  0.72925720675329353  0.73427122558538127  0.73931394268702555  0.74351132824077759
  0.74665736520137449  0.75244521294053068  0.76297497167416795  0.78088918148064923
  0.80056103121475197  0.82480080024965297  0.86005425515013190  1.00000000000000000
   2.8055666769775592E-017  -1.0000000000000000     
 T F F F F F F F F F F F F F F F F F F F T F F F T F F F F F F F F F F F T F F F T F F F F F F F F F F F F F F F F F F F T F F F F F F F F F F F F F F F F F F F F F F F F F F F F F F F F F F F F F F F F F F F F F F F F F F F F F F F F F F F F F F F F F F F F F F F F F F F F F F F F F F F F F F F F F F F F F F F F F F F F F F F F F F F F F F F F F F F F F F F F F F F F F F F F F F F T F F F F F F F F F F F F F F F F F F F T F F F T F F F F F F F F F F F T F F F T F F F F F F F F F F F F F F F F F F F T F F F T F F F F F F F F F F F F F F F F F F F T F F F T F F F F F F F F F F F T F F F T F F F F F F F F F F F F F F F F F F F T F F F F F F F F F F F F F F F F F F F F F F F F F F F F F F F F F F F F F F F F F F F F F F F F F F F F F F F F F F F F F F F F F F F F F F F F F F F F F F F F F F F F F F F F F F F F F F F F F F F F F F F F F F F F F F F F F F F F F F F F F F F F F F F F F F F T F F F F F F F F F F F F F F F F F F F T F F F T F F F F F F F F F F F T F F F T F F F F F F F F F F F F F F F F F F F T F F F
  <DiscreteSampler_grid>
  grouped_processes
  1 # 1 for a reference and 2 for a running grid.
  10 # Attribute 'min_bin_probing_points' of the grid.
  1 # Attribute 'grid_mode' of the grid. 1=='default',2=='initialization'
  0.0000000000000000 # Attribute 'small_contrib_threshold' of the grid.
  0.5000000000000000 # Attribute 'damping_power' of the grid.
 # binID   n_entries weight   weight_sqr   abs_weight
    16   10   8.316965872887320E-021   6.561057000894885E-040   8.316965872887320E-021
    17   10   8.316965872887511E-021   6.561057000895185E-040   8.316965872887511E-021
    19   10   8.888388623996682E-021   7.393261412404265E-040   8.888388623996682E-021
    20   10   8.888388623997019E-021   7.393261412404844E-040   8.888388623997019E-021
    22   10   6.490712921771667E-021   3.554720949725870E-040   6.490712921771667E-021
    23   10   6.490712921771952E-021   3.554720949726200E-040   6.490712921771952E-021
    28   10   8.316965872887310E-021   6.561057000894868E-040   8.316965872887310E-021
    29   10   8.316965872887477E-021   6.561057000895127E-040   8.316965872887477E-021
    31   10   8.888388623996693E-021   7.393261412404287E-040   8.888388623996693E-021
    32   10   8.888388623997066E-021   7.393261412404926E-040   8.888388623997066E-021
    34   10   6.490712921771689E-021   3.554720949725898E-040   6.490712921771689E-021
    35   10   6.490712921771992E-021   3.554720949726249E-040   6.490712921771992E-021
    40   10   8.316965872887447E-021   6.561057000895087E-040   8.316965872887447E-021
    41   10   8.316965872887471E-021   6.561057000895119E-040   8.316965872887471E-021
    43   10   8.888388623996614E-021   7.393261412404145E-040   8.888388623996614E-021
    44   10   8.888388623996998E-021   7.393261412404797E-040   8.888388623996998E-021
    46   10   6.490712921771570E-021   3.554720949725753E-040   6.490712921771570E-021
    47   10   6.490712921771893E-021   3.554720949726124E-040   6.490712921771893E-021
    52   10   8.316965872887416E-021   6.561057000895038E-040   8.316965872887416E-021
    53   10   8.316965872887435E-021   6.561057000895057E-040   8.316965872887435E-021
    55   10   8.888388623996663E-021   7.393261412404231E-040   8.888388623996663E-021
    56   10   8.888388623997013E-021   7.393261412404817E-040   8.888388623997013E-021
    58   10   6.490712921771617E-021   3.554720949725810E-040   6.490712921771617E-021
    59   10   6.490712921771923E-021   3.554720949726156E-040   6.490712921771923E-021
    64   10   3.647960697035032E-020   1.315612782842032E-038   3.647960697035032E-020
    65   10   3.647960697034594E-020   1.315612782841712E-038   3.647960697034594E-020
    67   10   3.130781638160162E-020   9.318563432658812E-039   3.130781638160162E-020
    68   10   3.130781638159960E-020   9.318563432657583E-039   3.130781638159960E-020
    70   10   1.626861458270716E-019   2.535462866982902E-037   1.626861458270716E-019
    71   10   1.626861458270686E-019   2.535462866982810E-037   1.626861458270686E-019
    76   10   3.647960697034940E-020   1.315612782841966E-038   3.647960697034940E-020
    77   10   3.647960697034510E-020   1.315612782841652E-038   3.647960697034510E-020
    79   10   3.130781638160221E-020   9.318563432659158E-039   3.130781638160221E-020
    80   10   3.130781638159972E-020   9.318563432657662E-039   3.130781638159972E-020
    82   10   1.626861458270725E-019   2.535462866982930E-037   1.626861458270725E-019
    83   10   1.626861458270682E-019   2.535462866982798E-037   1.626861458270682E-019
    88   10   3.647960697035022E-020   1.315612782842025E-038   3.647960697035022E-020
    89   10   3.647960697034588E-020   1.315612782841709E-038   3.647960697034588E-020
    91   10   3.130781638160204E-020   9.318563432659068E-039   3.130781638160204E-020
    92   10   3.130781638159979E-020   9.318563432657708E-039   3.130781638159979E-020
    94   10   1.626861458270725E-019   2.535462866982931E-037   1.626861458270725E-019
    95   10   1.626861458270684E-019   2.535462866982804E-037   1.626861458270684E-019
    100   10   3.647960697034940E-020   1.315612782841966E-038   3.647960697034940E-020
    101   10   3.647960697034505E-020   1.315612782841648E-038   3.647960697034505E-020
    103   10   3.130781638160262E-020   9.318563432659411E-039   3.130781638160262E-020
    104   10   3.130781638159999E-020   9.318563432657833E-039   3.130781638159999E-020
    106   10   1.626861458270734E-019   2.535462866982958E-037   1.626861458270734E-019
    107   10   1.626861458270682E-019   2.535462866982796E-037   1.626861458270682E-019
  </DiscreteSampler_grid>
