  0.02414019272582659  0.03224263071462972  0.04055502939378024  0.04818244373315687
  0.05919145327290511  0.07528066972620949  0.10409050083366947  0.14308905577517919
  0.17012409462557068  0.19015641803683253  0.20969890146475217  0.22353685197653084
  0.23640173553403243  0.24692979959950814  0.25551143717495406  0.26136831972105895
  0.26573355075975852  0.26977742526080301  0.27289476325347650  0.27599205409372984
  0.27895055490662624  0.28200227672200190  0.28548646435732483  0.28884398869756484
  0.29174740371827595  0.29465081873898707  0.29870054755658737  0.30288539722124180
  0.30797480996899718  0.31377066164633882  0.31921278839083478  0.32415118065412035
  0.32838224704941760  0.33226543129446245  0.33663005309932625  0.34189643897837091
  0.34710840283298028  0.35112615383728313  0.35436071049656342  0.35787052442041589
  0.36315948702315237  0.36826577982844150  0.37337721162876347  0.37921815074381521
  0.38378297019045293  0.39456431961918781  0.42430268165445251  0.46186668490863986
  0.47028356712341585  0.47603807882388133  0.48092913507163138  0.49044188438673281
  0.50724219746295907  0.51479445542797808  0.52179768726967590  0.52833898209169206
  0.53619343141224718  0.54492510749456180  0.55337880485523816  0.56758027895211061
  0.59219597474805485  0.60234787206182194  0.60921594277637192  0.61874525290032334
  0.62758968460545106  0.63754303951133851  0.65562935099378872  0.67520817029310010
  0.69617266929858279  0.70474612256249336  0.71038035625610285  0.71601458994971223
  0.72164882364332172  0.72694214561967629  0.73182728524010998  0.73671242486054367
  0.74159756448097747  0.74580960150107334  0.74836099275714540  0.75091238401321736
  0.75346377526928932  0.75889290599461023  0.77632498496469893  0.78627844664211544
  0.80612499886599776  0.82548420658117272  0.83839327104187689  0.84589520558141107
  0.85413460834444299  0.86067612158959717  0.87255304269851164  0.88985104518074065
  0.91181706615693514  0.93608752231868864  0.95647367726523336  1.00000000000000000
 -0.00002879050903234  0.00057202966076261  0.00108628838349158  0.00160721376713118
  0.00196960391047520  0.00204893064664412  0.00211639971037015  0.00221734854022941
  0.00232713664081824  0.00241288410459510  0.00246132516357239  0.00250588474420571
  0.00255047089816825  0.00260512630848320  0.00267308474190936  0.00274479126661788
  0.00279093708655907  0.00283550449978124  0.00288132573891749  0.00292728576884529
  0.00303699806748238  0.00314996440518344  0.00330620682063061  0.00347635671454904
  0.00377364387710629  0.00404545901335583  0.00421976066879641  0.00440491223476474
  0.00464417391094089  0.00482663188279671  0.00500440251271201  0.00519053863201347
  0.00537020079446794  0.00558998657565605  0.00580635158943367  0.00606755456436116
  0.00633381052839156  0.00673038799455231  0.00723192473162483  0.00770396540321443
  0.00809264077069475  0.00825014767460342  0.00854991376335484  0.00875493922089061
  0.00890996293601933  0.00907968510382343  0.00928374249434887  0.00950012238417370
  0.00975510838815333  0.00998050906522597  0.01010722211856024  0.01019209292510886
  0.01028474657599954  0.01041345338724346  0.01054659114614150  0.01064459321552740
  0.01074947052746340  0.01089117393835110  0.01112711133570867  0.01143418548672963
  0.01171677584954610  0.01194243082268663  0.01210031678729318  0.01220847117551328
  0.01241903477042188  0.01258485965830739  0.01267654113442667  0.01277511592636763
  0.01298303296747177  0.01320957376581853  0.01350092248132917  0.01401482802749877
  0.01444064973832086  0.01469998239436036  0.01483053159917945  0.01496108080399854
  0.01509163000881762  0.01518350592994443  0.01526704668539634  0.01535058744084824
  0.01542654638077900  0.01546179737620045  0.01549704837162189  0.01553229936704334
  0.01557894659131766  0.01563888276499325  0.01570203465407155  0.01578138402994923
  0.01586073340582691  0.01590990575136404  0.01595522597313134  0.01605964325497321
  0.01636128135199704  0.01745576630456247  0.01905941641931474  1.00000000000000000
  0.02625421762210785  0.04391824533177928  0.06803861568758332  0.08601862916734392
  0.09325456916103221  0.09609455388725426  0.09967851731349531  0.10367900600013555
  0.10625520896045983  0.11063974892588462  0.11496247792272943  0.11724180619454821
  0.12086937075915058  0.12525059761707555  0.13251242389711151  0.13933474438441595
  0.14509565245305900  0.15085656052170202  0.15661746859034506  0.16289004457050493
  0.16939366918881679  0.17589729380712868  0.18240091842544054  0.18749363702882835
  0.19209525543737599  0.19669687384592363  0.20129849225447125  0.21003309687636287
  0.21882547226984431  0.22605980791798561  0.23137020153160651  0.23843060476470151
  0.24627171829897179  0.25446654967451687  0.26187062860479826  0.27018384895938929
  0.27940315796077464  0.29161687695348742  0.30744766731950368  0.32349855219629137
  0.33646862370175373  0.34660704370735845  0.36131713241672553  0.38495063684246777
  0.39993616609745714  0.41047934786154927  0.42223782959512512  0.43907547293070015
  0.45566128538333134  0.47166777411387140  0.48015284374095080  0.48469986242351548
  0.48985144228802358  0.49516377974718401  0.50009930943086378  0.50473273317351441
  0.52201310323358985  0.53565121523904624  0.54841554554295169  0.55649849087398662
  0.56148380799147801  0.56714240101945235  0.57459755228718368  0.58205270355491501
  0.58982861749519355  0.59761805549058378  0.60927071279538869  0.62673904273203951
  0.63777641619548653  0.64402316523720970  0.64654716291076875  0.64948649779349166
  0.65328529459717177  0.65641432950979139  0.65995206391068151  0.66386137404089562
  0.66724451534561680  0.67025029997411623  0.67435313903179650  0.67833727322683712
  0.68186481394165910  0.68604747964595880  0.69106997829714911  0.70703544573626587
  0.72185782572680368  0.73406143936270707  0.74827801988528009  0.76473539442100036
  0.79175007182252277  0.82452336264257398  0.85016084515811274  0.87447868260076289
  0.90226598842198713  0.93962079478561122  0.97244636066590995  1.00000000000000000
 -0.00000009355665958  0.00000123074981339  0.00000330958102515  0.00000369436671697
  0.00000438703080715  0.00000562282327671  0.00000759271064145  0.00001019916982572
  0.00001247964562498  0.00001421921711769  0.00001561758288513  0.00001682435515162
  0.00001809885896160  0.00001907108512059  0.00001959613344315  0.00002003647942806
  0.00002037769985022  0.00002079015834185  0.00002112111696749  0.00002143073019513
  0.00002198280434551  0.00002271059624513  0.00002352130957486  0.00002423714678258
  0.00002468044508638  0.00002502498035605  0.00002533885332296  0.00002545789626948
  0.00002554177767707  0.00002560677932953  0.00002567130090374  0.00002576500087323
  0.00002585159637693  0.00002589905187384  0.00002594016570065  0.00002598312548297
  0.00002604586085585  0.00002613597382298  0.00002623863129495  0.00002633885980991
  0.00002643284228571  0.00002673619416519  0.00003966637155620  0.00004589565848018
  0.00004629823823747  0.00004670081799476  0.00004710339775205  0.00004750597750934
  0.00004786372867007  0.00004819572207517  0.00004852771548027  0.00004885970888537
  0.00004919170229046  0.00004944909544215  0.00004962805288515  0.00004980701032814
  0.00004998596777113  0.00005016492521412  0.00005051945071567  0.00005136888249384
  0.00005223403726172  0.00005328386046867  0.00005430695052640  0.00005551190947192
  0.00005702703800779  0.00005861360221305  0.00006021097878422  0.00006159517476923
  0.00006328621188305  0.00006541382616762  0.00006794429437702  0.00007108091802026
  0.00007601728620257  0.00008298031611877  0.00009351591069787  0.00010356383918180
  0.00011306624643737  0.00012575185843790  0.00014195427047935  0.00015966280058942
  0.00017876797719162  0.00019567226544515  0.00020914396425563  0.00022168583649266
  0.00023562368009642  0.00025819311524401  0.00028357230434056  0.00034059590150421
  0.00043422245203596  0.00053612144610765  0.00064349324942742  0.00080550896041477
  0.00138803111126779  0.00814651671456471  0.44081458794372891  1.00000000000000000
  0.01960667473522647  0.02103340255495767  0.02171680813894596  0.02230436766936010
  0.02258369648342501  0.02274189505272289  0.02288064132464327  0.02303096186001541
  0.02325127043729390  0.02355591553418504  0.02437483528323168  0.02533539615557941
  0.02630428280267265  0.02746882048335824  0.02917606442082434  0.03093416932393596
  0.03246645503240572  0.03375023904584668  0.03489913504265518  0.03550282638024581
  0.03585273258258098  0.03620365168066195  0.03646480022100854  0.03665766790440989
  0.03698016935165802  0.03737406720459714  0.03781550121059537  0.03828646756240280
  0.03883704510206048  0.03924647971901076  0.03960749639456752  0.03995169389690497
  0.04040755518480596  0.04117878339191550  0.04175586372356269  0.04217657228537774
  0.04250837431570271  0.04284662960849953  0.04315448229653092  0.04329181730848308
  0.04339530539929890  0.04348254122099834  0.04356535660565523  0.04364601243191432
  0.04379032278316242  0.04393638513702188  0.04405114475507024  0.04417429145844276
  0.04448109913395352  0.04489817080336814  0.04516716379123042  0.04522547312758263
  0.04528378246393484  0.04534209180028704  0.04540177565326409  0.04546905527720212
  0.04553633490114014  0.04560361452507816  0.04567089414901618  0.04574307733427960
  0.04582839615384671  0.04591371497341384  0.04599903379298095  0.04608435261254808
  0.04623636844016172  0.04649251471116095  0.04674866098216018  0.04880645437380403
  0.05125491695548053  0.05344420505068383  0.05513937906167905  0.05662332603960053
  0.05808197431842735  0.05981366288540622  0.06074278110124850  0.06111637890537445
  0.06146661598663825  0.06192208352261146  0.06249137806070308  0.06289427659903409
  0.06336748830560092  0.06412248558900104  0.06550843490700353  0.06634976505984373
  0.06663689060316169  0.06698255737456701  0.06749285208392525  0.06854380640733346
  0.07432904221914635  0.07949603072336932  0.08721561124800677  0.09534403530691199
  0.10200718062994435  0.11180008318108847  0.24122936176275156  1.00000000000000000
 -0.00312693421595517  0.01553653447900648  0.02590386886546079  0.04004818857524615
  0.05809186615883592  0.07365996569456502  0.08208702320660166  0.09347274626658271
  0.10995244317781185  0.11764971360177934  0.12160996223524032  0.13571272380680666
  0.14648969999347169  0.15115945844163675  0.15582921688980184  0.16049897533796692
  0.16445637393507873  0.16723823394373230  0.17002009395238590  0.17280195396103948
  0.17522525747233386  0.17695152891023394  0.17867780034813399  0.18040407178603404
  0.18437077238992355  0.19597476189590932  0.20887941195289175  0.21899647170967723
  0.23205273804997203  0.24433836456533270  0.24970536099526319  0.25549030069952294
  0.26171769347839463  0.26917167599887409  0.28188058701629309  0.31411746317623046
  0.33798167947510233  0.37004861592131927  0.40819200050534138  0.42875605792980143
  0.44599175369069388  0.46665417034975681  0.49316438348207009  0.52142018072100083
  0.53801891948362546  0.55047257279510653  0.56335701724500975  0.57314608187619742
  0.58070114263082107  0.58929685669619358  0.59667763926657935  0.60087070093187323
  0.60511900685076792  0.60973066327565051  0.61739933291666849  0.62671369728672066
  0.63921406888489352  0.65069060765954767  0.67516807901825593  0.69059404115285850
  0.69771130994734609  0.70471454954908563  0.71148366749505743  0.71817826235896820
  0.72372412390546437  0.72926998545196053  0.74239505079569668  0.75095239126275992
  0.76189678774334879  0.77451143974985093  0.78350183016916675  0.79073768413540713
  0.79730368521352979  0.80808895841668982  0.83116858478311928  0.84012425676246749
  0.84325564844287582  0.84424146543810452  0.84523568277694994  0.84673002569255507
  0.84835668576948697  0.84989795788588673  0.85159522372077356  0.85345817563783644
  0.85499793165796412  0.85659298517762172  0.85891489449088443  0.86111499463210228
  0.86282919974830607  0.86470028835090862  0.86567005494984450  0.86685946654622581
  0.86916150522525271  0.87405578609599410  0.89601561280544739  1.00000000000000000
 -0.00214364633480565  0.02020960535990196  0.03825276331251080  0.05516746960291383
  0.07979501808660681  0.10662067393456867  0.13327704941576965  0.14604164569606157
  0.15369258230675367  0.15769564414507803  0.16174503560547693  0.16394376504358493
  0.16539957403619784  0.16685538302881076  0.16834371903794690  0.17052016210512505
  0.17269660517230320  0.17487304823948138  0.17752985616070197  0.18142426790047311
  0.18531867964024429  0.18921309138001544  0.20204698660914433  0.22396711158546209
  0.24233159698327703  0.25586385026800607  0.26029299296140418  0.26549321129815578
  0.27182495209048030  0.28158551229820922  0.29295898977446744  0.30510074168571266
  0.31444687191447973  0.32277194689673722  0.32786859060840434  0.33434674986954094
  0.34273835832725408  0.35166281950927741  0.36468236132616133  0.37940458236304586
  0.38404831480235280  0.38614342024170878  0.38786535751206930  0.39023593796241174
  0.39397433785086117  0.39771273773931060  0.40303603799200882  0.40876833210480801
  0.41579749747693678  0.42664695030363964  0.44321284730782290  0.45822168602058216
  0.46800568691487066  0.47665995297938596  0.48308081755081661  0.48933698746113213
  0.49703850321113457  0.50273129222801494  0.51103633876826204  0.52616502079483318
  0.54561850553573088  0.55070701117666887  0.55583689834832062  0.56057069017198435
  0.56478276185211296  0.56897538721655150  0.57338463041238397  0.57816448910651008
  0.58358946382499977  0.59141492376503568  0.60491398993172074  0.61652184981727576
  0.62662444763722680  0.63350926944033070  0.63920328934897597  0.64586246125530911
  0.65733097603991097  0.67602255862118310  0.70062662967002520  0.71436906932083177
  0.73150920219807203  0.75588075035246372  0.80118591984642229  0.82935391148550219
  0.84602805285579363  0.85627124001916932  0.86476741189037787  0.87502586691853601
  0.89177882096070760  0.90789967374150404  0.91777349680420683  0.92437662009547128
  0.93016494410789885  0.94035121049694048  0.95629410441290963  1.00000000000000000
 -0.00623415098132286  0.02745280250946126  0.04339375611314403  0.06552960234844268
  0.08476147693400261  0.10915284027299785  0.13499430622801051  0.16220744797745520
  0.18095760622253496  0.19662229522424471  0.20281059938253598  0.20671537281612948
  0.21136776644422128  0.21840319811568323  0.22723244034432449  0.23608488866377178
  0.24447382300363568  0.26362663895192212  0.30127517651900376  0.32776548986813114
  0.36934190468705858  0.38973481079326117  0.39603623194525567  0.40106726581637320
  0.40545544925781501  0.40999601413499015  0.41651978912479726  0.42424752852907643
  0.42966110757241893  0.43513154841291118  0.44139041982089150  0.44500660002758918
  0.44792968261777188  0.45136031215014666  0.45502453471159060  0.45820984073348303
  0.46131863945916585  0.46569512317627448  0.48209049431522927  0.48876263330524233
  0.49369716823222093  0.49852003048967319  0.50464956052692223  0.51532536857148736
  0.52393816795250214  0.53060317276404356  0.53727090618687967  0.54553393868506894
  0.55433146038435721  0.56662374112897551  0.58249557408914376  0.59905840773836816
  0.61573280838381084  0.62336075366298005  0.62939263794459022  0.63581593775223555
  0.64252662494971324  0.64881416767986988  0.65470062880574653  0.66239685622136013
  0.67746884284171383  0.69229955863849935  0.70064787775832282  0.70643826753165273
  0.71620844288728147  0.72387918868632728  0.72801231607468775  0.73329421818488538
  0.73978686028217266  0.74576762125063623  0.75148961227177058  0.76516591740795381
  0.78822842306442786  0.81645219521825108  0.83792723257662916  0.86306392454495440
  0.87789134360603949  0.88884543446660780  0.89979952532717611  0.91075361618774442
  0.92093602032747290  0.93073353566306816  0.94053105099866352  0.95032856633425888
  0.95412093145316113  0.95579184124245464  0.95746275103174805  0.95913366082104146
  0.96073713827937668  0.96200211834787963  0.96399211053282974  0.96806860202535705
  0.97282589121428775  0.98240294220792224  0.98932144377717401  1.00000000000000000
 -0.01033505852327835  0.02116519703005823  0.05135012091562880  0.07971093782457368
  0.10343122545928878  0.11571084719307906  0.12174399874743970  0.12777715030180034
  0.13381030185616100  0.14071546421913039  0.14769374445566416  0.15467202469219793
  0.16197492981605169  0.17055166014456058  0.17912839047306950  0.18770512080157839
  0.20957174987409383  0.23777136950174357  0.25447890917872307  0.27321289493972872
  0.29894380895679468  0.31444235645298230  0.33188241733938134  0.35253918752895808
  0.37121241784292824  0.39374415277572827  0.41795371975836892  0.43720123609390588
  0.45260967678168340  0.47803775094514589  0.49654321000717838  0.50842137769953522
  0.51720477199847525  0.52475579245062753  0.53465000973580601  0.54886992157710957
  0.55676919968806837  0.55907599703007171  0.56155440178180061  0.56594026463487490
  0.57442927240798969  0.58623382727930196  0.59602995326652131  0.60587767501267686
  0.61609948978481488  0.62639985985443414  0.63793030128420469  0.65675326508519449
  0.67470176997886866  0.69449962743047977  0.71109834810121264  0.72245759840740709
  0.73016567826748946  0.73564106800457174  0.74158488153365298  0.74714661826419315
  0.75174228363982087  0.75524702092389395  0.75833636387627923  0.76478203044782089
  0.77183431625675070  0.77802952661654112  0.78425043926123716  0.79531566144177590
  0.80638088362231453  0.81226922297164494  0.81375184500717468  0.81529098734754546
  0.81758298926047790  0.82001108688764324  0.82294893173479788  0.82528689369958164
  0.82774822509789936  0.83074109963034981  0.83544142837891300  0.83709702258396590
  0.83855339774357440  0.84084181737008201  0.84573025960468728  0.85028494752899619
  0.85585251604702239  0.86049766640766068  0.86783443647421066  0.87548513926055271
  0.88099277500276352  0.88554817685832199  0.88888658245518815  0.89116371889008372
  0.89930130337632430  0.91280797588657658  0.93002788129686997  0.95010022757900237
  0.96776268727611603  0.97831253861418632  0.98885001750441737  1.00000000000000000
 -0.00751489457750679  0.03004217582677365  0.06664728105726299  0.08885804546928115
  0.09240827010204368  0.09589855130028054  0.09953190706560099  0.10240668231542897
  0.10486824993671334  0.10716753545632071  0.10955916627890815  0.11323068325093934
  0.11627350077607859  0.11813066076319800  0.12010417311832136  0.12198251707222638
  0.12377954728255197  0.13732233562324986  0.15239628949915177  0.16586406234319986
  0.17796776189027427  0.19560646951822949  0.22390062480797662  0.25755580438089892
  0.29398013375807058  0.32536480748333163  0.33345222773527949  0.34153964798722736
  0.34564461567186516  0.34878547246654384  0.35172275412807080  0.35433191805030551
  0.35700653697691842  0.36639866798613929  0.37123918112044552  0.37379373728249032
  0.37635276558279013  0.37969202072915548  0.38628736138148168  0.39146403984288303
  0.39761554691192663  0.40536338884904455  0.41841946495810689  0.43311394197467590
  0.45132958488184183  0.48360514288197620  0.51439421637579508  0.53219951326324066
  0.55934812515450505  0.58180961628626160  0.59525939142246742  0.60465133740095056
  0.61131026342971717  0.61974804109803849  0.62895218145012877  0.63869109775359645
  0.65516917489647553  0.68532767515858095  0.72944817124294115  0.74538635268435627
  0.75348785735278889  0.75835855453523415  0.76183742989353875  0.76647102893323271
  0.77030044725551472  0.78018450917757565  0.78730956660780671  0.79274431256374367
  0.79817905851968063  0.80361380447561759  0.81002245492823732  0.81680424435138688
  0.82358603377453643  0.83036782319768598  0.83492669676693876  0.83809144696871607
  0.84125619717049327  0.84442094737227058  0.85102943282146970  0.86392942774577763
  0.87105221588588488  0.87703130732252976  0.88328366748453335  0.89579787839197755
  0.90193985179221725  0.90671753480953055  0.91065512632048817  0.91414033393211080
  0.92213027491901689  0.93454072073003180  0.95353476863395892  0.97039306556782612
  0.97744694677522537  0.98372031438081886  0.99128595613450787  1.00000000000000000
 -0.00372511578533419  0.00833516957185212  0.01893145085898177  0.02996888304213413
  0.03610539026091758  0.03996547957257648  0.04557607942321716  0.05175334258680105
  0.05730446597560445  0.06217540653993826  0.06816661950740041  0.07675860361457243
  0.08578507626334689  0.11721623553467841  0.14693497416721793  0.16504313165568246
  0.17884181354703937  0.18927107310944077  0.19923818804203769  0.20826809171478408
  0.21825979706858875  0.22987632019623577  0.24445854795814312  0.26362853476232107
  0.29845352549288134  0.33179564607199552  0.34823700239949223  0.35755548432728268
  0.36571721405594854  0.38696519837326160  0.41235816265933606  0.42849258410129526
  0.43348705870309923  0.43848153330490314  0.44347600790670710  0.44778275409699642
  0.45152857750979153  0.45527440092258670  0.45902022433538187  0.46204343575345208
  0.46464594857167174  0.46724846138989140  0.46985097420811106  0.48331643965516657
  0.49930061280958421  0.51016478484914018  0.52089157778824957  0.53157807207968921
  0.54574986974044659  0.55498073480623478  0.56573291072862053  0.58276931044573588
  0.59836140014691908  0.60781465897813869  0.61549177340205619  0.62345535279146891
  0.63066047732719943  0.63720574721396483  0.64262742276728990  0.64813269363367265
  0.65416638671690663  0.65974284221430002  0.66372715044130060  0.67009593523515820
  0.68308495451362095  0.70528810729653557  0.74054516469690723  0.76776180056594434
  0.78614297500970665  0.79420626657074256  0.79824021949788371  0.80467305114202869
  0.81253450578830444  0.81847563957189184  0.82481041756794493  0.83376187489719278
  0.84271333222644063  0.85254042123574725  0.86262239938070429  0.88000005121443725
  0.89638033479084778  0.89868127128647701  0.89951130196806039  0.90074235111683709
  0.90213080813211810  0.90346549451426683  0.90475138919030995  0.90608813459295257
  0.90711608628760465  0.90814835378775494  0.90943203874705503  0.91675059517768920
  0.93066589073909944  0.94159780920896474  0.94963985319771993  1.00000000000000000
 -0.00570592052878876  0.01356359123895267  0.02734174720191367  0.03490094429816113
  0.04604048842324183  0.07132826539373947  0.10016863165312291  0.11537756508392630
  0.12090430058533487  0.12577268055792662  0.12929772779756632  0.13212269466563620
  0.13393896354184534  0.13839757893247281  0.14310273448372721  0.15231039554551995
  0.16433300298413242  0.17263127214043822  0.17944021209159591  0.18456584484320862
  0.18650053546943074  0.19161038057504290  0.19890489280675849  0.20793596562904038
  0.21653975489489080  0.23763076695653079  0.25848595961668780  0.27868420280771034
  0.29439283633548163  0.30192464985618894  0.30733335267102663  0.31427191386037368
  0.32411110492199258  0.33395029598361148  0.34018658473000002  0.34633233824928661
  0.36265809221954493  0.38294386993199647  0.39596500782901495  0.40657802934046927
  0.41260734599218890  0.41600613740628428  0.41978483016908075  0.42411530664678015
  0.42859601768283700  0.43021300365970777  0.43136515933966812  0.43251937307062255
  0.43484512296682915  0.43958012229646237  0.44471991436023672  0.44943858939920345
  0.45471472643965410  0.46018589114639896  0.46409554284314292  0.46714557583797178
  0.46982608044514446  0.47258088100716644  0.47545753205958158  0.47876720632810393
  0.48358960057647893  0.48988073343094385  0.50135398834442202  0.52222632022234183
  0.53551705939327221  0.54724061355506182  0.56087125845481256  0.58627854829099213
  0.60181835207939272  0.61344200782487890  0.62521681963169473  0.63568979064544040
  0.64865396464326797  0.67540131648193880  0.71130348810314048  0.73369608812611620
  0.74634820630216003  0.75737822919476139  0.77399811847337363  0.79948196414439887
  0.84920422709977195  0.88496240042187946  0.91061148761032751  0.92753052926337853
  0.93280885723170404  0.93808718520002943  0.94336551316835493  0.94877706095232972
  0.95442822618072531  0.96007939140912080  0.96573055663751628  0.97219789295119641
  0.97914841971339728  0.98609894647559815  0.99304947323779891  1.00000000000000000
 -0.00598148407406471  0.03161469326652333  0.06588333915626507  0.08829902676223514
  0.10488588835098575  0.11852332326296280  0.13150798953101647  0.14420011075627320
  0.15524408431979794  0.16861330664616550  0.18553566472235214  0.21138608591953670
  0.24091531646872377  0.26427320468087734  0.28288884066960279  0.29646114609863866
  0.30392802441627209  0.31087877844631490  0.31685030140832204  0.32186640179581677
  0.32617467942640466  0.33787309238001989  0.35653550956140057  0.38240743790205489
  0.40680079365181882  0.41255589574407270  0.41580416167225343  0.41855310692688241
  0.42101123549049269  0.42166062530823012  0.42238004815348196  0.42514521637451197
  0.42791038459554204  0.43162915121582829  0.43631357621326272  0.44099800121069715
  0.44796256400507750  0.46152519007858339  0.48042392788169264  0.50345208339338154
  0.53323431962261625  0.55857001338438805  0.58231461912252813  0.60958648032980733
  0.64093296960508528  0.66150348718447538  0.67477724712896769  0.68504230853452908
  0.69460167523806704  0.70287988012390601  0.71213327817622551  0.72703065699400438
  0.74160021834603207  0.75684389036541788  0.77241395130457657  0.78370885770956089
  0.79388659244800941  0.80078905494988073  0.80300578524569022  0.80431417258057902
  0.80522569986521697  0.80613601815377700  0.80780886319749146  0.80896110610096161
  0.80918259492932665  0.80940408375769168  0.80962557258605672  0.80984680645405416
  0.81006789239438559  0.81028897833471702  0.81051006427504846  0.81073113820329989
  0.81095220851805971  0.81117327883281964  0.81139434914757946  0.81275980988742724
  0.81411303851016281  0.81535318561242875  0.81720023088195504  0.81893918786626352
  0.82891335735019256  0.84827316202610192  0.86696595214126504  0.88110592999346904
  0.90328333010363648  0.92976213342696135  0.94794806458099101  0.95640826932277945
  0.96062118609169111  0.96629129034354044  0.97129995469453567  0.97530743738055803
  0.97953312758957622  0.98689390741709471  0.99377672913014170  1.00000000000000000
 -0.00122849442705789  0.00941895978050747  0.01734577037285052  0.02452284210903016
  0.03204503753348472  0.04920519421159002  0.06914379651617665  0.08765754980017652
  0.10544446048498304  0.11617031014753061  0.12054671700262268  0.12404254348422036
  0.12492786495353264  0.12581318642284492  0.12669850789215720  0.12797940177297229
  0.12963665869545260  0.13129391561793294  0.13295117254041325  0.13516995995627062
  0.13753920303408182  0.13990844611189301  0.14244621784285655  0.14717482682845193
  0.15083478352415611  0.15362355307953046  0.15691558288598748  0.16278776747579352
  0.17041930357798893  0.17518252251699645  0.18177661511398935  0.18886921698271164
  0.19447883117121689  0.20234709981689841  0.21368242932551118  0.22644319341058416
  0.24044015983997818  0.25157899231291730  0.26285704072483940  0.27121065569158676
  0.28103425240393776  0.29159988041384260  0.30759201831224053  0.32643978874266094
  0.35083485724082075  0.36748121825883662  0.37491890791647459  0.38214905570575264
  0.38584038060768544  0.38953170550961819  0.39340845262046437  0.39737439243248696
  0.40268561454703727  0.41171389526802371  0.41924534504562044  0.42768272264584462
  0.45388668657552389  0.48657913307417405  0.49914500975594367  0.52330238549341002
  0.53996826067952253  0.55820448449926674  0.57959459644139033  0.60521051676404469
  0.62378626259544689  0.65723976406934981  0.68337779714095737  0.71569722754214160
  0.74270072259158748  0.76813142599246786  0.77397803139589338  0.77699328859122496
  0.77876033867062477  0.78045354927322308  0.78324021781652875  0.78615146855382045
  0.78829339093622963  0.79081275893890890  0.79483261699233565  0.79884740379980113
  0.80201889536304338  0.80519737535365477  0.80862807376982482  0.81779069647482261
  0.84618060217747837  0.89220772759452582  0.92584984416355642  0.93914403735937357
  0.94989393531045507  0.95926829976789929  0.96559356065748880  0.97196067573476175
  0.97867651215563722  0.98550674927162307  0.99275337463581159  1.00000000000000000
 -0.00359005252043898  0.01285428471441558  0.02857761485927795  0.04650480883530079
  0.07905198217296171  0.11833191178944143  0.14242455384047040  0.15442340385624317
  0.16458649710616541  0.17794088772856620  0.18933386939344657  0.20324693838077199
  0.23226189861475610  0.24797701643891235  0.25380996935302869  0.25818457238139692
  0.26237930082279348  0.26660033633832764  0.27310869869125010  0.27600476823650433
  0.27856239516425557  0.28104170958078367  0.28361305069329673  0.29035110157319011
  0.29741759478895580  0.30245806310208773  0.30685511558283568  0.31163769921573048
  0.31786187923611281  0.33464854233109931  0.37121390174973273  0.38244182584693287
  0.39366974994413301  0.40320533119720037  0.41199546394020431  0.42078559668320820
  0.42945278046787294  0.43811210564096215  0.44771209852016070  0.46130034187641095
  0.47805546024601542  0.49653333357498375  0.51422255672537343  0.52197128681916471
  0.53097920864983805  0.53547985114112773  0.53845214131853092  0.54124088898539469
  0.54812922267042130  0.55481599486262445  0.56012356885669956  0.56403065762876980
  0.56654889302639810  0.57209472559953334  0.58806628214616308  0.61462450918671008
  0.64619091597577860  0.68399786185342504  0.74372012265807463  0.79607064069389832
  0.80148554917668080  0.80715464578060148  0.81298869420670539  0.81692114602803867
  0.81909337857521269  0.82085422646814099  0.82273894924568869  0.82603768481812601
  0.82984491970523466  0.83408247657505064  0.83796029587828469  0.85020855508878967
  0.86802670425508466  0.87665297492320660  0.88293049435625404  0.88920801378930137
  0.89548553322234881  0.89912246448658861  0.90261786897975038  0.90611327347291226
  0.90960536060819652  0.91303618412452048  0.91646700764084443  0.91989783115716839
  0.92524760746405332  0.93960238856319112  0.95101629733740434  0.96586359946383593
  0.97300650079340245  0.97833045169077704  0.98285524622858822  0.98475285172309612
  0.98612477717129321  0.98821459102509535  0.99338905946021427  1.00000000000000000
 -0.00131089740190079  0.02250510191875887  0.03031587340359769  0.03675191008083936
  0.04319495594982228  0.05643058361164087  0.06102965426968578  0.06354030101904222
  0.06606000586887190  0.06997865715331759  0.07381549892139522  0.07743591315787259
  0.08168777405722026  0.08978339579977621  0.10762077328590225  0.12166652317799853
  0.13191151116694316  0.14314212388197836  0.15528533472087647  0.16527910380637797
  0.17177281848688325  0.17914061955438146  0.18989391339163025  0.20369810016721121
  0.22182490835748764  0.24218766237716005  0.26261579787591749  0.27679660209372381
  0.28642172041941472  0.29581441337627590  0.30758900994203908  0.32552049708980435
  0.33974671566449993  0.34551013684906146  0.34970995796560783  0.35484398783571980
  0.37090704706039879  0.39975339207469296  0.41105959270152392  0.42236579332835489
  0.43367199395518585  0.44435617281469747  0.45327728823445229  0.46219840365420711
  0.47111951907396188  0.47890083250645271  0.48474927028037162  0.49059770805429048
  0.49644614582820940  0.51124362297346160  0.54206531894251675  0.55854520757421511
  0.56782051889013030  0.57940223563047966  0.59602102541307056  0.61858739872809188
  0.62786976713692932  0.63393893085292685  0.64057126673923304  0.64746705524604520
  0.65309318160383334  0.65963579707331621  0.66577306304248718  0.67140020523712152
  0.67871487544046505  0.68744227200572261  0.69747358345842669  0.71193317966724612
  0.72556653763616707  0.74285619995803465  0.77671087157524499  0.83112342776673176
  0.85970957062794351  0.86509975772952408  0.87147346697830408  0.87553491411674722
  0.87950181801446981  0.88301745172506185  0.88549188378622723  0.88864116519229119
  0.89164078181594875  0.89479356470691407  0.89787056738706184  0.89974405306112903
  0.90089225861360167  0.90204078597545345  0.90317805699049170  0.90470580839018533
  0.91469804595334825  0.92247138884178104  0.92980990078243952  0.93708308827146736
  0.94434660589847397  0.95191735774280173  0.95956397678867689  1.00000000000000000
 -0.00503497645368705  0.00209510930085433  0.00735993301612126  0.01262475673138820
  0.01788958044665514  0.02309602203535354  0.02800701066029242  0.03291799928523130
  0.03782898791017019  0.04293872333260253  0.04857818120040188  0.05421763906820123
  0.05985709693600057  0.07845512184498726  0.11712480690060455  0.15449877358539679
  0.17054055686772374  0.17426403845274249  0.17806219444999893  0.18156410721601177
  0.18468912684680341  0.19475992741658998  0.20275458036239480  0.21287346155147402
  0.22510115205510342  0.24191256687330825  0.24977835875468291  0.25496383785246457
  0.25959660126356759  0.26262414755346858  0.26565169384336962  0.26891049020222724
  0.27223273401103215  0.27979022139801890  0.29582384976963627  0.32306668588036330
  0.36289821010157425  0.38135230419855293  0.39352187426495616  0.39741012813142335
  0.40009993195252974  0.40230205305607541  0.40469248050496470  0.40760248378929909
  0.40995521325041984  0.41120598582748891  0.41245705587805698  0.41370804318062437
  0.41617911059994611  0.42103826203973910  0.42609590714049855  0.43048956213193224
  0.43339163216165888  0.45063487711834105  0.47038790012690074  0.47734892533470974
  0.48193554352100060  0.48320165574808932  0.48441212013769980  0.48689919872619869
  0.49308132727025034  0.50370903683432411  0.51743171443148095  0.53562474592991505
  0.55854678504152067  0.57975918406727234  0.59704078476031963  0.60906613645465624
  0.61917055329097637  0.62616660624585563  0.63788070955775267  0.65592807493586247
  0.67031392696564529  0.68162930997888915  0.69402775568299269  0.70714339362044232
  0.72137855450017074  0.73633140877402981  0.74789309956954553  0.75685842990660512
  0.77040414919641298  0.78513959504988240  0.80319111356408390  0.82024236025240138
  0.82769892321466998  0.83652153284196518  0.85834983525555708  0.88069704663208737
  0.89749216987113889  0.91347988278758940  0.92357263957102187  0.93727476786184349
  0.95220677647588048  0.96977535944067672  0.98309075102331855  1.00000000000000000
  0.01358027172863712  0.31199035001294667  0.35547513541773940  0.38303896910210516
  0.40151201948382559  0.43741197869800441  0.46914304446628213  0.50547257641753907
  0.53988665095942301  0.56704485204162591  0.59824999291253012  0.63301135366916006
  0.66660905852124142  0.68224512715894514  0.69458743112532750  0.70206271329555892
  0.70795859339531153  0.71562151139479824  0.72421054364608084  0.73673210683935686
  0.75310603270019882  0.77414109161485667  0.78797790920094990  0.79477028269392758
  0.79829283231731929  0.80135322570043166  0.80539400689465723  0.80949370426966971
  0.81351786941247106  0.81664885027751788  0.81922548349654578  0.82263265365195015
  0.82719304461155319  0.83077971027152242  0.83497215464094643  0.83999976600042592
  0.84328248221266311  0.84422988998278370  0.84489980555817312  0.84570450286999599
  0.84601286826074196  0.84631617830857742  0.84664747893344916  0.84705695243662582
  0.84758383399989401  0.84810703636327855  0.84866238940177308  0.84947919165969765
  0.85038084779081424  0.85131677731963185  0.85214153535247850  0.85294111098434777
  0.85374582826985235  0.85525939159872655  0.86078101719545075  0.87063014701514185
  0.87528240853347350  0.87719588916796165  0.87841470674465150  0.87966524871508733
  0.88127602111134540  0.88326087725895097  0.88482908605514188  0.88577761652516673
  0.88669255469282060  0.88706074598315587  0.88734528249601696  0.88750816804033295
  0.88767105358464904  0.88783393912896502  0.88802054877222714  0.88822897745099283
  0.88843740612975852  0.88864583480852422  0.88874373236372495  0.88879886995816493
  0.88885400755260502  0.88890914514704511  0.88913586503684594  0.88947503188053711
  0.88984893967763867  0.89078761113549598  0.89448294478195123  0.89838777275350934
  0.90133376432866086  0.90451838742756441  0.90648965346654831  0.90902684468459549
  0.91223106840266088  0.91612209711719672  0.92282151212927410  0.92692758547844289
  0.93088337629616291  0.94965067908031808  0.97482533954015904  1.00000000000000000
 -0.03371748900043608  0.15640998580641952  0.16051027932917722  0.17534869009961304
  0.19386767865361459  0.23278544873738255  0.27440120431736564  0.28460192850199878
  0.29134774118206391  0.29762586150944137  0.30221903607828238  0.30819726153608124
  0.31609512877833379  0.32011111761351480  0.32162840788174135  0.32314607494097097
  0.32466497237342667  0.32618386980588232  0.32769791958449906  0.32921160381151804
  0.33308920075832893  0.33756275310160699  0.34031668439907675  0.34306019971767654
  0.34660469987633802  0.35661101211575147  0.38432161252195551  0.40439257504426590
  0.42001814744277077  0.43106430050598921  0.44135250019784045  0.45119700863480272
  0.45491527810207555  0.45785306952101323  0.46147935542581137  0.46600644640972416
  0.46820716180739935  0.47054896935840773  0.47270022015160179  0.47432746170915135
  0.47577890793240124  0.47706076223121063  0.47855821257530079  0.48046841199199991
  0.48193881612113376  0.48281237884659906  0.48368594157206435  0.48455950429752964
  0.48543735545212047  0.48633298443384271  0.48722861341556495  0.48812424239728719
  0.48904674344349108  0.49002365508057077  0.49100056671765041  0.49197747835473005
  0.49437001185907975  0.49954499417675041  0.50691854854262930  0.51409935035021881
  0.52171597527636626  0.53073046882810837  0.54271512688332213  0.55546942055997384
  0.56766705252570482  0.57637266056846714  0.58325274128853111  0.58855508911906973
  0.59276799831754046  0.59552716009289997  0.59843417818262568  0.60260978170520119
  0.60750240013358991  0.61613473397035123  0.63160905635482945  0.64421627116374580
  0.65151952210858699  0.65633772869257667  0.66012881074529528  0.66537366483855120
  0.67366346378457620  0.68273711101868562  0.69096145001388298  0.69913348604724435
  0.70691139342331666  0.71712584213395258  0.72328512921811627  0.72958771012019952
  0.73656176423347419  0.74350284829862989  0.75333018692812703  0.76488590681990198
  0.77784303611090022  0.79568742033169804  0.83300685496657523  1.00000000000000000
   6.3974449585260770E-018  -1.0000000000000000     
 T F F F F F F F F F F F F F F F F F F F T F F F T F F F F F F F F F F F T F F F T F F F F F F F F F F F F F F F F F F F T F F F F F F F F F F F F F F F F F F F F F F F F F F F F F F F F F F F F F F F F F F F F F F F F F F F F F F F F F F F F F F F F F F F F F F F F F F F F F F F F F F F F F F F F F F F F F F F F F F F F F F F F F F F F F F F F F F F F F F F F F F F F F F F F F F F T F F F F F F F F F F F F F F F F F F F T F F F T F F F F F F F F F F F T F F F T F F F F F F F F F F F F F F F F F F F T F F F T F F F F F F F F F F F F F F F F F F F T F F F T F F F F F F F F F F F T F F F T F F F F F F F F F F F F F F F F F F F T F F F F F F F F F F F F F F F F F F F F F F F F F F F F F F F F F F F F F F F F F F F F F F F F F F F F F F F F F F F F F F F F F F F F F F F F F F F F F F F F F F F F F F F F F F F F F F F F F F F F F F F F F F F F F F F F F F F F F F F F F F F F F F F F F F F T F F F F F F F F F F F F F F F F F F F T F F F T F F F F F F F F F F F T F F F T F F F F F F F F F F F F F F F F F F F T F F F
  <DiscreteSampler_grid>
  grouped_processes
  1 # 1 for a reference and 2 for a running grid.
  10 # Attribute 'min_bin_probing_points' of the grid.
  1 # Attribute 'grid_mode' of the grid. 1=='default',2=='initialization'
  0.0000000000000000 # Attribute 'small_contrib_threshold' of the grid.
  0.5000000000000000 # Attribute 'damping_power' of the grid.
 # binID   n_entries weight   weight_sqr   abs_weight
    16   10   4.447749788053390E-019   8.673276568300307E-037   4.447749788053390E-019
    17   10   4.447749788056998E-019   8.673276568319958E-037   4.447749788056998E-019
    19   10   4.122056858472258E-019   1.013384066825091E-036   4.122056858472258E-019
    20   10   4.122056858472131E-019   1.013384066824934E-036   4.122056858472131E-019
    22   10   5.176373629377449E-018   1.616784603619193E-034   5.176373629377449E-018
    23   10   5.176373629377206E-018   1.616784603618937E-034   5.176373629377206E-018
    28   10   3.616850585811304E-019   8.986453729351379E-037   3.616850585811304E-019
    29   10   3.616850585811263E-019   8.986453729351478E-037   3.616850585811263E-019
    31   10   6.577651638579864E-019   3.878503605866156E-036   6.577651638579864E-019
    32   10   6.577651638580375E-019   3.878503605866580E-036   6.577651638580375E-019
    34   10   2.623424298733694E-017   5.106143199405136E-033   2.623424298733694E-017
    35   10   2.623424298733640E-017   5.106143199404679E-033   2.623424298733640E-017
    40   10   4.447749788053178E-019   8.673276568298984E-037   4.447749788053178E-019
    41   10   4.447749788056656E-019   8.673276568318002E-037   4.447749788056656E-019
    43   10   4.122056858472379E-019   1.013384066825165E-036   4.122056858472379E-019
    44   10   4.122056858472225E-019   1.013384066825012E-036   4.122056858472225E-019
    46   10   5.176373629377498E-018   1.616784603619212E-034   5.176373629377498E-018
    47   10   5.176373629377315E-018   1.616784603619003E-034   5.176373629377315E-018
    52   10   3.616850585811000E-019   8.986453729349588E-037   3.616850585811000E-019
    53   10   3.616850585810880E-019   8.986453729349047E-037   3.616850585810880E-019
    55   10   6.577651638579891E-019   3.878503605866178E-036   6.577651638579891E-019
    56   10   6.577651638581518E-019   3.878503605868026E-036   6.577651638581518E-019
    58   10   2.623424298733687E-017   5.106143199405105E-033   2.623424298733687E-017
    59   10   2.623424298733653E-017   5.106143199404756E-033   2.623424298733653E-017
    64   10   4.447749788053995E-019   8.673276568303080E-037   4.447749788053995E-019
    65   10   4.447749788056829E-019   8.673276568319425E-037   4.447749788056829E-019
    67   10   4.122056858472033E-019   1.013384066824960E-036   4.122056858472033E-019
    68   10   4.122056858472462E-019   1.013384066825310E-036   4.122056858472462E-019
    70   10   5.176373629377377E-018   1.616784603619083E-034   5.176373629377377E-018
    71   10   5.176373629377493E-018   1.616784603619045E-034   5.176373629377493E-018
    76   10   3.616850585811082E-019   8.986453729349971E-037   3.616850585811082E-019
    77   10   3.616850585810752E-019   8.986453729348245E-037   3.616850585810752E-019
    79   10   6.577651638580007E-019   3.878503605866377E-036   6.577651638580007E-019
    80   10   6.577651638579850E-019   3.878503605865980E-036   6.577651638579850E-019
    82   10   2.623424298733718E-017   5.106143199405236E-033   2.623424298733718E-017
    83   10   2.623424298733665E-017   5.106143199404824E-033   2.623424298733665E-017
    88   10   4.447749788053806E-019   8.673276568301857E-037   4.447749788053806E-019
    89   10   4.447749788056531E-019   8.673276568317621E-037   4.447749788056531E-019
    91   10   4.122056858472373E-019   1.013384066825167E-036   4.122056858472373E-019
    92   10   4.122056858472772E-019   1.013384066825527E-036   4.122056858472772E-019
    94   10   5.176373629377492E-018   1.616784603619161E-034   5.176373629377492E-018
    95   10   5.176373629377690E-018   1.616784603619178E-034   5.176373629377690E-018
    100   10   3.616850585810757E-019   8.986453729348139E-037   3.616850585810757E-019
    101   10   3.616850585810369E-019   8.986453729345820E-037   3.616850585810369E-019
    103   10   6.577651638579746E-019   3.878503605866031E-036   6.577651638579746E-019
    104   10   6.577651638580631E-019   3.878503605866974E-036   6.577651638580631E-019
    106   10   2.623424298733718E-017   5.106143199405186E-033   2.623424298733718E-017
    107   10   2.623424298733684E-017   5.106143199404917E-033   2.623424298733684E-017
  </DiscreteSampler_grid>
