  0.00000111919366829  0.00000724185424550  0.00000961627747647  0.00001157050861313
  0.00001285637595510  0.00001380909867957  0.00001437957529697  0.00001501973414379
  0.00001592490237558  0.00001717523231371  0.00001846160388879  0.00002005529761787
  0.00002202788724798  0.00002361725303120  0.00002487108290437  0.00002596667099076
  0.00002680539829678  0.00002759207817125  0.00002831629730291  0.00002882984636004
  0.00002912731907905  0.00002942417895880  0.00002975303644767  0.00003005128695051
  0.00003031105252758  0.00003060744164005  0.00003082921205337  0.00003092504171808
  0.00003102106716135  0.00003111743529330  0.00003121400097676  0.00003131084957498
  0.00003152657482610  0.00003188697187685  0.00003233520038662  0.00003326003018971
  0.00003390774599136  0.00003457964178025  0.00003520528657978  0.00003561793069387
  0.00003572764971313  0.00003579699785065  0.00003585770297196  0.00003595666086294
  0.00003610820803064  0.00003622599186751  0.00003631102301022  0.00003639248768044
  0.00003649632010520  0.00003666988799708  0.00005256805150729  0.00006316956773373
  0.00006466376593921  0.00006568441208041  0.00006651236381442  0.00006740111140965
  0.00006837323401845  0.00006908660573162  0.00006952111091130  0.00006964526669227
  0.00006976942247325  0.00006989357825422  0.00007001889786326  0.00007014456430088
  0.00007027023073849  0.00007039587287840  0.00007052142684465  0.00007064698081089
  0.00007077253477714  0.00007148621970570  0.00007251571478698  0.00007459037717807
  0.00007749499128050  0.00007997060053190  0.00008318256130188  0.00008761994232872
  0.00009280276357337  0.00009753273352090  0.00010076075898493  0.00010377448444884
  0.00010682356800016  0.00011061287868789  0.00011427396156795  0.00011958865295119
  0.00012730610756278  0.00013605653892178  0.00014396045089327  0.00015066665015593
  0.00016019448320440  0.00017359202016803  0.00019874089515370  0.00025357765907225
  0.00035217608416771  0.00085190159326985  0.00402817927926886  1.00000000000000000
  0.02572910477428486  0.03432537274563602  0.04305415055716860  0.05526519491147477
  0.08322005927819519  0.10341558656580144  0.11530097106736618  0.12334740587111939
  0.13709144421337902  0.15249633204461635  0.16075595742398216  0.17023654284546186
  0.18196816761935006  0.19133357369591919  0.19770092373011305  0.20196741910904145
  0.20542085209021968  0.20887428507139788  0.21232771805257611  0.21608687098081275
  0.22026171250441268  0.22443655402801257  0.22861139555161250  0.23230039651829645
  0.23531685959629792  0.23833332267429935  0.24134978575230079  0.24794018002421420
  0.25834899156387653  0.26706949552783660  0.27471994802031691  0.27641117994172393
  0.27900614743557584  0.28179865873299120  0.28447771532612626  0.28656418522743982
  0.28865834979178373  0.29090177288537694  0.29454245467645268  0.29771301616381135
  0.29979821356400060  0.30152003718059728  0.30268134740079261  0.30422729175757596
  0.30682156365648411  0.30953804845394384  0.31237905894251777  0.31409874120578757
  0.32038580761413160  0.34015855830508679  0.36518121926039127  0.38951042351060960
  0.41623839037849664  0.42640927788349198  0.43380926596508734  0.44219598290858131
  0.45175000260787490  0.46193838933549919  0.47220703796047242  0.49221915169432656
  0.50576817741626834  0.51374992734418123  0.51994610005961028  0.52564001342483335
  0.53198701363285095  0.53843691825590090  0.54894232649798580  0.56042309041106131
  0.57076700707285088  0.58204105972302711  0.59389746904037832  0.60642164934357012
  0.62479447697975365  0.64103234247379093  0.65233512158637752  0.66484454801183646
  0.67478600153640622  0.68498388949236710  0.69914821268151595  0.71438901062602633
  0.73133798166404074  0.74015661433959334  0.75077368679896161  0.76019356752944944
  0.77026859724568197  0.78273521022967774  0.79554084083994892  0.81598764507319355
  0.83889430421102507  0.86051915690123804  0.88054630078168894  0.90040831461275161
  0.92427111476968504  0.95312137055574886  0.97249012669500845  1.00000000000000000
  0.00347723862543822  0.00390465199072142  0.00401106137734988  0.00402700286539960
  0.00404259679196932  0.00405717532483274  0.00407186098048010  0.00408665181313309
  0.00411439677124134  0.00413976873384279  0.00416742860834019  0.00420511283099865
  0.00423385626387003  0.00425905634774231  0.00428016882833204  0.00430127624360523
  0.00431695295093931  0.00432906957315531  0.00434067155457519  0.00436250959521642
  0.00441432700536675  0.00445063208011601  0.00449678785556512  0.00455313416254820
  0.00462139330209720  0.00467568927082168  0.00472012819307416  0.00479216258932372
  0.00489949888965414  0.00501154345849119  0.00510370352420829  0.00518901354653806
  0.00527728884997405  0.00538945216357947  0.00551708114044719  0.00560586690326162
  0.00568287862326511  0.00575176253830476  0.00583372933885533  0.00594207813553696
  0.00610940075892678  0.00632967048374356  0.00649327268014558  0.00661240784554956
  0.00671438967621692  0.00681203218217897  0.00690077043875627  0.00699296379661083
  0.00710257048060023  0.00721635848349762  0.00727411587217763  0.00731765934630244
  0.00736120282042724  0.00740474629455205  0.00745865105048768  0.00751479610699914
  0.00757094116351060  0.00762708622002206  0.00768307717315698  0.00773905207341586
  0.00779502697367474  0.00785250626270514  0.00810335576477111  0.00828197498115242
  0.00840776837285406  0.00851695704090665  0.00860947914989964  0.00870115204885297
  0.00879347007348391  0.00884757178181158  0.00899280970800861  0.00923276079858064
  0.00946823752557629  0.00957950300297965  0.00966777194460455  0.00977640878074116
  0.00996441752714934  0.01037431890885196  0.01078067646761821  0.01103655034683268
  0.01123469066448482  0.01146236618828928  0.01158061306347555  0.01174606441476166
  0.01193806412341431  0.01208572184640484  0.01225226563022602  0.01243297067384425
  0.01274205395680013  0.01332483599225863  0.01516458886067728  0.01832363255425281
  0.02179829537860688  0.03386423627101680  0.39339954147495032  1.00000000000000000
  0.00367792097155583  0.00500082335709321  0.00535210881260846  0.00552204991752590
  0.00565452996958405  0.00580163993924307  0.00594362694857072  0.00615396269747451
  0.00641157941956220  0.00664266048383202  0.00684247527242999  0.00698038295909824
  0.00715050552903762  0.00731031491285065  0.00742867732681199  0.00752145933573294
  0.00761424134465388  0.00775053521645118  0.00789189366674672  0.00796145819573277
  0.00800724525737371  0.00805303231901464  0.00809881938065557  0.00814460644229651
  0.00819398364725232  0.00824687970329907  0.00829977575934582  0.00835267181539257
  0.00840556787143932  0.00846055872357476  0.00851685209460527  0.00857314546563579
  0.00862943883666630  0.00868573220769681  0.00887111555997525  0.00911350714413219
  0.00933104317518659  0.00954730707327494  0.00972359045292446  0.00978494702388566
  0.00981005203848357  0.00983221026582306  0.00986515690174775  0.00990954043611891
  0.00997480950698050  0.01005924461395007  0.01012108276389528  0.01019163872053716
  0.01026449926732247  0.01034656844058703  0.01044646112727190  0.01054906529165074
  0.01076414257020057  0.01125088632924387  0.01159527815881772  0.01173191233481650
  0.01183770296011948  0.01192246688836418  0.01199824695290413  0.01207524830861080
  0.01215568315645035  0.01227785521425803  0.01247400684511717  0.01272565936369212
  0.01292870490626882  0.01330666938173493  0.01375743082741338  0.01426348729422504
  0.01469865701344506  0.01504553277653101  0.01532393195904625  0.01570462398530382
  0.01616109094297774  0.01662730534075822  0.01696975032358339  0.01726368571500536
  0.01761543646263510  0.01809952269011202  0.01884287112683756  0.02009000429446975
  0.02128700291765261  0.02254835366915445  0.02408326076556852  0.02586417389375225
  0.02718929748548611  0.02816182506287365  0.02905008374377733  0.02991079266786138
  0.03093662250006813  0.03193364078420947  0.03343718487608050  0.03666394382522080
  0.04057753696793257  0.04806195161718783  0.07392548104108956  1.00000000000000000
  0.00276058504555503  0.00868313386318519  0.01121787940897354  0.01281022219964632
  0.01421470025026632  0.01510990125626019  0.01609049741505116  0.01682137836189395
  0.01704053653785855  0.01725969471382316  0.01747885288978777  0.01762925427561255
  0.01773966143213275  0.01785006858865294  0.01796047574517314  0.01806419268409878
  0.01816669119101370  0.01826918969792861  0.01839342230224917  0.01883464392646890
  0.01931952293830237  0.01976494426960893  0.02016478968218810  0.02061862513673863
  0.02087420030403653  0.02109902713719619  0.02133034813090101  0.02159647346027308
  0.02188923148155775  0.02216879292538122  0.02245600261500851  0.02277746644470969
  0.02318678892738543  0.02377805659570180  0.02448390980876259  0.02552681115608625
  0.02661498735692840  0.02755466749679018  0.02849289335762927  0.02941077206643736
  0.03023001895105657  0.03104994826577073  0.03213622754367212  0.03354807711130574
  0.03543464949948238  0.03697970258910852  0.03802697943496835  0.03882282016021333
  0.03943169052699899  0.04006921893318650  0.04055717126583559  0.04095439592691739
  0.04134563483050722  0.04175638441763588  0.04193973486727050  0.04221739726193142
  0.04287382612669084  0.04355944993208200  0.04428264319900566  0.04493093572428267
  0.04523538513910846  0.04552841581294232  0.04580810650927625  0.04610251260989294
  0.04640242065643677  0.04709603651286113  0.04788107510393578  0.04876789598633105
  0.04945993963541148  0.04986330652161799  0.05026301131690471  0.05051856640601294
  0.05100137389476762  0.05230300490795858  0.05379192178349178  0.05507588112085555
  0.05585280839881323  0.05733399104522329  0.05899007620929777  0.06050542904364752
  0.06142623410746814  0.06198313470432391  0.06374585584946661  0.06627004266846645
  0.06820759793277517  0.07108712132382233  0.07538395610893979  0.07997200473804400
  0.08635998266418581  0.09597171063956603  0.10618847822038384  0.12157092418225816
  0.14544336833818056  0.16924109034291626  0.72265411832660453  1.00000000000000000
 -0.00121412357561717  0.00652407213321162  0.01031794314596874  0.01405196690615723
  0.02351470448414730  0.03774842233212441  0.05401047499032201  0.07180472835249194
  0.07991397908552703  0.08522987445358471  0.09265630674504520  0.09964790626577805
  0.10394755713563039  0.10846280335584026  0.11168628545668213  0.11436046804618448
  0.11752870943186014  0.12211482735480776  0.13044325957382288  0.13848065554392719
  0.14599448188674688  0.15656011297858752  0.17117039239777140  0.18264531738498904
  0.19322497074764669  0.20153363537326344  0.20867900189399308  0.21630007152736205
  0.22051946829086816  0.22259043292336034  0.22620361657420140  0.23021092546083977
  0.23391936400127789  0.23742174174888858  0.24077110646393218  0.24479839600453315
  0.25039742268998477  0.26416901161102413  0.28245681632996900  0.29299403571486216
  0.30165871740273359  0.31171780116579473  0.32403433583539593  0.34280320898317912
  0.35368898740658067  0.36088328278995857  0.36807757817333647  0.37527187355671437
  0.38298897860482439  0.39110239272896258  0.39921580685310071  0.40732922097723884
  0.41415884273863673  0.42015664983073514  0.42615445692283355  0.43215226401493195
  0.44616639356107374  0.46301792577685791  0.47811793791921875  0.49350730596394249
  0.50504278967661353  0.51306974295729701  0.52077967947189652  0.52934877227656685
  0.53866703739769406  0.54743839070281319  0.55654145723660042  0.56660420214966523
  0.57731026782785777  0.61697026615749517  0.63934734944496185  0.65849730670650031
  0.67462350186274112  0.69193641477278056  0.71232332917049779  0.73348297304437882
  0.75569941688160458  0.77235297351239796  0.78566695514282126  0.80128771864066684
  0.81789843178715482  0.83677721336166699  0.85979280946220382  0.87182152919093614
  0.88009137546903771  0.88671324741203961  0.89397885470365801  0.90177994426478147
  0.91761470239860132  0.93010784914882183  0.93933381167776564  0.95549166589447798
  0.96802540527008829  0.97739916605878518  0.98694433771483059  1.00000000000000000
 -0.00594480844616789  0.02392782655681559  0.04424567982551204  0.05757762688125602
  0.07102292223668263  0.08737482544693434  0.09537927675839182  0.10376146651156173
  0.11307892977463394  0.12392725736553523  0.14801042898336819  0.17808019302704833
  0.19997046807295255  0.21790757336803934  0.23338602791335181  0.25292212402728276
  0.27348252633582509  0.28327851881176197  0.29137606060936505  0.30124461530334157
  0.30992232480777315  0.31917329444430531  0.33030827968693099  0.34743795150670154
  0.36971490579810018  0.39489750133480050  0.42652246369216112  0.45543455219448248
  0.47417759031138546  0.48368394989530289  0.48755406599553608  0.49255182795812030
  0.49609096306056755  0.49863869960399715  0.50089671685397974  0.50340384673328509
  0.50615087976698003  0.51097253924732078  0.52588423851433963  0.54064560445601217
  0.54886072768324978  0.55825858812101736  0.56824714379942010  0.57656220872283925
  0.58544173314757253  0.59683319919913280  0.60962016308835998  0.62166534700621512
  0.63243284335467331  0.63996598460397958  0.64502558258960985  0.64766591288405828
  0.64932321181259123  0.65098051074112406  0.65263780966965701  0.65431163692786398
  0.65598659477804300  0.65766155262822190  0.65960057555624396  0.66297466962444362
  0.66634876369264318  0.66972285776084273  0.67808713070273219  0.70026350688415540
  0.72402595930963731  0.74436711446512682  0.75778317233160086  0.76815802558889190
  0.77387310296406420  0.77832335002767028  0.78504298803146166  0.79235666015178596
  0.80009922796535871  0.80487099680934038  0.80711664131853977  0.80847026896132401
  0.81001318935475208  0.81194405396549174  0.81503818439072218  0.81891884009859273
  0.82502065237526179  0.83152965561518488  0.83684035547986746  0.84399420499618427
  0.85043643585335571  0.86148038332040822  0.88749757398677276  0.91372739099243072
  0.93440246628097201  0.95285048919139159  0.96937586328892200  0.98152161958146145
  0.98742346508039558  0.99221213605679581  0.99615438793125910  1.00000000000000000
 -0.00176990431658567  0.01002524539387124  0.02205301354369196  0.03324740912688162
  0.03979198226623545  0.04633655540558930  0.05288112854494314  0.06020559886743246
  0.06837939466478418  0.07655319046213589  0.08472698625948762  0.08987705657359649
  0.09408142255573704  0.09828578853787757  0.10318835967982665  0.11287666565539037
  0.12125398345349715  0.13583048655366056  0.15508541217279179  0.18097119661966191
  0.20202345886163806  0.21364272989977467  0.21782190422140307  0.22179712860315792
  0.22558803983486003  0.23112869556456328  0.23757925597339485  0.24790057793405204
  0.26566977649707230  0.28319798324858886  0.29324648589321067  0.29790902649974105
  0.30513780763108445  0.31788193269417886  0.32822237213661953  0.33501198465636567
  0.34200613477715119  0.35211671012003976  0.36760960433707701  0.38481590065499832
  0.39850202200991991  0.41618041472951350  0.43115895074290800  0.44173643978696187
  0.44875494872225818  0.46179992942953524  0.48041496394225330  0.49930066760513331
  0.52338593329842509  0.53900725421849860  0.54777307939749076  0.55688321934033480
  0.56684667350998375  0.57835391164378669  0.59155083903066052  0.61517536611996737
  0.63886963203536751  0.64861102334863796  0.65241559725400333  0.65502893254111272
  0.65741783192673009  0.65965478471896066  0.66510502715740516  0.67136845074106322
  0.68752989476185533  0.70740319739626600  0.72757669927371627  0.73711602170202672
  0.74580939403524960  0.75115624868654629  0.75755568911264748  0.77051504903343482
  0.78800955981229803  0.80639476175320557  0.83422066036016862  0.86135654149081542
  0.87121784273913938  0.87653660505877662  0.88264202326448404  0.88966856407416195
  0.89670966183819067  0.90426549981670556  0.91184731563843524  0.91616207635426483
  0.92076148246313561  0.92466582748250703  0.92952864060904394  0.93465430336830302
  0.93948442549012823  0.94485191168876204  0.94902637998457562  0.95469340936067504
  0.96190978147100104  0.97536579353293840  0.98791742886423140  1.00000000000000000
 -0.00488410332577055  0.02241797534379595  0.04318427619422198  0.04955178660421369
  0.05591929701420540  0.06228680742419711  0.06843426227270029  0.07420776353614868
  0.07998126479959707  0.08575476606304545  0.09037600753460057  0.09366430294903962
  0.09695259836347868  0.10024089377791773  0.10959781793903822  0.12152656136285531
  0.13212818688325159  0.14667274384425638  0.17281740631112300  0.20280457027952756
  0.22120120031725307  0.23267690512463116  0.23776630401724666  0.24257139314650647
  0.24687571811605721  0.25308949543590459  0.26046141073245349  0.27015765737897413
  0.27453576395743945  0.27924839936258139  0.28385411233404761  0.28971728630148369
  0.29633395398693041  0.30354175688106033  0.30890166518482504  0.31393802346012095
  0.31765604442626588  0.32144356423616077  0.32371887281458173  0.32518658809486334
  0.32785655697088018  0.33230881534228246  0.33555858077091827  0.33920154735332675
  0.34539714902520119  0.36858012753220953  0.39447815332623043  0.41916983931799262
  0.45330607993335403  0.47681458502931784  0.49715497282287263  0.51448062557344265
  0.52812046513363464  0.54886209903185956  0.56595346064676366  0.57837515879697698
  0.59465678017866819  0.61909322910451292  0.65089954840425168  0.67841251676454761
  0.69899513019026638  0.70925027056968482  0.71675081323300027  0.72251422763061424
  0.72609707550671809  0.73084453279060979  0.73755146251172909  0.74284723632378680
  0.74721197727206923  0.75121548953188022  0.75668391581211414  0.76105347409380186
  0.76811939646436167  0.77731408359513621  0.78836906680493157  0.79939472817778678
  0.80913893203755993  0.81888313589733319  0.82578177255591867  0.83264408805559187
  0.84314575618486676  0.85040006930502399  0.85668878816829375  0.86183959159463119
  0.86773434490984303  0.87666866725928316  0.88520927494630697  0.89522148124102974
  0.91451414184854751  0.93725760820376702  0.95571941603797061  0.96528397797968613
  0.97375647834621026  0.98276105146394466  0.99141047707091190  1.00000000000000000
 -0.00161211890790043  0.00412701128141167  0.01247835429777480  0.02194386857941667
  0.03342166027749312  0.04368989594593333  0.05063288164372780  0.06429387507765191
  0.08383684217507811  0.10653704100421987  0.12268592927201086  0.13259976892349878
  0.14424381999599645  0.15190181297024441  0.15698818749778806  0.16281130366906102
  0.16956667165049813  0.18308762522104244  0.19815013768154449  0.21630649779710359
  0.23633440921775448  0.26081127546613603  0.27566800999660773  0.28532324064629666
  0.29285851695574233  0.30192118657389122  0.31216608022857811  0.32351950277416608
  0.33658169032359836  0.34863425812788440  0.35785637304550727  0.36354451125450643
  0.36841922401608063  0.37341369315445783  0.37863879974991593  0.38616825280690120
  0.40860011985963418  0.43330261937783343  0.44426248046519590  0.45522234155255842
  0.46618220263992094  0.47627354754885470  0.48458059283495231  0.49288763812104991
  0.50119468340714746  0.50835077126689665  0.51199525761475151  0.51563974396260648
  0.51928423031046134  0.52535265849750012  0.54145398046938942  0.55546312372978479
  0.56352615722875277  0.57399255878993427  0.58185321020636394  0.58840173329587098
  0.59369235114745422  0.59732778785066531  0.59993143596566001  0.60135570020650719
  0.60347633119545308  0.60646016162129068  0.61034951206105748  0.61676921408969809
  0.62492500834897202  0.63525374613620966  0.64467701329379634  0.65209502061752944
  0.65971961357344455  0.66624665029080321  0.67534107027495738  0.69219812181611096
  0.70590394717260607  0.71593196892566335  0.72719933126170522  0.73948207207951855
  0.75284894069156749  0.76945895711347234  0.78406021146279548  0.79829654325347399
  0.82063207008196137  0.83605550985033195  0.85053222534256667  0.86927091777939081
  0.88099775609022080  0.88998829515720901  0.89995570310815409  0.90358962863149728
  0.90915514518189711  0.91471865053152268  0.92167964299644600  0.93039679306061351
  0.94385751466069967  0.96333242189852675  0.98049830796131798  1.00000000000000000
 -0.00207745083040653  0.00814385190126195  0.01201784279728104  0.01628805859771557
  0.02071111345126690  0.02473208884453420  0.03207719588366922  0.04208276760133534
  0.05613602219593007  0.07085792792353680  0.08367685882334303  0.09644773283477007
  0.11075639337057236  0.12278178907836008  0.13315707283386413  0.15002899748450882
  0.17086348064009146  0.19561218448406167  0.21108544139632771  0.21919020252646956
  0.22685291534554072  0.23702549166521678  0.25115613535722486  0.26547021339460602
  0.27878273288127697  0.29719326628176540  0.31154572485699872  0.31471684409603817
  0.31788796333507763  0.32105908257411708  0.32423166334667292  0.32740870612674372
  0.33058574890681452  0.33376279168688533  0.33690727208384330  0.33996561273603348
  0.34302395338822367  0.34608229404041380  0.35094774641675686  0.35935621228104936
  0.36617509132005843  0.37284504593679929  0.38250542381792946  0.39662834124205998
  0.40817466367285604  0.42402863029432114  0.44327827999402147  0.46178308888722147
  0.48148088272601547  0.50070558915724805  0.51070770144103128  0.51389378779447825
  0.51670293020836622  0.52026763510919116  0.52635117014492305  0.53624354899012006
  0.55764276200912244  0.58160534501297068  0.59102948964965896  0.59790447552343096
  0.60697932728527682  0.61487423338146630  0.61747528290943254  0.61945055613856115
  0.62192553921272187  0.62431528687994720  0.62833929819333179  0.63399141109057311
  0.63877484050325739  0.64678697599787227  0.65942136171860433  0.67383575921863248
  0.68594135962026359  0.70143674434231851  0.71976379935208401  0.73261015429268472
  0.74880719517322447  0.76409982379458574  0.77529969065455384  0.78207497122155589
  0.78845129401388958  0.79446933079628357  0.79907848616741717  0.80326959637736806
  0.81021772989465268  0.81652760023935855  0.82289040205309505  0.82905781573777326
  0.83607040819893341  0.84532471072604043  0.86095976312717482  0.88396283722059477
  0.90796672315182736  0.93608262135900222  0.96805484600695069  1.00000000000000000
 -0.00487797051489950  0.01346368026570466  0.02998683120197945  0.04617641568360754
  0.06323986159296316  0.08221221951598487  0.10093144601310725  0.11791276195066240
  0.13314260397489189  0.14803129459547962  0.16152951319628184  0.17860307378144150
  0.20497019518024231  0.23320347323719062  0.25171997439222360  0.26273305120861323
  0.27692297742976357  0.29781998511766206  0.32168420740157905  0.33198632550973833
  0.34008464222614238  0.34700560486197563  0.35469799959172549  0.36498193209534174
  0.37905637688968530  0.39632082891195691  0.40531932348755678  0.41256022304479995
  0.42047380246920185  0.42845800444742554  0.43665800238400648  0.44636118540463721
  0.45742395273628661  0.46961696241510725  0.48389018760132918  0.49688641343526352
  0.50653524078720213  0.51221703169708555  0.51657916983862451  0.51970009388793137
  0.52308811671475375  0.52726630995944568  0.53517637482726010  0.54130860355516153
  0.54895875989986587  0.55768935644514606  0.56660051645676823  0.58150758483307285
  0.59132355543593040  0.59957641077310175  0.60796152606448184  0.61648353191538940
  0.62462163585002606  0.62951180087278236  0.63440196589553877  0.64159596563207100
  0.64943402650802262  0.65835297963099459  0.66743220265201897  0.67135466314594150
  0.67509537012606202  0.68126204755447228  0.69128268552734995  0.69436916418133554
  0.69673292415122035  0.70054747420230112  0.70471023870027194  0.70768841330634868
  0.71017653463010866  0.71612765999962469  0.73152356563552612  0.75530260279631789
  0.76980820622772717  0.77727956498668160  0.78475092374563593  0.79222228250459037
  0.79872803186514019  0.80383687977777829  0.80894572769041639  0.81405457560305439
  0.81902760001100228  0.82302741227435228  0.82702722453770228  0.83102703680105217
  0.83502684906440217  0.85235365002237085  0.87285435879611517  0.89209892730867046
  0.90406398205756056  0.91721223039457389  0.93155676263168807  0.94203619159958929
  0.95337832044964954  0.96640127643245699  0.97911645546937554  1.00000000000000000
 -0.00355682439976763  0.01860100322955282  0.04288602693164557  0.07523471819426304
  0.08591188016172646  0.09150588947167435  0.09714561872268287  0.10636681554668667
  0.11943471034683500  0.13675848252760095  0.14398856582731021  0.14974530672369876
  0.15556030381615790  0.16076072808535133  0.16361178639768925  0.16999263326191419
  0.18258420060035627  0.19118043626660206  0.19607807159164939  0.19909008691147642
  0.20409895361682986  0.21248519317714554  0.22214403357181658  0.23200556462454852
  0.23855017895907082  0.24092909360890180  0.24330800825873278  0.24568692290856378
  0.24873396055908994  0.25229630086534838  0.25585864117160684  0.25942098147786524
  0.26427298945538558  0.26965037356346677  0.27502775767154802  0.28040514177962927
  0.29322251837315255  0.31106213663626209  0.32629254014054426  0.33530502845199006
  0.34283505187458657  0.35800105734175658  0.37082011297574324  0.38079789586911195
  0.38935418013869832  0.39778863584228263  0.40748646481875039  0.41822977041240045
  0.42940191997901433  0.44249923440314826  0.45403352364361510  0.45995855538004071
  0.46434045139622993  0.46944269457387688  0.47377790035853290  0.47662569836356977
  0.47957996862392765  0.48380407772180800  0.49006903287259213  0.49454833068955628
  0.49711038656035544  0.49937018473154071  0.50178126763866093  0.50472289120627989
  0.51011163254414738  0.52105680470298565  0.54643648044214166  0.57775546831868363
  0.61226601210034870  0.63579325341801285  0.65485037430872994  0.66808162541785276
  0.67673164000247643  0.68614230255467257  0.69435589734220882  0.70384444550344427
  0.72045180237329876  0.73466394401592472  0.74633250861675904  0.75841770130770492
  0.77339598144179267  0.79260262791223213  0.81211910052607261  0.83306999738219356
  0.84949092557526074  0.86371804929274953  0.87944916125293238  0.89779700878309932
  0.91452926593825568  0.92867843007722317  0.93974882295375517  0.94867555103989853
  0.95954383087659267  0.97110519632923187  0.98337238039147978  1.00000000000000000
 -0.00415408894476940  0.01018777635868031  0.02562930663234690  0.04243406043575575
  0.05939301088460694  0.08137894425969419  0.10170798104596160  0.11752920438801773
  0.13130405933169662  0.14606770185063153  0.16360103030846479  0.17773328340803377
  0.18655169993287979  0.19462707271173940  0.20236004547696901  0.20986803926474679
  0.21733432816124346  0.23358455765231467  0.24730207840057547  0.26021195788904822
  0.27315535262355034  0.29176148083681447  0.31462986300273810  0.33696919391956043
  0.35391176921011569  0.35656712798974144  0.35922248676936724  0.36187784554899299
  0.36447987140013011  0.36699800692923984  0.36951614245834957  0.37203427798745931
  0.37438015323371837  0.37656431756894632  0.37874848190417432  0.38093264623940232
  0.38876465242666913  0.39863950127272268  0.40740006782466648  0.42111188110673903
  0.44066441848796201  0.44899797480917591  0.45409879376869322  0.45817395314316289
  0.46088254559275194  0.46331684419470659  0.46782458209466005  0.47274702774410549
  0.47652656894103290  0.48330554673160475  0.49881411490496808  0.51360763859813519
  0.52677619953169474  0.53494490653842386  0.54622453242191427  0.55649156333222027
  0.57376443017270984  0.59036778310588012  0.60653038579384011  0.62548541805392688
  0.65039317628981297  0.66909576361890688  0.68379868594428450  0.69192618836517883
  0.69802222224887323  0.70410543113612145  0.70779403506449756  0.71068419930194704
  0.71783529909602506  0.72740099854334550  0.73546644196406863  0.74210623493360950
  0.74862832815446301  0.75066730746336396  0.75250117078854439  0.75565164378003480
  0.75982008061091555  0.76796628049724636  0.78112613247286622  0.79444947906525587
  0.80359617363845404  0.81169077984166804  0.82170004360695481  0.83303822286817975
  0.85609211611451330  0.87985377489945005  0.89728522637463581  0.91115519992072658
  0.92710756202943989  0.94172124667340962  0.95566787877268755  0.96746982705638818
  0.97828264846689328  0.98498782569710697  0.99209838736977840  1.00000000000000000
 -0.00682519469758580  0.02165477671558372  0.03628669455900324  0.04733320058621335
  0.05962476247604732  0.07197754642252030  0.08167959216782095  0.08825098812246614
  0.09468398903064738  0.09980501405530989  0.10451606803442814  0.10935723623327423
  0.11406907814132394  0.11863039270489556  0.12248092567801333  0.12535853414847006
  0.12944158149731760  0.13344383597548809  0.13772906846472255  0.14566667641596623
  0.15323552635976551  0.16107509423072916  0.16802282560499554  0.17313799778247579
  0.17827144016254756  0.18452537605449204  0.19078310546138713  0.19775376474619005
  0.20530931480483780  0.22015378196135293  0.24383829593437267  0.26052395098532705
  0.27197721135340125  0.28333422100195538  0.29465925297407486  0.30275662606670800
  0.31120037288642199  0.32351992626052012  0.33636371865605558  0.34274550993900094
  0.34814091440961609  0.35285706661110644  0.35740438957603687  0.36256020122827959
  0.37490678052570636  0.39309611586195176  0.41126795837874042  0.43160183018452197
  0.45709096359597440  0.47805071825409123  0.49615875668733789  0.51213657935166057
  0.52683468190195004  0.54532245757188935  0.56950508817741841  0.58771450974407835
  0.59897222340783829  0.61004959574582207  0.62015296005837972  0.62943457733501251
  0.64736578730964356  0.67214335078348597  0.69711682192970159  0.71930076560997047
  0.76970906969937714  0.79168543143225900  0.81084528634065489  0.81915119405318559
  0.82315848791656865  0.82760121835694289  0.82921713127663632  0.83083304419632964
  0.83244895711602307  0.83382330168155150  0.83470830250386507  0.83559330332617865
  0.83647830414849222  0.83725819721157424  0.83793496389999222  0.83861173058841021
  0.83928849727682819  0.84276046801130600  0.85070606180960762  0.85711012323814351
  0.86322875298518875  0.87153529860798962  0.88265647725083318  0.89401977972383895
  0.90500752541907181  0.92023533761901921  0.93769030807622311  0.95258093545066658
  0.96679800538068683  0.98223561735366327  0.99163211099430060  1.00000000000000000
 -0.00256809821369985  0.01500281747443029  0.03177450157876159  0.04783322671653446
  0.06352124471698836  0.08163791874841000  0.09194603378865503  0.09995306103689519
  0.10744701650120347  0.11569640119382880  0.12154458751025261  0.12469928130254594
  0.12826047211433711  0.13192743316034647  0.13556144273286838  0.14176495075367715
  0.15330055823260361  0.16366554333051947  0.17322184625554829  0.18361286943723223
  0.19639984648393066  0.21160972595865563  0.22356345932108113  0.23437417963363491
  0.24735233459937445  0.26161287308747300  0.27421258847845525  0.28855599336475091
  0.30971966188352579  0.33077413699127622  0.35367393454358470  0.37464396028806812
  0.37938964255965363  0.38228590812666785  0.38596660326844057  0.39002389997496367
  0.39409461504604160  0.39777244332771944  0.40045062062448272  0.40332230986677631
  0.40734904832502722  0.41263079668648445  0.41536712689387156  0.41708451146557329
  0.42038801054832237  0.43200695075996143  0.45538762675749483  0.47798370208017421
  0.50541042148963200  0.52996931623022292  0.54553242449470651  0.56069220636365857
  0.56993187778022991  0.57911544142293458  0.58778826646835802  0.59938613373938676
  0.61828382597558362  0.63469610857981162  0.64845931480028751  0.65855193664630174
  0.66802965981811557  0.67755070396922268  0.68827311738219621  0.70114771867323422
  0.71901405363293136  0.74708585398733585  0.76311737306608662  0.77336371569523532
  0.78444985226220310  0.79494815915542205  0.80377794527912227  0.81151387973765265
  0.82064969609654437  0.83114179592776483  0.83888961507603843  0.84506137419093663
  0.85174289105748768  0.86277088080316378  0.87667471360075189  0.89112820455705943
  0.89512103649391106  0.89911386843076280  0.90310670036761442  0.90671344766805972
  0.90999963533285677  0.91328582299765393  0.91657201066245109  0.92025104869801022
  0.92403325017640281  0.92781545165479551  0.93227690966734567  0.95248171537202764
  0.96503237648635976  0.97663944329485464  0.98849458279230806  1.00000000000000000
 -0.00462859351796341  0.02156368740248966  0.03959949047391323  0.05281165587295451
  0.06649121268205455  0.07861952274123117  0.09445064948560597  0.11187173962297176
  0.12308109265036715  0.12678030134734528  0.13047951004432343  0.13417871874130155
  0.13772256602976476  0.14065455397636370  0.14358654192296266  0.14651852986956160
  0.14939822808455605  0.15120316374992565  0.15300809941529525  0.15481303508066488
  0.15661797074603448  0.16462330153857774  0.17187648261863714  0.17606787664532486
  0.18257744448668412  0.19075857803668042  0.19610972616072270  0.20245374870049324
  0.21054173311011046  0.23331631748878540  0.26496528868965469  0.28570889893573165
  0.29873418511892785  0.31371097676518406  0.33378882646652708  0.36317511018474369
  0.39750938328838475  0.42847973868181904  0.45240573981130727  0.46934115246681996
  0.48757981756648050  0.50968228465687382  0.52750170371310312  0.54020334846662044
  0.54612570635946267  0.55125555142272564  0.55606670218158738  0.56276478262719132
  0.57050960274082529  0.58047040884883594  0.59051055833512245  0.59905857695936737
  0.60783800530375065  0.61744758324415194  0.62809853919061465  0.63600364699684575
  0.64191088745443858  0.65057531011435743  0.66236302986193785  0.67184439638405569
  0.67492121872361399  0.67796935789698387  0.68164939434723693  0.68531719810054781
  0.68994488842533497  0.69540528780294020  0.70353988158302949  0.71235490717497163
  0.71887711917938124  0.74790701427129724  0.75729140432238318  0.76587601931746474
  0.77313136824373829  0.78231726739203367  0.79296101188989843  0.80417852415607549
  0.81789800862297102  0.82913758336056520  0.83338634960406477  0.83913491107575788
  0.84583919758129567  0.85082526959055205  0.85619360739575689  0.86132904113573960
  0.86621046810655011  0.87105218254224448  0.87766275059311816  0.88716902476065596
  0.89433923438257390  0.90141439838312709  0.90996010896632473  0.93358085515416678
  0.96451670898643416  0.97848549805370344  0.99055756800021111  1.00000000000000000
  0.05823425724403318  0.74163570322806649  0.77828216813519602  0.79863157139644014
  0.81223514645511152  0.82431927692790907  0.83338607496141137  0.84761986441427162
  0.86133489223962112  0.87196895945961950  0.87552234499409853  0.87713707560305032
  0.87886986488814567  0.88062969570584337  0.88245864836081300  0.88392273979654790
  0.88498348447123998  0.88604422914593217  0.88710497382062425  0.88867891371549323
  0.89041836011852904  0.89215780652156484  0.89388000052244587  0.89520238494669913
  0.89652476937095249  0.89784715379520574  0.89943561484255019  0.90088495301343940
  0.90209701291727651  0.90401122396757749  0.90646297625123651  0.90919965530384883
  0.91107665070787658  0.91318006404281016  0.91609226540313970  0.92000755722377869
  0.92445128415163580  0.93046066436412411  0.93492351356300862  0.93788552100998446
  0.94084504194285656  0.94393405069182401  0.94600906340035418  0.94758857694972398
  0.94941543288866126  0.95144709817559125  0.95322943627312406  0.95423972903410348
  0.95493340515193270  0.95573788035567031  0.95648752251009705  0.95732737895336828
  0.95846048172681120  0.95961074742396535  0.96141779789181991  0.96248532663591835
  0.96319393658922692  0.96374451247450077  0.96446793062766389  0.96508300088435728
  0.96568295610752353  0.96625104779553905  0.96684847888434966  0.96796812483392991
  0.96883679435333858  0.96939702414875262  0.97023176546236700  0.97130367778987325
  0.97223690097119664  0.97289934545610723  0.97335734361171156  0.97384129899967986
  0.97445780005518023  0.97500412787075752  0.97535379515390663  0.97585690908069678
  0.97638399011827004  0.97701086164873974  0.97778396421151736  0.97863014747495647
  0.97923845479090166  0.97972512401585510  0.98055253881387483  0.98178124034665537
  0.98376676986429534  0.98449529596472840  0.98483346394049676  0.98518511909895978
  0.98597246776754066  0.98694188783588976  0.98769935341432047  0.98841021422043807
  0.98910836331251817  0.98982947662723897  0.99170263350254095  1.00000000000000000
 -0.04298359909076368  0.20611867177209148  0.28284648388184885  0.33394873531792485
  0.36125788748051729  0.37363328286098557  0.38018721223158730  0.38813425736774454
  0.39615670888693427  0.40357735256980737  0.40946144223233011  0.42409327930950230
  0.43926267694061394  0.45026050193091766  0.45787309863623976  0.46402493098511588
  0.46904348185378542  0.47254168553709619  0.47648373330495764  0.48114213533893185
  0.48681039544502708  0.49357521316997505  0.50122119714411395  0.50692528545395177
  0.51160158773124076  0.51560353155663508  0.51889331064067912  0.52275072009321188
  0.52718587571193387  0.53002466728138620  0.53324987062767937  0.53705921367050946
  0.54361539722488894  0.55028139612080817  0.55821879463444957  0.56380766680526928
  0.56632815052286500  0.56792879526406581  0.57079352302409125  0.57296743615085899
  0.57549232196216948  0.57829683417364353  0.58184313815710786  0.58569251290514812
  0.58863474830132634  0.59346779537580086  0.60242001776252418  0.61009450669237653
  0.61462456807991572  0.61900908455291037  0.62420235593681739  0.63219583975139659
  0.63815242633272284  0.64130816244059174  0.64252226399482226  0.64373636554905278
  0.64495046710328341  0.64614680839622385  0.64733075676344831  0.64851470513067278
  0.64969865349789724  0.65086779089803382  0.65203079669787822  0.65319380249772252
  0.65435680829756693  0.65865139166770792  0.66433614586759426  0.67694631651546833
  0.69332032718580106  0.70605571287032509  0.71614009873482709  0.72342947285353154
  0.72762320395188262  0.73184406459954177  0.73623914189398176  0.74204528106542955
  0.75025258299398678  0.76060874733453965  0.77126668619767780  0.77964756752396014
  0.78518755715709321  0.78958009888029523  0.79250689324650647  0.79398867639965032
  0.79549585061387351  0.79701356187583949  0.79870762231336745  0.80134481160219828
  0.80702115557308995  0.81523016868895692  0.82689808052778269  0.83957696370319101
  0.85396484505974379  0.86802175685403027  0.89085478207763058  1.00000000000000000
   1.6858388019186789E-018  -1.0000000000000000     
 T F F F F F F F F F F F F F F F F F F F T F F F T F F F F F F F F F F F T F F F T F F F F F F F F F F F F F F F F F F F T F F F F F F F F F F F F F F F F F F F F F F F F F F F F F F F F F F F F F F F F F F F F F F F F F F F F F F F F F F F F F F F F F F F F F F F F F F F F F F F F F F F F F F F F F F F F F F F F F F F F F F F F F F F F F F F F F F F F F F F F F F F F F F F F F F F T F F F F F F F F F F F F F F F F F F F T F F F T F F F F F F F F F F F T F F F T F F F F F F F F F F F F F F F F F F F T F F F T F F F F F F F F F F F F F F F F F F F T F F F T F F F F F F F F F F F T F F F T F F F F F F F F F F F F F F F F F F F T F F F F F F F F F F F F F F F F F F F F F F F F F F F F F F F F F F F F F F F F F F F F F F F F F F F F F F F F F F F F F F F F F F F F F F F F F F F F F F F F F F F F F F F F F F F F F F F F F F F F F F F F F F F F F F F F F F F F F F F F F F F F F F F F F F F T F F F F F F F F F F F F F F F F F F F T F F F T F F F F F F F F F F F T F F F T F F F F F F F F F F F F F F F F F F F T F F F
  <DiscreteSampler_grid>
  grouped_processes
  1 # 1 for a reference and 2 for a running grid.
  10 # Attribute 'min_bin_probing_points' of the grid.
  1 # Attribute 'grid_mode' of the grid. 1=='default',2=='initialization'
  0.0000000000000000 # Attribute 'small_contrib_threshold' of the grid.
  0.5000000000000000 # Attribute 'damping_power' of the grid.
 # binID   n_entries weight   weight_sqr   abs_weight
    16   10   8.996649201809842E-022   4.394096263071163E-042   8.996649201809842E-022
    17   10   8.996649201809827E-022   4.394096263071126E-042   8.996649201809827E-022
    19   10   7.415552504226025E-022   3.913257907186820E-042   7.415552504226025E-022
    20   10   7.415552504226027E-022   3.913257907186832E-042   7.415552504226027E-022
    22   10   1.703883924058920E-020   2.778448363851027E-039   1.703883924058920E-020
    23   10   1.703883924058921E-020   2.778448363851027E-039   1.703883924058921E-020
    28   10   2.958245739649473E-022   5.809985556574016E-043   2.958245739649473E-022
    29   10   2.958245739649570E-022   5.809985556574500E-043   2.958245739649570E-022
    31   10   3.310956539936464E-022   7.216907949274644E-043   3.310956539936464E-022
    32   10   3.310956539936406E-022   7.216907949274322E-043   3.310956539936406E-022
    34   10   4.378355955306985E-021   1.847425129188899E-040   4.378355955306985E-021
    35   10   4.378355955307000E-021   1.847425129188913E-040   4.378355955307000E-021
    40   10   8.996649201809844E-022   4.394096263071151E-042   8.996649201809844E-022
    41   10   8.996649201809831E-022   4.394096263071137E-042   8.996649201809831E-022
    43   10   7.415552504226035E-022   3.913257907186839E-042   7.415552504226035E-022
    44   10   7.415552504226073E-022   3.913257907186880E-042   7.415552504226073E-022
    46   10   1.703883924058920E-020   2.778448363851027E-039   1.703883924058920E-020
    47   10   1.703883924058923E-020   2.778448363851037E-039   1.703883924058923E-020
    52   10   2.958245739649495E-022   5.809985556574122E-043   2.958245739649495E-022
    53   10   2.958245739649558E-022   5.809985556574434E-043   2.958245739649558E-022
    55   10   3.310956539936465E-022   7.216907949274641E-043   3.310956539936465E-022
    56   10   3.310956539936408E-022   7.216907949274330E-043   3.310956539936408E-022
    58   10   4.378355955306982E-021   1.847425129188898E-040   4.378355955306982E-021
    59   10   4.378355955307009E-021   1.847425129188920E-040   4.378355955307009E-021
    64   10   8.996649201809814E-022   4.394096263071150E-042   8.996649201809814E-022
    65   10   8.996649201809869E-022   4.394096263071170E-042   8.996649201809869E-022
    67   10   7.415552504226025E-022   3.913257907186821E-042   7.415552504226025E-022
    68   10   7.415552504226071E-022   3.913257907186881E-042   7.415552504226071E-022
    70   10   1.703883924058918E-020   2.778448363851023E-039   1.703883924058918E-020
    71   10   1.703883924058923E-020   2.778448363851036E-039   1.703883924058923E-020
    76   10   2.958245739649522E-022   5.809985556574248E-043   2.958245739649522E-022
    77   10   2.958245739649589E-022   5.809985556574574E-043   2.958245739649589E-022
    79   10   3.310956539936426E-022   7.216907949274442E-043   3.310956539936426E-022
    80   10   3.310956539936406E-022   7.216907949274327E-043   3.310956539936406E-022
    82   10   4.378355955306962E-021   1.847425129188880E-040   4.378355955306962E-021
    83   10   4.378355955307003E-021   1.847425129188914E-040   4.378355955307003E-021
    88   10   8.996649201809816E-022   4.394096263071152E-042   8.996649201809816E-022
    89   10   8.996649201809861E-022   4.394096263071161E-042   8.996649201809861E-022
    91   10   7.415552504226025E-022   3.913257907186821E-042   7.415552504226025E-022
    92   10   7.415552504226073E-022   3.913257907186883E-042   7.415552504226073E-022
    94   10   1.703883924058918E-020   2.778448363851020E-039   1.703883924058918E-020
    95   10   1.703883924058924E-020   2.778448363851039E-039   1.703883924058924E-020
    100   10   2.958245739649524E-022   5.809985556574262E-043   2.958245739649524E-022
    101   10   2.958245739649580E-022   5.809985556574537E-043   2.958245739649580E-022
    103   10   3.310956539936437E-022   7.216907949274498E-043   3.310956539936437E-022
    104   10   3.310956539936421E-022   7.216907949274407E-043   3.310956539936421E-022
    106   10   4.378355955306968E-021   1.847425129188885E-040   4.378355955306968E-021
    107   10   4.378355955307012E-021   1.847425129188923E-040   4.378355955307012E-021
  </DiscreteSampler_grid>
