  0.02351678263217829  0.03646872134516885  0.04823493064743398  0.05791562723085818
  0.06671599504307740  0.07372470808655195  0.08019611473728346  0.08645243034280627
  0.09284502906301939  0.09897353627625304  0.10904140454193142  0.11962405112124964
  0.12886619472432506  0.13735970615738552  0.14590495660124378  0.15894847763199388
  0.17461766566525444  0.18670414214674078  0.19714211662124384  0.20854651711286942
  0.21952545866784803  0.23215582916174440  0.24354647958867395  0.25797806847494531
  0.27025141974938333  0.27849503260938518  0.28755078930870120  0.29871943094510600
  0.30972935670513813  0.32054136450630477  0.33151516353489380  0.34368343324295825
  0.35779581612925293  0.37167490084844235  0.38185097139337792  0.39129370202766733
  0.40079207581785486  0.41030103050840877  0.41967200870207932  0.42842922606812411
  0.43521026665722040  0.44227067987942442  0.45060596827998739  0.45876326557036767
  0.46766999689327843  0.47440301837894072  0.48135429717687911  0.48887002081450304
  0.49737504405350136  0.50659724704892173  0.51667976240498736  0.52931291283554260
  0.54397650304524792  0.55814021619259502  0.56789992912736509  0.57397523723430477
  0.57869702109055055  0.58513793349395904  0.59235617542355090  0.59868560955766803
  0.60631653069350988  0.61660670048657784  0.62791205555824248  0.64261928739406449
  0.65726780083729586  0.67298805171680121  0.69421924126996171  0.71366561181728749
  0.72997028519412854  0.74188615374560007  0.75305930701688462  0.76297697761495065
  0.77383695133438890  0.78368031240184366  0.79216666823299520  0.79930378156079851
  0.80577020185750803  0.81203810846130275  0.81807097026914166  0.82658520754476450
  0.83687910230257589  0.84431790645033789  0.85141547116610972  0.85654856200987273
  0.86516721900404447  0.87053586733166466  0.87485177410395309  0.87921299901618899
  0.88360106272715899  0.88840145077946686  0.89372533314484381  0.90231447769732553
  0.92370699973198112  0.95436827847311601  0.97330710478550631  1.00000000000000000
  0.00002976937709352  0.00010384770764983  0.00016577120694105  0.00020704957232656
  0.00023934211705127  0.00026599460315315  0.00029365111107397  0.00032538832363893
  0.00035865209075172  0.00038903671498511  0.00041842365904640  0.00044833226712392
  0.00048371461739615  0.00052160718619535  0.00054964073282618  0.00058547008632524
  0.00062284149082082  0.00067133871197069  0.00072251391970535  0.00075421375404898
  0.00078094990945323  0.00081085437317785  0.00084089575784271  0.00086629989834847
  0.00088989701885391  0.00091332605944031  0.00093817953243858  0.00095533590279849
  0.00097445468907851  0.00099413168886336  0.00102104114655436  0.00105523199479629
  0.00108708852054757  0.00111826354193897  0.00115527305218744  0.00119671147346539
  0.00123614102520599  0.00127362239065262  0.00130428156233033  0.00133882811236257
  0.00137018663685823  0.00139905907897793  0.00142635298382477  0.00146021969047736
  0.00147928528561142  0.00150236623279561  0.00152341607216221  0.00154472094619604
  0.00156826411360281  0.00159546955824902  0.00162399679426068  0.00164759287322679
  0.00166591237236368  0.00168119308398617  0.00169551616286406  0.00170776636369968
  0.00172106286911227  0.00173640977299676  0.00175210036863447  0.00176766322060139
  0.00178219175361819  0.00179858434598024  0.00181359951948186  0.00182522658582082
  0.00183670993005542  0.00184835830203217  0.00186037765292616  0.00187426066463807
  0.00188728818181195  0.00190105177729893  0.00191628566519691  0.00192994612732742
  0.00194308107907862  0.00195657256307965  0.00197310930972639  0.00199176830545721
  0.00200844356087591  0.00202410025781479  0.00203856384534733  0.00205272756204608
  0.00206914731471882  0.00208766990575027  0.00210745620826901  0.00212788308623125
  0.00214813928227294  0.00216778061991336  0.00218791525686948  0.00220750394448125
  0.00222681612786470  0.00224951560014914  0.00228374643959411  0.00233307335514839
  0.00239557348738921  0.00245101710783252  0.00247725174316091  1.00000000000000000
  0.02438722098304633  0.03006777908977470  0.03885990861257212  0.04784921649311725
  0.05788982466142713  0.06731464409920254  0.07635124706707751  0.08531317467069589
  0.09472466839373710  0.10527333818467859  0.12124687545375425  0.14033970557050812
  0.15814797356389743  0.17194873535896152  0.18116940803977086  0.19009276931309702
  0.19913694110650182  0.20703084248278608  0.21350191001152349  0.21931886122630698
  0.22855508488567225  0.23738741478947253  0.24394615402212150  0.24908126160206595
  0.25473799447803452  0.26132157795599253  0.27145952286847819  0.28573139446102269
  0.29965338110868467  0.31401979379073180  0.33040836214555691  0.34637034505804837
  0.36301045444385194  0.37513627673833577  0.38726874975629860  0.39899165144546461
  0.41091082414178526  0.42325409142553594  0.43909623753960686  0.45772461303796819
  0.47351585765940424  0.48792651821592270  0.50269478411150714  0.51507467089862136
  0.52799317740363472  0.54237034660749739  0.55844330715081014  0.57321358707359615
  0.58717507841390004  0.59652406020214088  0.60504306224359161  0.61308100190205084
  0.62134213193393417  0.63152363945389645  0.64045427907331187  0.64967838141817891
  0.65838479321699694  0.66902966703924971  0.67977702704902943  0.68894229134564822
  0.69602314400726262  0.70297852687423357  0.71063557739140659  0.72061183093774017
  0.73335766927512902  0.74559124805520227  0.75527072492826053  0.76395886007317693
  0.77147143279262054  0.77767492735488242  0.78282594940100658  0.78896378921538812
  0.79559990431488548  0.80225017022329936  0.80917508958154538  0.81507804039105625
  0.81983556599279939  0.82473476766548071  0.83056789691354216  0.83804323802608438
  0.84607922577113348  0.85182503025393719  0.85757278302784901  0.86332187553453354
  0.86920674459949498  0.87562105587573336  0.88531038420093056  0.89709989503996668
  0.90927515956761729  0.92039851512790904  0.92946412964276992  0.93865219830212376
  0.94789312277753768  0.96002769942877464  0.97240618947544744  1.00000000000000000
  0.02371263856295133  0.05093218489158388  0.07480878565728344  0.09304572759573360
  0.10785190214728205  0.12130242367297227  0.13949550942501227  0.15434466295900789
  0.16745557603544775  0.17896501972530793  0.18794881578875730  0.19393784972399128
  0.20008445011035364  0.20699858064710644  0.21391528170561191  0.22215832580726233
  0.23101216307805034  0.24307044598058186  0.25596481040513597  0.26514700491195420
  0.27246359191823294  0.28027949742518271  0.28822968003842120  0.29613501132915032
  0.30401865634589498  0.31231184092066150  0.32207573454649491  0.33491943342597436
  0.34852756836015064  0.36044228495606784  0.36935825024623897  0.37641115555711802
  0.38343172048716734  0.39185978872694444  0.40289121628502234  0.41866755375959125
  0.43188079643896188  0.44359117754548033  0.45564579308008352  0.46537804441131320
  0.47479120985832163  0.48353900190504567  0.49271739403125758  0.50150263108655424
  0.51151577120375080  0.52076168174809379  0.52906611184703034  0.53598632047343031
  0.54224240751082353  0.54913194010419775  0.55676849017549701  0.56622562256007813
  0.57355084749606144  0.58047832690668888  0.58758134466582668  0.59734689583138101
  0.60776334492774353  0.61720104749045457  0.62570251739893923  0.63764194780305372
  0.64682332100384787  0.65472828211016110  0.66256052184450887  0.67124171566995383
  0.68051735256871537  0.68941718135637464  0.69698616554575077  0.70167943947410116
  0.70566745428124344  0.71068837738049706  0.71783417393332172  0.72612951095598655
  0.73534008258744199  0.74559096113130374  0.75473729052305771  0.76452699575073735
  0.77658477011911164  0.78756389947995020  0.79491492077783699  0.80038097911343542
  0.80661751264538895  0.81537632595114573  0.82522222557778369  0.83572339480603586
  0.84693029160434319  0.85843967688821199  0.86912844511936294  0.87828733020452476
  0.88712703046209951  0.89617191915494077  0.90586360664760590  0.91841436899659890
  0.93673846659224669  0.95962931447455979  0.97137177476143421  1.00000000000000000
  0.00348306180423537  0.00377070811110732  0.00394258985320280  0.00408051561664361
  0.00419026016773316  0.00427071899397014  0.00434624348511038  0.00442350286162850
  0.00450791390768468  0.00459096612525003  0.00467267592175867  0.00475512723206071
  0.00483373065112286  0.00492595330183809  0.00502795693763894  0.00513372235692690
  0.00524907822616524  0.00537480466463131  0.00550186991710480  0.00561656809294192
  0.00573444903130306  0.00584338512291601  0.00593180886452538  0.00601514766520841
  0.00610618358667117  0.00621503345237504  0.00632903171671758  0.00643885081625534
  0.00653412596538382  0.00663098671665595  0.00673842959768509  0.00686327803093138
  0.00698639608444690  0.00709618035743737  0.00720245270277273  0.00731300385847909
  0.00741417485108134  0.00750976331201756  0.00760378729802973  0.00770897264079603
  0.00782867645393777  0.00794411066039465  0.00804967366626387  0.00814746542247963
  0.00824398380381720  0.00831577697270617  0.00839291971616969  0.00847285008496202
  0.00858935608969924  0.00872187023664497  0.00890482504132358  0.00909057757870098
  0.00924988176282696  0.00939213110030620  0.00953270862439391  0.00967718220889587
  0.00983284335347427  0.01001485039887095  0.01028878240520105  0.01063966659796723
  0.01087573769543769  0.01112411878063533  0.01135262352330436  0.01155624485324172
  0.01177641913003805  0.01197637137137930  0.01218195899923370  0.01240926544451738
  0.01267152718674275  0.01298220452744362  0.01332766811694859  0.01373289964392865
  0.01426465556708090  0.01475771794386427  0.01548188335078981  0.01607113453868163
  0.01638453631554622  0.01664464653073829  0.01682832415825372  0.01698126997594429
  0.01717956927773837  0.01738031005922123  0.01755214674378418  0.01781323242295119
  0.01816615164057817  0.01856690880429135  0.01886521736913772  0.01916178465631270
  0.01950976553867660  0.02038456340623143  0.02293907514982791  0.02682642885721583
  0.03059384233895674  0.03814799037916882  0.07071952583866147  1.00000000000000000
 -0.00034792853478795  0.00246643714273033  0.00442697177678619  0.00715344855675464
  0.01011717467602923  0.01275279603012102  0.01633736867527164  0.02135423636492731
  0.02539536483752854  0.03013000055598099  0.03581400766876434  0.04331375674973448
  0.04834845276876405  0.05300683865223654  0.05751431576240083  0.06371341258022989
  0.07218760111341591  0.08000798698720026  0.08640293569938076  0.09147033503522918
  0.09558761121558687  0.09936891663451856  0.10316903345965599  0.10732318660092331
  0.11235602490785769  0.12044693946732971  0.13003986124911368  0.13737634842136223
  0.14490937663117548  0.15276864954007266  0.16055947237422932  0.16838864573551063
  0.17608047890278086  0.18556454270552136  0.19757347218363894  0.21033415614586887
  0.21932737745403158  0.22629507283824823  0.23401798975538843  0.24103544797258206
  0.24565442154352315  0.24994346476025062  0.25486190974429901  0.26022133561817595
  0.26592011518709852  0.27271692531089026  0.28152106130364407  0.29302307592307342
  0.30414141643634846  0.31340731730512905  0.32111736504494975  0.32714289467105478
  0.33325144069631318  0.33986218382200528  0.34805023958936798  0.35747260686039339
  0.36419728945965457  0.37079164657401792  0.37852717337086389  0.38545428908789081
  0.39884101998114413  0.41507619214155417  0.42902001717500016  0.44043124070727802
  0.45058149928261571  0.45993127544643092  0.46974697518208092  0.47960562096278286
  0.49036979259013408  0.50436679482484881  0.52408830739133838  0.54848649852331843
  0.56926350339192244  0.58611080481096167  0.60330965180712881  0.62073163154367772
  0.63622249820425558  0.65116713057580566  0.66981225725732341  0.68711219657820355
  0.70254004632982936  0.71646145849543907  0.73104977505824298  0.74454958558860385
  0.75714884149882111  0.77016922092659168  0.78374276061201009  0.79844948356965628
  0.81553579690828648  0.83312740894673520  0.85190913882427266  0.87470414285653653
  0.90274376052275274  0.93576268138331808  0.96808871340823477  1.00000000000000000
 -0.00287914668719902  0.01102698728917312  0.02239531786959335  0.03317470632295574
  0.04188244587352727  0.04804474661051743  0.05422378104296471  0.06044263413277554
  0.06676766791533272  0.07209318383131968  0.07739983533019013  0.08274523703997769
  0.08901787602115717  0.09770990450016115  0.10862950338157831  0.11855612946241466
  0.12820470726202138  0.13926946339784635  0.15125761773487417  0.16326200845997207
  0.17272183563942509  0.18058611784668513  0.18794703517840089  0.19723056126086802
  0.20720635377939642  0.21497874007224410  0.22260215720806159  0.23043355876830862
  0.23832485343868975  0.24824258117854395  0.26146446958196123  0.27511480167255692
  0.28763180740808209  0.30120109060626649  0.31863230829200762  0.33351236090388309
  0.34582175868846476  0.35770926281100729  0.36869534195601400  0.37722946660142448
  0.38527318703809832  0.39605707564248999  0.41016509917519450  0.42354638504856068
  0.43114819199194904  0.43814900442706450  0.44520013690167631  0.45337095022819895
  0.46320590428804714  0.47183305828033295  0.48150692309725146  0.49367257511894402
  0.50407689514033960  0.51985442579637720  0.53982442767450856  0.56090553277606436
  0.58102621184527647  0.59979760461618636  0.61301396301125632  0.62441062595428243
  0.63589089851408387  0.64752735629677582  0.66092150417306683  0.67301778407746093
  0.68469228935924997  0.69573435942998685  0.70597071690741353  0.71495484755099004
  0.72246827388050372  0.72970035201797567  0.73647504320593871  0.74364797731059817
  0.75115763462237017  0.76025428650679028  0.77302638570425308  0.79569655472694245
  0.81513220718205481  0.82918908860481244  0.84190135576089631  0.85489401486207539
  0.86617932224240590  0.87861847342021338  0.89070531111289475  0.89992934798304691
  0.90880013222170486  0.91828378063548355  0.92998517325821217  0.94352233712842848
  0.95384400008210946  0.96429790091784651  0.97431044052245097  0.98399295144527232
  0.99005672266333289  0.99375197595748832  0.99691716363410532  1.00000000000000000
 -0.00227337215901294  0.01217480857029248  0.02453298298249679  0.03892129198820631
  0.05662695067828560  0.06765265455468165  0.07320701126437891  0.07876005119004306
  0.08475967566313229  0.09238228634707475  0.09973390727603289  0.10592269053847771
  0.11120313545209998  0.11639454877359180  0.12308909135571311  0.13818574853805990
  0.15627318935379036  0.17133514839544409  0.18382955074386115  0.19476683089415500
  0.20465187845616586  0.21473959097588244  0.22491977067126581  0.23439118568762884
  0.24015971528265681  0.24767808980790160  0.25452058243439846  0.26044048793360824
  0.26657892524655002  0.27263545341471057  0.27897512848034051  0.28607555074322505
  0.29845450712259125  0.31097120648913523  0.32207274064316405  0.33078902337391020
  0.34573917974510726  0.36314411177776729  0.38493929492577539  0.40617035771499860
  0.42229115432482051  0.43522272279832219  0.44654051003815404  0.45809523456202378
  0.47144814298085402  0.48548155665014237  0.50206513171477696  0.51975711754352882
  0.53793041342329639  0.55470327723309421  0.56956352813419220  0.58391995336804847
  0.59572499553305491  0.60422439220933710  0.61001635801496312  0.61518285320448074
  0.62069698999069012  0.62876036028240911  0.64008203308961931  0.65172359827827731
  0.66330528481667972  0.67806648323166607  0.69161952563138529  0.70390808105542402
  0.71418056918018002  0.72471599398134678  0.73747122334451398  0.75161708295065122
  0.76556929509898453  0.77861426089355401  0.79056369883357636  0.80010237611176449
  0.80935923240794239  0.81710447949010856  0.82424942419698055  0.83185289288645747
  0.84070547585857758  0.84999976026844537  0.85863108584864656  0.86562798270335306
  0.87634808791068353  0.88685136625626926  0.89656499796790012  0.90420452162670284
  0.90962524561648805  0.91447353541643217  0.91958438201293591  0.92659227792939047
  0.93835101785903963  0.94822039417241477  0.95455069859003283  0.96030518888691296
  0.96972350778481409  0.97922341535215440  0.98823623798382376  1.00000000000000000
 -0.00497073489494338  0.01372232217696480  0.02473398581552665  0.03258900096984891
  0.04068341661816534  0.04936586587433530  0.05931876904079979  0.06679575459944012
  0.07199339030941942  0.07689199892819054  0.08220945228791866  0.08923092499576239
  0.09717421815191658  0.10478779580608513  0.11024908606707705  0.11582152843076821
  0.12260977590696445  0.12980356209211025  0.13738907209976045  0.14447823619600758
  0.15064524053688916  0.15852306065993141  0.16669271235244143  0.17469069273047697
  0.18288966514372246  0.19164041888854974  0.20175866217466160  0.21495363905773157
  0.22839988006468645  0.23982799078390857  0.24914661651285147  0.25838917084491619
  0.26786764397280405  0.27989633843739237  0.29136897218335006  0.30424618801168102
  0.32048655370634643  0.33686756579210303  0.34904098791070159  0.35918465053173104
  0.36755371837236578  0.37689822291137687  0.38606541308592246  0.39616036926883402
  0.40608466130945542  0.41535519314422514  0.42175140826670388  0.42723698479567634
  0.43513692956820865  0.44606069721952185  0.45322224246727622  0.46141631962075014
  0.47198021941316448  0.48093045865698947  0.48614232314284622  0.49171828349340896
  0.49734399299596177  0.50392245242740419  0.51104183878384424  0.51886754551394620
  0.53076001326197864  0.54012793314286178  0.55050377787468896  0.56011912542090769
  0.56897595170041781  0.57775027838090154  0.58650920336333834  0.59568787730643613
  0.60577849680048679  0.61915783740853092  0.63669587808840777  0.65421429248871454
  0.67089677074134446  0.68881773991643724  0.70611739583989208  0.72352794575725365
  0.73801084690631402  0.74895793615023232  0.75820542499957022  0.76505224272629702
  0.77183120469685873  0.77795894959433620  0.78404335874449793  0.79259957876188136
  0.80403674384267343  0.81916278066770964  0.83899468530032995  0.85799898515493100
  0.87650991891917218  0.89605399432675947  0.91632901424102164  0.93334400469061596
  0.94818666480004643  0.96393483296671167  0.98094895796752490  1.00000000000000000
 -0.00303583347351406  0.01072645929432529  0.02253972151521040  0.03427118923412983
  0.04644313057889837  0.05284734107928522  0.05934657796943245  0.06602915682096848
  0.07180231650378900  0.07985812293429420  0.09326307019008730  0.10519906684926433
  0.11505039308201158  0.12823217045126134  0.13747664057950540  0.14497375859470438
  0.15208514576503776  0.15903692056507956  0.16789233331782130  0.18412664487710664
  0.19780028152497089  0.20938435320368221  0.21904998462690764  0.22946329264056181
  0.23732815731939666  0.24334368663105180  0.24914100057431865  0.25588551071080134
  0.26494119570707364  0.27605889833818903  0.28912167716773407  0.30166079375893989
  0.31530083476839738  0.33025886823307837  0.34652792567102569  0.36030387485875609
  0.37125280515543985  0.38214492775175196  0.39129572176264121  0.39902697308359064
  0.40640567611673417  0.41650851003589484  0.43530450001269744  0.45394294906245541
  0.46414341958134087  0.47396055572562301  0.48436318322544802  0.49452227692459028
  0.50613495036420875  0.51923235802359669  0.53082507717322369  0.54217872286362534
  0.55379979373842592  0.56421249048812339  0.57419801482707122  0.58426890587444047
  0.59371223624556924  0.60403107984896343  0.61352639023506006  0.62097681370614755
  0.63126918171885271  0.64222777067478698  0.65125348227453561  0.65850155548879208
  0.66616024895876569  0.67483433315156538  0.68446897412710539  0.69276623302296114
  0.69933559929845468  0.70606205926940069  0.71681862140878749  0.73189479516298561
  0.74265963003756907  0.75184587238568112  0.76230210364747675  0.77259495843400261
  0.78587203140827278  0.80201902625120314  0.81669821164839584  0.82892509082482868
  0.84237179190916034  0.85375778635341226  0.86168161665234766  0.86803124417367916
  0.87505869444333051  0.88390233938005491  0.89229677361579807  0.89946020255966974
  0.90856533210077373  0.91707214555133498  0.92721371558972632  0.93922727312840326
  0.95368890052956035  0.96799023371739368  0.98348900730443078  1.00000000000000000
 -0.00514058973251120  0.01469622867918809  0.02611120374265553  0.03275497463353021
  0.03903772591304294  0.04473836989690484  0.05069944036093377  0.05702685840086869
  0.06414015279348174  0.07111367171833945  0.08193195294005620  0.09951046205460275
  0.11879640059041589  0.13571197472411595  0.15081953295803735  0.16674574962763949
  0.18379280625922551  0.20278759798436796  0.21813742547474940  0.23249362466703150
  0.24478620728175793  0.25575577729906024  0.26475656699198719  0.27410487121257071
  0.28324230040761511  0.29346798560157533  0.30376792850355971  0.31467943830768347
  0.32716532720832814  0.33928908378312200  0.34896252288060658  0.35510950050740336
  0.36079051891327285  0.36683337441195119  0.37633460274055752  0.38763688240579652
  0.39996630690851181  0.41364376932302671  0.42521497731716845  0.43390275284117191
  0.44168560504992549  0.44954849492632637  0.45890805239219146  0.47110250880763166
  0.48589734545213581  0.49926230457543436  0.50867859325564624  0.51721238770693045
  0.52711495684057519  0.53789375401356687  0.54757045064649834  0.55578285004090489
  0.56283763956441168  0.57215398212628976  0.58392241649693466  0.59862724476352036
  0.61809427106189996  0.63916948008456786  0.65298474701577625  0.66571174036058589
  0.67253732270422317  0.68332495770901014  0.69306182592535936  0.70396085728723912
  0.71094094157096355  0.71678194156717112  0.72188766707712793  0.72794389551681493
  0.73530865055311456  0.74413327009027708  0.75292703708342890  0.76043056334065573
  0.76914346893357188  0.77991057800037566  0.79212581291465534  0.80461052897907803
  0.81390239107733464  0.82465240853839583  0.83508533366809301  0.84373657846198113
  0.85233094408854804  0.86061712049412897  0.86845453920436411  0.87917058633083955
  0.88673143461818993  0.89650045407509915  0.90772887896269427  0.91979232562894020
  0.93238491621259045  0.94472131178080676  0.95331530022500122  0.95969891272146512
  0.96811834302660293  0.97703931122363696  0.98851965561181865  1.00000000000000000
 -0.00138470822729814  0.00791304622497695  0.01509788620573302  0.02275282170957978
  0.03291045260019970  0.04162143931195144  0.04814579481527391  0.05429690924171635
  0.05920752855062312  0.06643577380064028  0.07566742250630311  0.08417273906345482
  0.09337490215413208  0.10805408471185503  0.12116999233407191  0.13289556164348335
  0.14295691331322835  0.15052736375888834  0.15998972907587913  0.17075779345954886
  0.17893839142198534  0.18371308491377061  0.18886998881042591  0.19505906261797690
  0.20249912359264885  0.21008140754019580  0.21909996150247818  0.22782974156909377
  0.23606413582956767  0.24591855399263127  0.25675482543167683  0.27174856851975487
  0.28658242927249528  0.30161610385593174  0.31484756980970480  0.32487354542160640
  0.33429384057969014  0.34253159855608067  0.35182743003754741  0.36002034730342714
  0.36870928256988650  0.37904215711937256  0.39081583995448882  0.40156522478629353
  0.41050407275043060  0.41959153415325412  0.42758766404308979  0.43867238072167636
  0.45032796823685661  0.46466911582564108  0.48020746612177889  0.49330834507836585
  0.50581642148163719  0.52059144771675236  0.53830357586486921  0.55777719534597925
  0.57603785146653896  0.59539569047644281  0.61571950277051679  0.63383858301795770
  0.64903535587781624  0.66383234571723182  0.67493164877442413  0.68493247139312363
  0.69250630629007703  0.69874603718354922  0.70628434361557024  0.71507037199337753
  0.72229787459323880  0.73257567054687267  0.74519766188078718  0.75861184081946875
  0.77016534550516635  0.78044632223008303  0.79052481221092130  0.80044591323493886
  0.81075358746512627  0.82146675316333140  0.83166620458893958  0.84312233164220085
  0.85673068969230304  0.86946394783480574  0.88152202862284523  0.89358291149170577
  0.90050007859220560  0.90687448835652773  0.91270392916493615  0.91920686500968696
  0.92703043682775654  0.93761087253912612  0.94914823291983774  0.96020278689863681
  0.97289214965478743  0.98292717505805405  0.99173216682212040  1.00000000000000000
 -0.00276806725920613  0.01023618501583770  0.02260772825154818  0.03597489541091645
  0.05004827011292611  0.06426927205323460  0.07905903042380037  0.09452720556397112
  0.10730394523209004  0.11883430580860102  0.12769246565323428  0.13516122057389629
  0.14266022925972399  0.15065211640242138  0.16003112926896843  0.17069478034907373
  0.18116304291256380  0.19205767963517778  0.20290868655929609  0.21350632580295273
  0.22559997066250401  0.23485045476442482  0.24342653631379563  0.25016645860485021
  0.25669423972504923  0.26352710995387568  0.27027045273403133  0.27692895441142101
  0.28650337760073419  0.29468964023253302  0.30186725996768388  0.30857646235252889
  0.31486322101301450  0.32122621048722838  0.33364603870250442  0.34440619207796203
  0.35541892535401665  0.36587827752394741  0.37508122157109292  0.38458671567634345
  0.39331385575738692  0.40044679491038582  0.40714436930896181  0.41446991916443865
  0.42152543809207504  0.42952218562869621  0.43834154978320972  0.44680197295068652
  0.45444552283696221  0.46548904696655802  0.48193311651371640  0.49334093162084947
  0.50077267522497648  0.50604052910296471  0.51087234048457220  0.51579187435304330
  0.52156749465759211  0.53025562031004170  0.54210884546400828  0.55539830802478163
  0.56703989093779050  0.57759618615498109  0.58828581764452670  0.60064490751795407
  0.61271837678118857  0.62721113719595756  0.64376753749233617  0.66004401224392895
  0.68021031268235410  0.69462193328148947  0.70717641623238936  0.71931509049536047
  0.73220746775886669  0.74338101365173137  0.75673284434518384  0.76573426329787264
  0.77508408327820133  0.78347269135826425  0.79201948143669609  0.80186324910619822
  0.81275649473158418  0.82347722199898843  0.83369095735700349  0.84274928801152194
  0.85281278835029362  0.86429954476619919  0.87697318764971111  0.88710999710276939
  0.89665184287204247  0.91007775223433041  0.92481361253243177  0.93917644623259700
  0.95274823160483868  0.96702759246897807  0.98295288085960797  1.00000000000000000
 -0.00453001936674945  0.01537194178102916  0.03238281069802709  0.04530762722136390
  0.05583070967653259  0.06182722849014710  0.06700475917400109  0.07085393010319908
  0.07680762199001402  0.08520545740780033  0.09477238111509627  0.10258073489879625
  0.11057052799944560  0.11799855996650428  0.12330000815794476  0.13017217370372150
  0.13877892259156557  0.14883631527105876  0.16051904206695999  0.17106414105380735
  0.18141890662869881  0.19273999439461537  0.20396814697603191  0.21606018577429520
  0.22831651111162896  0.24103613309719482  0.25273267902409885  0.26408880295061110
  0.27665379245920707  0.28985601686451046  0.30040033948780220  0.31122502320206624
  0.31972907609077528  0.32781608143430302  0.33612204249695055  0.34566391702498567
  0.35776673237266304  0.37381878316148576  0.39141340392802215  0.40909425192884324
  0.42330318147002255  0.43823244763296282  0.45250026557450440  0.46691884679908685
  0.48031455637423048  0.49243990166957935  0.50353419752240403  0.51537089300564098
  0.52869708118801195  0.54407826508924306  0.56016105173853314  0.57419999694425328
  0.58502212596052805  0.59629470216984393  0.60687957428877992  0.61448891886614532
  0.62060830262539024  0.62723821858741369  0.63504600041352655  0.64789429944451993
  0.66521020739281600  0.67870901648546611  0.68757834786842653  0.69796735134677912
  0.71033860317380859  0.72095262427487239  0.73150107740694936  0.74466868842239775
  0.75896722561105956  0.77401516755287425  0.78864310782703417  0.80155194058623902
  0.81356699272895816  0.82481496955037759  0.83480218092731262  0.84278499802073881
  0.84929482031698400  0.85872120976990229  0.86702287631440622  0.87730571051688711
  0.88836560215946403  0.89791560109597623  0.90393728151833386  0.90814728211642914
  0.91249749973644445  0.91762360355034134  0.92500346907831565  0.93243271637504399
  0.94085226606173211  0.94955135701950832  0.95786193989403723  0.96780233888225786
  0.97637364365267221  0.98394744005460044  0.99143411169600859  1.00000000000000000
 -0.00213555067015558  0.01009122817663137  0.02100338903518444  0.03511303384449577
  0.04956539961045298  0.06150079107675412  0.07171826878791017  0.08122883074062617
  0.09172120676655758  0.10291542027265370  0.12028515432384011  0.13249726519731214
  0.14176551461694253  0.15253983642738303  0.16330381428389618  0.17264218423097544
  0.18065065708915123  0.18840878635776712  0.19994546325689308  0.21550677624869735
  0.23058619676384834  0.23677042899376419  0.24390204189878131  0.25158929585863710
  0.26044777142080261  0.26962584828302577  0.27813777785392491  0.28541078115573398
  0.29176792995051132  0.29766203310771122  0.30401509544379812  0.30803300085923413
  0.31189014323030384  0.31767673858354029  0.32500291739401715  0.33305230943893210
  0.34078121672866590  0.34883543755473057  0.35859733332444466  0.37024674069100438
  0.38131711281155056  0.39362074089268695  0.40882730305884929  0.42473344750008596
  0.43629283724300211  0.44638692763551968  0.45618857619137387  0.46964806348933530
  0.48956354668369084  0.50867657336431582  0.52230849632582455  0.53462805887915343
  0.54739631182114956  0.55944257238737949  0.56961970914136506  0.57768150566707599
  0.58662897181783724  0.59550024701624915  0.60525694452148049  0.61776431116991559
  0.62988130983816715  0.63965206958394694  0.64771187345503478  0.65221891965059398
  0.65614135966416376  0.66002696440288844  0.66455375881056411  0.67141595963946787
  0.68180832762795174  0.69249232589454568  0.70454705829666298  0.71787120746373956
  0.73183812230618006  0.74509516930611308  0.75896635226166342  0.77163938203347882
  0.78587583522998972  0.80001072865692280  0.81513648327810795  0.83110907044388516
  0.84513579352096868  0.85587965253765963  0.86490664337453194  0.87227726767332547
  0.87996878323423033  0.88795794417667828  0.89646833434623208  0.90836641218198455
  0.92035744691132293  0.93141031260224239  0.94258860146665324  0.95562332270373951
  0.97177858542293072  0.98330044587704235  0.99220996862372424  1.00000000000000000
 -0.00243613015955577  0.00824952040627975  0.01848590027870742  0.02754134579956413
  0.03626382765077983  0.04478390945761842  0.05373510530890595  0.06229862521239617
  0.07042206585079412  0.07931751636963015  0.09098272514919192  0.10413368332354361
  0.11418441635424952  0.12339902961146543  0.12953881063483919  0.13474422464467858
  0.13931694001424250  0.14372472097864902  0.14825218420785230  0.15293467116374018
  0.15778435621691531  0.16358586651766735  0.16926789377281939  0.17740112707613956
  0.18542898097601715  0.19348318667620915  0.21011661335077936  0.22498073557740342
  0.23702905350211867  0.24338119529348506  0.24949683545511855  0.25531717837213214
  0.26131550419931054  0.27132817790957336  0.28184619305129055  0.29539147565314000
  0.31020686647989204  0.32659702567598986  0.33878738750291165  0.34503629642502553
  0.35364495762349751  0.36248330883423363  0.37317633976354120  0.38378824289404712
  0.39305460330455932  0.40400935131028604  0.41747728166373538  0.42930063196039253
  0.44153972295903648  0.45417341917803472  0.46946430716330773  0.48803527867457369
  0.50313503576893259  0.51581352342260356  0.52658412263741250  0.53777038143687539
  0.54714873600496683  0.55651499071610500  0.56638771620717976  0.57961025787873655
  0.59408583966001471  0.60401406432758697  0.61213551075471850  0.62110301297524395
  0.63444548389534805  0.65054071902255639  0.66629170950911398  0.68344294167756914
  0.69550251707874877  0.70798667153594785  0.71837218305224482  0.73318854060381333
  0.74566348204690325  0.75663494198232772  0.76658113764825342  0.77675982532233556
  0.79107601286203266  0.81272193737167919  0.83510787562870792  0.85515036962669089
  0.86816079658148149  0.87777608814814223  0.88562427549821254  0.89304811059333011
  0.89927587808887754  0.90726626742271244  0.91758529358795371  0.93093562676128727
  0.95086692836232134  0.96647499753514898  0.97705494096017642  0.98545273961012669
  0.98988899660194163  0.99345331961381778  0.99696618995251274  1.00000000000000000
 -0.00473729146867885  0.01152451256061229  0.02496987359947044  0.03627450851047447
  0.04922954912398909  0.06065173424648501  0.07358004857160558  0.09271995771200157
  0.10913031671832908  0.11450578156546809  0.11971554187147304  0.12386940597751683
  0.12761077546899757  0.13046916658092617  0.13528116755818848  0.14150908393704797
  0.14634553861067165  0.15151052442052204  0.15958718684473930  0.16610770634928523
  0.17318168977456239  0.18126515371956270  0.18915790304100033  0.19555399551252084
  0.20111754340247193  0.20701878322744063  0.21411986250468146  0.22379815266270583
  0.23509780207809033  0.24619706640403313  0.26263713612340267  0.27686397120245404
  0.29357609582611188  0.31052964187891718  0.32213894894799239  0.32958734220446240
  0.33722711905504249  0.34516377409355431  0.35532819405327676  0.36751981668841394
  0.38041433440986300  0.39398676971001367  0.40716531122811195  0.42001262747473533
  0.43360844659270409  0.44776465354808032  0.46330477646902590  0.47925897772616949
  0.49537638245112692  0.51157658526824723  0.52700875863727181  0.54257255073689103
  0.55483337336041683  0.56578185306097084  0.57703288162605126  0.58773238177726039
  0.59506592299418481  0.60172222756056815  0.61083468463722868  0.62069254097686355
  0.62950501097125622  0.63803268519436607  0.64744754417843164  0.66047766445527445
  0.67378343708247490  0.68745330358979262  0.70139908034188736  0.71538332397680804
  0.72852918875014405  0.73982071715783371  0.74867591475320194  0.75727495875087436
  0.76460144018559661  0.77119065455348990  0.77754869874666210  0.78799314727699155
  0.79994089399987278  0.81027383570037281  0.81993842124414607  0.83014157140894995
  0.84119582265563453  0.85190579207544537  0.86329075675311207  0.87457980132211000
  0.88548829204970780  0.89685678983439721  0.90981474653929517  0.92427598868753658
  0.94178787002168107  0.95563633735691866  0.96601272039824537  0.97366235066134521
  0.98036522160016448  0.98592311646489228  0.99235684818445613  1.00000000000000000
  0.05831543024531623  0.30641301905282270  0.36379609559805587  0.38500776254712510
  0.39655181226010050  0.40790617662725470  0.42411742931199103  0.44080686027398142
  0.45841091050617588  0.47443888466916584  0.49112708945076361  0.50266823924990311
  0.51238082358052861  0.52123062415421584  0.53125273457806221  0.53924094908629694
  0.54730245291639901  0.55681753773707376  0.56761720065717691  0.57675021583755604
  0.58672598664154163  0.59681028010265003  0.60866656433896771  0.61842462968905065
  0.62613737911236189  0.63433495069339474  0.64236801427769219  0.65370981145195328
  0.66692220164515537  0.67314352785644871  0.67639077622427535  0.67940203108471442
  0.68248603535172936  0.68593556483611540  0.69130422831539251  0.69701981799736412
  0.70173681629703066  0.70623914597923620  0.71139638820969742  0.71604292218744492
  0.71949834121645539  0.72290217226526432  0.72632084204979763  0.73044766947189899
  0.73562183220963073  0.74224931872322897  0.74874520723483573  0.75586830697434448
  0.76314548291468454  0.76810852189427703  0.77386820282637947  0.77977192585019439
  0.78561678228564003  0.79262680296029342  0.79989471312908533  0.80696122826788308
  0.81356049170323352  0.82020727807052418  0.82681881874510010  0.83214293959500429
  0.83561414175833393  0.83792923391975016  0.84030500289897692  0.84270724598544455
  0.84557639486491942  0.84853569207437929  0.85255691208425199  0.85632031486275895
  0.85984331294983829  0.86319163552993705  0.86705351151125276  0.87145026270182135
  0.87564952570180787  0.87941723014282813  0.88268570452406314  0.88572131691913958
  0.88874605307584786  0.89204079751487519  0.89451643796065639  0.89722122810860727
  0.89980418411182705  0.90221006377203405  0.90514112711815442  0.90856469173255838
  0.91314763716637715  0.91729692707543642  0.92084366684227248  0.92410585785970900
  0.92750788832194431  0.93452853547621084  0.94182864681466782  0.94723147225178683
  0.95225423421248445  0.95792469061941155  0.96761274209466341  1.00000000000000000
 -0.01188659963950912  0.14556743345101089  0.20655950620243280  0.24344813433867057
  0.26525831910930131  0.28313186723855777  0.29917839377657568  0.31354493505738484
  0.32935953094558396  0.34633788250971009  0.36183605048183282  0.37593231217902751
  0.38987431827953056  0.39987032371256681  0.40909164487808758  0.41675141949714489
  0.42265709783408445  0.42875497982617727  0.43518332896402001  0.44102747348528765
  0.44506016818047417  0.44859019185914017  0.45230632149822325  0.45676230817055591
  0.46087604761777001  0.46433818483123684  0.46801046505025534  0.47314635561821339
  0.48137647029143715  0.48890468847122098  0.49643004484834480  0.50450222211332063
  0.51133078289547151  0.51612471968249241  0.52013917552890476  0.52353359278397504
  0.52694182072039708  0.53087748309244032  0.53539743508700666  0.54027806200293704
  0.54565631497162814  0.55163070738390618  0.55862971518922144  0.56419559769940031
  0.56888896018015367  0.57485915410285082  0.58057729907606848  0.58648226546955884
  0.59267260602840643  0.59880628827361526  0.60352630724426815  0.60753087854435350
  0.61167894696552394  0.61544134605620304  0.61931722631481911  0.62368398268165859
  0.62869583491065095  0.63470672764488956  0.64077872487264609  0.64692972305963337
  0.65343332134888621  0.66023966538134837  0.66634033449016172  0.67152516423580766
  0.67580807003574839  0.68048343274309786  0.68495048773576517  0.68950521303146328
  0.69457035068380557  0.70090804551818642  0.70747024859192154  0.71348080708603856
  0.71901320748767328  0.72428970632367407  0.72911307756600008  0.73405405066596496
  0.73976050015755723  0.74487187700064228  0.74817674087913266  0.75101313723067420
  0.75382924506875637  0.75664072880285949  0.75981295037787366  0.76307053637678490
  0.76954163279230359  0.77783063122214946  0.78749190812147407  0.79882074657060342
  0.80882595388268730  0.82001780447974959  0.83258523226829739  0.84817671727661192
  0.86421330246052031  0.88258892356865604  0.90569405352704480  1.00000000000000000
   5.7186892568879353E-014  -1.0000000000000000     
 T F F F F F F F F F F F F F F F F F F F T F F F T F F F F F F F F F F F T F F F T F F F F F F F F F F F F F F F F F F F T F F F F F F F F F F F F F F F F F F F F F F F F F F F F F F F F F F F F F F F F F F F F F F F F F F F F F F F F F F F F F F F F F F F F F F F F F F F F F F F F F F F F F F F F F F F F F F F F F F F F F F F F F F F F F F F F F F F F F F F F F F F F F F F F F F F T F F F F F F F F F F F F F F F F F F F T F F F T F F F F F F F F F F F T F F F T F F F F F F F F F F F F F F F F F F F T F F F T F F F F F F F F F F F F F F F F F F F T F F F T F F F F F F F F F F F T F F F T F F F F F F F F F F F F F F F F F F F T F F F F F F F F F F F F F F F F F F F F F F F F F F F F F F F F F F F F F F F F F F F F F F F F F F F F F F F F F F F F F F F F F F F F F F F F F F F F F F F F F F F F F F F F F F F F F F F F F F F F F F F F F F F F F F F F F F F F F F F F F F F F F F F F F F F T F F F F F F F F F F F F F F F F F F F T F F F T F F F F F F F F F F F T F F F T F F F F F F F F F F F F F F F F F F F T F F F
  <DiscreteSampler_grid>
  grouped_processes
  1 # 1 for a reference and 2 for a running grid.
  10 # Attribute 'min_bin_probing_points' of the grid.
  1 # Attribute 'grid_mode' of the grid. 1=='default',2=='initialization'
  0.0000000000000000 # Attribute 'small_contrib_threshold' of the grid.
  0.5000000000000000 # Attribute 'damping_power' of the grid.
 # binID   n_entries weight   weight_sqr   abs_weight
    16   10   9.811216535743960E-013   8.231729695982343E-024   9.811216535743960E-013
    17   10   9.811216535743964E-013   8.231729695982357E-024   9.811216535743964E-013
    19   10   1.289912530961810E-012   1.476455486423037E-023   1.289912530961810E-012
    20   10   1.289912530961813E-012   1.476455486423044E-023   1.289912530961813E-012
    22   10   1.255036135369082E-012   1.367573135280838E-023   1.255036135369082E-012
    23   10   1.255036135369085E-012   1.367573135280845E-023   1.255036135369085E-012
    28   10   9.811216535743954E-013   8.231729695982332E-024   9.811216535743954E-013
    29   10   9.811216535743972E-013   8.231729695982368E-024   9.811216535743972E-013
    31   10   1.289912530961811E-012   1.476455486423039E-023   1.289912530961811E-012
    32   10   1.289912530961813E-012   1.476455486423045E-023   1.289912530961813E-012
    34   10   1.255036135369083E-012   1.367573135280840E-023   1.255036135369083E-012
    35   10   1.255036135369085E-012   1.367573135280845E-023   1.255036135369085E-012
    40   10   1.067585250208736E-012   7.574754335130938E-024   1.067585250208736E-012
    41   10   1.067585250208737E-012   7.574754335130944E-024   1.067585250208737E-012
    43   10   1.010373566194620E-012   5.879024848188708E-024   1.010373566194620E-012
    44   10   1.010373566194619E-012   5.879024848188685E-024   1.010373566194619E-012
    46   10   1.024818613497672E-012   5.907695509337560E-024   1.024818613497672E-012
    47   10   1.024818613497671E-012   5.907695509337536E-024   1.024818613497671E-012
    52   10   1.067585250208736E-012   7.574754335130935E-024   1.067585250208736E-012
    53   10   1.067585250208737E-012   7.574754335130942E-024   1.067585250208737E-012
    55   10   1.010373566194621E-012   5.879024848188714E-024   1.010373566194621E-012
    56   10   1.010373566194620E-012   5.879024848188689E-024   1.010373566194620E-012
    58   10   1.024818613497672E-012   5.907695509337566E-024   1.024818613497672E-012
    59   10   1.024818613497671E-012   5.907695509337539E-024   1.024818613497671E-012
    64   10   9.811216535743956E-013   8.231729695982333E-024   9.811216535743956E-013
    65   10   9.811216535743964E-013   8.231729695982355E-024   9.811216535743964E-013
    67   10   1.289912530961809E-012   1.476455486423035E-023   1.289912530961809E-012
    68   10   1.289912530961812E-012   1.476455486423043E-023   1.289912530961812E-012
    70   10   1.255036135369082E-012   1.367573135280837E-023   1.255036135369082E-012
    71   10   1.255036135369084E-012   1.367573135280843E-023   1.255036135369084E-012
    76   10   9.811216535743950E-013   8.231729695982326E-024   9.811216535743950E-013
    77   10   9.811216535743972E-013   8.231729695982368E-024   9.811216535743972E-013
    79   10   1.289912530961810E-012   1.476455486423038E-023   1.289912530961810E-012
    80   10   1.289912530961813E-012   1.476455486423044E-023   1.289912530961813E-012
    82   10   1.255036135369082E-012   1.367573135280838E-023   1.255036135369082E-012
    83   10   1.255036135369085E-012   1.367573135280844E-023   1.255036135369085E-012
    88   10   1.067585250208736E-012   7.574754335130938E-024   1.067585250208736E-012
    89   10   1.067585250208737E-012   7.574754335130944E-024   1.067585250208737E-012
    91   10   1.010373566194620E-012   5.879024848188707E-024   1.010373566194620E-012
    92   10   1.010373566194619E-012   5.879024848188687E-024   1.010373566194619E-012
    94   10   1.024818613497672E-012   5.907695509337560E-024   1.024818613497672E-012
    95   10   1.024818613497671E-012   5.907695509337536E-024   1.024818613497671E-012
    100   10   1.067585250208736E-012   7.574754335130933E-024   1.067585250208736E-012
    101   10   1.067585250208737E-012   7.574754335130935E-024   1.067585250208737E-012
    103   10   1.010373566194621E-012   5.879024848188711E-024   1.010373566194621E-012
    104   10   1.010373566194619E-012   5.879024848188685E-024   1.010373566194619E-012
    106   10   1.024818613497672E-012   5.907695509337566E-024   1.024818613497672E-012
    107   10   1.024818613497671E-012   5.907695509337539E-024   1.024818613497671E-012
  </DiscreteSampler_grid>
