  0.00000060871044700  0.00000545282755292  0.00000794028539223  0.00000973738837417
  0.00001134964882442  0.00001268515089006  0.00001399024767219  0.00001517267082441
  0.00001617842151808  0.00001742829185166  0.00001886335023721  0.00002023906835324
  0.00002127925575018  0.00002214955885527  0.00002297474394007  0.00002372705225769
  0.00002442751762877  0.00002511018231689  0.00002579832176033  0.00002647203847918
  0.00002723564081047  0.00002813930936009  0.00002923661397853  0.00002973799553453
  0.00003019676927329  0.00003062522182421  0.00003105683924297  0.00003152398640553
  0.00003201772386747  0.00003247141147746  0.00003282641100088  0.00003336724204330
  0.00003407225000110  0.00003472734334060  0.00003530922652062  0.00003589110970064
  0.00003778900126052  0.00003992897084802  0.00004374978862700  0.00005172325125435
  0.00005969671388170  0.00006286194243864  0.00006360118789319  0.00006416114419213
  0.00006462055481158  0.00006503939087821  0.00006547861995449  0.00006590980458414
  0.00006630649542131  0.00006691426447495  0.00006760130008750  0.00006813999479880
  0.00006841703991505  0.00006870749791498  0.00006901172791525  0.00006935141263732
  0.00006983877246205  0.00007042458818187  0.00007110429462386  0.00007183431417348
  0.00007270727812366  0.00007404117128246  0.00007524548979751  0.00007627243761686
  0.00007725222526743  0.00007838799756057  0.00007954195790020  0.00008056103142349
  0.00008165903660613  0.00008272187729368  0.00008393355599249  0.00008532626530836
  0.00008710814394435  0.00008992655905431  0.00009347665081816  0.00009730810648229
  0.00010090111565433  0.00010508477544986  0.00011015750046493  0.00011641587460643
  0.00012366636509223  0.00013117887597385  0.00013767547678206  0.00014552420514524
  0.00015588878375690  0.00017076662312595  0.00018973574913623  0.00021170964283084
  0.00024111770321004  0.00028947320671386  0.00036728626514682  0.00047322796123279
  0.00064716145359722  0.00107877459692403  0.00399931238044470  1.00000000000000000
  0.02501694564990363  0.03633966751843211  0.04870098326232676  0.05772536945746657
  0.06504569431395543  0.07236864486697153  0.08114115392805898  0.09245311614784890
  0.10388090553948059  0.11459216460993095  0.12342248774970038  0.13155790311793703
  0.14132108354679465  0.15168096615097842  0.16194021076520804  0.17392004075398515
  0.19276948792720613  0.21287495230556666  0.22658137375541970  0.23785993433000022
  0.24715088441792651  0.25638983844850405  0.26748800033834924  0.27665465473651374
  0.28354142039647312  0.29034736159252705  0.29818165332755164  0.30793110801747664
  0.31783141335087195  0.32672036682120376  0.33614277323314912  0.34646991504041041
  0.35785607711255396  0.36894127086556244  0.38004518113450553  0.39219191104677292
  0.40503536621292752  0.41943226094968888  0.43717022614952367  0.46110713350853105
  0.48145677223439692  0.49217234277101812  0.49882157448901604  0.50634309154475998
  0.51332166557659087  0.51879747257065378  0.52341355213360552  0.52824884005483097
  0.53330660782964601  0.53943128783652461  0.54734387504369075  0.55514621772131956
  0.56520900173742461  0.57548885007526673  0.58362745490344692  0.59129029792923127
  0.60038499406830859  0.60945703711316024  0.61961841382110405  0.63033337770654574
  0.63728994954049090  0.64565166737969726  0.64988758306009498  0.65388261435181416
  0.65908016508615919  0.66511965209294510  0.66875040748605008  0.67218970755107710
  0.67759706012591681  0.68475340422132536  0.69322638391914937  0.70156971622857456
  0.70960488815869560  0.71585442684782741  0.72548907727006684  0.73528380236135527
  0.74529200407089624  0.75640492366095735  0.76736278873107977  0.77759497051231374
  0.78838438575534842  0.80155815949162779  0.81827430304957205  0.83811870265565458
  0.85971907402918679  0.87639878899860990  0.88742766657601335  0.89665724350091502
  0.90607147040852665  0.91390178184922188  0.92327866398467151  0.93885189834429938
  0.95612855415034004  0.96562567014345424  0.97053847994878351  1.00000000000000000
  0.00343258061000998  0.00389060498357812  0.00401160627271934  0.00409020597372708
  0.00416378921926516  0.00424858563197288  0.00435803073648768  0.00446525443589327
  0.00452677775463021  0.00456387212878694  0.00461018548259679  0.00464523111750421
  0.00466319850375717  0.00468400980684930  0.00470641514288652  0.00473797203127237
  0.00478008515349806  0.00482242708210543  0.00486061858649139  0.00490420217739180
  0.00495390557213461  0.00499983736206280  0.00503654017404195  0.00506948554588074
  0.00509856596898478  0.00513259275140871  0.00517744247932015  0.00522497569953961
  0.00526397528865685  0.00529762293913345  0.00532875155173847  0.00535850631994147
  0.00539186878035047  0.00542807085311926  0.00545989751626185  0.00551093535969419
  0.00558038930300709  0.00565907033294420  0.00575001413036977  0.00582438880879045
  0.00588294202978508  0.00593768884581523  0.00599981637125569  0.00606958478758301
  0.00614711184209556  0.00622563243069677  0.00627897841388861  0.00633417961315024
  0.00639285814559366  0.00645600495234490  0.00654039932808329  0.00663001930490483
  0.00672440754028424  0.00682300026106754  0.00693926780604376  0.00705544302905465
  0.00714551117142035  0.00721664511450353  0.00729816056279772  0.00737908631267841
  0.00745392867316922  0.00757640471252676  0.00766996105489322  0.00776173807563374
  0.00789396310460157  0.00811636132577832  0.00836596594626341  0.00854552402460718
  0.00866095756116348  0.00875007477071098  0.00884564683748485  0.00898274437526416
  0.00917163605135927  0.00935285922986121  0.00957368502117005  0.00979847703479628
  0.01001308897242830  0.01022072276198396  0.01047195036240362  0.01073498617405265
  0.01098972238978104  0.01127186648565803  0.01177054253053633  0.01251985733468101
  0.01320007626812352  0.01395517305413194  0.01489105677117559  0.01609379116748140
  0.01764308055642577  0.01902156097073563  0.02112222263422449  0.02412172973358273
  0.02946038896770919  0.17241145165731780  0.54908874542682540  1.00000000000000000
  0.00370520879258875  0.00440200985655448  0.00490975886423252  0.00513348973932153
  0.00528029063889164  0.00543002844056941  0.00555417819364222  0.00564088056048503
  0.00571671940111943  0.00580958132082178  0.00593578377486787  0.00607021188072580
  0.00620113135116680  0.00631968178938364  0.00641380291926361  0.00651239757709918
  0.00660669901462523  0.00668826697585755  0.00678671980378807  0.00695066499267246
  0.00714322105983439  0.00735763204308501  0.00743928715452121  0.00752399925743342
  0.00760708332496083  0.00768524718000805  0.00775716608142660  0.00782096007275783
  0.00795096480112589  0.00807554456927516  0.00820138694529157  0.00831831562824983
  0.00841998329366265  0.00852262256787950  0.00863066698300708  0.00876262277153691
  0.00890031881707697  0.00904202424806652  0.00919030578150999  0.00933765952727306
  0.00949519404297305  0.00968966770604060  0.00989201792998719  0.01015398784627699
  0.01042746093818867  0.01068084994108051  0.01090294912131169  0.01110086551551005
  0.01131748867570932  0.01154895800898177  0.01172985274898388  0.01188232115472877
  0.01202892490234360  0.01216370349261649  0.01231363698608226  0.01250701353704749
  0.01275500819125767  0.01301665978878384  0.01326133661904937  0.01342705588096094
  0.01364042415429810  0.01389842049051458  0.01417637080645263  0.01442435483156136
  0.01463623612768716  0.01484231153252051  0.01514161706850141  0.01550470284119245
  0.01592705322839697  0.01637893629171584  0.01683371108818107  0.01723717647321914
  0.01756467452202180  0.01798946046982992  0.01841633078509359  0.01905076409384670
  0.01973238063783539  0.02021159237284387  0.02070501170884013  0.02141427394173310
  0.02233270848847681  0.02343410253204480  0.02460996904029484  0.02607147554030665
  0.02770227231848058  0.02857201619662584  0.02909959427846830  0.02958253987130968
  0.03019811456587048  0.03188149600124649  0.03440364819262326  0.03695893098129776
  0.04162902816486171  0.04791925266194811  0.05573619126756203  1.00000000000000000
  0.00285122182175781  0.00898550469219495  0.01038821401713898  0.01131506765410377
  0.01202433170412200  0.01260936298276849  0.01321730942160771  0.01393266080678132
  0.01483641239971092  0.01585978710300004  0.01679615664060363  0.01753885841837066
  0.01824149694339016  0.01901828034550764  0.01955187841974932  0.01993260494973997
  0.02031964975171895  0.02100559619572018  0.02171454802698632  0.02224190292493097
  0.02255099081135791  0.02280127468319591  0.02307134960587172  0.02343533977250927
  0.02378831129005422  0.02415538561837390  0.02460990302630535  0.02521295263259705
  0.02566279179911986  0.02594849671781344  0.02623258696913817  0.02667952080307119
  0.02756326689075467  0.02850117289565622  0.02942516354869866  0.02997391190124440
  0.03044077287216804  0.03103045449965236  0.03172599893639646  0.03235001708057514
  0.03290393032971749  0.03350216647509104  0.03423366969860466  0.03533399698967571
  0.03660727210777131  0.03807634790878452  0.03984691166730112  0.04136754200682756
  0.04262414286006238  0.04332281769926320  0.04400137888754541  0.04469861730400827
  0.04543340783694910  0.04615899228667972  0.04756266721992865  0.04876843007341141
  0.04965744083023858  0.05037302298969787  0.05096961976627556  0.05179612455191459
  0.05267627501006985  0.05354665152322687  0.05451266114423146  0.05581698994368865
  0.05695067598256031  0.05820018210728149  0.05955910073601752  0.06088593669191049
  0.06215150760680020  0.06350977478411043  0.06498403013310719  0.06649490212654380
  0.06797052791270686  0.06942224471580297  0.07078829793583270  0.07250335401117826
  0.07454544285623473  0.07676845621028713  0.07960083907887952  0.08283237946690535
  0.08538268221419755  0.08752159077895404  0.08948210367327734  0.09116550887749934
  0.09291352691080591  0.09476440018888549  0.09694213595252674  0.09998300978806879
  0.10296395513167278  0.10525676001828774  0.10858837645992563  0.11314213192485717
  0.11863490603479053  0.12923845524219307  0.14624525815498751  1.00000000000000000
 -0.00080811844324871  0.00499935987285561  0.00899834550884745  0.01556853898010693
  0.01972623675761924  0.02404286654067422  0.02851425306563430  0.03304578720447462
  0.03782202519873290  0.04134692893890227  0.04501003761223436  0.05078496633184935
  0.05873290434944407  0.06945761870004785  0.07930654040017243  0.08634960070477034
  0.09295968232020295  0.10004639003735984  0.10949588828935826  0.12102998835812463
  0.13083269436948441  0.13782552354303945  0.14568847308770547  0.15393342337536434
  0.16365930885733657  0.17603650442000854  0.18692280642082207  0.19747679999192047
  0.20994801493089893  0.22243894105094969  0.23201095748488215  0.23647686884163463
  0.24298936089990653  0.25305655950475153  0.26301412912772437  0.27240336379709668
  0.27977239766471801  0.28784980373487168  0.29977412455030533  0.31316550056203540
  0.32598731094739597  0.33636691176640454  0.34312488186548717  0.35101440558362618
  0.35972180511817331  0.36843733160114317  0.37873899484113294  0.39240422095966487
  0.40426749889860009  0.41373125396712623  0.42419954149955175  0.43193054811295384
  0.43973799145969023  0.45308437529824253  0.46732498127857541  0.47940608493211317
  0.48898977160249801  0.49553337664114722  0.50132777804532758  0.50697571708230416
  0.51203133113522392  0.51632910550858935  0.52112110159291902  0.52862108401423991
  0.53844430655255915  0.54842265801064516  0.55773087889886974  0.56874816845927956
  0.58088371077083423  0.59740772514554685  0.61232107880581366  0.62378991147151264
  0.63255095375305803  0.64116371347082757  0.65012323544066419  0.65922458632929615
  0.67056929116192365  0.68167188883535923  0.69156489381704800  0.71444302690897832
  0.73615546648957286  0.75443503212949636  0.77171508058294624  0.78805894417802635
  0.80428559414826317  0.82298412569471135  0.84122898738567786  0.85669937890605419
  0.87181335332715371  0.88799766640572175  0.90399251040015471  0.92042283398266855
  0.93740241391621537  0.95478373742921430  0.97632487195194040  1.00000000000000000
 -0.00171184674542981  0.00748635526381972  0.01433133210568937  0.02582565716814202
  0.04158539415187736  0.05604133875764302  0.06372147839791775  0.06906546873666200
  0.07772416819751318  0.08778875373595590  0.10022385293037930  0.11781813519065470
  0.13304763860229912  0.15101361618966272  0.16936455626312466  0.18737385451417926
  0.20281211506316915  0.21751433344976434  0.22829878267048404  0.23668258514599316
  0.24695167072372787  0.25856442190938245  0.27090071865243809  0.28234138032133249
  0.29027130292227604  0.29587197101962104  0.30508628189660703  0.31390574640170060
  0.32115498039308316  0.32773916171438333  0.33433798456288605  0.34211930796942036
  0.35161490436012388  0.36364650352295091  0.37305268023508825  0.38153890045259592
  0.39022379931128670  0.39954207757966281  0.40954357282701026  0.42396866068485867
  0.44121906950039197  0.45427811385877864  0.46536568103436776  0.47748886502715210
  0.49128429530817674  0.50240862366426264  0.51515469371314537  0.52604884547528119
  0.53572397308604214  0.54853829332077852  0.56312801851991623  0.57634712398192434
  0.58819671740268775  0.60065937053960428  0.61304176645223329  0.62214965269788502
  0.62799093661917449  0.63283886132796974  0.63888711512616947  0.64732899078026185
  0.66117292770574809  0.67244309109735767  0.67778466167748497  0.68257705538560820
  0.68904191904989864  0.69691335008508726  0.70405157658563888  0.71115961211568213
  0.71864214800708737  0.72647320825212280  0.73477931258009888  0.74619799416685995
  0.75676779100674585  0.76691291790216587  0.77522965501816243  0.78231328265113487
  0.79128679290193815  0.79871477832406856  0.80742136615198590  0.81708009748845944
  0.83079928282049009  0.84377579470433239  0.85336466152035195  0.86071145069248700
  0.86828014202137760  0.87641311907644159  0.88222910293945278  0.88719239180057918
  0.89220934297461374  0.89781946417321346  0.91492977948013232  0.93077812177617769
  0.94354964253162399  0.95890440945038447  0.97795770610722976  1.00000000000000000
 -0.00232635379436242  0.01044276785400382  0.01696867421573073  0.02268338163722178
  0.02930411554347192  0.03960362524563126  0.05166419657967410  0.06194769862683691
  0.07077704383628049  0.07992996239095219  0.08988656297996973  0.09877829205287265
  0.10563257595477787  0.11261929025882814  0.12083614840056099  0.13087213353242699
  0.14645908988818901  0.16319860744563600  0.18002798889758573  0.19421590956540058
  0.20512397374205452  0.21500687603046875  0.22197546062186654  0.22656851715338150
  0.23232027622662579  0.24015414242616012  0.24713209754224999  0.25202888109207833
  0.26579565680599987  0.27532196619049337  0.28857537431995245  0.30170198118893299
  0.31359616126824136  0.32228618503288048  0.33085710965159437  0.34161329296031673
  0.35399176554723516  0.36437070204786853  0.37306501408466031  0.38699197235264604
  0.40114119893797717  0.41782113655031278  0.43709338673194420  0.45405139968241232
  0.46423829475490197  0.47701233442678032  0.48862179326327254  0.50199751234176937
  0.51788989906471727  0.53435142715322592  0.54593457669883250  0.55482665375365670
  0.56437759953353905  0.57378589592615936  0.58312908981053291  0.59458799532190809
  0.60673917313412151  0.61707480936347048  0.62624974376632536  0.63544219651626943
  0.64771390451706812  0.66799539449074841  0.68761569511929843  0.71229381727496033
  0.73469073259846207  0.75715374033115690  0.77798738886884899  0.79488349699989491
  0.80700995872768733  0.81698717534337306  0.82501262871299175  0.82913528526736080
  0.83268723106251352  0.83585891690348657  0.84035572157421023  0.84347472245980493
  0.84550449481879053  0.84799385225493851  0.85081864734596790  0.85446817424073140
  0.86385193985933850  0.87752582199342632  0.88692814190354452  0.89661170808167767
  0.90568457076489972  0.91427744789188869  0.92385391068981038  0.93237743999516076
  0.93983492476249941  0.94690636436696207  0.95454085118284360  0.96229542830658021
  0.97019303760807318  0.97966903205730083  0.98978778021943370  1.00000000000000000
 -0.00315520299656766  0.01303047774239853  0.02695898124154211  0.04062936985911504
  0.05622968527856773  0.07376946309303820  0.08743042355990252  0.10083691121593494
  0.11594571657585706  0.12550812490959773  0.13445006842209395  0.14329807954992546
  0.15134451334749782  0.15877341052885205  0.17127460433703107  0.18450544110459552
  0.19508993244397052  0.20392665775758129  0.21271260848304938  0.22298919946023918
  0.23561596345186864  0.24761361164013751  0.25834798542306736  0.26667612325751222
  0.27423697762231458  0.28187556283590903  0.28889047311166377  0.29635688119388265
  0.30709201012536425  0.32182076755710970  0.33642455671134253  0.34971068477306577
  0.35804567723964775  0.36380236901023577  0.36836365798033394  0.37353025436687021
  0.37862151495009982  0.38363666790535200  0.38963575566694797  0.39999124499135169
  0.40662339529006897  0.41214419651426909  0.41751002596956999  0.42297130777437109
  0.43299519065160863  0.44639062796112300  0.45783732397607557  0.46570290419761873
  0.47219267090594758  0.47734180434616036  0.48351557596507977  0.49083997752410269
  0.49892813980714928  0.50872248782328489  0.52111125860532037  0.53497893781829053
  0.54897328552387925  0.56078071648015726  0.57305451024991838  0.59056320318054878
  0.60593919177930666  0.61634340740307358  0.62605463355329183  0.63582227508967981
  0.64639342237848263  0.65163726341915318  0.65756345024690699  0.66480472818205183
  0.67324765240402318  0.68225264799738905  0.68797508398491347  0.69359698464654751
  0.69901952998724171  0.70437300106384981  0.70987104763739295  0.71644679110452991
  0.72322219319758674  0.72954981393777374  0.73512108303476476  0.74053823029880650
  0.74994345845766874  0.76518385149679347  0.78425147956751440  0.80406468877982873
  0.82098452775732422  0.83455478246712322  0.84712645299530454  0.85936039098259909
  0.87090765513247637  0.88421905143515767  0.89996184864909523  0.91909682705790752
  0.93888649070379282  0.95775848955121068  0.97892030117147988  1.00000000000000000
 -0.00144583549788593  0.00879561344064778  0.01955912055055723  0.02973069125246847
  0.03930324652959646  0.04845034639897522  0.05834105747492789  0.06895651880867207
  0.07847711559468494  0.08764600086331094  0.10437995631418588  0.11628574229617181
  0.12792134895420251  0.14262852735598519  0.15592905386445985  0.16661441320823661
  0.17495616916651088  0.18311161375575488  0.19007074390824560  0.19648535071404769
  0.20406584665404018  0.21442931525487574  0.22528423889901159  0.23422138946989615
  0.24491992949423405  0.25888585765157729  0.26917613737140572  0.27955522758648210
  0.28816152051325750  0.29763215477813026  0.30584748871663936  0.31268697190363615
  0.32065436381024515  0.33195517706530930  0.34546321750911629  0.36242129648856886
  0.37644448789460455  0.39091216667068174  0.40379244670349179  0.41354144718303715
  0.42303154304745216  0.43238224116816576  0.44291369802871344  0.45503715748091683
  0.46493625106337783  0.47330727262502603  0.48417320668820790  0.49882724741549384
  0.51602233586945945  0.53428968075003658  0.54666594763049869  0.55888680619036013
  0.57195636136850747  0.57839638298409701  0.58433742385241683  0.59073951651888912
  0.59761686929907065  0.60449095404266162  0.61206785095596872  0.62231926899755996
  0.63475960258173159  0.64432058605758114  0.65183354228631873  0.65919805750745630
  0.66597537248883476  0.67657368183302879  0.68484089011210048  0.69301445300012066
  0.70499344079933191  0.71916983247444377  0.73361527068857468  0.74705440021527014
  0.75763518847234412  0.76506494239775824  0.77230265797788944  0.78067509431875648
  0.78953699294300927  0.79900188539101658  0.80613175939124715  0.81778154032909267
  0.83244895230942595  0.84609054307621578  0.85857560539420419  0.87003381117056144
  0.88046792866829549  0.89192242458924464  0.90406339355048393  0.92093771483023923
  0.93972745260834600  0.95352815272795988  0.96268000452946711  0.97016797210513861
  0.97717715542682315  0.98231279957346762  0.98920378824906774  1.00000000000000000
 -0.00353010893476144  0.01649111356712621  0.03281649632649204  0.05265149852951984
  0.07109842095924505  0.08679110415648562  0.09873034824914208  0.11136700454397853
  0.12370151829768333  0.13534425883120138  0.14628246860039482  0.15615927279882844
  0.16602491291530497  0.17477259246960897  0.18236407694294826  0.18931123585690579
  0.19880702647785539  0.21153784245406596  0.22712203677715725  0.24422691815910449
  0.26071820227537218  0.27231720158018319  0.28277284354963667  0.29249955352367507
  0.30374971410336954  0.31465462398643307  0.32535469153064817  0.33414834537113891
  0.34291321463495600  0.35297860276432758  0.36356837937100783  0.37224850331780268
  0.38197151319549877  0.38838099674301563  0.39406580832296823  0.40075209092302611
  0.40701542458265144  0.41471370517588141  0.42579409754795011  0.43809812396930170
  0.45065355632386339  0.45999658090805118  0.46935067376766421  0.47843559180840400
  0.48686452200247854  0.50016944376466244  0.51012556174891621  0.52031848958316773
  0.53281092385106021  0.55216818066146467  0.56897862405834454  0.58151447825404057
  0.59422088149853725  0.60673001629010803  0.61915497078975901  0.63155053309773779
  0.64337622700844288  0.65146305197490240  0.65815272902984268  0.66635321954137305
  0.67824183537962357  0.69236832578155705  0.70123442778044920  0.70866545339812470
  0.71914170835849955  0.72917386033981069  0.73886295095435139  0.75133746425107761
  0.76129155022813333  0.76765985982327489  0.77264260006087837  0.77730460596750284
  0.78420553063950926  0.79238154652257653  0.80076156034333135  0.80947451002345816
  0.81793730932776176  0.82788524949250475  0.83902357089076385  0.84898687091788472
  0.85975569398319152  0.87191264642856836  0.88826172117538638  0.90235729644481211
  0.90935824410421218  0.91676367782532231  0.92570177642672802  0.93354256049523077
  0.93879762171332692  0.94785421471312259  0.95791174116625732  0.96493737222910059
  0.97140306407408450  0.97906301574070487  0.98886550099592840  1.00000000000000000
 -0.00269408350065861  0.01315956529287966  0.02667335823636538  0.04074256074132623
  0.05509278421268971  0.06894219991972497  0.08042580576845568  0.09160449708046627
  0.10348223587480483  0.11512316813333111  0.12213107718730451  0.12679607814066216
  0.13109113111251033  0.13528507128373662  0.13933358809185889  0.14237631750276544
  0.14713967285001922  0.15776611320860925  0.16887722931611562  0.18188687606339005
  0.19758978798492363  0.22033551217910774  0.24158224065697381  0.25309651203604949
  0.25826934028863602  0.26182230290892228  0.26575653491987816  0.27021030299187049
  0.27616997387597808  0.28373885541607713  0.29364843877236746  0.30204671032926939
  0.30941849439341523  0.31925607660253158  0.32987806331164049  0.33954195492632477
  0.34887864030792237  0.35764878374391446  0.36769488563244795  0.38226066124795743
  0.39726772937883320  0.41603036138282401  0.43215296521384305  0.44469221863895064
  0.45639023340934209  0.46668111506343052  0.47589883775285480  0.48479399658917594
  0.49445966078241194  0.50644801593421462  0.52099134544587400  0.53539125096804263
  0.54642030073823356  0.55482103727552412  0.56406384890972727  0.57385600083218469
  0.58339653125632107  0.59721057667496802  0.61354981595561986  0.63153835778629652
  0.64596374069543028  0.65547239812633862  0.66341208921997774  0.67351564704414291
  0.68406478784993141  0.69198010891647588  0.69948723174007721  0.70867781637953076
  0.71701313885924267  0.72708102158675358  0.74007606931873549  0.75214621072600718
  0.76476372051960717  0.77965558889246167  0.79265377492450606  0.80306057970145905
  0.81264660563232471  0.82060860094393862  0.82450891184725106  0.82873794262917033
  0.83319025625726750  0.83841720650221452  0.84251360978788681  0.84755220578160129
  0.85697968061868690  0.86990987250863705  0.88599393449303321  0.90258762186662733
  0.92048846644794902  0.94033569463964717  0.95547198299773095  0.96462209505214658
  0.97315331344185119  0.98131347103425348  0.98995950612675976  1.00000000000000000
 -0.00335788194004162  0.01471727833348569  0.02867545424005153  0.03913920580983919
  0.04859019695167122  0.06029583285240958  0.07520511275796694  0.09761097247893603
  0.11909853079964647  0.13337130536189176  0.14462541712275201  0.15504711030217622
  0.16909629562036765  0.18192234581549693  0.19286680370126369  0.20332366284420494
  0.21369553763712557  0.22547512539271980  0.23820015428881941  0.25135912965757123
  0.26311917592383327  0.27288095294940495  0.28404206107834673  0.29626780664119956
  0.30758162073889272  0.32134274165874011  0.33916754713090769  0.34804388325240809
  0.35479814751647731  0.35985708685165602  0.36472942432770300  0.36950734512495736
  0.37569517374621775  0.38342135404337163  0.38948384554159238  0.39295897894871962
  0.39860233174460119  0.40430263615146972  0.41165803960309783  0.41909378540051895
  0.42749160329989933  0.43839408270884889  0.45401842939897707  0.46669369769957358
  0.47508830797259660  0.48383331819800240  0.49115854610730852  0.49776580237157558
  0.50398670851788396  0.51298519611227034  0.52294352093278973  0.53462837239858596
  0.55097659452886216  0.56826956287133179  0.58300497076228031  0.59490942117813539
  0.60470665282756231  0.61428600747751916  0.62558747180097218  0.63731306385870778
  0.64973183542539292  0.66339863241378294  0.67989309766247830  0.69351045714847426
  0.70286053418207406  0.70960677271609596  0.71439656684707631  0.72095889530753832
  0.73142507598681605  0.74626905400660115  0.76035713844410657  0.77340623877530013
  0.78207797947323165  0.78818393898802563  0.79280012505320185  0.79790869006452869
  0.80402362996877574  0.81208741627385128  0.82456214173138609  0.83787127307320874
  0.84965496399541540  0.85994361768812100  0.86844928039768010  0.87478051405603929
  0.88054629714475285  0.88866202494926039  0.89603294806340139  0.90373788733759330
  0.91326992770952375  0.92428841830829822  0.93612105628322573  0.94989180120198002
  0.96397056610711429  0.97648145727516844  0.98770412010478659  1.00000000000000000
 -0.00296371097638927  0.00549245733984804  0.01438280242962944  0.02393918278896734
  0.03595453127208386  0.05181005225084398  0.07057620061760812  0.08805153418609087
  0.10296870473841840  0.11671395911488784  0.13240498886260402  0.15085536744964448
  0.16986781287905420  0.18714361556651488  0.20039685868579182  0.20930302435003845
  0.22130853203209941  0.23124103131746002  0.24055725350468019  0.25226357302033792
  0.26630665088863503  0.28127822333149649  0.29454112467392135  0.30391792478878010
  0.31126346703260238  0.31735698338368612  0.32360390243467646  0.33065739299755920
  0.33832738924948091  0.34705786677296685  0.35785026210723170  0.36852454981324939
  0.37954229090936403  0.39042398655677446  0.40059252154285563  0.41030227212261472
  0.41871087089042147  0.42691600493856319  0.43354421154537004  0.44105065186589243
  0.45073650316334046  0.46305616153150142  0.47487702503782725  0.48841249412905197
  0.50191426428140407  0.51265248360459204  0.52088151001726979  0.52973425374193683
  0.54082567919313607  0.55284603973096780  0.56361648729855018  0.57242901578587579
  0.58163427574488280  0.59057309061830732  0.59828970978003770  0.60634562409378678
  0.61523635530691723  0.62625153876663719  0.64279372134761714  0.65616295991071805
  0.66912586313222544  0.68529273277241165  0.69934207578040986  0.71492166395990964
  0.72402566958260361  0.73017530384144547  0.73623551742108340  0.74228894595898642
  0.74740022190060329  0.75268194235220964  0.75703618881690693  0.76148435365754363
  0.77181808500837679  0.78897299376983876  0.81000595433469058  0.81965736836459768
  0.82894138476253787  0.83921207429526268  0.85188239193321447  0.86557963539992822
  0.87546859619714745  0.88218015044081599  0.88753184519899131  0.89441882660130856
  0.90486098173588014  0.91516256608347424  0.92235642682711239  0.92935540542578432
  0.93362982955816942  0.93939241225645553  0.94877572948072098  0.95981279044415990
  0.97233648492975544  0.98291502212632587  0.99202254092506237  1.00000000000000000
 -0.00358996661574327  0.01077890739579187  0.02401120471678924  0.03398345246421214
  0.04399156006521389  0.05610849811191826  0.07227731202867667  0.09025331042268120
  0.09724805073289766  0.10106363765326133  0.10533755115524857  0.11290029831438878
  0.12483465397006749  0.13396187084324565  0.14232873339704813  0.15075990996132094
  0.16117752289627515  0.17331248391203363  0.18139452273594736  0.18618752311508607
  0.18880877974375337  0.19109773246108341  0.19386193516013098  0.20146127996531518
  0.21211504948756107  0.22588666995644327  0.24237812443302009  0.25727934234115096
  0.26883580455778877  0.27977931549851692  0.29026367538329623  0.30170651514575042
  0.31360931059238162  0.32423683818964649  0.33276850572575967  0.34028300591845434
  0.34993874199506858  0.35985011812762413  0.36923622644440096  0.37569069102612884
  0.38011095209200424  0.38385155552194972  0.38757267597707618  0.39461203114248755
  0.40258567701450171  0.40747111230560923  0.41434567803941086  0.42203049576362328
  0.43101303742248787  0.44116457924508917  0.45189634568287518  0.46194877208856133
  0.47183705744888316  0.48258015629474915  0.49237922852769567  0.50009292397190053
  0.50682744702434546  0.51261208268060365  0.51809760968682284  0.52533472778002599
  0.53448600186959028  0.54053007422671573  0.54761325905388214  0.55655091157641035
  0.56769256105574295  0.58805778429762545  0.60560122124259674  0.61872392124034004
  0.62920804460565238  0.63977040636710691  0.65102119795508706  0.66262546924538002
  0.67655922396824542  0.69449180594531468  0.70596364420173296  0.71913365001959950
  0.73095038503485354  0.74325167177375895  0.75412984968642016  0.76810257865603715
  0.78162566770839492  0.79704355467382926  0.81716348521896287  0.83616781696740528
  0.85187959273540215  0.86439729406354093  0.87560122961937803  0.88796076797907564
  0.90240517144512988  0.91926637644882092  0.93619357965991556  0.94810199320570721
  0.95686275262987130  0.96743724559095767  0.98207577088263409  1.00000000000000000
 -0.00013584334767852  0.00470842908065545  0.01005655405327037  0.01642684770969371
  0.02282200066983834  0.02966850578992571  0.03484055010901878  0.03980933500757693
  0.04458806335100923  0.04859419951649223  0.05306242534483327  0.05836373458778130
  0.06443060105836436  0.07145959001189921  0.07979713081455102  0.08929788738970051
  0.10037178448797300  0.11109014222308396  0.12095337178797413  0.13244394021074718
  0.14548368144303875  0.15924919839877605  0.17086794399006913  0.18110197766944244
  0.19109379149479125  0.20001727344904033  0.20658482429861003  0.21101124000260596
  0.21736935018894493  0.22429301265804635  0.22915908419512684  0.23499318902373831
  0.24125532978059916  0.24871453455231846  0.26004857752334193  0.27130199622168311
  0.28350261779295949  0.29536222019141622  0.30449166207734013  0.31287211279349397
  0.32514002153180926  0.34295263463411441  0.36850041223259472  0.38997116452766140
  0.40751510984197942  0.42460447011525609  0.44260462792000049  0.45682909478933892
  0.47112320892183424  0.49164001972431709  0.51821529283924317  0.53570044683101570
  0.55360513774444220  0.56979722968755075  0.58521243604537587  0.59629688000099701
  0.60508461390529711  0.61464783710763848  0.62473700801993060  0.63471259026928595
  0.64296236540936547  0.65093164967038397  0.66133236298333142  0.67223566762101461
  0.68523363812483307  0.69841717238150147  0.70857295021011812  0.71666029441400092
  0.72221252313808859  0.72852843076751383  0.73471624600559005  0.74307298443261216
  0.75745635985926496  0.77256980025492372  0.78311399249181213  0.79470534474560084
  0.80695302629093490  0.81564360801334124  0.82407317875263619  0.83024312206908391
  0.83704185177767820  0.84415447285200729  0.85141888016219791  0.85959977181457714
  0.86869383700742797  0.87900458163704465  0.89009542628552174  0.90265216014592442
  0.91602634577406628  0.93063119794701321  0.94476972965175676  0.95383205441636665
  0.95961548525918960  0.96642074323797122  0.97423043071728299  1.00000000000000000
 -0.00737820697545440  0.02295696538850146  0.03814341254302771  0.04679793205584910
  0.05261961941706723  0.05824917422799248  0.07091347319696886  0.08666723220715256
  0.09972106230927566  0.11349891398032663  0.12731670276194587  0.13812920977433177
  0.14787471722266440  0.15697089827802221  0.16598964114253270  0.17447139876551024
  0.18259163875725268  0.19085334580619928  0.20050911443030250  0.20967317000985117
  0.21811808964619514  0.22571860917220446  0.23192999015411278  0.24325121848324635
  0.25599163441311640  0.26723880416446405  0.27669428966222509  0.28573984760731508
  0.29413548544666407  0.30354294153497613  0.31937216267410307  0.34110995782436221
  0.35855866907824341  0.37063529776817705  0.37991046387376937  0.38682565269212960
  0.39273326487752824  0.40056676119670126  0.40877714034935952  0.41788120783677773
  0.42944839232476750  0.43945557356035919  0.45143825587893099  0.46523757275837807
  0.47898363703593400  0.49527479974300753  0.50861294222457254  0.52017014233158099
  0.53329845738891013  0.54761896459752413  0.56789763467829391  0.58240215414979535
  0.59566492380603653  0.60760806875064921  0.62111760588515297  0.63720877096278528
  0.65623395143566210  0.67720667540368773  0.69581647792078760  0.70773461181452357
  0.71837579757910008  0.73257083462430694  0.74847388889237509  0.76006126635684912
  0.76690001758866444  0.77265618543584424  0.77794968820051991  0.78453876504655673
  0.79228108390944241  0.80086368526849994  0.81020562015250308  0.81923574238132246
  0.83013870499312348  0.84120844593171196  0.85244499398735130  0.86796611549767144
  0.88129174970380753  0.89205178709293265  0.90213262186922005  0.90807323668863837
  0.91151703553658137  0.91380414286813560  0.91745093159093583  0.92163144544402487
  0.92657914948736475  0.93074295944716301  0.93363009536925057  0.93835189303972544
  0.94359307113466506  0.94982886293060598  0.95576346840476056  0.96144859416944017
  0.96751788103432190  0.97610791240411920  0.98760393818930270  1.00000000000000000
  0.05295339812851126  0.71949139368638315  0.74277712843653110  0.76060822690398011
  0.77956015649428789  0.79277683353601469  0.80523657633259027  0.81037508890820276
  0.81632348036251667  0.82388923853454676  0.82991588124008286  0.83640846387591306
  0.84389830870468951  0.85241432618371338  0.86124070090618876  0.86832801178760877
  0.87417368252738015  0.87716801010417833  0.88037011762734751  0.88355116253621147
  0.88683398432494276  0.88964107422173189  0.89242243065177085  0.89515335254451711
  0.89759742708756929  0.90030571323514996  0.90323533167557180  0.90659925025812060
  0.90936364577648465  0.91139061815656708  0.91283880628188718  0.91428905731002641
  0.91586544797644220  0.91815867164889153  0.91976249028251833  0.92102573781810260
  0.92217493650146931  0.92363452033225391  0.92545704090226433  0.92768188222213055
  0.92983700557900606  0.93110725827163277  0.93227694460654442  0.93358057276937578
  0.93515051269922955  0.93702182789859756  0.93932057190231621  0.94186047160183850
  0.94419500109301246  0.94600317019770452  0.94714922910948929  0.94831102342271634
  0.94949815463586995  0.95086274853557051  0.95231555061524809  0.95386850013654423
  0.95518445748646463  0.95634402985467482  0.95750360145223601  0.95862217193884214
  0.95947049171599541  0.96039423532133983  0.96129369757574212  0.96197093545080636
  0.96250150750988828  0.96305334820157118  0.96361529190024375  0.96427191937035772
  0.96505902959956913  0.96576113771270400  0.96665774453208242  0.96766964696549906
  0.96873653028034767  0.96963354193833584  0.97057074116994269  0.97159045786815001
  0.97240794625495364  0.97320531877252581  0.97397271432602439  0.97464837651587821
  0.97525019985813777  0.97590911800666302  0.97667049660054828  0.97761759823944516
  0.97876482825702216  0.97998943868176369  0.98101147306544978  0.98215124416846833
  0.98325603500519254  0.98446428805633779  0.98590987009879782  0.98747306502140597
  0.98851544663239876  0.99106333938066404  0.99447724565134243  1.00000000000000000
 -0.03486573506261399  0.16287348278584143  0.18893175618007019  0.20336263601411489
  0.21759318115211732  0.23141403645102110  0.24894079042752962  0.26743149075951544
  0.28373318977509004  0.29787459366876606  0.31159761567530114  0.32728330746028533
  0.34263101548395825  0.35695712447749822  0.37109420668731097  0.38880422325906139
  0.40227120782596232  0.41465914453453145  0.42445293196939521  0.43329256141393485
  0.44055993010197642  0.44670713123362565  0.45496308707796551  0.46628342274221546
  0.47874040468160595  0.49091753993953913  0.49862459639750661  0.50645927300532945
  0.51351454480229475  0.52008944370324572  0.52615675817796825  0.53182898349114838
  0.53907029376144078  0.54686743987887665  0.55526200128416925  0.56355818059601093
  0.56786407901356417  0.57166045065541704  0.57582157719979410  0.57976597197056945
  0.58353715485917057  0.58823058383114779  0.59332706523875056  0.59855061635695328
  0.60299877777275201  0.60647454945661061  0.61012585026975885  0.61398537317353818
  0.61807445358538626  0.62284000430799291  0.62716160023806489  0.63199645765132595
  0.63731884710435682  0.64353146093614466  0.65069851373912568  0.65826200994975659
  0.66549973967175002  0.67275243977834187  0.67944906292435703  0.68367204073570942
  0.68841701517934373  0.69152769281580295  0.69593329798286241  0.70173210728028845
  0.70847900574228229  0.71324938217170464  0.71748951184531662  0.72015214747064360
  0.72187060824338900  0.72392146301191729  0.72555051416800931  0.72699453729514496
  0.72908268809732257  0.73161147647210856  0.73665181408676450  0.74316458629665716
  0.74884851871888980  0.75460449027260357  0.76081875741672000  0.76734893974205165
  0.77395316294868177  0.77974595945662362  0.78515493542903170  0.79080994872989241
  0.79760564443392412  0.80670407741545180  0.81337219434266139  0.81860319210270127
  0.82348347579471137  0.82878126005981856  0.83345202695179399  0.84086662094153197
  0.85911248549790109  0.87949408526467743  0.90401422050014768  1.00000000000000000
   3.0159485710605384E-018  -1.0000000000000000     
 T F F F F F F F F F F F F F F F F F F F T F F F T F F F F F F F F F F F T F F F T F F F F F F F F F F F F F F F F F F F T F F F F F F F F F F F F F F F F F F F F F F F F F F F F F F F F F F F F F F F F F F F F F F F F F F F F F F F F F F F F F F F F F F F F F F F F F F F F F F F F F F F F F F F F F F F F F F F F F F F F F F F F F F F F F F F F F F F F F F F F F F F F F F F F F F F T F F F F F F F F F F F F F F F F F F F T F F F T F F F F F F F F F F F T F F F T F F F F F F F F F F F F F F F F F F F T F F F T F F F F F F F F F F F F F F F F F F F T F F F T F F F F F F F F F F F T F F F T F F F F F F F F F F F F F F F F F F F T F F F F F F F F F F F F F F F F F F F F F F F F F F F F F F F F F F F F F F F F F F F F F F F F F F F F F F F F F F F F F F F F F F F F F F F F F F F F F F F F F F F F F F F F F F F F F F F F F F F F F F F F F F F F F F F F F F F F F F F F F F F F F F F F F F F T F F F F F F F F F F F F F F F F F F F T F F F T F F F F F F F F F F F T F F F T F F F F F F F F F F F F F F F F F F F T F F F
  <DiscreteSampler_grid>
  grouped_processes
  1 # 1 for a reference and 2 for a running grid.
  10 # Attribute 'min_bin_probing_points' of the grid.
  1 # Attribute 'grid_mode' of the grid. 1=='default',2=='initialization'
  0.0000000000000000 # Attribute 'small_contrib_threshold' of the grid.
  0.5000000000000000 # Attribute 'damping_power' of the grid.
 # binID   n_entries weight   weight_sqr   abs_weight
    16   10   1.614404207175459E-020   2.550854022877410E-039   1.614404207175459E-020
    17   10   1.614404207175298E-020   2.550854022876888E-039   1.614404207175298E-020
    19   10   6.770029895019178E-021   4.539357165682984E-040   6.770029895019178E-021
    20   10   6.770029895018077E-021   4.539357165681483E-040   6.770029895018077E-021
    22   10   7.144647120495095E-021   5.042698469760056E-040   7.144647120495095E-021
    23   10   7.144647120494021E-021   5.042698469758506E-040   7.144647120494021E-021
    28   10   1.110133619326659E-020   1.210645583044856E-039   1.110133619326659E-020
    29   10   1.110133619326750E-020   1.210645583045059E-039   1.110133619326750E-020
    31   10   5.306887216434475E-021   2.771324642104494E-040   5.306887216434475E-021
    32   10   5.306887216434955E-021   2.771324642105003E-040   5.306887216434955E-021
    34   10   7.137286013030063E-021   5.008841609712411E-040   7.137286013030063E-021
    35   10   7.137286013030609E-021   5.008841609713189E-040   7.137286013030609E-021
    40   10   1.614404207175470E-020   2.550854022877443E-039   1.614404207175470E-020
    41   10   1.614404207175305E-020   2.550854022876911E-039   1.614404207175305E-020
    43   10   6.770029895019164E-021   4.539357165682967E-040   6.770029895019164E-021
    44   10   6.770029895018087E-021   4.539357165681494E-040   6.770029895018087E-021
    46   10   7.144647120495076E-021   5.042698469760026E-040   7.144647120495076E-021
    47   10   7.144647120494021E-021   5.042698469758506E-040   7.144647120494021E-021
    52   10   1.110133619326659E-020   1.210645583044856E-039   1.110133619326659E-020
    53   10   1.110133619326752E-020   1.210645583045064E-039   1.110133619326752E-020
    55   10   5.306887216434472E-021   2.771324642104490E-040   5.306887216434472E-021
    56   10   5.306887216434937E-021   2.771324642104983E-040   5.306887216434937E-021
    58   10   7.137286013030066E-021   5.008841609712414E-040   7.137286013030066E-021
    59   10   7.137286013030587E-021   5.008841609713157E-040   7.137286013030587E-021
    64   10   1.614404207175483E-020   2.550854022877486E-039   1.614404207175483E-020
    65   10   1.614404207175313E-020   2.550854022876939E-039   1.614404207175313E-020
    67   10   6.770029895019222E-021   4.539357165683046E-040   6.770029895019222E-021
    68   10   6.770029895018052E-021   4.539357165681446E-040   6.770029895018052E-021
    70   10   7.144647120495129E-021   5.042698469760102E-040   7.144647120495129E-021
    71   10   7.144647120493996E-021   5.042698469758471E-040   7.144647120493996E-021
    76   10   1.110133619326674E-020   1.210645583044888E-039   1.110133619326674E-020
    77   10   1.110133619326740E-020   1.210645583045037E-039   1.110133619326740E-020
    79   10   5.306887216434528E-021   2.771324642104550E-040   5.306887216434528E-021
    80   10   5.306887216434919E-021   2.771324642104964E-040   5.306887216434919E-021
    82   10   7.137286013030120E-021   5.008841609712493E-040   7.137286013030120E-021
    83   10   7.137286013030587E-021   5.008841609713157E-040   7.137286013030587E-021
    88   10   1.614404207175489E-020   2.550854022877503E-039   1.614404207175489E-020
    89   10   1.614404207175322E-020   2.550854022876967E-039   1.614404207175322E-020
    91   10   6.770029895019238E-021   4.539357165683065E-040   6.770029895019238E-021
    92   10   6.770029895018046E-021   4.539357165681438E-040   6.770029895018046E-021
    94   10   7.144647120495130E-021   5.042698469760108E-040   7.144647120495130E-021
    95   10   7.144647120493983E-021   5.042698469758453E-040   7.144647120493983E-021
    100   10   1.110133619326675E-020   1.210645583044893E-039   1.110133619326675E-020
    101   10   1.110133619326740E-020   1.210645583045037E-039   1.110133619326740E-020
    103   10   5.306887216434497E-021   2.771324642104517E-040   5.306887216434497E-021
    104   10   5.306887216434908E-021   2.771324642104954E-040   5.306887216434908E-021
    106   10   7.137286013030090E-021   5.008841609712449E-040   7.137286013030090E-021
    107   10   7.137286013030572E-021   5.008841609713135E-040   7.137286013030572E-021
  </DiscreteSampler_grid>
