 -0.00000281253008668  0.00001100390470518  0.00002347702607058  0.00003087651979569
  0.00003344785908405  0.00003485766887769  0.00003594518877378  0.00003740623410141
  0.00004757342292089  0.00005756523419183  0.00006365480351720  0.00006548968989337
  0.00006697323724813  0.00006902699042001  0.00007214042720907  0.00007576537986231
  0.00007972006117250  0.00008376430513253  0.00008923931739216  0.00009928988529883
  0.00011424822740577  0.00013014432373988  0.00014317535472020  0.00015639098069225
  0.00017137260636835  0.00019614555441861  0.00022774033401166  0.00025854475694220
  0.00029019852413663  0.00032952367738252  0.00037292682573647  0.00042315765871812
  0.00047583561071249  0.00052626038393570  0.00057563711414025  0.00062353013910315
  0.00066811408694491  0.00070826288180055  0.00074511954292633  0.00078325132416252
  0.00082900949994172  0.00087609492814949  0.00091815592506861  0.00095736887724848
  0.00099546086731615  0.00102939262663814  0.00107388713002885  0.00112874418491901
  0.00118377551675087  0.00123137609318698  0.00128508847273480  0.00133937478616570
  0.00139413006924870  0.00144610776548525  0.00148665077248470  0.00155616719938786
  0.00164132896253159  0.00170853617337764  0.00177981832803653  0.00186141323819768
  0.00196457452620129  0.00210272638670016  0.00222631692007171  0.00233677621388509
  0.00241154457923470  0.00248862797261163  0.00256398980142827  0.00263811279859029
  0.00272780218713692  0.00281173727835986  0.00291140596505918  0.00299694472301347
  0.00308405044145291  0.00317301075962189  0.00325746436433572  0.00334745459808125
  0.00346401229635828  0.00358190547605881  0.00369388518552729  0.00382474257950155
  0.00403354442055485  0.00437386971347255  0.00472469191340951  0.00499836395800001
  0.00523238825016576  0.00546088928208992  0.00573340781217983  0.00606273658918239
  0.00674246051124166  0.00766940215518151  0.00868260426696127  0.00978081756251729
  0.01136635523663922  0.01489918924280117  0.02932501257688313  1.00000000000000000
 -0.00000007582653875  0.00000078221786073  0.00000187921540097  0.00000290457489258
  0.00000401600757490  0.00000533537560219  0.00000652132997190  0.00000775697251758
  0.00000922583605625  0.00001045037544951  0.00001146242184157  0.00001252171837804
  0.00001346545815324  0.00001427816751847  0.00001535999269464  0.00001648894063796
  0.00001739125927185  0.00001819128040113  0.00001888663606908  0.00001953450187450
  0.00002009299682457  0.00002049742890758  0.00002090993827015  0.00002135358686851
  0.00002175390572247  0.00002223299385732  0.00002277439211899  0.00002337347910634
  0.00002398525869613  0.00002447135845322  0.00002485368144204  0.00002521230548805
  0.00002559248942899  0.00002596921537704  0.00002634800364914  0.00002664950192701
  0.00002688627256007  0.00002710183857221  0.00002731243245641  0.00002755095619520
  0.00002779027242368  0.00002803673280111  0.00002831607791920  0.00002915280325133
  0.00004623363542128  0.00004802891612713  0.00004877854911791  0.00004929581646001
  0.00004974799345601  0.00005020842448384  0.00005065783634439  0.00005111056664549
  0.00005147094157843  0.00005191232827335  0.00005243900635674  0.00005308944560390
  0.00005382091559763  0.00005462586451498  0.00005552378021404  0.00005648922538969
  0.00005737757802233  0.00005804316271653  0.00005881492469362  0.00005964551815852
  0.00006062992114666  0.00006197081116003  0.00006399828269163  0.00006614754267675
  0.00006818052867352  0.00007036434482049  0.00007263630301329  0.00007569210460529
  0.00007992704900716  0.00008560903185408  0.00009066091511453  0.00009680291649611
  0.00010696407333359  0.00012484857859180  0.00015427269399468  0.00019868394998967
  0.00026211376255542  0.00036395928078224  0.00050592792683775  0.00072144771880447
  0.00094779242433470  0.00115938456690414  0.00138637813732292  0.00191636337055784
  0.00264258678136364  0.00346608623959197  0.00412335329218820  0.00514743060184255
  0.00753954861809274  0.01301437787016804  0.03176738130938523  1.00000000000000000
 -0.00003990350743650  0.00052742880831443  0.00076471251598754  0.00098796038309858
  0.00121632866111465  0.00143822704216669  0.00156606308869867  0.00170462951792975
  0.00191511813748829  0.00222442271658098  0.00252690169587594  0.00272526258050453
  0.00292502310029705  0.00313365648518900  0.00338532920045959  0.00372308394019574
  0.00401419411331872  0.00419255770205888  0.00435260400415982  0.00450342052636633
  0.00462335965216675  0.00477869502292586  0.00493190901575966  0.00513501453766853
  0.00527141148680347  0.00536375612121347  0.00542279959623334  0.00548452804835973
  0.00556523671443648  0.00565328947966855  0.00581881789852911  0.00600198632024632
  0.00617358888925041  0.00633456965648303  0.00647009176107173  0.00658447924909062
  0.00671770776699891  0.00687316715282285  0.00707476228373243  0.00723664591373734
  0.00738528486247942  0.00752956384659858  0.00766585472662085  0.00783994572246632
  0.00805947377691075  0.00830543182671302  0.00854729706094438  0.00877901313677807
  0.00900080476614653  0.00921107959509108  0.00941753250159515  0.00963880992572839
  0.00985633897815895  0.01008680594355910  0.01039153463630623  0.01073604480738362
  0.01101396785816490  0.01127200928428239  0.01150455436861592  0.01173319283338267
  0.01199375034205991  0.01224398236489228  0.01246250319560908  0.01265237809249919
  0.01286060812284681  0.01311863629002832  0.01336385565490950  0.01358428613693035
  0.01381587966992240  0.01401807129556543  0.01419803938232792  0.01441326240996957
  0.01463630385852679  0.01489535113631863  0.01520714699297554  0.01549451591449539
  0.01575835155871862  0.01601059247707952  0.01622662636685963  0.01644499044063725
  0.01669651115763314  0.01699538095573036  0.01731470339673011  0.01766930943647709
  0.01810108355040711  0.01863408330851198  0.01916788853430140  0.01970759671550181
  0.02030481733452947  0.02094570012535045  0.02153402631168596  0.02208828865191703
  0.02338609935886098  0.02611578905331028  0.03076875479260145  1.00000000000000000
  0.02848043166385427  0.04030111517338538  0.05444089181321496  0.06796326678047666
  0.07754012100087862  0.08573506165407026  0.09485858214248978  0.10600306723803006
  0.12001032091260520  0.13453671540787010  0.14812063102861128  0.16115879361511831
  0.17693363762524014  0.18621814347112864  0.19682716504867426  0.20717107225597056
  0.21680641775273091  0.22514710473838676  0.23085035459866324  0.23590018194267920
  0.24109855738199998  0.24718586577636489  0.25547748600062187  0.26573202931477080
  0.27490412963235017  0.28321995273455880  0.29132548317523760  0.30045462024760700
  0.31031685692976735  0.31969103877122390  0.32664626793260076  0.33209319530171266
  0.33743817208942678  0.34301567229008889  0.35001669409221903  0.36091290379412805
  0.37113203160421210  0.38065513574022097  0.39011414123741761  0.40056260369159702
  0.40985898617184718  0.41766910289958165  0.42490310401878156  0.43161519684062161
  0.44034760486585683  0.45046514204003579  0.46244840017043576  0.47467136580036329
  0.48610936523657072  0.49664389167334877  0.50600079825376576  0.51446156637918650
  0.52454231261563911  0.53483496318215240  0.54482348250632195  0.55513411188524575
  0.56507142034468472  0.57506456601777167  0.58491243880103561  0.59787962401674211
  0.60222473993620684  0.60693308243837885  0.61142021163711491  0.61556688509883717
  0.62000795164363731  0.62451728385974969  0.63035202388186740  0.63761979985780537
  0.64456959612979603  0.65166660477064065  0.65797159402316829  0.66549791243697098
  0.67374065739146549  0.68271992538473170  0.69370823425525607  0.70614475602324556
  0.71522277718391825  0.72538981207322950  0.73621575178736887  0.74837876108350987
  0.76250928642665294  0.77650666259655587  0.78772539094635508  0.80045872294657816
  0.81239359768018249  0.82375650207646778  0.83809763657488556  0.85350436596231760
  0.87300786290038779  0.89114729069332721  0.90501506938860743  0.91525221809777102
  0.92661129413701215  0.94579056675239181  0.97262455927007430  1.00000000000000000
  0.03005717612778352  0.03104458151404253  0.03163842949133684  0.03210263508859160
  0.03247756599642589  0.03282018427855778  0.03313836618294386  0.03344702969324578
  0.03375250848670000  0.03402084403801002  0.03423976941505440  0.03444618588326454
  0.03464182775969066  0.03483386600237962  0.03504752761736556  0.03528926612895485
  0.03557265516675513  0.03590039533330996  0.03622861486466750  0.03652152071656120
  0.03679606303510216  0.03707537494980481  0.03737096133792096  0.03770513920129206
  0.03804970264552644  0.03840558987915894  0.03877506916471940  0.03914346794804780
  0.03948182927236224  0.03978394105531526  0.04011262294798720  0.04042935027367878
  0.04065564129137583  0.04090438304018954  0.04120232253679397  0.04158505672827655
  0.04195045290036054  0.04232774716859285  0.04271781448061351  0.04313770122761135
  0.04358563581720044  0.04406109264382262  0.04457843234302484  0.04510271792270563
  0.04555270615960470  0.04608792699037080  0.04662155797181969  0.04690106906380622
  0.04721016094201855  0.04752339660653634  0.04781628956795201  0.04818123093580843
  0.04859028093845222  0.04902531463355134  0.04941140567407192  0.04978766701659236
  0.05020121227079376  0.05074203532601800  0.05128121132116301  0.05180635605438397
  0.05251063192128019  0.05340287700483020  0.05450474557328139  0.05564049439358648
  0.05639810662572174  0.05731189007227739  0.05815190718108934  0.05918486211870230
  0.06043384398865754  0.06186844894759437  0.06297877553827205  0.06360248531022235
  0.06417248505084341  0.06459102443182582  0.06518793509851031  0.06606389683062208
  0.06680175802591999  0.06769641243241035  0.06959230475997541  0.07191650900750182
  0.07366763814829733  0.07528643458285900  0.07693481636072755  0.07857507675212685
  0.08077048297392130  0.08339018928634648  0.08710898168664100  0.09087777294435186
  0.10189660333112655  0.11586919675006813  0.13161275351402649  0.14482108882562370
  0.27584306958460691  0.47740622269484834  0.61792119575395144  1.00000000000000000
 -0.00511906344920865  0.02163623989138368  0.02715625466224449  0.03432012152459588
  0.04246723131146542  0.05203321614269376  0.05975052879980860  0.06964022840071549
  0.08305271730146890  0.09646177858527195  0.10492312403411261  0.11316182360970045
  0.12054644641132801  0.12985494490218369  0.14348960755327297  0.15703856636516444
  0.16942533414320940  0.18453299413684518  0.20016555404224309  0.21304518659457933
  0.22358703666501503  0.23253058439089738  0.24154699265648022  0.24988181461717537
  0.26007069866472143  0.27035570703647815  0.28107357559452650  0.29286414708567554
  0.30145691903558147  0.30666996667823476  0.31237893625985019  0.31960232627747237
  0.32788181717709208  0.33706854057911217  0.34708251831009002  0.35695584774019956
  0.36778186643275090  0.37788219813989682  0.38738374933247477  0.39609523341899638
  0.40541293224090819  0.41534196266986312  0.42588903278210050  0.43543800328784193
  0.44573192190448424  0.45475038482431213  0.46421141992091997  0.47589321713036259
  0.49109676610996661  0.50358584951908436  0.51636587648509036  0.52952861331461443
  0.54072482430597468  0.55089491038586380  0.55904200847950181  0.56705161676593030
  0.57603723485332603  0.58499596152337208  0.59361877900590354  0.60214714663833768
  0.61074512626992383  0.61902880474227817  0.62779232552827613  0.63707912012454881
  0.64687920904670815  0.65663768723346305  0.66698971526712947  0.67899436823688974
  0.69078022400348027  0.70296673459168468  0.71669479106879408  0.73286895451100920
  0.74740727692212072  0.76059809910642262  0.77309044975952845  0.78529859524528567
  0.79747222240441584  0.80956207754404896  0.82341803657868595  0.83796620950578293
  0.85013548976145714  0.86217522020427262  0.87439094912957016  0.88458801177908841
  0.89437662949861507  0.90650146057980652  0.92276548286360638  0.93857656183774618
  0.94900571640933784  0.95753530580470025  0.96516749644465138  0.97192596265166753
  0.97982017936955934  0.98694536769721142  0.99368200725111988  1.00000000000000000
 -0.00168071507493575  0.00754464475801447  0.01706181792952137  0.02875534364682747
  0.04292321902334376  0.05625193505993889  0.06799649236329565  0.07811008227687501
  0.08793244406273797  0.10167857603697524  0.11336008775338892  0.12309840586238374
  0.13265182614086277  0.14322456686326487  0.15345710825566050  0.16381073074493621
  0.17369444113605934  0.18391192689623448  0.19435175917596054  0.20599893043054715
  0.21985676706864965  0.23414198934818722  0.24671040668033661  0.25766509813277932
  0.26360933732763014  0.26838577743545800  0.27252950928211767  0.27656359092613003
  0.28360537891142179  0.29091167605808921  0.30188303721262855  0.31484714240958372
  0.32338497616178585  0.33189609515121360  0.34149959820259002  0.35297156645902938
  0.36806005011602622  0.38238352463222597  0.39227026523608072  0.39873639997401777
  0.40666558706242706  0.41387445388148075  0.42063380270073281  0.42836700095627139
  0.43707165244148921  0.44669047603140510  0.45973335531607584  0.46949334141945093
  0.47714393964481167  0.48455985500657367  0.49557717556040581  0.51059739227798273
  0.52583371257037315  0.53920765899622547  0.55263668710063119  0.56543570241217189
  0.57753694849255710  0.59113557825040319  0.60415022953461817  0.61650308582757973
  0.62938972812942373  0.64269604767109378  0.65370644852402704  0.66423654938494014
  0.67588127532250852  0.68693035975099248  0.69779062438747141  0.70940473386860714
  0.72216917311329043  0.73535094440813720  0.75050360848392417  0.76642099860030644
  0.78196856117204827  0.79691977825155536  0.81070137600612169  0.82402530709104549
  0.84004858914593472  0.85507049325241236  0.86689888102006951  0.87602651900574391
  0.88249159497736762  0.88821336855178579  0.89328712654781961  0.89937737886761682
  0.90444959418601312  0.91029830327404160  0.91809840083289429  0.92513743571991136
  0.93412871006024234  0.94419889366315790  0.95313516728779657  0.96233500300425423
  0.97145663606095467  0.98038216305959269  0.98940235885567740  1.00000000000000000
 -0.00508147593714329  0.01230159122711116  0.02476678143219663  0.03287456212429395
  0.04081632320526921  0.04800630851783980  0.05546402816954728  0.06405283602422139
  0.07336522166313314  0.08401895430488131  0.09725601291620826  0.11261834572887611
  0.12840750069813964  0.14452765273891768  0.16019284502267633  0.17377714457156895
  0.18655596913891834  0.19691986575198006  0.20666973634061236  0.21558691875517985
  0.22404438383397218  0.23287965942955571  0.24157525224416129  0.25113888642225007
  0.26337337941367461  0.27715455465282279  0.28781025067548505  0.29465307979616662
  0.30132720810226632  0.30928025272607851  0.31772244495835711  0.32281442041446717
  0.32680653643866081  0.33249383265632709  0.34083290953243039  0.35006084806529197
  0.36195129814501203  0.37736813576684985  0.39121579016042057  0.40483750940730839
  0.41531617284535155  0.42454199667004289  0.43173489318907032  0.43942168807197224
  0.44866276986252285  0.45801261250988695  0.46786933722848167  0.47937150447211313
  0.49218086408761796  0.50626053048464648  0.51805935696204752  0.52858710491647409
  0.53976344672113186  0.54898096852349765  0.55762737595241452  0.56727936769303045
  0.57618618212460748  0.58461056098029129  0.59841738744821960  0.61557385560051703
  0.63389140493330443  0.65189011455765067  0.66748992803633056  0.68267584222668520
  0.69637635246535556  0.71090452642879931  0.72605471151320322  0.73809100913191983
  0.74884567308184280  0.75870293978812076  0.76687295625592922  0.77523523587066401
  0.78397639576378553  0.79300137315432240  0.80254001303070577  0.81169400472459152
  0.82403215816682074  0.83656026448787835  0.84620025210312333  0.85350274396878956
  0.86118649565790650  0.86882685643726654  0.87573113049455475  0.88219390521035834
  0.89311367698594191  0.90501912071496393  0.92000611777548424  0.93376640460948190
  0.94426572692652466  0.95297400800266541  0.96082569975246301  0.96830912813760672
  0.97530438794805052  0.98256473609686978  0.99097361009669815  1.00000000000000000
 -0.00213053155163807  0.00920488199514296  0.02076951413881669  0.03346360512240816
  0.04926044658197395  0.06155003345467434  0.07058270747706288  0.07835413440120065
  0.08567353461600941  0.09423806197191575  0.10459868779165994  0.11618152466564716
  0.12533722249700940  0.13267868641375641  0.14232112360595564  0.15179516616072367
  0.15970842902670090  0.16697666534854205  0.17531517947422592  0.18505150624420375
  0.19703626929982945  0.20516243972125339  0.21228959961071459  0.21998011089225622
  0.22878539313123580  0.23797004434450045  0.24933979882431712  0.26323854891066550
  0.27504034208583916  0.28407999314849647  0.29179860368881533  0.29798889030440101
  0.30559815572234472  0.31454505022339802  0.32369299257587597  0.33185832000902371
  0.34171978613647735  0.35328696424521622  0.36770282100301332  0.38500453049118238
  0.39821220648072791  0.40775475756966317  0.41631725060733038  0.42522625116892948
  0.43597203335003465  0.44841983954086290  0.46014592591908321  0.47187010820809794
  0.48338571455781060  0.49199368074520206  0.49834212289209373  0.50349820495662068
  0.50901448832679574  0.51506382758886249  0.52420417750923753  0.53631005841313717
  0.55040102404895774  0.56075534562169937  0.57139220057431162  0.58396227380912380
  0.59641861008242880  0.60921773101413323  0.62183148621617623  0.63411782821312968
  0.64630526951172507  0.65840927991208598  0.67052767519883139  0.68349584369260119
  0.69690173052239679  0.70983191425506009  0.72243766514719499  0.73182057613130602
  0.73867143565952165  0.74572322192998619  0.75345051542029251  0.76102785863906397
  0.77266461244402318  0.78712905459795079  0.80126292195915216  0.81622065430001767
  0.83234872284261785  0.84930898401918886  0.86636394112806103  0.88292137157448813
  0.89447751940953335  0.90370933432644451  0.91253755067998865  0.92218473219784747
  0.93304053163917233  0.94554857548688298  0.95611793659487931  0.96615212347056323
  0.97476165600153419  0.98501878334726012  0.99334648761803790  1.00000000000000000
 -0.00126837275295502  0.00662898767848961  0.01509311061753783  0.02481548235603342
  0.03610091557105435  0.04825551437052631  0.06117825327801752  0.07491127039387611
  0.08802003054028734  0.09956894037326243  0.11134133654210268  0.12032649326929117
  0.12924737880461018  0.14029125055235467  0.15603423186357124  0.17351024243690807
  0.18770312244628529  0.20037131331082794  0.21377580539672689  0.22754246275054790
  0.23948615988508096  0.24947283619715702  0.25808961171453065  0.26593484332786388
  0.27415573134905213  0.28411033324710105  0.29294417595156919  0.30225560519959904
  0.31189537082699043  0.32403614963438893  0.33948849510299223  0.35622034560473026
  0.37132368780676234  0.38390361315643395  0.39534727034699685  0.40531735827824455
  0.41875502768340561  0.43437629458435739  0.44880842216391909  0.46216699328650257
  0.47526851330027053  0.48881072033512107  0.50304800913376224  0.51767291667460369
  0.53198675728947575  0.54368513517749761  0.55288148769128964  0.56068395851438735
  0.56848458472475816  0.57632757579696159  0.58536582773697199  0.59491298761063960
  0.61023815052152575  0.62115706508397617  0.62709525051819948  0.63081395317692190
  0.63566795732439119  0.64382908851544629  0.65431574555984995  0.66540157279535017
  0.67608437832100687  0.68285202674307277  0.68989380069045603  0.69756335371786449
  0.70717149239519395  0.71825651973632554  0.72999415772777509  0.74257924590956836
  0.75851116511586947  0.77550470540326444  0.79185423780010489  0.80672784253667218
  0.81937640162283198  0.82916913971888606  0.83869243511260505  0.84892660819061094
  0.85654656791177930  0.86257393343080258  0.86814426119115351  0.87509946501192148
  0.88349792279092765  0.89204617036457468  0.89867545890855549  0.90614439168132632
  0.91354005702089702  0.92325993900516223  0.93335448453443903  0.94308508573227134
  0.95273713910047153  0.96317156309073737  0.97514604050158005  0.98293254180739287
  0.98806046296277361  0.99252175200789816  0.99640964341610994  1.00000000000000000
 -0.00296572642476979  0.01183455038939896  0.02611240922887969  0.04016976598604883
  0.05387646992700748  0.06842475188844639  0.08293582331089606  0.09200761189670742
  0.10005431714286429  0.10821970166379993  0.11756294523708240  0.12869173277934873
  0.14720883352100594  0.15250587476936353  0.15843979416114257  0.16666307181671869
  0.17783759003233515  0.18805091103551216  0.19617654760877595  0.20335966510866804
  0.21160920800347272  0.22546853018105090  0.24017361473936566  0.25425257615619429
  0.26766514199543406  0.27992446782329389  0.29249499955186725  0.30796850606609688
  0.32511856349529017  0.34003781421835005  0.34987547747296177  0.35696892894075538
  0.36332008440878588  0.37017286184831943  0.37847491527618199  0.38722041881927405
  0.39748955616285003  0.40722793304036209  0.41280756349595921  0.41802022553665347
  0.42257552609353993  0.42709205747243201  0.43168747293292492  0.44135374136006111
  0.45340320005786744  0.46559781393817912  0.47807899683955474  0.48954917471849735
  0.50091333508800062  0.51099306831503299  0.52080421915522379  0.53145420405291810
  0.53911459814885110  0.54731535444795165  0.55537445033999500  0.56384717023631281
  0.57182603219520012  0.58052673790970244  0.58819562505221779  0.59429748486613532
  0.60092613038021869  0.60938976901784436  0.61981816606290041  0.62930689117914584
  0.63763540298540611  0.64559760129749788  0.65354726378208194  0.66264177225373855
  0.67248455689509146  0.68415792643518403  0.69771498986541070  0.71304567639527827
  0.72712121759624138  0.73933691014091274  0.74835229628670630  0.75630340814856278
  0.76485589988269798  0.77416237689332312  0.79003670735357134  0.80868414021273760
  0.82633744428496225  0.84259878970082747  0.85705434486335885  0.87231964580054877
  0.88843433979967412  0.90248623926865634  0.91414741373843666  0.92505597390365335
  0.93432021720377290  0.94286290610120127  0.95462903814940547  0.96809125599644408
  0.97839383808827907  0.98698934852944731  0.99283314423627556  1.00000000000000000
 -0.00362834908756821  0.01575047784089447  0.02719152553691078  0.03533976171180213
  0.04247535071948679  0.04887973034708389  0.05452953990305937  0.06056476115760734
  0.06582634248333501  0.07209094171798286  0.07930834394605306  0.08680595570800038
  0.09474556107161004  0.10309816955151514  0.11013959844857446  0.11629985112227047
  0.12392679604583659  0.13357446324983477  0.14262365797622650  0.15317379485855395
  0.16354501989809603  0.17392939827347639  0.18390552772905708  0.19252383125863093
  0.20152037590912689  0.21094499318955920  0.22083960928869811  0.23106730059511232
  0.24025953466663716  0.25110660239037924  0.26396471435528579  0.27898727647889521
  0.29307086076167538  0.30235851345391124  0.30786739782887512  0.31484471547255083
  0.32186723715640958  0.32818856332100671  0.33463408766881803  0.34198252624793785
  0.34931447641168328  0.35739349460781777  0.36727806625398618  0.37900192255439058
  0.39105644987444355  0.40362262392280618  0.41692237631850759  0.43093595479509944
  0.44497593858748036  0.45798533529296964  0.46929226347552927  0.47984458474982844
  0.48963695289338971  0.50035053856179812  0.51232683736526974  0.52559884963392933
  0.54002039639688715  0.55234147838609804  0.56242859657372613  0.56861298044622954
  0.57542296800245718  0.58382223440171865  0.59343050527525054  0.60354429294466938
  0.61378084429248370  0.62296391672757356  0.63109549102751783  0.64203382069190462
  0.65393142603039378  0.66813361733307730  0.68386487227901438  0.69912050830971795
  0.71316234892469910  0.72554528259009143  0.73576812553952953  0.74537871282040924
  0.75575251073136629  0.76736206542690544  0.77958035435129391  0.79216559351404869
  0.80379890490452854  0.81707989044136353  0.83282888689842416  0.85091075523107129
  0.86889608366325732  0.88617021573987320  0.89847005349359343  0.90933933522816335
  0.91917993453224078  0.92732633906403306  0.93552474050268386  0.94433960486663093
  0.95461216980745167  0.96777133384113490  0.98377851335233590  1.00000000000000000
 -0.00215225318525880  0.01069968323228019  0.02213517246519287  0.03209688439235794
  0.04133328496519684  0.05155270368222061  0.06250015984394777  0.07417120021393976
  0.08579911580193701  0.09706846689189151  0.10781639868018826  0.11768566670227992
  0.12658224339403351  0.13520158745344102  0.14274960786513896  0.15010958103341623
  0.15751628798948628  0.16524959231261846  0.17298109003526310  0.18239456353533037
  0.19033999170281940  0.19864887715338897  0.20784663351855723  0.21715441842466049
  0.22694331864578179  0.23553881404415250  0.24405966023586662  0.25418502638624840
  0.26517228429290235  0.27641312994521311  0.28863163545597914  0.30172475917820213
  0.31288571473869337  0.32430434627584981  0.33591553925199130  0.34641429514100008
  0.35931025877305606  0.37292004047823424  0.38588641692640013  0.39940377639611369
  0.41520139634231734  0.43162504138065499  0.44483212980798748  0.45740879904879322
  0.46970917012457564  0.48004081852920433  0.48691395327100695  0.49474083345174363
  0.50050112089297294  0.50728872199758812  0.51291812480174437  0.51996809050498105
  0.52897019007913770  0.53760487457447825  0.54707329625151024  0.56234309720729025
  0.57568603916612204  0.58798479440712070  0.60002348130032834  0.61162490462005836
  0.62032590120456854  0.62643404996047902  0.63280710409312857  0.63925072257602089
  0.64658595839081789  0.65415020123070811  0.66608612639708797  0.67643059532795180
  0.68693118795674823  0.69570424821993793  0.70264960045440561  0.71097747062728933
  0.72051497132362041  0.72883532781120119  0.73733164461182876  0.74688297210928944
  0.75824156216082061  0.77178068355939378  0.78821413176648725  0.80408526105903300
  0.81718158536122676  0.82960215300257323  0.84258202772603652  0.85056779619568501
  0.85670732908971792  0.86431535871635523  0.87302034754048585  0.88365486453311293
  0.89540443428774830  0.90824811297468699  0.92160528389499141  0.93508632109196210
  0.94973124478043491  0.96503356499627146  0.98151709201581216  1.00000000000000000
 -0.00061439026303862  0.00465635048145771  0.00992076400622732  0.01410466909968372
  0.02035765553650521  0.02705363468470821  0.03426328276675511  0.04340458223709730
  0.05739030700694992  0.07011690210916857  0.08026750555423114  0.08833294176170314
  0.09571156548585752  0.10272962428588421  0.11014398773443007  0.11962188401444643
  0.13286483638518196  0.14766329280150062  0.16037466303114364  0.17001750590254794
  0.17947093246135148  0.18960594720762058  0.20091300908857854  0.21042781342753925
  0.21816372886646623  0.22636941699044624  0.23378353406141439  0.24168897003841894
  0.25183785407816645  0.26202939300341171  0.27046241061757187  0.28073027838117298
  0.29226512527724796  0.30542313937028143  0.32199610386389543  0.33958858850243900
  0.35273579685733086  0.36380945453075370  0.37273431358935705  0.38137006589238504
  0.39002255989604795  0.39917021255347002  0.40897155596456769  0.41920459049834097
  0.42963721315429315  0.44034411903285409  0.45174083594311937  0.46455807827821111
  0.47594451111820202  0.48491983617805107  0.49502334720406416  0.50655316473643752
  0.51995844694987225  0.53208919640936569  0.54480436605167271  0.55648156133042204
  0.56570013548589171  0.57630719447986334  0.58729116176484220  0.59843118682344332
  0.60813309935993332  0.61366157595614690  0.61989818456595369  0.62600181400275867
  0.63449311976219425  0.64929962871345448  0.66665621159962063  0.67625963713949044
  0.68233000610113248  0.69023046665524268  0.70533559333396811  0.71819489240552703
  0.73055669705083159  0.74223348109754750  0.75142042818967536  0.75991247733132539
  0.76826113516847450  0.77895304312964997  0.79519541308785180  0.80799097083926741
  0.81523783319700416  0.82308088400231227  0.83125764673286628  0.83990924753151508
  0.85068109923848445  0.86310110307488563  0.87851058156334905  0.89863022431569461
  0.91466418017974915  0.92968706987815797  0.94319593346214836  0.95352186990939203
  0.96488123014513627  0.97656408246002568  0.98824047744063037  1.00000000000000000
 -0.00269760136380059  0.01083677558911579  0.02304896188719160  0.03279536251267092
  0.04315884131635898  0.05469313944830893  0.06792606728075352  0.08219483811376359
  0.09367316417696279  0.10425410771634569  0.11352402569225602  0.12075761962846927
  0.13249773131877976  0.14253151451724921  0.15004534695847505  0.15782730358293634
  0.16614536197588331  0.17415456749897237  0.18211000154554979  0.19190035700411862
  0.20291998124022911  0.21039261921236474  0.21559405904135925  0.22324004861841509
  0.23318835916059730  0.24026284265874132  0.24753092274188329  0.25662116702292387
  0.26798375303422556  0.28194772147940023  0.30413110162168250  0.31199570186859160
  0.32060675643724690  0.32844376953418153  0.33613541782435963  0.34252040008258250
  0.34982995773951653  0.35968818954492088  0.36977698883704119  0.37997742440286247
  0.39174532997998596  0.40673766839688924  0.42379212889809781  0.44033060775666283
  0.45475998759091840  0.46792694322509709  0.47859716113078654  0.48679645733166099
  0.49374563412325273  0.50082429921037730  0.50821430578005589  0.51511774227298335
  0.52147028463895795  0.52747266206076338  0.53366273765455585  0.54205346337485238
  0.55060661754889395  0.55949582234771045  0.56942939488814281  0.58035180713400991
  0.59172303549170624  0.60344336278678545  0.61489426685318993  0.62527015867436986
  0.63436998066004935  0.64316306587285377  0.65160860950894073  0.66050868518596928
  0.67054418661212678  0.68091980521751994  0.69329250713284130  0.70677452713879974
  0.72071003677938494  0.73275747737523267  0.74458582810754215  0.75815239730831951
  0.77407565430665759  0.78885908379238157  0.79929563664925474  0.80751728595007144
  0.81580883829843931  0.82642359777453001  0.83905248625556106  0.85071889018388080
  0.86066029388784659  0.87068623396331124  0.88294227292610461  0.90225366039652377
  0.92564592501447363  0.94242887088161076  0.95241696470683179  0.96044374676576416
  0.96852038809330565  0.97695058949576163  0.98665629870819560  1.00000000000000000
 -0.00095597764310050  0.00359048700383965  0.00910197425603138  0.01480770951053254
  0.02215031353944880  0.03353839888219520  0.04471501781935705  0.05429732584069650
  0.06564949802051943  0.07450166009499842  0.07995532666839671  0.08646229017662894
  0.09418030114152423  0.10256641655081891  0.10957814225808651  0.11575858179217660
  0.12397560253270550  0.13477673072680083  0.14512302717270836  0.15541281078805924
  0.16614741506565719  0.17826600573693599  0.19241845182540335  0.20692495831404525
  0.22143726058486837  0.23568553283364141  0.25094691212777970  0.26674864828337852
  0.27792822770886927  0.28906557134374344  0.29973172575000673  0.30956025476595422
  0.32030134964418183  0.33575097712866359  0.34892964450628011  0.36289276918769031
  0.37328326536967815  0.38092212289239480  0.38694958604357882  0.39446177730157683
  0.40442771580420089  0.41239834294400074  0.41957423490626888  0.42879654774218168
  0.44538231482079588  0.46619328157740497  0.49032133783573245  0.51202068618586105
  0.53086130247923502  0.54565156676913273  0.55720339261187557  0.56782029448683113
  0.58019585292716314  0.59572162667020556  0.61101105226638597  0.62626398656751203
  0.63707519482817743  0.64709644994009374  0.65641581921353920  0.66479312877721208
  0.67532011836534578  0.68698454044547619  0.69762508280553148  0.71044529335090156
  0.72186495001295192  0.73460430564559731  0.74448718394740754  0.75387056488447446
  0.76489198548781345  0.77561949185604318  0.78417629411714185  0.79203104087130283
  0.79956158287825563  0.80784034450251241  0.81674707184331852  0.82457908675288494
  0.83064429587403932  0.83642206123873353  0.84334202633525157  0.85046984441679285
  0.85856849885133679  0.86692599967464679  0.87738981380801695  0.88823492447230024
  0.90009044323398157  0.91218266356644484  0.92221702546678219  0.93058452205061348
  0.93695629415600268  0.94377430324179734  0.95191231279289934  0.96042200501391883
  0.96855581377854827  0.97705148554764176  0.98584055254560798  1.00000000000000000
 -0.00072644012207423  0.00390599957297168  0.01009735501561194  0.01791887432485586
  0.02603426688038622  0.03503368436329186  0.04663943970302361  0.05353790437364320
  0.05823949285294740  0.06432984971314235  0.07178259327996156  0.08113164605268759
  0.09052774452644073  0.09868227702879637  0.11427269239498783  0.12896923529905818
  0.14456469709901390  0.16283649148978882  0.17749027008032262  0.19087536020979984
  0.20325738879395591  0.21259660724269333  0.22126494720903783  0.23061101403018766
  0.23950177380953461  0.24791449958850548  0.25779473103555045  0.27173924149500750
  0.28703251321310858  0.29938429247597831  0.30998381955649662  0.31982859710956157
  0.32941595879493912  0.33949558908299843  0.35114023505942560  0.36265801439810397
  0.37308750285350589  0.38372036541299359  0.39762553498891207  0.41237253368714283
  0.42545620835256343  0.43980683574045193  0.45471148812465512  0.46984434276374637
  0.48186179357999881  0.49199738706892981  0.50319304253843988  0.51628244454895500
  0.52319686139786858  0.52905432091758453  0.53565433370565341  0.54412169127751164
  0.55558672107539864  0.56738029333843465  0.57895648733185789  0.59041873206589945
  0.60290222528755300  0.61643078259647366  0.63104238759637854  0.64147981921036934
  0.65122980715578693  0.66045426708853094  0.67011308797063696  0.68037316670283676
  0.69203090414064439  0.70300156276743297  0.71251298254363304  0.72310708016044944
  0.73363718755092178  0.74065859120515465  0.74738125869720018  0.75440194534306526
  0.76159945971764154  0.76834027475078503  0.77483144150491112  0.78349213059035283
  0.79266502557068608  0.80157973380287384  0.81239521319702124  0.82327548495264902
  0.83464896255297560  0.84872218334212557  0.86169322516839353  0.87278712694528138
  0.88269010775951562  0.89170558128323218  0.90196588240781650  0.91122880077223689
  0.91996850599654967  0.92888113639278058  0.93876111395325135  0.95058157494078088
  0.96711882599926235  0.98071552695522268  0.99093831276929223  1.00000000000000000
  0.02124797105834384  0.22897379350057148  0.27486968973437154  0.30302396110813606
  0.32457434080294428  0.34272720031637743  0.35987049887647532  0.37568903692447592
  0.39177899126562676  0.40209736388972894  0.41075134471910824  0.41729794886241384
  0.42305296846079138  0.42928866418161610  0.43501885137311258  0.44051801595204754
  0.44614357235759916  0.45175203259407148  0.45843813624071822  0.46770148105755832
  0.47627142988913063  0.48212358529030214  0.48671148771781264  0.49139059754817083
  0.49711456689562700  0.50444186015618653  0.51165452271262768  0.51850510012728723
  0.52458005194111557  0.53025853844160542  0.53577017591811538  0.54165686204263919
  0.54803393365612318  0.55463924015378574  0.56274651132413955  0.57044868199783338
  0.57752399988346237  0.58430912764304843  0.59155133453733744  0.59828391442277207
  0.60462600207483930  0.61015871900723884  0.61618995876418792  0.62158945478887362
  0.62691756937123466  0.63180708679977970  0.63656249586737956  0.64149168416929758
  0.64613861986472276  0.65048329036098240  0.65451414331867008  0.65815895021657866
  0.66095567401816191  0.66465063303130989  0.66874800973026005  0.67468258487949140
  0.67992826484554103  0.68725980818157306  0.69439956507883682  0.70075195666482315
  0.70603654357470935  0.71104973579636843  0.71592885654194161  0.72093830818975335
  0.72566143335622613  0.73013706918385313  0.73356358392059617  0.73648600273178355
  0.73940896077165741  0.74331556031968604  0.74823991182811489  0.75263939695806292
  0.75859045544855741  0.76428955638778062  0.76979966323013771  0.77473475275332260
  0.77943782249001758  0.78422859214092189  0.78907826023499195  0.79214471942544140
  0.79465557064887971  0.79717937189553267  0.80082987342284606  0.80505158453821557
  0.80975561581386846  0.81421025904021771  0.81868576173957730  0.82370609983301246
  0.83158111546948721  0.84082747057179619  0.84940673016795332  0.85804415885049479
  0.87087825410893405  0.89078351164043035  0.92298704525952746  1.00000000000000000
 -0.04079030160177438  0.17242883238237511  0.22187815750246917  0.25364386309236958
  0.27458451220690783  0.29440697489875811  0.31069493284192229  0.32838885374953014
  0.34221232868691193  0.35241167793236233  0.36221070214857548  0.37314189606594000
  0.38417695693254800  0.39390678616896152  0.40266577024701528  0.41069776590447410
  0.42106890126184099  0.43197869466350003  0.44110780078798828  0.44797786961263775
  0.45337031705625008  0.45777803369123049  0.46206347976412093  0.46648610143392599
  0.47198950337866646  0.47718390737768462  0.48267973047277296  0.48862496606423822
  0.49523279000562170  0.50184447588467740  0.50871340176572366  0.51701605418868712
  0.52591967088768721  0.53528024154933806  0.54348200988513307  0.54933338369768303
  0.55387909087291121  0.55807882556472377  0.56188852894848662  0.56557306222910164
  0.57021387069386820  0.57446091619240647  0.57844440792001828  0.58249752472888505
  0.58530003261293584  0.58840377815866141  0.59108786634568644  0.59367784891845565
  0.59597485889620194  0.59852762285896677  0.60114776110254742  0.60456627565871279
  0.60890562314492425  0.61358809774717127  0.61840291274103232  0.62276848563408682
  0.62632036082062248  0.62922342135127862  0.63267105693600656  0.63698440334562056
  0.64149532443581669  0.64571235451000875  0.64960290028114576  0.65395909993918422
  0.65827075228701615  0.66177809872317050  0.66424247072857123  0.66650159955608579
  0.66913173505887102  0.67231525832286232  0.67613510763007989  0.68067179789112098
  0.68491072903922767  0.68980277033992210  0.69633507909182024  0.70247776661906791
  0.70730080850723920  0.71219454715586361  0.71774899980562645  0.72363319866149889
  0.72896204490505501  0.73378235526807478  0.73865662349489314  0.74370532679377666
  0.74920036947288027  0.75508516233108525  0.76145244540786217  0.76786051235517994
  0.77512420382374436  0.78395719741005032  0.79399785378140075  0.80342292029181184
  0.81400650109578099  0.83212775349754786  0.87441501328519100  1.00000000000000000
   8.4577618112341619E-015  -1.0000000000000000     
 T F F F F F F F F F F F F F F F F F F F T F F F T F F F F F F F F F F F T F F F T F F F F F F F F F F F F F F F F F F F T F F F F F F F F F F F F F F F F F F F F F F F F F F F F F F F F F F F F F F F F F F F F F F F F F F F F F F F F F F F F F F F F F F F F F F F F F F F F F F F F F F F F F F F F F F F F F F F F F F F F F F F F F F F F F F F F F F F F F F F F F F F F F F F F F F F T F F F F F F F F F F F F F F F F F F F T F F F T F F F F F F F F F F F T F F F T F F F F F F F F F F F F F F F F F F F T F F F T F F F F F F F F F F F F F F F F F F F T F F F T F F F F F F F F F F F T F F F T F F F F F F F F F F F F F F F F F F F T F F F F F F F F F F F F F F F F F F F F F F F F F F F F F F F F F F F F F F F F F F F F F F F F F F F F F F F F F F F F F F F F F F F F F F F F F F F F F F F F F F F F F F F F F F F F F F F F F F F F F F F F F F F F F F F F F F F F F F F F F F F F F F F F F F F T F F F F F F F F F F F F F F F F F F F T F F F T F F F F F F F F F F F T F F F T F F F F F F F F F F F F F F F F F F F T F F F
  <DiscreteSampler_grid>
  grouped_processes
  1 # 1 for a reference and 2 for a running grid.
  10 # Attribute 'min_bin_probing_points' of the grid.
  1 # Attribute 'grid_mode' of the grid. 1=='default',2=='initialization'
  0.0000000000000000 # Attribute 'small_contrib_threshold' of the grid.
  0.5000000000000000 # Attribute 'damping_power' of the grid.
 # binID   n_entries weight   weight_sqr   abs_weight
    16   10   8.394493135479899E-018   2.425238828683887E-034   8.394493135479899E-018
    17   10   8.394493135479847E-018   2.425238828683835E-034   8.394493135479847E-018
    19   10   1.208429722354177E-017   5.914838135231181E-034   1.208429722354177E-017
    20   10   1.208429722354151E-017   5.914838135230865E-034   1.208429722354151E-017
    22   10   1.301026672902093E-017   5.790326794947347E-034   1.301026672902093E-017
    23   10   1.301026672902071E-017   5.790326794947057E-034   1.301026672902071E-017
    28   10   2.559284724529696E-017   5.081552187657063E-033   2.559284724529696E-017
    29   10   2.559284724529795E-017   5.081552187657490E-033   2.559284724529795E-017
    31   10   3.528980597699185E-017   9.259284394461717E-033   3.528980597699185E-017
    32   10   3.528980597699318E-017   9.259284394462508E-033   3.528980597699318E-017
    34   10   3.524541705985250E-017   9.129598648911669E-033   3.524541705985250E-017
    35   10   3.524541705985386E-017   9.129598648912469E-033   3.524541705985386E-017
    40   10   8.394493135479901E-018   2.425238828683889E-034   8.394493135479901E-018
    41   10   8.394493135479833E-018   2.425238828683828E-034   8.394493135479833E-018
    43   10   1.208429722354177E-017   5.914838135231179E-034   1.208429722354177E-017
    44   10   1.208429722354152E-017   5.914838135230878E-034   1.208429722354152E-017
    46   10   1.301026672902094E-017   5.790326794947349E-034   1.301026672902094E-017
    47   10   1.301026672902072E-017   5.790326794947069E-034   1.301026672902072E-017
    52   10   2.559284724529698E-017   5.081552187657069E-033   2.559284724529698E-017
    53   10   2.559284724529795E-017   5.081552187657494E-033   2.559284724529795E-017
    55   10   3.528980597699186E-017   9.259284394461727E-033   3.528980597699186E-017
    56   10   3.528980597699318E-017   9.259284394462508E-033   3.528980597699318E-017
    58   10   3.524541705985252E-017   9.129598648911679E-033   3.524541705985252E-017
    59   10   3.524541705985385E-017   9.129598648912469E-033   3.524541705985385E-017
    64   10   8.394493135479904E-018   2.425238828683891E-034   8.394493135479904E-018
    65   10   8.394493135479813E-018   2.425238828683812E-034   8.394493135479813E-018
    67   10   1.208429722354176E-017   5.914838135231163E-034   1.208429722354176E-017
    68   10   1.208429722354153E-017   5.914838135230879E-034   1.208429722354153E-017
    70   10   1.301026672902093E-017   5.790326794947335E-034   1.301026672902093E-017
    71   10   1.301026672902072E-017   5.790326794947070E-034   1.301026672902072E-017
    76   10   8.394493135479913E-018   2.425238828683896E-034   8.394493135479913E-018
    77   10   8.394493135479822E-018   2.425238828683821E-034   8.394493135479822E-018
    79   10   1.208429722354176E-017   5.914838135231168E-034   1.208429722354176E-017
    80   10   1.208429722354154E-017   5.914838135230897E-034   1.208429722354154E-017
    82   10   1.301026672902093E-017   5.790326794947342E-034   1.301026672902093E-017
    83   10   1.301026672902074E-017   5.790326794947091E-034   1.301026672902074E-017
    88   10   2.559284724529698E-017   5.081552187657072E-033   2.559284724529698E-017
    89   10   2.559284724529793E-017   5.081552187657483E-033   2.559284724529793E-017
    91   10   3.528980597699180E-017   9.259284394461691E-033   3.528980597699180E-017
    92   10   3.528980597699316E-017   9.259284394462504E-033   3.528980597699316E-017
    94   10   3.524541705985245E-017   9.129598648911638E-033   3.524541705985245E-017
    95   10   3.524541705985384E-017   9.129598648912469E-033   3.524541705985384E-017
    100   10   2.559284724529698E-017   5.081552187657072E-033   2.559284724529698E-017
    101   10   2.559284724529794E-017   5.081552187657488E-033   2.559284724529794E-017
    103   10   3.528980597699183E-017   9.259284394461705E-033   3.528980597699183E-017
    104   10   3.528980597699316E-017   9.259284394462514E-033   3.528980597699316E-017
    106   10   3.524541705985248E-017   9.129598648911653E-033   3.524541705985248E-017
    107   10   3.524541705985385E-017   9.129598648912474E-033   3.524541705985385E-017
  </DiscreteSampler_grid>
