  0.01440584973634254  0.06083588334804890  0.09005016780134029  0.11355687864902464
  0.13094494950359298  0.14153154265121745  0.14942809373729846  0.15947864263655573
  0.17059352996010951  0.18045224789055073  0.18866280801453472  0.19042550531561980
  0.19315463922072643  0.19845964272155572  0.20087102994076844  0.20251324906192303
  0.20469295841602367  0.20656676901588292  0.20826519743450050  0.20998123145552447
  0.21313289856882434  0.21827299062849534  0.22369123943562538  0.22742324501037964
  0.23117055298761480  0.23489222257256470  0.23860599644068711  0.24374617725060138
  0.25011989810235197  0.26434335817879528  0.27953089290044875  0.29096846429037937
  0.29866891154188774  0.30348691571531605  0.31159659079931068  0.32492545461108113
  0.35272349784763823  0.38883258158651907  0.41930631196534035  0.44776490369693989
  0.47040916475530442  0.49089268807652009  0.50932101423823561  0.52315284510595994
  0.53897675145462021  0.55030692281971227  0.56110925156116187  0.56934107078509799
  0.57757289000903422  0.58493969100689969  0.59220416017264121  0.60390317227662704
  0.61841109429390939  0.62708893086800754  0.63533796299112888  0.64338801988724714
  0.65238017932062542  0.66208481339456204  0.68879165812518917  0.69566755180180440
  0.70407222992862795  0.71400173509125653  0.72351751731487590  0.73125671340565834
  0.73726639248001002  0.74741053519099798  0.76188185611143977  0.77234149767880167
  0.78325672814190883  0.79523844421196110  0.80507066428122953  0.81290706248073830
  0.82212160740531259  0.83177207476465043  0.84022176744036725  0.84954123166426010
  0.85893592933052865  0.86812147207507684  0.88028918167995973  0.89355901971982077
  0.90348342014760352  0.90692127869126948  0.91312644006558730  0.92101665611877526
  0.92875948458697355  0.93448354015215285  0.93947558433514988  0.94538090736189018
  0.95043219936992440  0.95374113467711585  0.95662220202878145  0.95972264275223773
  0.96306601574255157  0.96674589715334547  0.97105305865627034  1.00000000000000000
  0.00001163891756302  0.00034116184220636  0.00102255102716657  0.00153598361469554
  0.00184648415551194  0.00211163969762941  0.00274216298711033  0.00319427239842541
  0.00335636162426152  0.00350987122216025  0.00365175668774621  0.00382459542202833
  0.00395878898016723  0.00411721035271302  0.00427785434970723  0.00446425357342658
  0.00466372148071992  0.00484363740732619  0.00503020681103759  0.00530400816317137
  0.00580742110840141  0.00616276122106935  0.00644016366762968  0.00670883929787106
  0.00704487156874653  0.00754724922022760  0.00836246455539945  0.00870585032213213
  0.00904076362478036  0.00925622495681568  0.00940758062785821  0.00952887889505923
  0.00964797207707473  0.00977101197594947  0.00997266263914714  0.01008963933949410
  0.01018410136907516  0.01034463749913251  0.01056106771210970  0.01073715169095427
  0.01093252177036235  0.01121609940075509  0.01159306576884705  0.01181634174214415
  0.01203932731253160  0.01231900509339003  0.01263421435333618  0.01275051757601293
  0.01290491738525575  0.01314569238653538  0.01336946413331655  0.01357404955468673
  0.01376207630097009  0.01393884335957768  0.01410843565674948  0.01427724367172647
  0.01445853862650964  0.01464824176008340  0.01486648541785867  0.01506468650009173
  0.01520478156360184  0.01540765960545336  0.01563774086883363  0.01583634488080790
  0.01606208897970044  0.01638347460257387  0.01655307688524155  0.01670696572223430
  0.01682349739239955  0.01689682206787977  0.01700217722398942  0.01709323896342514
  0.01724248720372428  0.01749309875315181  0.01772777016896951  0.01783926216676210
  0.01794009669565079  0.01802370314824592  0.01810039495444079  0.01817326657459346
  0.01824521553215342  0.01831745338787208  0.01839320140043498  0.01848634701039214
  0.01860534379644674  0.01873947679791690  0.01889662717273585  0.01973819684843302
  0.02109567007077508  0.02229414388469645  0.02323453244540425  0.02376176432801275
  0.02449916535965899  0.02695447962978493  0.49721381253095898  1.00000000000000000
 -0.00022862295554098  0.00516140819262105  0.00663312893173859  0.00796229824669648
  0.00879682662929331  0.00901702117556641  0.00939907788432515  0.00964268741213597
  0.01024078506031262  0.01178088809405744  0.01321121261927813  0.01443995153624250
  0.01546515208392633  0.01634246295572601  0.01707967845243340  0.01754719881029723
  0.01800507750252009  0.01844278038568397  0.01897666792627934  0.01963454482805001
  0.02022296275955693  0.02059030411265366  0.02079361282626039  0.02099692153986712
  0.02117184942634499  0.02133321268524141  0.02149457594413782  0.02162498045995665
  0.02174809523700335  0.02187121001405004  0.02212176235838460  0.02238730196984754
  0.02265346178940135  0.02292162031461389  0.02331341031662373  0.02407022571029861
  0.02450069946359230  0.02490916812660484  0.02518664062817734  0.02538869120094516
  0.02557540027612891  0.02575989710991050  0.02602468321539303  0.02621683146369518
  0.02643856941749937  0.02679710880991578  0.02706164633042260  0.02732585367970144
  0.02763745516482545  0.02787511708029559  0.02810892468667203  0.02844075549544445
  0.02893501324732824  0.02953271980972946  0.02990410242023819  0.03017735327795947
  0.03049129904419695  0.03090930219746163  0.03129753567813517  0.03165854084179793
  0.03201283290690653  0.03212547858808005  0.03219126144362769  0.03224450207707238
  0.03228298640149733  0.03232423752866141  0.03236065791516225  0.03239652869800581
  0.03256006125195771  0.03271185697816970  0.03284063828046641  0.03299885866954408
  0.03326023078378141  0.03355329003017900  0.03403065156028844  0.03484308296605232
  0.03567203899646033  0.03609359612950444  0.03645488069876236  0.03687076103142660
  0.03790309812212962  0.04015595831130892  0.04297014728860208  0.04531407547015935
  0.04758390179160897  0.04955073943165804  0.05147081251998924  0.05421517736884535
  0.05844707986789312  0.06569806362576974  0.07451502682729058  0.08333199002881141
  0.17683522894136700  0.30754705295668050  0.43825887697199395  1.00000000000000000
 -0.00116789040175546  0.01035213550608089  0.01469238697062673  0.01644443391662325
  0.01731068121565714  0.01836322385789370  0.01933945339461432  0.02020200992931947
  0.02177625576260650  0.02385525063359499  0.02544923136179866  0.02597140916583226
  0.02650493375850070  0.02766821748507731  0.02884876897051520  0.03010695948466673
  0.03110656749800647  0.03175635041920104  0.03257633290736851  0.03343451026888439
  0.03399201287930002  0.03460592191936476  0.03532364261679237  0.03609954556003436
  0.03692000449921519  0.03755659326836448  0.03901024318968817  0.04010626892480727
  0.04064797054889842  0.04111818928933729  0.04185956672190138  0.04285075391719619
  0.04354853187717275  0.04425521950374068  0.04500942594658648  0.04575360463013769
  0.04645300310078239  0.04728118927784638  0.04837093450146945  0.04900602274905100
  0.04917021303367206  0.04931556601608739  0.04952202511746005  0.04976725639650714
  0.04995876345425166  0.05013069462710496  0.05027253495654634  0.05049655328679493
  0.05094727444183668  0.05162561934411189  0.05234985933349297  0.05309043465695741
  0.05377631158208630  0.05443173362558946  0.05503866474390893  0.05567562795658490
  0.05648068587413285  0.05708154316929357  0.05761809052489786  0.05827063482057674
  0.05920252956389361  0.06064488931438285  0.06191599044966557  0.06305994206676835
  0.06649486604065385  0.07062112639033558  0.07481306905152636  0.08528419662206310
  0.09506504103133226  0.10370018786570173  0.10900180128875295  0.11586660989384290
  0.12454816979042946  0.13198455415980476  0.13489937372010669  0.13707495445121146
  0.13879619700360918  0.14011814872751047  0.14084443175952704  0.14133299041862535
  0.14182487737034327  0.14232462400770374  0.14282437064506420  0.14332678555122255
  0.14382936520447059  0.14434990318815200  0.14488243909286205  0.14538432786744176
  0.14585386916371662  0.14632340818426348  0.14679293155302581  0.14726245492178813
  0.14802022247054772  0.15036365741300814  0.83736166696147318  1.00000000000000000
 -0.00000020222071671  0.00000279327804292  0.00000701923110202  0.00000823109551665
  0.00000945824755358  0.00001096466350425  0.00001252821321698  0.00001297885904207
  0.00001344841442922  0.00001426325581088  0.00001506576468210  0.00001586512896832
  0.00001692935474394  0.00001796289570009  0.00001861434534368  0.00001924127048062
  0.00001987437567795  0.00002051971699999  0.00002148905012439  0.00002252024373761
  0.00002352432240910  0.00002449019550729  0.00002577485715721  0.00002738479720293
  0.00003171461319658  0.00004214330098272  0.00004692716206903  0.00004785122187764
  0.00004873414250940  0.00004958187973432  0.00005041917007114  0.00005118837548394
  0.00005195758089674  0.00005307879261703  0.00005448308070056  0.00005624654380561
  0.00005819126578268  0.00006035635419921  0.00006312200351715  0.00006709959191741
  0.00007263877111244  0.00007555016455414  0.00007840920951306  0.00008341512091033
  0.00009067858159719  0.00010187602483241  0.00011418917748369  0.00012736611455882
  0.00013938089618065  0.00015073321516603  0.00016077296160118  0.00017316441568093
  0.00018634651067314  0.00020461447235301  0.00021965071612175  0.00023064440843273
  0.00026616620173024  0.00031044178697686  0.00036436264141196  0.00041948226323858
  0.00046998244002459  0.00053036879604107  0.00056656620361412  0.00061306156257141
  0.00065908304863381  0.00069829010611000  0.00073955122745113  0.00083450960812278
  0.00094516131633736  0.00102452869688887  0.00119493833019490  0.00163513938566761
  0.00230456016028675  0.00314248333277854  0.00373195727040079  0.00401329849495225
  0.00417834084428242  0.00437830092474332  0.00458055538151454  0.00486064802899106
  0.00509299231303988  0.00521768484324008  0.00531735897229562  0.00562783475619802
  0.00626897606326079  0.00727145075540959  0.00835852640469996  0.01018994836320707
  0.01170013351762160  0.01526147729365711  0.02224743355667536  0.03202002463743400
  0.04480386812546941  0.06786335430259685  0.10427269228688006  1.00000000000000000
 -0.00031936728245057  0.00362430498742656  0.00804037976350421  0.01107394127756663
  0.01601239604574571  0.01994512599427537  0.02131003127943905  0.02268691413314321
  0.02409169228776169  0.02579804182480556  0.02852317021404754  0.03293285046770773
  0.04302014676376361  0.04834092896506040  0.05235526882402824  0.05985851895465191
  0.08147555062871621  0.10426392033495716  0.11629702953597074  0.12434169714089696
  0.13131668831953283  0.13838336134977586  0.15571247695188251  0.17356018143598306
  0.18735619256248115  0.19771818740585706  0.21683736631667805  0.23504012050550027
  0.24474683006774767  0.24967427348740279  0.25227987538910107  0.25342601428060879
  0.25452593915572375  0.25814776920280552  0.26280832029994600  0.26702968976678343
  0.27034077084485691  0.27284303714285796  0.27517439436619379  0.27769995099627803
  0.28007071763718111  0.28220185094649913  0.28415739408400104  0.28590358752326689
  0.28800020257141001  0.29403644534413897  0.30223159382419507  0.31284310248028557
  0.32437073955541373  0.33377357009691672  0.33745949839926942  0.34160374843709196
  0.34572370879110925  0.34988158405775066  0.35756351776287010  0.36630804475302148
  0.37707490825834189  0.38190116280360081  0.38415650229191872  0.38623051561501287
  0.38935011735742991  0.40706715045414232  0.42641828603675119  0.43313390984210665
  0.43690615919210624  0.44068404990681237  0.44418142914220643  0.44815224969542361
  0.45515723684316262  0.46325421470793982  0.47137164962861022  0.47866963392077755
  0.48974664446929322  0.50153299120429862  0.50845815433892894  0.51229281907058366
  0.51567197322235925  0.51887916432513137  0.52176758019754288  0.52473512244165510
  0.53655583396710238  0.55545054340211231  0.57082628179793860  0.58200257043892778
  0.59493318712096588  0.61107498517898218  0.62905719178201858  0.64419450511614362
  0.65887431572072785  0.67409854247004686  0.69441812107976275  0.70822594718603071
  0.73332674515888419  0.78215617094374046  0.86060638174605875  1.00000000000000000
 -0.01256954128599823  0.04772728061198531  0.06829334151780948  0.07405421845005640
  0.07697409780760367  0.08107132473460879  0.09101873251860550  0.09977570101848864
  0.10803682871039741  0.11371244313476432  0.12064802672044525  0.12587503303221276
  0.13710097020311143  0.15815868098899860  0.18690993390564933  0.21260445950206272
  0.23674921542049412  0.26105725197873375  0.27888714051315827  0.28558654784327864
  0.28887053317687283  0.29216012386039542  0.29526108952361768  0.29811400765736562
  0.30123494866875333  0.30405080714046900  0.30796817802283022  0.31222625152875394
  0.31719461469745974  0.32676704299282350  0.34501254228023231  0.36025612723358735
  0.37284369418202984  0.38384448759860823  0.39479625632495202  0.40657073621595180
  0.41985093007723129  0.43674837594030874  0.47048854431639464  0.51068213702635101
  0.53143904310805723  0.54718165005475627  0.55635735447362467  0.56219388579650309
  0.56954682966987835  0.58362134086381967  0.59958278430087852  0.60785358076308726
  0.61155186457705657  0.61443545766166674  0.61891875074632308  0.62508712449837012
  0.63132562918933022  0.63609720758020616  0.64105757802839158  0.64587139502028756
  0.65051809329613908  0.65902133010253572  0.66553643395269468  0.68055279306437744
  0.69764618362733211  0.70941672477461226  0.72138056060592237  0.72999855200681552
  0.74012063020472241  0.74850044273220406  0.75675931453860490  0.76426811304951892
  0.77104618913617018  0.78089723034750325  0.79971820132210691  0.81446855033730092
  0.82263286982304007  0.83225465917979213  0.84079056069862557  0.84774576382605193
  0.85465133541154392  0.86553942159732944  0.87898726077241063  0.88867625000945638
  0.89783522477919608  0.90935619062760442  0.91872369866692283  0.92463981894417058
  0.92954464738165199  0.93409908870537339  0.93768205841733310  0.94118903810739685
  0.94486754372047366  0.94867541659321875  0.95275611581482322  0.95787881771513128
  0.96510738055664524  0.97685807056732887  0.98889629978510385  1.00000000000000000
 -0.00364091141282438  0.01578667643323919  0.02657628970515948  0.04027217689158528
  0.05182004427733238  0.06128042456759176  0.07041217192792011  0.07975430607901175
  0.08503448316915810  0.08844607181684887  0.09273264198557002  0.09694420642153097
  0.10089882263691355  0.10292556211430141  0.10480803149776637  0.10972618558896761
  0.11602391380088629  0.12251727452322587  0.12806929817101842  0.13118327358722498
  0.13635525689729078  0.14255028919652232  0.15703721155512315  0.17303287702806530
  0.17921207387915619  0.18359555581233317  0.18646267390680860  0.18919548452707671
  0.19246253795814561  0.19650400319291877  0.20174215255310271  0.21049096430632450
  0.21935480007248392  0.22810931416460570  0.23828047999134164  0.24795022857603710
  0.25404003143460846  0.25880254579272027  0.27794632635513233  0.29908100513340352
  0.31277100455126300  0.32740507997831209  0.34836177819709535  0.36081077461211197
  0.36361195754470699  0.36391991322104883  0.36424337914022609  0.36456581182946945
  0.36610816386293615  0.37077131120432461  0.37599888409547044  0.38128878164182273
  0.38925401514995661  0.39951971969788447  0.41012018501817310  0.41808922243359548
  0.43774006351357020  0.45297642609486194  0.46536256373458312  0.47786326047957012
  0.49067063931022481  0.50594055287864192  0.52423085017379445  0.54893354463832489
  0.57113235789059447  0.59098763142466049  0.60184067153812582  0.60908616780908209
  0.61460830932911481  0.62020523201651612  0.63237911200659325  0.65343173917139152
  0.67063785543371479  0.69057712481055555  0.70824939253709851  0.72643643843928563
  0.74156368715995336  0.75190179475981300  0.75965011202587740  0.76659650159130177
  0.77407312731198552  0.78429063096354412  0.80046527770259690  0.81259489643544192
  0.82233525279377828  0.83106248282996720  0.84688582255332756  0.87448838402246498
  0.90122501084422568  0.91839917456796816  0.93010560403503884  0.94140557035561179
  0.95290716476857296  0.96823237868241196  0.98445197842629650  1.00000000000000000
 -0.01886650043006242  0.07753255162295294  0.09607725615128600  0.10581433590956735
  0.11544372572553165  0.13127010653073956  0.15912501106367855  0.19401265822233346
  0.21255745966647710  0.22377981565526395  0.23800479543606784  0.26215181464341009
  0.28275086176722791  0.30507313432726063  0.32002132612380507  0.32669595963485820
  0.33197489553826215  0.33638939676448415  0.34137261486446441  0.34865924981519081
  0.35975165268090975  0.36739378672403644  0.37001642335792578  0.37218562438903680
  0.37446734003145976  0.37719485076381171  0.38226467286220506  0.38761213444528336
  0.39238857043499908  0.39702447404688579  0.40124251121191273  0.40594608990329911
  0.41132377234850270  0.41854757122599179  0.42499902992102911  0.43098025048555483
  0.43640591250704441  0.43797308679885566  0.43909210101413854  0.44105611351891078
  0.44532444456567422  0.45186393498916894  0.45574026486881897  0.45809012415539185
  0.46616771963651388  0.47464384988588021  0.48190638119233137  0.48825511914201736
  0.49461808123954387  0.50154484543490230  0.51236750939637132  0.51817749474701902
  0.52345681216801254  0.52925519913468144  0.53512598005564982  0.54825430353702020
  0.56138262701839070  0.58918561565489158  0.61766906770620511  0.64227014821960815
  0.65664723779435163  0.66307988041695143  0.66931162683051737  0.67832866958390581
  0.68609967170730890  0.69344972850877973  0.70631460571825688  0.71949129045505167
  0.72966600088606492  0.73718356557802900  0.74100662157887653  0.74574749021732067
  0.74949369294034529  0.75527981063068383  0.76001712929249310  0.76815677418442485
  0.78240940853484919  0.80261896044959535  0.82507007616349515  0.84503525420098757
  0.86580175424272199  0.88202725620652389  0.88718913551404588  0.89289525827513794
  0.90036037094771104  0.90743816449994608  0.91279164513326017  0.91810527536515008
  0.92350967773719328  0.92898949089583160  0.93116335907776471  0.93445713073693060
  0.94041601749856296  0.95243591411642248  0.97621795705821135  1.00000000000000000
 -0.01115264307901784  0.04675007572143953  0.05164500037207154  0.05658498685538131
  0.06275113322986503  0.07002129652238752  0.07944732072748727  0.08617485932891598
  0.09026886602256581  0.09583109874741920  0.10001820247059766  0.10242638018360185
  0.11621674496954915  0.15530203753319952  0.18574762989040197  0.21047931350806301
  0.23386198170377154  0.25573465710175181  0.27755223872715862  0.30156709370468393
  0.32277090872252295  0.33111179374594613  0.33402967914214310  0.33760046753647832
  0.34138211277461528  0.34511662615253141  0.34903731533042909  0.35152038197306601
  0.35455331856678796  0.35770134093314121  0.36092523494081447  0.36481803352721903
  0.36806365335467617  0.37181858320211103  0.37527329274547711  0.37819228774234115
  0.38147562485773828  0.38483342994166814  0.38819223028555672  0.39194289165403895
  0.39797944137814484  0.40409997555380855  0.41206044070104997  0.42356680317488593
  0.43485223979759235  0.44625068483969366  0.46632054792140615  0.50130261016069433
  0.52568336004261240  0.53636350411482558  0.54136600697097992  0.54492027922455732
  0.54736679223498219  0.54987539132197882  0.55312062779315718  0.57804025252388325
  0.61915157321425829  0.64069377034702135  0.65144796985560938  0.66339139439926786
  0.67624383304880831  0.69034450342203690  0.70293616702797257  0.71495340977840427
  0.72310946887303595  0.73111896759470496  0.73918874676066004  0.74599742121893309
  0.75333011139345885  0.76197303593136079  0.77194947757008658  0.78680308784577280
  0.80754686231463269  0.82173448047393893  0.82438741974859209  0.82557053866334618
  0.82667869675189964  0.82776872859687101  0.82885954489861935  0.83054623106757663
  0.83686838159684995  0.84979870970277394  0.86630266873328821  0.88622058569436302
  0.91131537002929519  0.92561686089054018  0.93973982073062079  0.95284823869905599
  0.96546261206462247  0.97602958557864428  0.98226519220398945  0.98721374575286747
  0.99076539357582072  0.99381394682035140  0.99690254792120137  1.00000000000000000
 -0.00360952935760506  0.02026240098097036  0.03976036516545002  0.05079506360632530
  0.05644767896920437  0.06005308041765094  0.06417308902356161  0.06877550537368497
  0.07259032041004750  0.07456154713279493  0.07651946466034683  0.07847411621913415
  0.08042516403162497  0.08270019841037640  0.08680914378712863  0.09041596875452236
  0.09527598239494432  0.10147992730427505  0.11076815795540357  0.11865725027143605
  0.12701641057402699  0.13725833827058934  0.15071080732346245  0.16818042307624148
  0.19275652860236042  0.21867316263617442  0.23202561147624967  0.23420216614952813
  0.23543064518942208  0.23937881169674102  0.24913451959408567  0.26005022798939648
  0.26710265724693133  0.27384603174353200  0.28131308625972318  0.29052147447311127
  0.30159360143717828  0.31929619413396332  0.33448388816368357  0.34802387563279080
  0.36215488658028167  0.37832097554879551  0.39432249569348854  0.40884128665217428
  0.42336007761086009  0.43874249815232985  0.45266492462204017  0.46322731213536111
  0.47295221707757557  0.48377566300031249  0.50939741828204577  0.53360598529046654
  0.54711274442801039  0.56036098288240210  0.57377847202525700  0.58259881274421832
  0.59211433331432184  0.60351007276261404  0.62144413473516946  0.66102496058179938
  0.69127083772819431  0.71529411394188913  0.73713846776459557  0.75883766314679946
  0.77812876296120104  0.78809833443743271  0.79602112706663930  0.80249258977881233
  0.80790525791245393  0.81301661491274535  0.81943334584330974  0.83352001207842141
  0.84170008916832917  0.84623869028134746  0.85106258922074274  0.85326048441661528
  0.85487825723647215  0.85784777115683397  0.86091678340371736  0.86414387892205125
  0.86950703981893429  0.87902606923192783  0.88762040243009688  0.89506630063073223
  0.89810620860796242  0.90151498119607854  0.90483476113236372  0.90951783505030082
  0.91439620514244491  0.92700719671864829  0.94290484612087799  0.95463247543016239
  0.96334520906215759  0.97347714041829203  0.98675272410749915  1.00000000000000000
 -0.00208668848144042  0.01097768044160680  0.02950302906679068  0.06463039982118883
  0.10124159274599065  0.11165425064830918  0.11715994972416366  0.12430698765697938
  0.13367134380611861  0.13955839226503841  0.14193629096616928  0.14372085440064827
  0.14574492225498123  0.14761735801439771  0.15026456134989680  0.15706957048612760
  0.16647927374512955  0.17521035847157798  0.18661053996549012  0.19530185665378241
  0.20651176310487915  0.21262458276977927  0.22206460412097934  0.22845987478260402
  0.23587158237014233  0.24414789819185109  0.25234219708367189  0.26040649064459681
  0.26777716069436291  0.27352389678414435  0.28705273277500870  0.30696898023281383
  0.32404717071227257  0.34142083565613379  0.34878165028915603  0.35455495383957669
  0.35931612914895872  0.36357639380759715  0.36781687237383237  0.37196121668895565
  0.37563594090765667  0.38469228173256342  0.39864790930886046  0.41397211781110488
  0.42706172583982666  0.43633132736892016  0.44521555491512910  0.45344344586447877
  0.46072582898351844  0.46642598106294114  0.47433800830903622  0.48558331891835627
  0.49402561830363223  0.50197156139377908  0.50905570267286337  0.51282189026385927
  0.51613155473564021  0.51950047003396616  0.52393101274316967  0.53847793434646696
  0.57451199855996782  0.61217594938382403  0.63642090903040127  0.65317031302054429
  0.67616553123021117  0.70764071987920829  0.73555853867662002  0.75249394615108223
  0.76020085279784155  0.76500473099247124  0.76804821008252644  0.77124283311581321
  0.77472748528728286  0.77873272998040000  0.78399147853276829  0.78965338140986885
  0.79252548026983838  0.79647397213506343  0.80120335638376095  0.80551161214524669
  0.81162434772212988  0.82508687666692149  0.84083407534192123  0.85479638597954088
  0.86794958510483100  0.88185585566094260  0.89015589840562592  0.89926529070500705
  0.90753073807195916  0.91791667071667260  0.92652101984596946  0.93513774132599736
  0.94405431378934279  0.95334186700835055  0.96463971786547853  1.00000000000000000
 -0.00217827059780821  0.01144518178484902  0.01820546496783507  0.02275150335273102
  0.02639500900208834  0.02997114253640997  0.03385558905121351  0.04682066690412132
  0.07347762504937753  0.08574796213590295  0.08946959066394082  0.09083573596691244
  0.09198425549801847  0.09307318472411462  0.09413614230194467  0.09516465372086232
  0.09839803397009102  0.10759659638416452  0.12123848519467076  0.12908880709474677
  0.13386804627524490  0.13927241832983722  0.14408237746418442  0.14907672339419950
  0.16571192273707624  0.18045351561276970  0.19665663959561105  0.23109065407411269
  0.24678899873271778  0.25192815566049842  0.25688754133436248  0.25980147295953709
  0.26290751105291799  0.26657182169231541  0.27019330737127256  0.27377855294643877
  0.28092844794250421  0.28646931811515697  0.29208177494934989  0.29778829859256117
  0.30635003722377036  0.32759608983802418  0.35472824703700628  0.37128471953427244
  0.38401467214542828  0.39457018791016324  0.40581224562327173  0.41778777553414165
  0.43475258162483760  0.44899289748270421  0.46189988955477213  0.47903664209352137
  0.49686846604325030  0.51308717166618378  0.52296203579073197  0.53152242117159365
  0.54243609244044177  0.55239417486206821  0.56190710479441675  0.57256038645546969
  0.58302628123224898  0.59422099230025704  0.60810238247112158  0.62500629029133903
  0.64090014127080153  0.65154736763328502  0.66566406351253782  0.68510351719077289
  0.70272549918217098  0.72039492207437439  0.73303476546096935  0.74102448283075206
  0.74784982784785614  0.75377611143806134  0.75903734464073225  0.76953864885456091
  0.79907470796766700  0.85700906205749727  0.89893337098973136  0.91444412946703091
  0.91676568835426242  0.91978426796853852  0.92249216477686946  0.92391136982030486
  0.92548919332934998  0.92692147616597687  0.92801135177398708  0.93004042085696226
  0.93199298216180237  0.93364400107034551  0.93691855440120830  0.94207458352765616
  0.95182129434697849  0.96838055257085709  0.98446070799877894  1.00000000000000000
 -0.00108872420158323  0.00532606510915908  0.01355090583889984  0.02361675482724174
  0.02818660916313091  0.03200301880535871  0.03861461645103424  0.04567729035032026
  0.05297760939848817  0.06654491946680952  0.08448561310325930  0.10098626078972989
  0.11718207940012319  0.12568267074544720  0.13227884034451795  0.13756487733172104
  0.14456221182016155  0.15592645821947027  0.16869983940428990  0.17982007348362480
  0.18722265440983221  0.19358487381059061  0.19781008990167342  0.20163540195001137
  0.20840711576503432  0.21705464612905551  0.22199308604977971  0.22701171440272164
  0.23187974962820038  0.23746454647752871  0.24223775313541002  0.24992129219245193
  0.27299163139276861  0.28057390010634586  0.28892815297065211  0.29308741704750196
  0.29742492367914869  0.30176150497729720  0.30597282158774214  0.31274573531957828
  0.31875302315706255  0.32271276779545621  0.32672264977627408  0.33065423934708110
  0.33476167939538970  0.34356000540047060  0.35004095457170031  0.35560666250999190
  0.36005891842255017  0.36280251916107203  0.36487298711256616  0.36820664356597260
  0.37384604153557965  0.38077505000522893  0.38864535374321119  0.39807701110106680
  0.40467805704349447  0.40691425522189162  0.40984762774682787  0.41466604085244435
  0.42170657030575170  0.43141202352585162  0.44996920353065234  0.47315851900702555
  0.51484895628576766  0.55524333376380386  0.57627516211106145  0.58869516343776207
  0.60134228503698972  0.62062728704995862  0.64105193891392775  0.65860970478948333
  0.67113539100243103  0.68142315509290752  0.68857400346706654  0.69497759474334497
  0.70277122345289078  0.71250103123240049  0.71790336519621412  0.72371766833698148
  0.73525273242616007  0.75261157417693803  0.77801542391180156  0.79698061553606403
  0.80880147635937150  0.81719926926708331  0.82605610988003764  0.83337943140174464
  0.83949108363624936  0.84970077330137805  0.87435885710740280  0.91497706184361272
  0.93554238682950297  0.95648147256700644  0.97794759520493302  1.00000000000000000
 -0.01186779514196301  0.03501407422075593  0.06672245258899913  0.09117144124651856
  0.10789530748972298  0.11818064690067416  0.12392837266802831  0.13011550110384407
  0.13563057366540793  0.14225545560587571  0.14983407982976607  0.15484285330823649
  0.16039207461138325  0.17271594791111480  0.19335767403715337  0.21900605794373401
  0.25446637840778330  0.29114674757406328  0.31664136662860992  0.32572342628591999
  0.33036219334159561  0.33389751203347845  0.33861599934695735  0.34290539469843867
  0.34644367796846764  0.35176746328621600  0.35868175105204925  0.36723638242885637
  0.37349353820750120  0.38040981968030363  0.38904606431034572  0.39914230101615494
  0.41298751058857441  0.42577069404246015  0.43652073033868299  0.44790315422480076
  0.45485986845624482  0.45951674541270510  0.46535201014861854  0.47193267130122257
  0.48157179332290190  0.48714418884450211  0.49266411947596567  0.49806503684705444
  0.50391925954920602  0.51067170276473406  0.52058628794395723  0.53900937287584927
  0.55910283867504662  0.56929182946777490  0.57627428646627088  0.58288768207753539
  0.58997403935345261  0.60258265658339993  0.61754873295536272  0.63287737425704371
  0.64874997580813121  0.66699759629025390  0.68571122462726264  0.70433754786444969
  0.73143722983382420  0.76481767225892605  0.80075731310786158  0.82238039912730809
  0.83341671377862769  0.83927088353006829  0.84649304252417756  0.85107511272704106
  0.85557163563832017  0.86009001036568067  0.86474727731686729  0.86949472022459895
  0.87124605465174387  0.87268327130125423  0.87450051453745259  0.87580736515228286
  0.87686500212265417  0.87894088361901868  0.88113992083775605  0.88193052983081499
  0.88314892185838856  0.88440287925549821  0.88574329403050001  0.88713177333264526
  0.88892002854040553  0.89664267090777305  0.91033249178973086  0.92140697208605005
  0.93180753139175143  0.94123649812610066  0.94936188139178890  0.95556706519502776
  0.96283101568173424  0.97174383828275812  0.97989099156987158  1.00000000000000000
 -0.00801999330423652  0.03581872241854162  0.05117707179690043  0.06515698377906090
  0.07542389303193983  0.08438487573797199  0.09179081041752392  0.10363344936227782
  0.12293061784925952  0.14130308542444994  0.15928549005694381  0.17821786799617512
  0.19779498412134233  0.20944915497361696  0.22042351838251134  0.23229914101780808
  0.24662625980150080  0.25526150055193036  0.26195926131955394  0.27126670316124551
  0.28733230805557353  0.30693593328360402  0.32901659147228224  0.34870848931688686
  0.35813493407358676  0.36102610700042248  0.36386596470635063  0.36728895188349991
  0.37022791782462749  0.37762605971690177  0.38760824593664467  0.40128421049687080
  0.41625800729113438  0.42983422279473593  0.44497247104117188  0.46596985115420508
  0.48609144509029184  0.50494545727572149  0.51933952466844568  0.52864291954672826
  0.53439737391901010  0.54065149858179984  0.54715406807471667  0.55424519935361405
  0.56724462350569116  0.57757282144726796  0.58423757619093875  0.59024518821475169
  0.59443347816909942  0.59747484612547330  0.60052457506763379  0.60322256769631566
  0.60596674174499032  0.60956388911273485  0.61641458381380876  0.62023064047392018
  0.62263144923487568  0.62535823272620428  0.63387491815836383  0.64641533498837989
  0.65444632255896529  0.66241002274937477  0.67997821626435184  0.70236476837843531
  0.71360746166915723  0.72066354376076058  0.72910212878311609  0.73296613883956452
  0.73744175795323152  0.74397326160868793  0.75289347060770662  0.76517407613097488
  0.77923540402947022  0.79733089988901007  0.81830394216014224  0.83271116379537302
  0.84242352814474408  0.84734853705860103  0.85075911249930702  0.85504955602691779
  0.86141548534144829  0.86477611638183238  0.86934710468701648  0.87679027357089956
  0.88483999125978963  0.89839256561900116  0.90676995374357938  0.91230306592198818
  0.92067984478872833  0.92931092104386692  0.93379792902175918  0.93830228435518914
  0.94287156710973796  0.94753521387456419  0.95413515882865607  1.00000000000000000
 -0.00939429460292888  0.03890009747695350  0.06943340158369238  0.08531243029709450
  0.09494876042028687  0.10325324198890443  0.11179676404980389  0.11744294071460040
  0.12301230847435418  0.12919623681272355  0.13565578574522660  0.14153894136875295
  0.14537282427785367  0.14834955681218745  0.15152244723789790  0.15549168917672312
  0.15976590938439114  0.16613338340480860  0.17089152146560599  0.17486395144798916
  0.18015197492330878  0.18394608230458498  0.18547720994552080  0.18784844941690693
  0.18971088451492660  0.19190591980629845  0.19494508770799987  0.20180533099455253
  0.21934855479814816  0.23435354067709543  0.25328385038871742  0.27894562872642992
  0.30405094606935501  0.32106063627328907  0.33807032647722318  0.35534904360809361
  0.37300111662564989  0.38877674835031595  0.40225550254331727  0.41393243157481402
  0.42424981135205375  0.43593284833819862  0.44605178026947012  0.45211971763801889
  0.45615923982522527  0.46128888210784941  0.46855763151241731  0.47492059934753039
  0.47957304279170532  0.48557736772146542  0.49949209591356158  0.51839045127353700
  0.53015865802696893  0.54132486846931838  0.54575047918971742  0.54932707236228551
  0.55263842725830847  0.55564970318031437  0.55849921723151230  0.56144779975869352
  0.56471293138300804  0.56904777490401659  0.57681267680552772  0.58912699907863597
  0.59583709082714353  0.60480326753934399  0.63961343876161880  0.66325805299702090
  0.67889434153740591  0.68653839419851614  0.69141967231145041  0.69635122463283494
  0.70167813193746809  0.70733579474458330  0.71337206921276941  0.72032365326404368
  0.72720789491173243  0.74048636704185389  0.75280696881202891  0.76301881690502216
  0.77383076043583987  0.78179403503479206  0.78915132041053926  0.80061805615024884
  0.81208479188995830  0.82154139477875721  0.83039629475913779  0.84030487163684897
  0.85113876545279898  0.87145182044922309  0.89397201806418103  0.91612063362496887
  0.93582326279381700  0.95410545162623828  0.97472608597884391  1.00000000000000000
  0.02906069044577186  0.98088535715235647  0.98931331767926101  0.99031768253732844
  0.99063438238940782  0.99086340236032888  0.99117530407743526  0.99191787389760222
  0.99264359573099881  0.99293465589875307  0.99312726353581671  0.99333023818101207
  0.99348147076759930  0.99362523558764793  0.99374416882267302  0.99388755422839381
  0.99407855059775097  0.99427387881263840  0.99444806239228578  0.99456741795874015
  0.99469654475132863  0.99487307199665453  0.99514086423950099  0.99534912381385032
  0.99544911079339515  0.99557577575116707  0.99572910753748678  0.99586884077078586
  0.99597243534273905  0.99609495499078360  0.99624137616580322  0.99637490034511655
  0.99651405688367323  0.99666192307097079  0.99681895320210978  0.99695657990785569
  0.99707779543317854  0.99716196857376382  0.99723157471342738  0.99733180031607938
  0.99743415704724314  0.99753956631401397  0.99765790041345126  0.99776434497476485
  0.99784091900451521  0.99787932809749991  0.99792496293854971  0.99798227541359275
  0.99804425860722534  0.99810447475043518  0.99815948670451771  0.99820597276955292
  0.99825054771252608  0.99829638039751400  0.99833219062622580  0.99835478355446394
  0.99837867046256923  0.99840111865613856  0.99842639389134169  0.99845174236004497
  0.99847686643542677  0.99850352004350884  0.99853242359298167  0.99856569535423334
  0.99858557059731379  0.99860574583715589  0.99862631032773119  0.99864411515037532
  0.99866087112249891  0.99868580976507937  0.99869798970709678  0.99871019940216221
  0.99872252151233476  0.99873458555264705  0.99874610481386572  0.99875939091885113
  0.99877676008743899  0.99880251274758647  0.99882965070487417  0.99885859777589459
  0.99889123492060194  0.99892390009680099  0.99897127611377834  0.99899978937084666
  0.99902914322835834  0.99905415668700726  0.99907343551404770  0.99909379835894452
  0.99911622274321477  0.99913860762616291  0.99916095908501323  0.99919439238005403
  0.99928632593414102  0.99942570201807579  0.99962078825361655  1.00000000000000000
 -0.01703085508911551  0.11642191229929889  0.16122262800676732  0.23704748265417225
  0.29629883107651339  0.33034383193094113  0.35095433933919751  0.36161843793994786
  0.37272465695852514  0.38507324481336391  0.39726570563571628  0.40644105952387594
  0.41581370907559251  0.42199487701659405  0.42682465362790756  0.42864915987800123
  0.42933158087970225  0.43011942717313995  0.43154452096134088  0.43357718168081194
  0.43793792801634729  0.44702703485093109  0.45502158266410503  0.46057649403213158
  0.46626431389980116  0.47341315060468858  0.47968844467857380  0.48519240816944909
  0.49055876663057285  0.49619980693078741  0.50135486895840620  0.50705091394565549
  0.51166560791387272  0.52204664842599047  0.53070236975648821  0.53748598791674962
  0.54408061776860928  0.54879623039779935  0.55227288237091421  0.55603970419934112
  0.55898430484732919  0.56118253824577957  0.56333571529043092  0.56538809906327236
  0.56743545087817071  0.57046923438800490  0.57609933365157229  0.58208606995112999
  0.58748139100760477  0.58977293030163380  0.59193197529922759  0.59413764032998539
  0.59735603199069887  0.60168363346297749  0.60605654647295382  0.60990191169676489
  0.61108735039865680  0.61226799828888701  0.61344683600916816  0.61462359136513200
  0.61616637142369801  0.62072397335513363  0.62708337533473857  0.63102526143876847
  0.63559834402996129  0.64042515198253358  0.64544889535175687  0.65601408443376175
  0.66905263961058414  0.68085723603816228  0.69231501060285494  0.69866354446036982
  0.70501207831788471  0.70778259055141313  0.70956299790572364  0.71188797215812960
  0.71458808793666617  0.71684174774463283  0.71897410471562528  0.72093480126494913
  0.72334069811000001  0.72816149637150296  0.73588196791987015  0.74277349418804950
  0.75122616498207251  0.76976702754569482  0.78393408692077349  0.79698073198021069
  0.81422694547785646  0.83023926137262938  0.83929291678375084  0.84925411299720488
  0.86032364768084701  0.87157006128623093  0.90302667146598881  1.00000000000000000
   1.0963278028006053E-013  -1.0000000000000000     
 T F F F F F F F F F F F F F F F F F F F T F F F T F F F F F F F F F F F T F F F T F F F F F F F F F F F F F F F F F F F T F F F F F F F F F F F F F F F F F F F F F F F F F F F F F F F F F F F F F F F F F F F F F F F F F F F F F F F F F F F F F F F F F F F F F F F F F F F F F F F F F F F F F F F F F F F F F F F F F F F F F F F F F F F F F F F F F F F F F F F F F F F F F F F F F F F T F F F F F F F F F F F F F F F F F F F T F F F T F F F F F F F F F F F T F F F T F F F F F F F F F F F F F F F F F F F T F F F T F F F F F F F F F F F F F F F F F F F T F F F T F F F F F F F F F F F T F F F T F F F F F F F F F F F F F F F F F F F T F F F F F F F F F F F F F F F F F F F F F F F F F F F F F F F F F F F F F F F F F F F F F F F F F F F F F F F F F F F F F F F F F F F F F F F F F F F F F F F F F F F F F F F F F F F F F F F F F F F F F F F F F F F F F F F F F F F F F F F F F F F F F F F F F F F T F F F F F F F F F F F F F F F F F F F T F F F T F F F F F F F F F F F T F F F T F F F F F F F F F F F F F F F F F F F T F F F
  <DiscreteSampler_grid>
  grouped_processes
  1 # 1 for a reference and 2 for a running grid.
  10 # Attribute 'min_bin_probing_points' of the grid.
  1 # Attribute 'grid_mode' of the grid. 1=='default',2=='initialization'
  0.0000000000000000 # Attribute 'small_contrib_threshold' of the grid.
  0.5000000000000000 # Attribute 'damping_power' of the grid.
 # binID   n_entries weight   weight_sqr   abs_weight
    16   10   6.383372126059254E-019   1.162635054967334E-036   6.383372126059254E-019
    17   10   6.383372126059250E-019   1.162635054967336E-036   6.383372126059250E-019
    19   10   2.155380788664949E-018   1.517651290932704E-035   2.155380788664949E-018
    20   10   2.155380788664950E-018   1.517651290932707E-035   2.155380788664950E-018
    22   10   2.625566973433085E-018   1.730333873627391E-035   2.625566973433085E-018
    23   10   2.625566973433106E-018   1.730333873627405E-035   2.625566973433106E-018
    28   10   9.728393550676899E-019   3.501804238291265E-036   9.728393550676899E-019
    29   10   9.728393550676899E-019   3.501804238291249E-036   9.728393550676899E-019
    31   10   7.246688066631196E-019   9.117883781067012E-037   7.246688066631196E-019
    32   10   7.246688066631017E-019   9.117883781066689E-037   7.246688066631017E-019
    34   10   1.196789578733540E-018   3.387341370971229E-036   1.196789578733540E-018
    35   10   1.196789578733440E-018   3.387341370970345E-036   1.196789578733440E-018
    40   10   6.383372126059257E-019   1.162635054967334E-036   6.383372126059257E-019
    41   10   6.383372126059254E-019   1.162635054967338E-036   6.383372126059254E-019
    43   10   2.155380788664950E-018   1.517651290932705E-035   2.155380788664950E-018
    44   10   2.155380788664951E-018   1.517651290932708E-035   2.155380788664951E-018
    46   10   2.625566973433086E-018   1.730333873627392E-035   2.625566973433086E-018
    47   10   2.625566973433107E-018   1.730333873627406E-035   2.625566973433107E-018
    52   10   9.728393550676905E-019   3.501804238291267E-036   9.728393550676905E-019
    53   10   9.728393550676901E-019   3.501804238291251E-036   9.728393550676901E-019
    55   10   7.246688066631194E-019   9.117883781067000E-037   7.246688066631194E-019
    56   10   7.246688066631016E-019   9.117883781066684E-037   7.246688066631016E-019
    58   10   1.196789578733540E-018   3.387341370971230E-036   1.196789578733540E-018
    59   10   1.196789578733440E-018   3.387341370970342E-036   1.196789578733440E-018
    64   10   6.383372126059250E-019   1.162635054967331E-036   6.383372126059250E-019
    65   10   6.383372126059238E-019   1.162635054967331E-036   6.383372126059238E-019
    67   10   2.155380788664949E-018   1.517651290932705E-035   2.155380788664949E-018
    68   10   2.155380788664951E-018   1.517651290932708E-035   2.155380788664951E-018
    70   10   2.625566973433085E-018   1.730333873627391E-035   2.625566973433085E-018
    71   10   2.625566973433106E-018   1.730333873627404E-035   2.625566973433106E-018
    76   10   9.728393550676905E-019   3.501804238291265E-036   9.728393550676905E-019
    77   10   9.728393550676907E-019   3.501804238291257E-036   9.728393550676907E-019
    79   10   7.246688066631205E-019   9.117883781067037E-037   7.246688066631205E-019
    80   10   7.246688066631017E-019   9.117883781066693E-037   7.246688066631017E-019
    82   10   1.196789578733541E-018   3.387341370971242E-036   1.196789578733541E-018
    83   10   1.196789578733441E-018   3.387341370970348E-036   1.196789578733441E-018
    88   10   6.383372126059248E-019   1.162635054967330E-036   6.383372126059248E-019
    89   10   6.383372126059240E-019   1.162635054967333E-036   6.383372126059240E-019
    91   10   2.155380788664949E-018   1.517651290932705E-035   2.155380788664949E-018
    92   10   2.155380788664951E-018   1.517651290932708E-035   2.155380788664951E-018
    94   10   2.625566973433086E-018   1.730333873627392E-035   2.625566973433086E-018
    95   10   2.625566973433106E-018   1.730333873627405E-035   2.625566973433106E-018
    100   10   9.728393550676907E-019   3.501804238291268E-036   9.728393550676907E-019
    101   10   9.728393550676905E-019   3.501804238291256E-036   9.728393550676905E-019
    103   10   7.246688066631202E-019   9.117883781067022E-037   7.246688066631202E-019
    104   10   7.246688066631013E-019   9.117883781066674E-037   7.246688066631013E-019
    106   10   1.196789578733541E-018   3.387341370971242E-036   1.196789578733541E-018
    107   10   1.196789578733440E-018   3.387341370970340E-036   1.196789578733440E-018
  </DiscreteSampler_grid>
