 -0.00000003963579382  0.00000023536915735  0.00000098961085509  0.00000241107175375
  0.00000426522575775  0.00000525777925839  0.00000598116589253  0.00000636604661244
  0.00000698608314084  0.00000811017458214  0.00000892153384220  0.00000980133116140
  0.00001102504892370  0.00001239410962537  0.00001361491802298  0.00001435644892223
  0.00001495637391852  0.00001549419696407  0.00001624872641573  0.00001710665418990
  0.00001778823442556  0.00001834145571274  0.00001888050343382  0.00001943658488731
  0.00001999104201729  0.00002052819272866  0.00002103848557429  0.00002159830209315
  0.00002231976839685  0.00002309485601564  0.00002383916939696  0.00002452736996098
  0.00002514158912356  0.00002550557954851  0.00002576614082051  0.00002603246948815
  0.00002628024018001  0.00002652433093909  0.00002673408741673  0.00002693019486858
  0.00002713174047814  0.00002738163772913  0.00002767808836180  0.00002788202192573
  0.00002865319568256  0.00003157541571314  0.00004071113735011  0.00004329350380081
  0.00004587587025152  0.00004756751955139  0.00004870894293245  0.00004985036631350
  0.00005080114643760  0.00005149059567193  0.00005218004490626  0.00005288374624483
  0.00005377327706067  0.00005465847202685  0.00005553722157296  0.00005646692554662
  0.00005754644042617  0.00005858008354133  0.00005947173121667  0.00006020930869507
  0.00006124172565556  0.00006227211293753  0.00006324795553720  0.00006415750955684
  0.00006506821295450  0.00006611422607455  0.00006760073473997  0.00006911186442078
  0.00007179513638572  0.00007505724155060  0.00007818770239842  0.00008135054375425
  0.00008463752897640  0.00008780863408999  0.00009075263389684  0.00009364979781292
  0.00009631549916237  0.00010091349168348  0.00010876891791189  0.00011718674000834
  0.00012678183573652  0.00013777946317133  0.00014938785723389  0.00016056924712167
  0.00017523385233490  0.00021247312977423  0.00032170123635659  0.00045684586723639
  0.00072358274294890  0.00137472548272971  0.02765854415529389  1.00000000000000000
  0.03031905943647108  0.03037554403378955  0.03044708829703150  0.03053677763889805
  0.03063359180778159  0.03070089691208165  0.03075750226471488  0.03081303722590179
  0.03085990643927461  0.03093286336466803  0.03100561118299519  0.03107083934359003
  0.03112062312059500  0.03116869786768913  0.03122045132299658  0.03127998865065383
  0.03132970081411984  0.03138497959417613  0.03146371050485064  0.03155164778332068
  0.03165639270063913  0.03177153026201391  0.03188720920800747  0.03202327713893523
  0.03217332607753361  0.03231516294541643  0.03245358240727682  0.03255665399539286
  0.03266316356646280  0.03277114150468310  0.03288593797528783  0.03306050067237713
  0.03326697122952511  0.03353163516572596  0.03375240135365663  0.03394111691751347
  0.03406094598873859  0.03418798316735618  0.03434680178977665  0.03450766628809295
  0.03465813333543796  0.03479692770296776  0.03492357235475470  0.03506310657290710
  0.03523509761234998  0.03542774137807015  0.03563650334433094  0.03587858870056547
  0.03622806881441623  0.03652045616383961  0.03680708973792237  0.03699949859616306
  0.03719870824728309  0.03742953582273295  0.03774234128413039  0.03825602168039970
  0.03863828961944615  0.03881782968861857  0.03895738376072754  0.03909647100420027
  0.03923507624336336  0.03938281347908308  0.03957299157828206  0.03976316967748104
  0.04031932756551835  0.04072175584742917  0.04106810852530509  0.04141436567118658
  0.04171637713857173  0.04204304238243338  0.04220042681867860  0.04243766144892747
  0.04276964992395129  0.04304560363927971  0.04320346087333696  0.04331869611881760
  0.04352562460680426  0.04431983233246768  0.04494319975628960  0.04546688018722329
  0.04589125619307959  0.04623153012527319  0.04666049320241385  0.04749050451182107
  0.04839266264810316  0.04948956856188449  0.05055521819029385  0.05138097502907028
  0.05244166939340566  0.05403272015221641  0.05511032959101297  0.05601116985801434
  0.05800201790879303  0.06052554971035205  0.06262913760243044  1.00000000000000000
  0.93502986670822852  0.94040419666466168  0.94264814526782492  0.94398849598896872
  0.94494488178993485  0.94580534089095847  0.94658986300394821  0.94699855655213605
  0.94735104449885388  0.94763638149084350  0.94793340249153579  0.94815653312808990
  0.94833104792368339  0.94865695945057327  0.94941854509013723  0.95039892376799329
  0.95111998213625193  0.95150349125946443  0.95191101899814423  0.95220460716917443
  0.95250232882337438  0.95287583850359991  0.95340539622098230  0.95417562618379415
  0.95481731296887218  0.95540140905706039  0.95603304230299879  0.95643834524165572
  0.95668935718991477  0.95690719320154871  0.95714933586376538  0.95741002141753817
  0.95766537482045111  0.95787783923794489  0.95808334248464500  0.95849582235199415
  0.95890640843521724  0.95918907864894620  0.95945070235820007  0.95970686886639722
  0.95998099291611505  0.96024977290205471  0.96052442297004159  0.96072688099072645
  0.96089268200161948  0.96109921252646613  0.96130180609448490  0.96150335564000688
  0.96169976085995401  0.96181017232964749  0.96193987210269727  0.96212425161812265
  0.96229916061526677  0.96247871150507747  0.96271119337796096  0.96295781289723492
  0.96310414829786573  0.96321436793732229  0.96330499468293596  0.96338903064489156
  0.96350333478480987  0.96364108230207912  0.96381277538748633  0.96398638553508387
  0.96414841623297731  0.96433425236512105  0.96453939793591636  0.96475664148360385
  0.96496610053998111  0.96512092221236945  0.96519416154971605  0.96526969287804076
  0.96536298624875672  0.96545699396075102  0.96555589128327046  0.96566633132005786
  0.96583564429740631  0.96599711852627046  0.96613341987126988  0.96625239555919995
  0.96645108022682402  0.96675965662475893  0.96698890199886256  0.96717764259632011
  0.96733913198372046  0.96749718855868871  0.96766564833458524  0.96788113120735708
  0.96809093817110414  0.96822802524180973  0.96833020675909798  0.96844334566939505
  0.96854823663322842  0.96863451475636253  0.96874954404465918  1.00000000000000000
  0.02502711993781347  0.02748087993406612  0.02846066338906136  0.02895853043539947
  0.02931215903572439  0.02964795468373375  0.02998095855228211  0.03030973383422903
  0.03064448528743085  0.03106973766806599  0.03169067175725374  0.03230520824217960
  0.03274331293395851  0.03298170126521943  0.03316944565416718  0.03328849254840076
  0.03337400760188948  0.03348268699997518  0.03361915528218862  0.03375579980614382
  0.03389294845767692  0.03403009710921000  0.03422949385100942  0.03442621274644966
  0.03466966468944615  0.03496044619863396  0.03518911348726021  0.03538295851497766
  0.03554454970309535  0.03575783712372899  0.03600498828969399  0.03627387491018579
  0.03645493804715706  0.03660118333319960  0.03689742189365698  0.03730254519030337
  0.03762260797218509  0.03787537129886116  0.03808467925379275  0.03828229990509346
  0.03845763376040676  0.03865621756050548  0.03883598395996634  0.03908957840294182
  0.03932945488978912  0.03957741699402406  0.03983952006212715  0.04014671076413276
  0.04048850935686583  0.04087512541859139  0.04158155788860534  0.04229949736613556
  0.04297231834754882  0.04353911793719245  0.04400889560639182  0.04445800393817147
  0.04504255979706889  0.04550688517662509  0.04587815892164585  0.04619563399122340
  0.04651112714918121  0.04689706388903445  0.04738802446545249  0.04798481649997585
  0.04856818293836083  0.04883756769316641  0.04921562551269011  0.04956727019142286
  0.04992375492785931  0.05040492062288756  0.05093835919703689  0.05131084402657063
  0.05166155014157258  0.05215896450081206  0.05300917677371120  0.05400338369109988
  0.05484765839423465  0.05568861323272577  0.05699908364765311  0.05877697243913392
  0.06023072491977879  0.06094325826584909  0.06183828269500091  0.06283575856760576
  0.06388971257591806  0.06494668915197062  0.06663939686667492  0.07157633451284195
  0.07984618020069251  0.08887751490529877  0.09457608730323151  0.09793389694582055
  0.10136550649810470  0.11805922531255300  0.60827368542008275  1.00000000000000000
  0.02282790792242682  0.03793111754768468  0.04211948291282271  0.04466013032490509
  0.04659339995479439  0.04842561731931430  0.05009409945832381  0.05205268847690906
  0.05384057490436146  0.05508510848103580  0.05628617030298509  0.05728639795172057
  0.05799276577600899  0.05862704413723007  0.05932703635316945  0.06024393143284697
  0.06091190953308637  0.06155448180485499  0.06215366262897334  0.06270389521789536
  0.06319702427886639  0.06395814125642867  0.06488797147543102  0.06574322344718063
  0.06666805336548540  0.06790496637126490  0.06978517677026244  0.07114724002558184
  0.07236272779101731  0.07366274158914494  0.07501143800941668  0.07612317743285789
  0.07697223549897567  0.07781701655344633  0.07874709671460209  0.07977034152633769
  0.08067988020796946  0.08122635104645268  0.08161841928483955  0.08193665402374614
  0.08237550445024894  0.08297468783704147  0.08387201250411501  0.08476737866206467
  0.08627738601994321  0.08826093257997422  0.08931107051109212  0.09016864554134678
  0.09103787864581368  0.09256526320369038  0.09395643603344256  0.09516221978940465
  0.09617951024839039  0.09708889744095470  0.09800269374743457  0.09895205909756222
  0.09991655257671345  0.10093040503037830  0.10183966777149976  0.10258114956864835
  0.10356676531828822  0.10475286796184582  0.10615248940493165  0.10772146030986167
  0.10912847893872515  0.11040192494594563  0.11179316674227588  0.11317476638535637
  0.11436618202425516  0.11559461928210006  0.11637503295801276  0.11701337129696474
  0.11789496161289381  0.11912144144137728  0.12083907202815555  0.12254762561160902
  0.12433107563562519  0.12637263731151971  0.12900435536412486  0.13304442586502863
  0.13866780125700215  0.14560277051686565  0.15166309401287811  0.15735514924370700
  0.16314154515115076  0.16865567077426352  0.17650879072211934  0.18471243419120903
  0.19750547764005588  0.21214856398442616  0.21844225304569834  0.22391722696889960
  0.23584173099914763  0.27434840875955530  0.88665970908606795  1.00000000000000000
 -0.00329523089985955  0.00375519818709077  0.01005860305984028  0.01492973989615323
  0.01687968527530168  0.01878633834480898  0.02022463910994519  0.02166293987508139
  0.02414642258992192  0.02626251139960624  0.02888437469238988  0.03332082442349155
  0.03902138423792414  0.04756337638665632  0.05701265873152014  0.06554139387399720
  0.07216857748569828  0.08148099774540506  0.09633082781218752  0.10680321250825463
  0.11513364920964536  0.11769774177806498  0.12058461780720868  0.12417907098929699
  0.12887697484733479  0.13326373903176925  0.13705855994228017  0.14808771733400033
  0.16038107060160695  0.17321810874326013  0.18260624098562464  0.19031351866097873
  0.19842459076054947  0.20772616393908891  0.21806271135976982  0.22547619051733331
  0.23331944059569609  0.24020775798489596  0.24743849986317765  0.26145498765088093
  0.27976162698926998  0.29220216434666685  0.30070771423723747  0.30915429291676289
  0.32097100737754142  0.33599696597942907  0.34413103716204757  0.35177151957054698
  0.35764537858814038  0.36845138910179731  0.37970269072451512  0.39149074057422972
  0.40944137216174109  0.43064711409861073  0.45430690285289343  0.47869601656104777
  0.49914401401696212  0.51721708046980563  0.53544823317022971  0.55612905653961242
  0.56675489774547749  0.57135612312466344  0.57571868330144782  0.58005571575615311
  0.58541104972475189  0.59131222343129086  0.60310092213485056  0.62060341690464738
  0.62992632985298225  0.63770749877396993  0.64631068124961910  0.65387640338720787
  0.66160208428542022  0.66838799169441931  0.67456101993323891  0.68188620269656774
  0.69351346416995741  0.71600751609485136  0.74230033871969425  0.76929356359057499
  0.79132958732562486  0.81070417298972675  0.82724256105524219  0.84088394621439932
  0.85496102883303826  0.86825589272360593  0.88070997767890435  0.89269656959620081
  0.90358503130445555  0.91353391388937533  0.92183447031572296  0.93001784596741788
  0.93811209428199194  0.95422446724374399  0.97369146807417062  1.00000000000000000
 -0.00248429940605858  0.00624987311196046  0.01416785789515830  0.02207921076668003
  0.03318391033124225  0.05077808008994796  0.06510187338388797  0.07584894600071378
  0.08461913150033805  0.09256293907007786  0.10047881375815600  0.10920067675367601
  0.12112616136498087  0.13482994253760891  0.15031486336035024  0.17290191485886081
  0.19794904589598247  0.21406755915927284  0.22140592128646350  0.22885989374670523
  0.23884415319811750  0.24836924692622650  0.25610432089569679  0.26505004898372220
  0.28023795507248173  0.29955394400167390  0.30579934359921124  0.31137663843119318
  0.31438100797016016  0.31730911573538323  0.31970887908267048  0.32228730715361348
  0.32792088173572376  0.33893870775870838  0.35923371467484783  0.37711271569030963
  0.38847740511396761  0.39969918356726192  0.41307699614773430  0.42970841495412648
  0.44075149188134566  0.44947205545623964  0.46136439964010684  0.47301413436945411
  0.48395253819215084  0.49470381145513370  0.50875876330249170  0.53450159063541425
  0.56690678646492765  0.58940172101476529  0.60338159048513051  0.61650853364068714
  0.63256877513589549  0.64339109446042730  0.65416313377987856  0.66335798110931143
  0.67208244431884157  0.68201453879809193  0.69163422455124302  0.70395253411144609
  0.71487082729486551  0.72561778992768289  0.73336949430676102  0.73947268061948113
  0.74602895614515874  0.75237621568160773  0.75827077728869197  0.77242524814803637
  0.79102679179005042  0.80655181622145433  0.81558210878757686  0.82276988339586021
  0.82914326732649868  0.83474911493979842  0.84043467663635096  0.84568713965108466
  0.85093746342716337  0.85581519570575626  0.86121498710305244  0.86438438052382538
  0.87096239241604967  0.87884962230146702  0.88723776649711827  0.89639619257278036
  0.90467382421566656  0.91218429085835828  0.92095398980406584  0.93112845871569616
  0.94509124482235130  0.95869124084721680  0.96728130218644726  0.97484984259893581
  0.98163025043542251  0.98772686737000392  0.99411849418361431  1.00000000000000000
 -0.00648507950467519  0.02080719241173208  0.04003475684733088  0.05515066487240078
  0.07079373033896072  0.08581644392011560  0.09550633021951271  0.10272739360836008
  0.11231319331713507  0.12744106470816563  0.13946139584920880  0.14980751130114617
  0.15981148434229611  0.16835434104764579  0.17911817244986936  0.19305719089183662
  0.20900230377300227  0.22417480159360398  0.23477501566493972  0.24253614479418345
  0.25351284024131182  0.26817826554901159  0.28202020973362735  0.29137491751359229
  0.29852300302891699  0.30586728074187319  0.31665256043224005  0.32713504851615421
  0.33813098772828021  0.34870136286915088  0.35647430607357500  0.36007396181962070
  0.36348967927921272  0.36735914771134387  0.37375229072271904  0.38204520114972723
  0.39061856145676710  0.39869605204977410  0.40596623851079383  0.41362389283896644
  0.42204804652167283  0.43111544080338959  0.44052243219505022  0.44857785801528538
  0.45600944924222642  0.46174052560750134  0.46962456676095116  0.47727429484861023
  0.48609619984261571  0.49586374962802576  0.50557089354995566  0.51990882864178911
  0.53606940094984812  0.54897836071692530  0.55890064920164029  0.56808530718938743
  0.57702318388849705  0.58554512785914570  0.59406707182979424  0.60014955890391342
  0.60609922838290720  0.61696272597356128  0.62914878859753809  0.64299596612461085
  0.65826762839474817  0.67113602252819837  0.68131206924803100  0.68845237194824804
  0.69478454054404581  0.70045856382913807  0.70647438282816355  0.71391511602446112
  0.72769074483119944  0.74374096872953077  0.75866710899602297  0.77068538691400457
  0.77991316482933404  0.79059195269258209  0.80209637829700575  0.81381645070659137
  0.82579771451919737  0.83719742171670253  0.84485243590834402  0.85120695777262823
  0.85731942930845240  0.86287333569118863  0.87542789968643087  0.89800570353833897
  0.92606416597788388  0.93975744010271589  0.94608579475340704  0.95150794603837241
  0.95707114697966122  0.96292993604883392  0.97515050358952959  1.00000000000000000
 -0.00134302674241952  0.00436949262093008  0.01048402849237635  0.01827480623246122
  0.02984957587547057  0.04330202487200018  0.05572486799486814  0.06760710641093860
  0.07925838147892614  0.09125742384116835  0.10973647421246631  0.14095846470180393
  0.17619039189409375  0.19775648729240353  0.20688980385588210  0.21377096086116884
  0.22116891037007047  0.22767824346330287  0.23472792514338908  0.24832824036082249
  0.26606640285381816  0.28344577242949831  0.30062891342236103  0.31905626007096061
  0.33522421603832186  0.34898654648232230  0.35645958843043735  0.36404148279742543
  0.37232300728437806  0.38235917213037834  0.39823479089267316  0.42610160107886613
  0.44906873579750112  0.46519852404771256  0.47893286927893741  0.49016143656604294
  0.49885063828929771  0.50414562251613271  0.50881809276177881  0.51305630314606165
  0.51604594533746417  0.51885600000362031  0.52166009339687469  0.52348871375854755
  0.52845621386571651  0.53973367334489053  0.55963985795684867  0.56763900556054370
  0.57495937351045112  0.58161833405586028  0.58811869810153428  0.59652107970160462
  0.60600178832947316  0.61802014154587825  0.63412786199682880  0.65453281514641704
  0.67362910526600772  0.68784819052996837  0.69810708207984284  0.70576950064431077
  0.71184399005665588  0.71882527688636533  0.72817926229987706  0.73927439581752108
  0.75159832612689759  0.76361251230292748  0.77625595856454366  0.78892515477691894
  0.79679352030972350  0.79937781338280323  0.80236076316942673  0.81283673331150730
  0.82331270345358798  0.83152448178635308  0.83922400068886982  0.84747581199928490
  0.85304672032873463  0.85800081281097595  0.86539787296793813  0.87369632176847845
  0.87967206782574936  0.88540748804458003  0.89033129058667870  0.89441617609744772
  0.89899948248925077  0.90735469610497188  0.91459314775453782  0.92138311448930377
  0.92761517217273404  0.93339765705910860  0.94059742216607389  0.95182093942642154
  0.96405580389283207  0.97675129902147928  0.98640326306227410  1.00000000000000000
 -0.00048096546889839  0.00196634283695984  0.00499908093331543  0.00818678055557252
  0.01094679164518561  0.01275843251465634  0.01456910656087360  0.01637860214352756
  0.01818892731818300  0.02000094403729157  0.02278947704982037  0.03075277851766884
  0.04079144126166921  0.05192318184370208  0.06672551381554004  0.08848287370138272
  0.10718652220854423  0.12167558674652576  0.13292562884306999  0.14071997172356210
  0.14906804361239351  0.15928060022976095  0.16802693977758851  0.18431123398974386
  0.20550866315933675  0.22650713064679023  0.24205405665551019  0.25546538766385213
  0.26824431712360164  0.28280226455182877  0.29569189747528857  0.30774072187832319
  0.31830987480789541  0.32562680993886617  0.33101875921590385  0.33867225306000726
  0.35173968342072837  0.36884450743325653  0.38604148704721608  0.40035669051146477
  0.40955238599743815  0.41842430260899094  0.42769029000209102  0.43708607455724341
  0.44444109457067843  0.45472182144050310  0.46220831335517570  0.46999625726236710
  0.47392046840320678  0.47683135933237197  0.47955227198435491  0.48231550103991144
  0.48745375668320401  0.50389467935774901  0.51747075712480917  0.52757346411105510
  0.54034622082034545  0.56143784525561402  0.57810856444868330  0.59608902089460802
  0.61386164713311819  0.63124306449363554  0.64783925303388290  0.66090157948743666
  0.66621814566346860  0.67089519658878471  0.67422690020470466  0.67778121259275903
  0.68121146616015471  0.69158862083644690  0.70701546678221294  0.72142474434695325
  0.73659379142385772  0.74731150786734379  0.75551843460374202  0.76199036555669675
  0.76737896443727083  0.77323339934695134  0.77958838550236398  0.78505450955897371
  0.79126566349737737  0.79957586437462513  0.80772959685008872  0.82026144040856874
  0.83513418753710900  0.84756092915784509  0.85761083161889606  0.86994974129177127
  0.88526153126513041  0.90492669010518256  0.92569419739288172  0.93804605997806567
  0.94849347520466742  0.96287916035284726  0.98024609390272144  1.00000000000000000
 -0.00421124119398482  0.01490909631859803  0.02770615054079806  0.03621559674274099
  0.04464543951596701  0.05196630348680640  0.06180117193275529  0.07667600908614709
  0.09544319819348251  0.11288300106767533  0.12453140095797659  0.13006907444198870
  0.13528922108609751  0.14186440483124138  0.14989730727869799  0.15650280513244061
  0.15972150445785302  0.16209923684476779  0.16448293234306580  0.16862294617738144
  0.17502431175272398  0.18101683208221184  0.18602244426827333  0.19061428727463972
  0.19613821581653568  0.20582847361570675  0.21581005330719133  0.22521521454487689
  0.23113030417900934  0.23666983406972686  0.24260115481450414  0.24895243099644213
  0.25780938154231475  0.26887645374076552  0.27990002286856502  0.29416164533718214
  0.33970656650198250  0.37288258031847632  0.39241645456663637  0.41038673077416760
  0.43242043503774763  0.46601866416559012  0.48862075913503528  0.50208509259803624
  0.51246369827019356  0.52209767865234091  0.53125859738566217  0.54112784874408471
  0.55729393706806452  0.57189368585548350  0.58895295004310722  0.61070743234361413
  0.63500089746795196  0.65393664632509285  0.66258207242031086  0.67209409870661230
  0.67691435403090616  0.68118827953627570  0.68562877549245960  0.69017878247992503
  0.69445033441678261  0.69814762760753857  0.70231756191748440  0.71098697497542140
  0.71730525606273099  0.72096407234600834  0.72404359296427845  0.72832590998066571
  0.73353814044297350  0.73918378405618657  0.74326701193417766  0.74859485425861672
  0.75910261924840672  0.76615375680008024  0.77424872909332210  0.78390035793705770
  0.79536220569591320  0.80684040145692759  0.81620011969222261  0.82383308445815362
  0.83253124332520156  0.84323354007671802  0.85416260780684250  0.86662493630580351
  0.87882220583181581  0.89021211519528753  0.90644052643889494  0.92830818354535649
  0.94208618935981847  0.95266736770358929  0.95894407575697960  0.96488750084568542
  0.97059237015095445  0.97826429117048563  0.98913214558524265  1.00000000000000000
 -0.00622224168542601  0.02351225505027706  0.03257904586120076  0.04080248119999570
  0.04991454688993423  0.06096219397425112  0.06529599606194038  0.06962979814962963
  0.07507160048992878  0.08099747130561916  0.08572599393773808  0.08890987189523755
  0.09255722830560612  0.09909798729510338  0.10733160187740130  0.11906314726599374
  0.12935682914691229  0.13655273428986431  0.14163902743337792  0.15677513046867886
  0.17769682716498494  0.19584509736733027  0.21008305012253259  0.22132718311757663
  0.22893960464322191  0.23692042125223595  0.24527191802098763  0.24898748461351533
  0.25259514776962372  0.25818738900282012  0.26550735277671778  0.27439900330181616
  0.28399788557947414  0.29590509008237864  0.30967206834616007  0.32270002815407317
  0.33519339285186761  0.34486258973642964  0.35758414339655026  0.37546545440220142
  0.38249131018836913  0.38532203699064027  0.38795147049470818  0.39078006403181786
  0.39426237501430450  0.39653547037601455  0.39903721289240945  0.40179699089406395
  0.40414547636546172  0.40868739088330946  0.41750776324028199  0.42897395823205758
  0.44986252734814869  0.47133750808310532  0.48772797177364530  0.50088794367867506
  0.51169409687389400  0.52110421261576489  0.53191487896908995  0.54312439434146509
  0.55986689346229623  0.58674956954008040  0.61321680631001019  0.63083140059193943
  0.64687002820583284  0.66760359880421194  0.67748492114323866  0.68688475032964291
  0.69868676442949562  0.71050576732649073  0.72012425014993209  0.72950690070534330
  0.73975271506598539  0.75117102052565043  0.76379438635800023  0.78528051431373769
  0.80243522408567014  0.81614891869031891  0.83009612945820421  0.84527674091118277
  0.86328923330646201  0.88177428779147993  0.89625422923961728  0.90396323916040922
  0.91089016027162806  0.91842503233236694  0.92805339830848121  0.93527649768523669
  0.94036504136620935  0.94640366902145667  0.95272199850786465  0.95820393947752625
  0.96608401748111739  0.97844077086353964  0.98973054050426124  1.00000000000000000
 -0.00562072706199273  0.02078700850744505  0.03157695851524658  0.04288493216476526
  0.05383662439328336  0.06540373861008827  0.07719450373795031  0.08843882681997291
  0.09723244747283660  0.10712962092213495  0.12140138314239873  0.13559986603682475
  0.14520540396847542  0.15226411366607295  0.15618442481739095  0.15835464776860964
  0.15959758965284382  0.16105574887496119  0.16458464753271776  0.17088359375087431
  0.17693336903607540  0.18273729155058796  0.18710915933890029  0.19256622489899552
  0.19994894459633297  0.20781155390346703  0.21848296584031876  0.22915437777717046
  0.24710906105864452  0.26841450690221230  0.28780891333676595  0.31111299886484373
  0.32969703248440113  0.34586421197928041  0.36666046689618109  0.37722166872057122
  0.38657831306495083  0.39704143330386255  0.41356551114792928  0.43284557771411641
  0.45233190573414028  0.46580205961108989  0.47580360744538797  0.48646577639023858
  0.50320852550099071  0.52045977777185815  0.53320839974197409  0.54082216981390341
  0.54751764659554747  0.55555995753848375  0.56241174689719309  0.56866148141451112
  0.57490353920320181  0.58342428599586671  0.59621894536512643  0.61218909666297650
  0.62823261576971923  0.64442248979115335  0.66554652035694006  0.68318850862727398
  0.69240460873744158  0.69945772132196160  0.70635892712260384  0.71334647950821062
  0.71964740822120121  0.72440298808728132  0.73005200755269239  0.73853075658047707
  0.75008875290233656  0.76156378795458779  0.77181451738739792  0.78215868541111344
  0.79269817720477043  0.80267590020078461  0.81229549316468930  0.82260429712365268
  0.83860205201727178  0.85486268713388514  0.86708843814309899  0.87688586212975372
  0.88759016937888058  0.89864340767454565  0.90704016093176620  0.91152267332631698
  0.91696098074393173  0.92368672422875198  0.93178697523628706  0.94336986706004566
  0.95136428521556138  0.95713191282520360  0.96182559539534485  0.97118181366107026
  0.97953910579190706  0.98601973866466419  0.99235510475680722  1.00000000000000000
 -0.00716137555064211  0.02143040518021478  0.04294711098914302  0.05762950591630261
  0.06915370274489546  0.07843238540095006  0.08516386047824609  0.09140697301737921
  0.09707458461667810  0.11134538186694851  0.12656922972386933  0.13728532125720058
  0.14685603258255403  0.15842250272257966  0.17239444643725299  0.19111050544099717
  0.20911037388506334  0.22081759581904270  0.23021024065922446  0.23889897718621775
  0.24688705160975152  0.25727656177043012  0.27316091980624868  0.29157931639150469
  0.30701960174967663  0.31899862452447530  0.32634889268415856  0.33135170255857244
  0.33625458249591261  0.34077510919786691  0.34448008499136729  0.34773310671547120
  0.35100726082754830  0.35459136392860374  0.36040565054334467  0.36880986532394439
  0.38503507886960708  0.41158075024516594  0.42854376095645369  0.44848057152480086
  0.47103228800103558  0.49595274485789981  0.52562701189101269  0.55242161709527682
  0.56824871679577771  0.57475466385967100  0.58145836003725515  0.58823558363551509
  0.59961394119648814  0.61319781496917292  0.62840444491120329  0.64523387582196512
  0.66330633681773132  0.67695758819468899  0.68556330757038020  0.69704851867720719
  0.70853401298625529  0.72260487760451564  0.74107550353460427  0.75593701427153559
  0.76242356305796688  0.76632761148009743  0.77126330158447298  0.77625785694957172
  0.78173291123597011  0.78767676526548358  0.79427673357837147  0.79814829773587059
  0.80215729099385935  0.80598347544557580  0.80964489606068213  0.81544899472814947
  0.82245073468128949  0.83287000952932444  0.84278612244986406  0.85495329571197398
  0.86535695710540617  0.87140924763659422  0.87746153816778227  0.88413292389691800
  0.89099850799029323  0.89817475997381302  0.90628143875273925  0.91438811753166549
  0.92989273457343791  0.94085245090807790  0.95020331514677570  0.95863517343099447
  0.96650678607207197  0.97380594784879704  0.98058068549178146  0.98565661470038823
  0.98918743364821338  0.99299199830801921  0.99685491071634691  1.00000000000000000
 -0.00070467512546526  0.00339237905108873  0.00815255037713737  0.01233402302778745
  0.01582368776392907  0.02662647006959121  0.03290014042301360  0.03549497068674698
  0.03928229403337476  0.04465289376039465  0.05059689489981062  0.05872109124009448
  0.06648502859909038  0.07549796683223020  0.08286033115273900  0.09029883580250465
  0.09908111843748475  0.10965907682113610  0.11996145650030023  0.13245080558526437
  0.14337596448177303  0.15157652850073014  0.15981780538077622  0.17021980886726645
  0.17819659240902297  0.18892698897293830  0.19772422521450964  0.20503568459383645
  0.21182151482593450  0.22479804923265984  0.23749392121683957  0.25172975457491686
  0.26182313368019222  0.27454874521608624  0.28980937677444751  0.30727875967137547
  0.32604714693538162  0.34358919958004130  0.35994821542675098  0.37999515502147441
  0.40223818938820383  0.42383901511853428  0.44315010901782648  0.45989780658569251
  0.47283958639078300  0.48684471156827003  0.50478406103489126  0.52135141281942132
  0.53078724406111766  0.53685601611368561  0.54215197244051605  0.54946335604400132
  0.55924456190700955  0.56850553727587394  0.57756431999652857  0.58658629223388692
  0.59628612553579552  0.61498620367903434  0.62417375103953832  0.62967606476768201
  0.63731842649998360  0.64397192942346371  0.64971012889125901  0.65635985944234654
  0.66460245741486312  0.67424254547291262  0.68723106855026006  0.70209077826246125
  0.71741749440776259  0.73347437819384165  0.74540491672905618  0.75540473966468979
  0.76459340778428353  0.77091903931931272  0.77658620891062136  0.78311473089355677
  0.79320497312909299  0.80823787906427336  0.82698401367959395  0.84524274972338542
  0.86160764746338847  0.87887851226846458  0.89595755298314295  0.90642021371338133
  0.91544080835731456  0.92425343825235584  0.93268469774351737  0.94145345890686771
  0.95079668364947212  0.95827944687113042  0.96467378475403764  0.96911365326811849
  0.97355352178219934  0.98177560872329539  0.99088780436164781  1.00000000000000000
  0.00100907264310428  0.00517789018426761  0.00951150692180278  0.01502423471930668
  0.02056804407799866  0.02624562604552168  0.03302421808180420  0.04308961078919398
  0.05626784698237464  0.06984583237103344  0.08256910910582080  0.09371694657644855
  0.10634833490770775  0.11797645698725648  0.13096869073591699  0.14549460784254978
  0.15589353497298489  0.16268224569819731  0.16793127968462460  0.17253982074105212
  0.17647894176765236  0.18107682941569586  0.18581205347844257  0.19156920264848554
  0.19953406609369961  0.20924688223218266  0.21736401936529415  0.22476482498422515
  0.23216727783697783  0.24081059204378152  0.24719133174970842  0.25383068629033156
  0.25918983849253358  0.26733407698300354  0.27971452388609047  0.29062369279841621
  0.30177733005323792  0.31723961446649984  0.33566862420042293  0.35297597966188426
  0.36483200411536565  0.37495720130379878  0.38510927937967909  0.39840297272654762
  0.40453462976922988  0.41066628681191208  0.41533728170171519  0.41997393739698946
  0.42705177764359425  0.43485086154638847  0.45928446160932063  0.48668712492228822
  0.50673402311308202  0.52104024575536212  0.53084805780644095  0.54202745572945477
  0.55075674011526488  0.56152909379167426  0.57384521730363436  0.58175987977746368
  0.58769028157592251  0.59236040772913157  0.59672269176815673  0.60143931089934244
  0.60647346971173488  0.61321021911499662  0.62044278153727495  0.63536043092390548
  0.65207303368041702  0.66105569425034449  0.67148516619664256  0.68375380411112041
  0.70563845897848498  0.72875262678392372  0.74374557348402959  0.75222156713944721
  0.76121050289367065  0.77246652001385285  0.78460575746095407  0.80103015146054524
  0.81972133800292157  0.83945630137832217  0.86067202651462105  0.87968215082537815
  0.89834811693836669  0.91331195113829955  0.92260212310666123  0.93045929784441483
  0.93637486059451958  0.94206593993952825  0.94829205425949636  0.95421644711385001
  0.96028932899095254  0.96925158031417458  0.98419436487673584  1.00000000000000000
 -0.00532810978426542  0.01537534768713087  0.03120828763127591  0.04444378952397987
  0.05658411369185204  0.06638778032538702  0.07647701683437415  0.09082232580235393
  0.10421887872984625  0.11250022801984813  0.11880270359554261  0.12800715613140934
  0.13943105268187686  0.14946351630359547  0.16147177887319963  0.17614319649984575
  0.18625571577339600  0.19472974429977041  0.20426586767090907  0.21681421990620159
  0.23093269095785582  0.24353545012891351  0.25552839643216180  0.26554243535218847
  0.27494630217036120  0.28490250804243605  0.29511394573518795  0.30326332923178184
  0.31076558009927530  0.31701059354409733  0.32272928547500168  0.32787543733318431
  0.32984861897229928  0.33124294827041145  0.33572843353065590  0.34008317941289695
  0.34573862557311741  0.35088154199407667  0.35532473868145892  0.36134200954723666
  0.36833026213412701  0.37683026554130511  0.39077961550680546  0.39722275678264374
  0.40190690191521106  0.40536017876261721  0.40832444301248549  0.41724494362708475
  0.43613636516369952  0.45636647157264310  0.47722377317166009  0.48702411098514414
  0.49595347955534630  0.50435588613580473  0.50938656360511358  0.51441724107442244
  0.51786795732877378  0.52018548388650032  0.52412290577174481  0.53007765745359126
  0.53370555401753761  0.53836938965345782  0.54323202287311012  0.55099289096681847
  0.56114141060881717  0.57195325035632338  0.58183479347963529  0.59053388933139117
  0.60173595757843112  0.61703723351650219  0.63250120733225879  0.64607730328301838
  0.65805163128376709  0.67091619890980592  0.68619794081296603  0.70741701765437659
  0.72989987354944685  0.75342168861814229  0.77823800428866519  0.79763149259852340
  0.81180630750788330  0.82406358942980351  0.83487945368683147  0.84570791369382892
  0.85369241687661879  0.86272349786754488  0.87534435472016059  0.89637283843547477
  0.91328999167728209  0.92433519567775746  0.93139830591457740  0.93793752220975124
  0.94425939706753792  0.95330960098372863  0.96152060147687202  1.00000000000000000
 -0.04897090435630587  0.55520298254835199  0.62270996304642134  0.65274174636567339
  0.66960154802111638  0.67892900070155049  0.68652783476388013  0.69224469640131525
  0.69647712723880051  0.69985777733721188  0.70258079379526783  0.70941487607427889
  0.71420140844850788  0.71845510172267313  0.72419605286302413  0.72879642839390846
  0.73328159000860638  0.73828376905700333  0.74088858561971949  0.74414489264171357
  0.74579688205222605  0.74739929062674793  0.74973317535408057  0.75204415605060626
  0.75432887558067707  0.75722864721259453  0.76129483716095381  0.76626923631963262
  0.77194395744959354  0.78006757199673338  0.78713553148878690  0.79008214609032290
  0.79280366390253187  0.79543096404978653  0.79863970723003741  0.80333438206745600
  0.80824739455045225  0.81149636344852694  0.81347734048760489  0.81560336716505522
  0.81795983452495291  0.82014872309254783  0.82163984770034948  0.82313097230815102
  0.82667294818270498  0.83069605995275608  0.83487402236192310  0.83763108843929379
  0.84007752763227617  0.84250592893688359  0.84542355106846490  0.84952089929198271
  0.85441098194771004  0.85794630959984330  0.86041564200906751  0.86202638738294657
  0.86331788973683343  0.86485733938464315  0.86647603052758104  0.86802105876026225
  0.86951522317648244  0.87058994546802315  0.87164241959303213  0.87291007348827943
  0.87408471345484962  0.87521281054431355  0.87638472047352001  0.87783346053936728
  0.87914817946727908  0.88090808162175138  0.88300405460261133  0.88513732085151808
  0.88704427008094178  0.88770087136984621  0.88839708604686929  0.88920753220667681
  0.88984199006684428  0.89045233431841264  0.89109312577791988  0.89174783184833795
  0.89290895292706873  0.89579603033452471  0.89977196521607705  0.90389628010004519
  0.90913863106717552  0.91339364197731410  0.91884817494185100  0.92404404318245381
  0.92865185998192257  0.93239353262066138  0.93598371343069720  0.93937398452864040
  0.94369474988803259  0.95078831949954556  0.96335389271245164  1.00000000000000000
 -0.02935648894953651  0.13162683731457378  0.16915276594328954  0.19397286718481102
  0.20131105143015965  0.20858161983673590  0.21598241869655307  0.24503739672906752
  0.28157253430923018  0.30132989027815804  0.31605437070514714  0.33048769272226008
  0.33842809952400132  0.34529368644216146  0.35303910695662949  0.36120690074491041
  0.36723731472870313  0.37158503475677335  0.37717080751008797  0.38373957772442846
  0.38925643030590018  0.39365751019092377  0.39903346178492949  0.40537846461751992
  0.41080490576239925  0.41504017378717295  0.41885655591269644  0.42431785892147905
  0.43087606000281875  0.43784149943288309  0.44753109463409357  0.45576936865398815
  0.46250070333856830  0.46626317123747885  0.46930717173985287  0.47213113113014205
  0.47479209742660639  0.47746620208224716  0.48015905585646129  0.48408953364819052
  0.49204299617283215  0.50158248807961103  0.51160605042950014  0.51897091473767598
  0.52301924817938983  0.52696421547216754  0.53246359565950929  0.53954604239313442
  0.54685061782356748  0.55266492056449879  0.55658368226692223  0.55882243655442254
  0.56163112253712077  0.56514329760618687  0.56954482304578136  0.57358244449120444
  0.57789545036598988  0.58220092014759761  0.58631542449068008  0.59004268600151122
  0.59386138952860501  0.59862646997227653  0.60316460908008196  0.60661696439170998
  0.61008740534400818  0.61594294416337902  0.62072066164263096  0.62565339948472798
  0.63092466449529505  0.63660788111670796  0.64389290391247256  0.65193575474196752
  0.65950410727922770  0.66591493342049413  0.67225684278415498  0.67852748046195221
  0.68611624312036557  0.69461856855042770  0.70362963559282954  0.71602434626842415
  0.72977518983781320  0.73612170150126943  0.74063323588947061  0.74551985117818564
  0.75067164573921841  0.75479981866759960  0.75910870928496010  0.76449473130590673
  0.77027725659037827  0.77595863116990649  0.79387150772342274  0.81817280333700415
  0.85985137729300709  0.89695008419457845  0.94162351310453496  1.00000000000000000
   1.1621203670593204E-020  -1.0000000000000000     
 T F F F F F F F F F F F F F F F F F F F T F F F T F F F F F F F F F F F T F F F T F F F F F F F F F F F F F F F F F F F T F F F F F F F F F F F F F F F F F F F F F F F F F F F F F F F F F F F F F F F F F F F F F F F F F F F F F F F F F F F F F F F F F F F F F F F F F F F F F F F F F F F F F F F F F F F F F F F F F F F F F F F F F F F F F F F F F F F F F F F F F F F F F F F F F F F T F F F F F F F F F F F F F F F F F F F T F F F T F F F F F F F F F F F T F F F T F F F F F F F F F F F F F F F F F F F T F F F T F F F F F F F F F F F F F F F F F F F T F F F T F F F F F F F F F F F T F F F T F F F F F F F F F F F F F F F F F F F T F F F F F F F F F F F F F F F F F F F F F F F F F F F F F F F F F F F F F F F F F F F F F F F F F F F F F F F F F F F F F F F F F F F F F F F F F F F F F F F F F F F F F F F F F F F F F F F F F F F F F F F F F F F F F F F F F F F F F F F F F F F F F F F F F F F T F F F F F F F F F F F F F F F F F F F T F F F T F F F F F F F F F F F T F F F T F F F F F F F F F F F F F F F F F F F T F F F
  <DiscreteSampler_grid>
  grouped_processes
  1 # 1 for a reference and 2 for a running grid.
  10 # Attribute 'min_bin_probing_points' of the grid.
  1 # Attribute 'grid_mode' of the grid. 1=='default',2=='initialization'
  0.0000000000000000 # Attribute 'small_contrib_threshold' of the grid.
  0.5000000000000000 # Attribute 'damping_power' of the grid.
 # binID   n_entries weight   weight_sqr   abs_weight
    16   10   2.090739392326030E-019   4.313121853843899E-037   2.090739392326030E-019
    17   10   2.090739392326181E-019   4.313121853844532E-037   2.090739392326181E-019
    19   10   5.281918320912557E-020   2.714106891908448E-038   5.281918320912557E-020
    20   10   5.281918320912626E-020   2.714106891908536E-038   5.281918320912626E-020
    22   10   5.631350218954130E-020   3.006337013788539E-038   5.631350218954130E-020
    23   10   5.631350218954198E-020   3.006337013788640E-038   5.631350218954198E-020
    28   10   2.090739392326030E-019   4.313121853843899E-037   2.090739392326030E-019
    29   10   2.090739392326180E-019   4.313121853844529E-037   2.090739392326180E-019
    31   10   5.281918320912551E-020   2.714106891908442E-038   5.281918320912551E-020
    32   10   5.281918320912655E-020   2.714106891908565E-038   5.281918320912655E-020
    34   10   5.631350218954136E-020   3.006337013788545E-038   5.631350218954136E-020
    35   10   5.631350218954220E-020   3.006337013788663E-038   5.631350218954220E-020
    40   10   2.090739392326034E-019   4.313121853843912E-037   2.090739392326034E-019
    41   10   2.090739392326174E-019   4.313121853844504E-037   2.090739392326174E-019
    43   10   5.281918320912559E-020   2.714106891908451E-038   5.281918320912559E-020
    44   10   5.281918320912599E-020   2.714106891908506E-038   5.281918320912599E-020
    46   10   5.631350218954147E-020   3.006337013788557E-038   5.631350218954147E-020
    47   10   5.631350218954163E-020   3.006337013788600E-038   5.631350218954163E-020
    52   10   2.090739392326029E-019   4.313121853843889E-037   2.090739392326029E-019
    53   10   2.090739392326178E-019   4.313121853844520E-037   2.090739392326178E-019
    55   10   5.281918320912516E-020   2.714106891908406E-038   5.281918320912516E-020
    56   10   5.281918320912641E-020   2.714106891908549E-038   5.281918320912641E-020
    58   10   5.631350218954102E-020   3.006337013788508E-038   5.631350218954102E-020
    59   10   5.631350218954217E-020   3.006337013788658E-038   5.631350218954217E-020
    64   10   1.434257425065759E-019   2.021347537333583E-037   1.434257425065759E-019
    65   10   1.434257425065670E-019   2.021347537333331E-037   1.434257425065670E-019
    67   10   6.265717992711700E-020   3.767078823048437E-038   6.265717992711700E-020
    68   10   6.265717992711410E-020   3.767078823048058E-038   6.265717992711410E-020
    70   10   6.933200458517742E-020   4.421540159480935E-038   6.933200458517742E-020
    71   10   6.933200458517486E-020   4.421540159480556E-038   6.933200458517486E-020
    76   10   1.434257425065771E-019   2.021347537333619E-037   1.434257425065771E-019
    77   10   1.434257425065677E-019   2.021347537333352E-037   1.434257425065677E-019
    79   10   6.265717992711634E-020   3.767078823048355E-038   6.265717992711634E-020
    80   10   6.265717992711371E-020   3.767078823048010E-038   6.265717992711371E-020
    82   10   6.933200458517691E-020   4.421540159480859E-038   6.933200458517691E-020
    83   10   6.933200458517438E-020   4.421540159480488E-038   6.933200458517438E-020
    88   10   1.434257425065745E-019   2.021347537333542E-037   1.434257425065745E-019
    89   10   1.434257425065674E-019   2.021347537333342E-037   1.434257425065674E-019
    91   10   6.265717992711677E-020   3.767078823048409E-038   6.265717992711677E-020
    92   10   6.265717992711432E-020   3.767078823048084E-038   6.265717992711432E-020
    94   10   6.933200458517748E-020   4.421540159480941E-038   6.933200458517748E-020
    95   10   6.933200458517529E-020   4.421540159480610E-038   6.933200458517529E-020
    100   10   1.434257425065771E-019   2.021347537333617E-037   1.434257425065771E-019
    101   10   1.434257425065681E-019   2.021347537333363E-037   1.434257425065681E-019
    103   10   6.265717992711654E-020   3.767078823048380E-038   6.265717992711654E-020
    104   10   6.265717992711398E-020   3.767078823048043E-038   6.265717992711398E-020
    106   10   6.933200458517703E-020   4.421540159480879E-038   6.933200458517703E-020
    107   10   6.933200458517473E-020   4.421540159480536E-038   6.933200458517473E-020
  </DiscreteSampler_grid>
