  0.02274793624722618  0.03417402165601510  0.04584141908463533  0.06149941555697473
  0.07493752653539808  0.08293416476191716  0.08892487948021997  0.09538566987840397
  0.10265267261445918  0.11079590878973222  0.12160155236390874  0.13735660671395342
  0.15393285660669279  0.16982254812417630  0.18004223926568577  0.18576291661417579
  0.19125277323717721  0.19483068722836777  0.19834536382766044  0.20214755864504194
  0.20528173767162314  0.20929382445578490  0.21078497244676758  0.21255317609436067
  0.21515146458708126  0.21791809161075601  0.22097949327870639  0.22628483216698300
  0.23403244746844318  0.23724953542584529  0.23962357160020312  0.24111183753687099
  0.24625415954271468  0.25474791644575573  0.26861899717148652  0.28075126735946965
  0.29316866243418738  0.30394335205975825  0.30834237069347470  0.31492837444048233
  0.32033375915906992  0.32516026734348458  0.32963704775276931  0.33218094333553944
  0.33471213618361750  0.33855988559791722  0.34583328807742436  0.36135366073239461
  0.37937804505582917  0.39247808471063533  0.40343234682753393  0.41058419886848885
  0.42170068001215061  0.43413469847805836  0.44558690990725452  0.45897705382925491
  0.47080617343826003  0.48063389270598839  0.49199223723493435  0.50032618797167150
  0.50915556602184697  0.51635744799526340  0.52188559593056483  0.52601974045070587
  0.53703667396361354  0.55029527443743764  0.56188454923875053  0.57302030970141382
  0.58479473165713569  0.59837502372386009  0.61699002028622996  0.63152176228428292
  0.64600856054489653  0.66340912382473705  0.67929848290728223  0.69583486654102378
  0.71142503875473406  0.72642931568647795  0.74160207753763807  0.75700195179283136
  0.77249510389434084  0.78461201552686366  0.79628926781505260  0.80845007120957546
  0.82064257788808870  0.83258671661550432  0.84236317566833752  0.85624056919141167
  0.86941402530545397  0.88342884710767622  0.89624684187316916  0.91023037018164465
  0.92853135835382106  0.95036099503902505  0.97424562996229691  1.00000000000000000
 -0.00002879152443324  0.00040534167224209  0.00096824021096899  0.00150720943507505
  0.00172827823039827  0.00191856458248082  0.00211267984177914  0.00240580896675560
  0.00282415068441186  0.00320936849068211  0.00342040163709613  0.00362292862342409
  0.00381911320592930  0.00400096409482291  0.00427430822746667  0.00458073912944453
  0.00480704135689462  0.00498529742123301  0.00518455449408429  0.00537441488181087
  0.00551332097596177  0.00565368077408144  0.00578563934846579  0.00594260995076898
  0.00616495675559956  0.00637194655542344  0.00651311369373650  0.00663474952847887
  0.00675261341038758  0.00682317313775991  0.00688180836953167  0.00696829826390412
  0.00706552523857496  0.00717654647928348  0.00729519868716471  0.00749507772866471
  0.00773893782857837  0.00801800230627698  0.00826086405774120  0.00847548216629869
  0.00866673656928506  0.00882573080334340  0.00890449437223638  0.00898277663089214
  0.00906890321813421  0.00913216306898536  0.00919191547978705  0.00928047340190067
  0.00936405949693088  0.00941683245596206  0.00945657531824049  0.00949663633399904
  0.00954622288919949  0.00965351950637132  0.00985491774460622  0.01009804563636861
  0.01029300080331648  0.01051259555621817  0.01079954080393201  0.01106159327993209
  0.01129070992757356  0.01147057738528425  0.01161400323751647  0.01172073590746461
  0.01181779527211456  0.01193289590554928  0.01206499008577584  0.01220647985482413
  0.01232038395682347  0.01246598267799005  0.01266838487963292  0.01286679469836871
  0.01307005008269941  0.01323458059357761  0.01335703577557213  0.01346770784257550
  0.01358672137242339  0.01371732121989304  0.01386703766059495  0.01403836117395760
  0.01419739596616181  0.01444334692359229  0.01469824815947159  0.01495587539098286
  0.01517258550548613  0.01536234961460376  0.01554455579184744  0.01563419148185069
  0.01575152578675599  0.01587399089154447  0.01599796669851949  0.01638593445942002
  0.01683970048371619  0.01738010906957181  0.01876077199274908  1.00000000000000000
  0.03014316090976689  0.03036245893751776  0.03064204629608057  0.03097182758756612
  0.03128154101102795  0.03155945514556385  0.03182671880764864  0.03211210338660538
  0.03237216333218397  0.03256114333039575  0.03274752752409390  0.03294086797109260
  0.03317675921806298  0.03336094079148107  0.03351147948832896  0.03367241591969408
  0.03388239582006043  0.03417261786455382  0.03447193719666065  0.03463382456020418
  0.03477201860432240  0.03491655821645070  0.03507376861675272  0.03524255264544696
  0.03542519963402201  0.03562702966868401  0.03577265335389757  0.03588503526526133
  0.03598862396394355  0.03608986598196529  0.03618093200581608  0.03631438069007020
  0.03654378563587510  0.03672321466484398  0.03689313202088582  0.03714870925019553
  0.03747209283828624  0.03781373145946475  0.03823725495235348  0.03877620948412547
  0.03928141237474916  0.03978258809811240  0.04032891700170102  0.04087688901143363
  0.04145441670137194  0.04201283814788723  0.04247044544290335  0.04283912463256308
  0.04327069140205751  0.04374462598212801  0.04427018679805526  0.04481312879171915
  0.04593378850354514  0.04737453267339723  0.04876260996527646  0.04962505232131710
  0.05025245118115992  0.05081636214260614  0.05115133480628090  0.05145978506085553
  0.05183332796459347  0.05228005778213928  0.05280720322385542  0.05336972923258711
  0.05377034645064565  0.05414250685767131  0.05553414276838310  0.05707664473004023
  0.05853462890905051  0.06073006589497412  0.06426493768179049  0.06895027102845579
  0.07442069566207102  0.08124818182185249  0.09345450660540398  0.10171781589646572
  0.10809133727943644  0.11365314289262927  0.11838584313380598  0.12457317499946803
  0.13372334646491518  0.15427126598088914  0.18578168562161401  0.20458176654049529
  0.22299760147637443  0.24709833327509725  0.29556690627796728  0.34006488565539666
  0.38264233674008702  0.42775839945935906  0.47375266383191755  0.53683491832051611
  0.61038660418399038  0.68754477351087362  0.78071498985991505  1.00000000000000000
  0.01899676973923114  0.01906800599485173  0.01911588784966802  0.01915561047938335
  0.01919247015888586  0.01921336582688613  0.01923074470867828  0.01924719378357657
  0.01926576454280835  0.01928457909442568  0.01930126360385666  0.01931850184108580
  0.01934061549694011  0.01935561267641803  0.01937078998082267  0.01938731826032816
  0.01940272531664700  0.01941058708661128  0.01941668973725735  0.01942311500788026
  0.01943084209218805  0.01943801872532374  0.01944738957202586  0.01945910099836206
  0.01948193468805112  0.01950940001592044  0.01953165710182937  0.01954511342908332
  0.01955444245445876  0.01956186757363869  0.01956758101981447  0.01957360084693611
  0.01957996258521550  0.01959068406936662  0.01960297396569725  0.01961559328243731
  0.01963427729759456  0.01965306719770667  0.01966959483035318  0.01968121939478010
  0.01969245041635708  0.01970335310986144  0.01971792450442655  0.01972980203937337
  0.01974132225016191  0.01975304472887291  0.01976513714035321  0.01977805861195953
  0.01979219183510406  0.01980466496956309  0.01981505370196232  0.01982467066505200
  0.01983526469918458  0.01984658608646085  0.01985922851802003  0.01987199840277705
  0.01988165161403807  0.01989193326878727  0.01990221532821152  0.01991382118698507
  0.01992441436232899  0.01993140244050545  0.01993887664896433  0.01994996384474255
  0.01995984469279337  0.01996598664252998  0.01997334405210973  0.01997956629308783
  0.01998377000236351  0.01999109675211608  0.02000568674496633  0.02001935052602469
  0.02002670724888782  0.02003730408093540  0.02004627217102220  0.02005749058459225
  0.02006571668435079  0.02007602194941844  0.02008957311110744  0.02010425801755078
  0.02011768253225285  0.02013767540934843  0.02016506556502442  0.02018942553827065
  0.02021321305858219  0.02024252169853038  0.02027299962122576  0.02030856750630081
  0.02035704254673621  0.02042469345281055  0.02048967527141714  0.02055051255173430
  0.02065000464002432  0.02090716453802898  0.02129314147641447  1.00000000000000000
  0.03084186023606566  0.17794398085419083  0.21263060980587775  0.24562073083040645
  0.27249248701417905  0.29645716219657264  0.31451163238645868  0.32979633784400580
  0.34208769684081503  0.34779606079579750  0.35450785146609337  0.36272816387093743
  0.37242639229775015  0.38392570786958657  0.39698164976086875  0.40986194364090545
  0.42004890621581642  0.42772567497753439  0.43533586800171153  0.44124745714251506
  0.44581020296280183  0.45286537141925703  0.45922028277047910  0.46517356509390928
  0.47140288483709941  0.47788767489972878  0.48352241590813622  0.48808754927311093
  0.49229165725799279  0.49567575029193972  0.49800013328625481  0.50071678376387974
  0.50408530441272148  0.50889260106724932  0.51307120723352095  0.51618324163501694
  0.51928427546992484  0.52408535473179407  0.52931163318003915  0.53358241736317269
  0.53842031313550109  0.54610230509197688  0.55340748246358451  0.55778602135940591
  0.55993139073207376  0.56210181157917727  0.56433246461906050  0.56726965573534316
  0.57315316649272197  0.58053330391771840  0.58656729626228910  0.59076471280720655
  0.59543465402789897  0.60255339009377085  0.61477275772150353  0.63256663331262697
  0.64090088872526807  0.64637478933121462  0.65018358562514500  0.65465121131060799
  0.65950791386673568  0.66570347592073986  0.67485316550784136  0.68104531650832267
  0.68698204712429889  0.69577770552752316  0.70640704575615576  0.71596717647079333
  0.72324123729566092  0.72919415383720476  0.73839609042994647  0.74944722321416501
  0.76030373131587270  0.77157901643916182  0.78135886622608419  0.78807922343802717
  0.79588860665971695  0.80460896788588732  0.81408355379460640  0.82636636099553917
  0.84049109109534170  0.85362160662196207  0.86416192563631644  0.87245360852834986
  0.87927305070017858  0.88697469106568871  0.89388330839765684  0.90072019217310650
  0.90961453737669862  0.91910590290088445  0.92837117917319001  0.93876134485368423
  0.94814305921820019  0.95831999218562491  0.97209480270297122  1.00000000000000000
 -0.00314398723938544  0.01147623134901072  0.02190902736003541  0.02837412642393958
  0.03664760656252217  0.04465701720929373  0.04937745882023125  0.05384353491859351
  0.06042176256234438  0.06704149270556650  0.07241537917363021  0.08252962462696965
  0.09463398328448547  0.10736304087287483  0.11940597974999342  0.12940863846152134
  0.14045540078697680  0.15835071693296840  0.17876066645963640  0.18932593667270889
  0.19655510177507243  0.20357265652652079  0.20891963472148428  0.21243361003466493
  0.21556774615507115  0.21849580650292322  0.22031573606877350  0.22383978899542184
  0.22704151297211611  0.23083903861994040  0.23295953512777626  0.23444809204583372
  0.23605681483807542  0.23807290820165333  0.24099487321663393  0.24571233049418814
  0.25594066905188761  0.26831272551661234  0.28152640505719956  0.29631269455659337
  0.31309221623130673  0.33365970639106202  0.35346192864753240  0.37083488684840421
  0.38772065091180358  0.40756566862961491  0.43318071319526152  0.45181069522350864
  0.46726601617590485  0.48221684467395765  0.49679842755671000  0.50970222993998948
  0.52157032957037153  0.53010482677506721  0.53734648509247185  0.54579268404495185
  0.55736400066259284  0.56913700990427274  0.58029480925437571  0.58794029937440540
  0.59299585556357759  0.59739546567835289  0.60237568705452993  0.60867743972160004
  0.61570075453859896  0.63284524723921465  0.65411691187013510  0.66633332652220889
  0.67430997804982429  0.68299550447035218  0.69365076126253156  0.70666696794447603
  0.71854783536772115  0.73340751003412674  0.74990590945112567  0.76827016273846715
  0.77792172113544811  0.78853165504470424  0.80125533223002543  0.81459319041085054
  0.82914270175056615  0.84585203419928001  0.86627326150145412  0.88368360939097157
  0.89824499645661315  0.91268347414477446  0.92502866673167417  0.93473145030592097
  0.94254282427896419  0.95096869725092181  0.96158179845273795  0.97589097374187028
  0.98415671774326108  0.98996542066674165  0.99478068098135719  1.00000000000000000
 -0.00145930241779570  0.01010677344710584  0.01995883960905329  0.03378524997574269
  0.05011803739390421  0.06301365402918464  0.07575636665249176  0.08906313022757055
  0.10249941197075103  0.11490808662142417  0.12623732980473934  0.13351056829918775
  0.14079418764656143  0.15137344752170651  0.16927891303924555  0.18947178450707824
  0.20451077077445168  0.21827249734458001  0.23134136223428461  0.24244436755133431
  0.25260923248412442  0.26241724820274576  0.27180792412165522  0.28090670084204633
  0.29305764846347737  0.31305671672197705  0.33238625184268306  0.35587377584104135
  0.37379873418474563  0.38204979099200426  0.38823418882205712  0.39153151035182199
  0.39273699910929533  0.39391603429357624  0.39605059503747997  0.40049612077816710
  0.40857885440366398  0.42074917177398746  0.43144912119202983  0.44053153803883038
  0.45059785608109548  0.46425521369592054  0.48131256845725207  0.49724172591518667
  0.51154252642483167  0.52148796075937842  0.52976736668166891  0.54014120043025660
  0.55061321612055547  0.55716517700387891  0.56254403104839790  0.56682976782900085
  0.57138389709844695  0.57563504270565202  0.57994660781801688  0.58315036002608134
  0.58802411759093121  0.60104615186904664  0.61743825162191557  0.63107431501931133
  0.64101881031286356  0.65165814093884489  0.66550955409228441  0.68060769428644530
  0.69659915552837792  0.72014168464038442  0.74920267850000277  0.77362802863360713
  0.78459691160110268  0.79145535343621642  0.79550329943649556  0.79955124543677480
  0.80347397972039813  0.80727776737211621  0.81111650958820403  0.81538715612390755
  0.82096204098627623  0.83945793806573299  0.85212044913166995  0.85837690475312056
  0.86424660144390741  0.87015931960401294  0.87469222532658275  0.88746658865322570
  0.89808912751108316  0.90578369241992740  0.91097105446264581  0.91584544605706408
  0.92141115969911214  0.92660162143237501  0.93487410980928942  0.94342070984014981
  0.95567434831254472  0.97054412762710374  0.98464831310856227  1.00000000000000000
 -0.00366368991231172  0.01800666769194614  0.03059443337431097  0.03841102296356333
  0.04567667722411164  0.05367651338093193  0.06346829779895710  0.07068677852250561
  0.07538418103009506  0.07821906547322720  0.08042247274012516  0.08268618666990084
  0.08499129628442670  0.08741112042338461  0.08993939632416383  0.09485216948083419
  0.10525789389504113  0.11693200719943433  0.12656887177459553  0.13523603836991896
  0.14259875863468136  0.14586423385920544  0.15040677651609718  0.15519229661846190
  0.16076665771308649  0.16980202425348248  0.17507799713821909  0.18052059931014311
  0.18632948513511613  0.19280151093323808  0.20045315243023440  0.20940480489701399
  0.21561807158157612  0.22162228626358557  0.22871762279185448  0.23689587865759706
  0.24621637783026545  0.26001536370358302  0.27339893355313366  0.28747991827211827
  0.30521210042261215  0.32332307740974320  0.34156872065740529  0.36168066902380036
  0.38482257538032266  0.40321643169720423  0.41659678170870967  0.42756833492049956
  0.43900904763055676  0.45216854759576897  0.46518529969280664  0.47628473410967814
  0.48670103933535119  0.49620563618708768  0.50675374446529187  0.52244603698500192
  0.54048066999566691  0.55251715267520018  0.56399378840817860  0.57494895557386072
  0.58608319117032082  0.59884283320266174  0.60893918577104666  0.61788884388996135
  0.62648562545932385  0.63540528726998258  0.64389331669103911  0.65896586156116610
  0.66880259515298968  0.67762473026399872  0.68492360081515202  0.69343316869306437
  0.70219763827479120  0.72306092583062676  0.73853197452869257  0.74536427784910508
  0.74823951928764509  0.75100268227373712  0.75507579319635321  0.76121759187654592
  0.76574681445284598  0.77158859279890768  0.77577314381271678  0.78123604388718304
  0.78955657176680982  0.80157087255204373  0.82413027963802676  0.85186731219561118
  0.87711220450484761  0.89941581024067396  0.92113584069769350  0.94220970661748205
  0.96355628511639546  0.97958002005272693  0.99109708302332400  1.00000000000000000
 -0.00342207691799185  0.01024663976889890  0.02246994408848704  0.03271686198390031
  0.04510550759145959  0.06339496533632837  0.08584288501409902  0.10954893874815759
  0.13288380453790910  0.15062608000939670  0.16402548909193607  0.17819134655047031
  0.19263714370297272  0.20226037230673874  0.21027692153108782  0.21795366739725258
  0.22611450377443654  0.23433265817991736  0.24118589536183485  0.25324749912359890
  0.26582911797356606  0.27852595627686572  0.29735947053269385  0.30408784454935661
  0.31308239184999148  0.31976522470840829  0.32453563382773687  0.32873923804662430
  0.33310293198105873  0.33879708768662331  0.34665031425468990  0.34940883476389900
  0.35190400959192575  0.35447982586842436  0.35784929128365894  0.36349673147402506
  0.37274777519197749  0.38548403304969431  0.40161376462101350  0.42429325483224989
  0.45306263881185471  0.47176284004097335  0.48383472907808256  0.49499476242174756
  0.50745422394913287  0.51560060001559105  0.52278252485134558  0.52916831682901389
  0.53464801820118246  0.53892981158327291  0.54323494344572576  0.54757889111212554
  0.55215482316314179  0.55698926427056450  0.56527088321560293  0.57729837704073772
  0.59047553047084533  0.60932280832002605  0.63035945880561539  0.64981479494056060
  0.65827776694406548  0.66834620762368835  0.68486407516454406  0.69193199777471048
  0.69525975391108130  0.69906356571633577  0.70412452567765627  0.70810044156598806
  0.71320738199503197  0.72001124865501054  0.72734573209589348  0.73518511815289400
  0.74053698179060279  0.74383830960322961  0.74523129228142049  0.74906831432990806
  0.75417272707068728  0.76151764423456558  0.77380341329934421  0.79340132056556656
  0.81383266557757739  0.83428617844768460  0.85067529336336878  0.86518164102146466
  0.87980814297200305  0.89130976644730142  0.89712004156356362  0.90068984345892844
  0.90508302227842619  0.91046017785646738  0.91830104564843440  0.93035275645444460
  0.94758252780888519  0.96666844276936670  0.98213865020397528  1.00000000000000000
 -0.00158023484848494  0.00539138674444838  0.01038128820908527  0.01537701603768771
  0.02037549261449866  0.02556876357821160  0.03146425739261011  0.04064139379917708
  0.05050289419237607  0.06384217426262587  0.07781918197609261  0.09195895034583922
  0.10090811027781110  0.10870252104532462  0.11635743729545120  0.12494339343707130
  0.13898033200441454  0.15368566234475975  0.16651811892737794  0.17682318845443584
  0.18836840533955482  0.19145649758540625  0.19533486148457616  0.19946774639844853
  0.20395563813484777  0.20849091000950837  0.21498845262558150  0.22613405341345816
  0.23295012498658890  0.24000401039881600  0.24807110522827874  0.25730069422790974
  0.26697518942773923  0.27712928069857562  0.28759589829115384  0.29677442093923950
  0.30393630616196471  0.31048728649572499  0.31852411088184834  0.32782889095937540
  0.33553095854118237  0.34402911967165817  0.34977564304268194  0.35581690553311501
  0.36250501782034311  0.36909544132292599  0.37554138769620804  0.38545449359680206
  0.40094553232083502  0.41888753499822817  0.43730902474070898  0.45218276764374232
  0.46539315370906359  0.47954999340187371  0.49581107863349566  0.51337522291275195
  0.52981533514486190  0.54683289841880434  0.56624171633523668  0.59198551365209684
  0.61625120602518602  0.63643803154015544  0.65456978138866051  0.66968110609029208
  0.67508375531789688  0.68068723887768257  0.68590758110272521  0.69096863788158958
  0.69573266880960694  0.70921949749298974  0.72540045167860123  0.73894044480235066
  0.75198063199727117  0.76606933256723087  0.78042806050044433  0.79657674994574545
  0.81194267045761603  0.82931630149446933  0.84548759070994239  0.85604700822264357
  0.85963379193965317  0.86294183635827770  0.86637667587504141  0.86997781181989087
  0.87300877467970273  0.88011907297363812  0.88748107145401967  0.89356666432859144
  0.90137477917427211  0.90953781102799069  0.92192208078589133  0.93747744379321840
  0.94902716425290834  0.96194918042085897  0.97652570852065645  1.00000000000000000
 -0.00939185786157330  0.02758214418761707  0.05673098415822866  0.07833809279074828
  0.09850629614097828  0.11738488689157131  0.12987810683384624  0.13914874798702678
  0.14820559839147573  0.15671766071049573  0.16642055192905086  0.17850770652542453
  0.19313607794322368  0.20568063811323378  0.21422077564239089  0.22299414987240887
  0.23230420650593081  0.24423266347332351  0.25864681494611308  0.27259195029317151
  0.28786923283082383  0.30374113029147248  0.31807334459701248  0.33154348574499781
  0.34005949027002574  0.34673122948651508  0.35696730705954427  0.36356228162116527
  0.37410508149165633  0.38402749932283792  0.39007256139124985  0.39480522985681782
  0.40186144531704260  0.40919856134298355  0.41501342018839926  0.42232809866892873
  0.43405630329877376  0.45060053201128458  0.46719773319730723  0.47980833228401787
  0.49183237298544152  0.50955155212571401  0.52488171229399272  0.53214867351216244
  0.53953797612952992  0.54302113277153152  0.54491834477835133  0.54661250349254387
  0.54823331411204057  0.54987163843820031  0.55151582182093828  0.55695425547696165
  0.56665866346997995  0.57485607004414241  0.58083167302610683  0.58482917732296780
  0.58918232337843834  0.59690833233631169  0.60603945515948010  0.62063919468458606
  0.64018220639874723  0.65783372785997785  0.66466192355008824  0.67139316168020324
  0.67549259378087523  0.68005599488729995  0.68649083401091560  0.69336450807328520
  0.69954619272901741  0.70546390566928419  0.71117179717539936  0.72129983460897207
  0.73869494253831702  0.75455582794822162  0.76730501895440884  0.78079251989845710
  0.79358678828413609  0.80322519290470551  0.80984990805280865  0.81550280326181679
  0.82324253290872718  0.83466083589574869  0.84357894534466249  0.85182106463027907
  0.86112715457616495  0.86859095982169299  0.87309656440849359  0.87804573059699997
  0.88334354814366167  0.89469529043096807  0.91167238377488247  0.93075631542093906
  0.94733846192686000  0.96291645668391646  0.97945215780773076  1.00000000000000000
 -0.00224300573505277  0.01735344361123643  0.03110704927144293  0.04136855176389774
  0.05291066813808127  0.06935751282530581  0.08683188739201672  0.10829750269208105
  0.12172589198041980  0.13603966961530356  0.15893948523069137  0.18810470317337644
  0.21313705887442141  0.22868542990308921  0.23555468072214117  0.24260035772924968
  0.25178502351078730  0.26342629324641614  0.27428024695083952  0.28344269170360403
  0.29106209685730122  0.29812445491618322  0.30466644680552424  0.31059881000054240
  0.31600322929536323  0.31937040483026397  0.32135341652267663  0.32708317020225758
  0.33184037262588734  0.33672269820037448  0.34307574777599037  0.35522093118972775
  0.37476225544946623  0.40248714649527195  0.43687401577589369  0.46030853178092751
  0.46972324325826792  0.47626878312827209  0.48314742730838944  0.49031984417505731
  0.49942781320203705  0.50893086776593743  0.51758258951352232  0.52561412238832472
  0.53613780612142148  0.54732698174985983  0.55918224748056700  0.57752830154247237
  0.59979711029669092  0.62053964855182320  0.64067556357949551  0.65994557452459557
  0.67683082490487334  0.68917913669647646  0.69924094135491288  0.70806505632499728
  0.71685732959893744  0.72421799443637935  0.73234156007135875  0.74417804139146382
  0.75695804072789596  0.76813495983670799  0.78070502453508106  0.79635677176882635
  0.80368512194849873  0.80947378894611222  0.81440487649416982  0.81873690724969062
  0.82261391432983311  0.83337332744552017  0.84596834043899460  0.85932117377596007
  0.87324483946434006  0.87741623727426898  0.88210567210346635  0.89062937555949928
  0.89701994090890957  0.90309394021192679  0.90935933651485024  0.91841025137756360
  0.92810880383330341  0.93380612214262049  0.93745011288846847  0.94083320256912584
  0.94309060060970640  0.94534799865028685  0.94826451918358934  0.95128844078247110
  0.95391072926173770  0.95627465590612071  0.95936596098369020  0.96140724693404789
  0.96327513368470508  0.97081902250961027  0.98515643397998287  1.00000000000000000
 -0.00292503140594943  0.01591369594027774  0.03451217580986421  0.05338009431439476
  0.07174451676999502  0.09119528462036927  0.11070528576136957  0.12989439270627920
  0.14939473245394347  0.16607262902049583  0.17508895791848134  0.18410528681646685
  0.19367039649350742  0.20329417540985376  0.21301345171384348  0.22275472161989421
  0.23687274009575146  0.24679986996475586  0.25746102902520979  0.26529866776978372
  0.27753734982614464  0.28327824608888602  0.28872527612324633  0.29559059162453505
  0.30216950218021160  0.30805089172536931  0.31351226934871818  0.31981775130031692
  0.34110732984622755  0.36244709823278792  0.38469379654762470  0.39455958278986214
  0.40351684418075123  0.41130066358123651  0.41702757990228401  0.42152545062929747
  0.42783075346376054  0.44130932451246485  0.44972613049860893  0.45556132995355336
  0.46209831243619254  0.46942277401065213  0.47595069582932331  0.48429390684680534
  0.49901018541760661  0.51566928458807837  0.52709915812057129  0.53906849774847565
  0.54972201256922504  0.56151652180341738  0.57536851520537768  0.59291438893826687
  0.60743018119910086  0.62600577164265025  0.64951189702471601  0.67766288404757802
  0.70724994332595004  0.72781563989047549  0.74227156679344730  0.75366119300401524
  0.76329636011075674  0.77262697146776205  0.78113731197533809  0.78976354919360747
  0.79872779505690672  0.80774649579004021  0.81751922712639657  0.82935015942814128
  0.83985300926620665  0.84921233575103505  0.85865456031056975  0.86601898840336533
  0.86990414428968721  0.87419802004335712  0.87718913693779643  0.87967682770179012
  0.88290174758924278  0.88613409656105002  0.88997930479481790  0.89623960354668275
  0.90280709359800626  0.91119343084076287  0.91568718901197343  0.91937969819560805
  0.92233727952336741  0.92408697894421732  0.92708290340730370  0.93033976812891694
  0.93584408664359764  0.94916477118656106  0.95535677335386093  0.96176459703534567
  0.96681828956079163  0.97168328807859727  0.97923637808462183  1.00000000000000000
 -0.00010217255774142  0.02489932009251506  0.04677697820379915  0.07081349433440162
  0.09911134376693886  0.11373644513701589  0.12768473363156843  0.14179944779240689
  0.15469380761069490  0.16821246005991414  0.18545955858726043  0.20261375058132333
  0.21697156216871608  0.22866390335446740  0.23771806587421684  0.25100576690975829
  0.26227639989040680  0.27229882601853234  0.28396632147926998  0.29627425001208102
  0.30742009443283980  0.31812905632532323  0.32768122707926278  0.33690510838524590
  0.34917583457647561  0.36111221490826018  0.37261351917464908  0.38571211669454847
  0.39763012599155639  0.40364231037251325  0.40726393199167960  0.41194238360194491
  0.41785874622262742  0.42558198480490850  0.43151455498934499  0.43698791829896794
  0.44254139164514267  0.44613491279682443  0.44936631297861018  0.45351288906927595
  0.46593609419811033  0.48421179318397795  0.49722417266144614  0.51024670453069720
  0.52186747591088611  0.53605215761143543  0.55729462924425777  0.57306939238159871
  0.58298714860258816  0.59263874780090353  0.60412878527665603  0.61425126288965992
  0.62162560550501433  0.62914726810358135  0.64310600936418716  0.65985480076837910
  0.67633523268959783  0.68212483757816822  0.68612606873113502  0.69026351796796859
  0.69844435919949766  0.71237719419722234  0.72468772819474814  0.73296200314665472
  0.74114243853500139  0.74912468518620823  0.75673914346847215  0.76372510559317908
  0.77170705712966570  0.78029201055937758  0.78734357211517536  0.79309408478406762
  0.80004350848496120  0.80692606753578189  0.81602746311194574  0.83016879381294928
  0.84262969907286489  0.84972491533099614  0.86108499142664097  0.87477279043289580
  0.89502261853683385  0.90810321861503907  0.91622559562284134  0.92513078635848467
  0.93141977751646088  0.93566959909037051  0.93983432151183932  0.94362895379164591
  0.94676850368325793  0.94878280628984668  0.95180662513364478  0.95636361306473983
  0.96117980093760591  0.97395050457323740  0.98596491619440774  1.00000000000000000
 -0.00434589596280261  0.02083244709940404  0.04324377366779054  0.06742713005279678
  0.08979687568171489  0.10774753837780673  0.12515682156935162  0.14394467210866763
  0.16618280040578656  0.18248900457835335  0.19056333845128406  0.19563847647169880
  0.20352283595377915  0.21304757545534794  0.22101731196101693  0.22987652108670992
  0.23944695681161954  0.25010733511878469  0.26198049334408824  0.27474281770588438
  0.28573591136203058  0.29540684818170582  0.30725683596950820  0.32126372332983721
  0.33570956036218974  0.34937738712892785  0.36045925761125969  0.36876633819921428
  0.37673920513885156  0.38341191388651419  0.38989080249642466  0.39690930778909711
  0.40347242796848903  0.40832157546628794  0.41238372365634068  0.41501890106895911
  0.41738177901167417  0.42016521336451235  0.43015550859051560  0.44683576340232972
  0.45759157324285499  0.46959181879786360  0.47543173480196543  0.47877779734297904
  0.48353595714621872  0.49051628847583201  0.49713609986374424  0.50312734026260864
  0.50920204409354153  0.51605948619681430  0.52201415565876108  0.52702620229788832
  0.53915553041244968  0.55681097058161244  0.57722951779771914  0.58411151581566456
  0.58987070417486154  0.59474762944344084  0.59957424110636925  0.60314454869932688
  0.60703623693465247  0.61685363027991680  0.62710215571657124  0.63925332474608898
  0.65451045385509532  0.67323411653798015  0.68792629210732525  0.69670935453722715
  0.70692587700657161  0.71662016318165200  0.72740027657969264  0.73786828712508989
  0.74963694504873335  0.76090679752833357  0.77363227923128053  0.78673501286150338
  0.79840760271763966  0.80963302484792654  0.82397094831078110  0.83613580732855708
  0.84728271063505600  0.85615241539246745  0.86379426344652022  0.87007508726776295
  0.87593831889258456  0.88137805880236353  0.89062302038070051  0.90765033885099089
  0.92836028401038950  0.94809658960701326  0.95676836257719833  0.96328790367040096
  0.96922898990897610  0.97615890823073959  0.98417866407901178  1.00000000000000000
 -0.00849459210861005  0.04559107420564599  0.07768422410446134  0.09199327897606650
  0.09809329478439990  0.10405956555536942  0.10998721185474557  0.11189987128784888
  0.11468406324739751  0.11861230499805271  0.12223280536608672  0.12730036510255954
  0.13291720276039354  0.14816015650801018  0.16622857333454577  0.18572748919819856
  0.20729320487452352  0.23129466281312380  0.25041574868517746  0.25888064516314957
  0.26756113417915633  0.27786097095134338  0.28816080772353042  0.29912149317851322
  0.31010513298168041  0.33225446229802280  0.34846800637261827  0.36460028570972092
  0.37845743216514494  0.38984788841106399  0.39843428726857727  0.40781488857873549
  0.42149362525975803  0.43881185406693268  0.44816179171309356  0.45404895596274003
  0.46162914018546042  0.46889251301610618  0.47545136524990955  0.48323050944733531
  0.49119199308709033  0.49929637761794854  0.51672084069483415  0.53409717091828324
  0.55110625338200392  0.56553516808991211  0.57701992671671343  0.59239629000947691
  0.61044511877047980  0.62373139813731404  0.63674476872391106  0.65373664036468659
  0.66955800158354195  0.67920614909734223  0.68582782674676468  0.69188510738460218
  0.69675568765500362  0.70157729664299229  0.70822961371882898  0.71624294892650364
  0.72842125117761913  0.74454162934999024  0.75982719712006397  0.77158471015593866
  0.78040367517086540  0.78996158660312676  0.80050603070719928  0.80341250429002986
  0.80627572375011858  0.80949566445180932  0.81267618945532516  0.81504943239639793
  0.81694624626638435  0.81869833763941202  0.82066893762175031  0.82529177069580739
  0.84097423859576725  0.85862358038575626  0.87113939752577174  0.88270880020333176
  0.89388985259527642  0.90475510433313477  0.91479636273847076  0.92245020281379120
  0.92954875114328073  0.93677085810186211  0.94348648136431512  0.95100767866139768
  0.95796373380755895  0.96452084883791445  0.97100228802409871  0.97787004505335307
  0.98478351011459431  0.99029083666763618  0.99523201801732475  1.00000000000000000
 -0.00150164534615809  0.00611773127249886  0.01535848309165136  0.02398081035854593
  0.03167074043031026  0.03691457863112970  0.04295912463557339  0.05270341253759732
  0.06250285896698196  0.07472552083153447  0.08562585646466908  0.09585979455925125
  0.10700513436069413  0.12142770365863197  0.13393752840363285  0.14520729367730972
  0.16304372401460601  0.17495846232254733  0.18566336284974364  0.19402620303892440
  0.20316573569740887  0.20916323654354707  0.21565632340719015  0.22307491083336786
  0.23235954350012220  0.24338649016447886  0.25315455372190082  0.26017101435451834
  0.26897447889145065  0.27681653770417042  0.28197594750749527  0.28724145132121609
  0.29308030901174370  0.30031791314047640  0.31293934094925047  0.32599693717830747
  0.33846016135765133  0.35212934213028063  0.36310960757766525  0.37206348822633750
  0.38448149891532957  0.39580748592967363  0.40523304477936506  0.41307213652882124
  0.42415800661194775  0.43923081360235200  0.45491568347783207  0.46804986606320426
  0.48359827605845329  0.50535237458871995  0.52551954032238679  0.54330629430749378
  0.55834123648895273  0.56718845646870564  0.57314615703031357  0.57885044914962736
  0.58380058640432952  0.58818828780056376  0.59662187669205913  0.60384724324318850
  0.60964735043112994  0.61401777378806355  0.62095659929319180  0.62839199921505962
  0.63490300323534066  0.64174607069192113  0.64968937553439765  0.66043478147015100
  0.67392066718285393  0.68578408513403799  0.69643385490256482  0.71194557383985169
  0.72551330898350030  0.73615063222079014  0.74312479091677719  0.74916586626811776
  0.75621468548935067  0.76356479716881376  0.77166916790595463  0.78013568296074454
  0.79390908924138748  0.81867198745773395  0.84626652721804363  0.86641381303721376
  0.87741207718171121  0.88950691696488116  0.90385486947358640  0.91420912037335955
  0.92286471606127995  0.93416920381454782  0.94338708703706553  0.95104112343654990
  0.95987999167865834  0.97154651124404834  0.98319188642814936  1.00000000000000000
  0.01138618145570284  0.17390866070167166  0.22582900897519217  0.26388293617622177
  0.28324745100950943  0.29414778514714723  0.30224147423818082  0.31015884344765188
  0.31738678056542746  0.32361013412028949  0.33162697568288868  0.33794540980520732
  0.34665731624078538  0.35634300129802166  0.36584539742450145  0.37519662568000928
  0.38159156074618467  0.38631838180568445  0.39120274856271597  0.39618145081580880
  0.40122140730430988  0.40630002542649135  0.41343874194174818  0.42187613814268971
  0.42923715043310467  0.43547511796303684  0.44140255787951244  0.44656291180058288
  0.45114415308075306  0.45564336360765867  0.46133788807380499  0.46716822867861568
  0.47307060051890787  0.48018573659534713  0.48691180940069384  0.49225715630666161
  0.49704544804687290  0.50294049735741120  0.50843118987987346  0.51359858946311798
  0.51857240265083171  0.52495134332258842  0.53238278398482253  0.53885303527814210
  0.54199193820668856  0.54439249437959270  0.54558771229391756  0.54681110764791652
  0.54806630687963587  0.55157999434523541  0.55466293856136173  0.55722747623997992
  0.55935373318606929  0.56149105743830563  0.56359709329643259  0.56802578622971822
  0.57412543954432560  0.57601979390984848  0.57724919561021326  0.57851670493384888
  0.58011264077662272  0.58205068722335740  0.58526262538700957  0.58859632575150878
  0.59161695699817374  0.59790819301629705  0.60583591593738073  0.61246366611216585
  0.61799474893243600  0.62367502939523056  0.63237670712326910  0.64103350512196722
  0.64867272609238069  0.65445276027685573  0.66071510864907657  0.66738489842544524
  0.67220330941581041  0.67723718448512327  0.68354282596202320  0.69192782084901683
  0.70339699337980355  0.71312886242305984  0.71768448855914524  0.72187971233120729
  0.72379122056712719  0.72638178174854140  0.73117434362673572  0.73642939145778408
  0.74051120315905739  0.74636521685397494  0.75686757916303304  0.77939952035198790
  0.81291675903019645  0.84979521169256655  0.89212307929092871  1.00000000000000000
 -0.02724176848607272  0.14627290625599579  0.20927314933321206  0.24847518881794581
  0.29750823541797156  0.32763783397391139  0.34447597309357070  0.35972689516250222
  0.36512296380647075  0.36857136022671472  0.37082146358632201  0.37281712508386017
  0.37638175406537266  0.38101459103181973  0.38524696483162363  0.38905200982918359
  0.39470939360114926  0.40914663050798816  0.42517638591549367  0.43413365591012459
  0.44179617592577342  0.44814211201462123  0.45275311968371906  0.45648667484860622
  0.45988357303075922  0.46418008156150581  0.47000299099613940  0.47565301693028239
  0.48112300890514464  0.48736994704595921  0.49370434339121871  0.49950032142085293
  0.50317903903015015  0.50604642263369226  0.50771997828517923  0.50953014510238426
  0.51151500953484175  0.51401666342825747  0.51684280034304464  0.52138422273297302
  0.52574882525870581  0.52917708662334262  0.53185496201602811  0.53383928415691717
  0.53601117973613843  0.53846157369040681  0.53970979412101694  0.54015958106726769
  0.54075497789026494  0.54177663582448499  0.54337294790408763  0.54826877906692395
  0.55623019571294230  0.56453838741382389  0.57223376310697616  0.57938053681411494
  0.58605078840992131  0.59270526491016706  0.60016214777892463  0.60783427575563753
  0.61535641270307939  0.62260357278328138  0.63027044761009732  0.63971889929077075
  0.64952129664103220  0.65843115618912806  0.66575990247961725  0.67018621899238895
  0.67430666474219414  0.67798906546512616  0.68179235360409329  0.68569321361076929
  0.69166905761677111  0.70020583096902167  0.70768386012737960  0.71369288124017860
  0.71987974458638671  0.72644958275118110  0.73308786765686540  0.74049285230769468
  0.74789783695852385  0.76177384514138158  0.77221919103883019  0.77815183769326723
  0.78255202277906344  0.78656182862634916  0.79054409176822671  0.79480932236599222
  0.80124027404171660  0.81206634292095015  0.82371393403432291  0.83527785343665495
  0.85248158610898661  0.87758949100460781  0.92581447391172544  1.00000000000000000
   2.6428674540116455E-017  -1.0000000000000000     
 T F F F F F F F F F F F F F F F F F F F T F F F T F F F F F F F F F F F T F F F T F F F F F F F F F F F F F F F F F F F T F F F F F F F F F F F F F F F F F F F F F F F F F F F F F F F F F F F F F F F F F F F F F F F F F F F F F F F F F F F F F F F F F F F F F F F F F F F F F F F F F F F F F F F F F F F F F F F F F F F F F F F F F F F F F F F F F F F F F F F F F F F F F F F F F F F T F F F F F F F F F F F F F F F F F F F T F F F T F F F F F F F F F F F T F F F T F F F F F F F F F F F F F F F F F F F T F F F T F F F F F F F F F F F F F F F F F F F T F F F T F F F F F F F F F F F T F F F T F F F F F F F F F F F F F F F F F F F T F F F F F F F F F F F F F F F F F F F F F F F F F F F F F F F F F F F F F F F F F F F F F F F F F F F F F F F F F F F F F F F F F F F F F F F F F F F F F F F F F F F F F F F F F F F F F F F F F F F F F F F F F F F F F F F F F F F F F F F F F F F F F F F F F F F T F F F F F F F F F F F F F F F F F F F T F F F T F F F F F F F F F F F T F F F T F F F F F F F F F F F F F F F F F F F T F F F
  <DiscreteSampler_grid>
  grouped_processes
  1 # 1 for a reference and 2 for a running grid.
  10 # Attribute 'min_bin_probing_points' of the grid.
  1 # Attribute 'grid_mode' of the grid. 1=='default',2=='initialization'
  0.0000000000000000 # Attribute 'small_contrib_threshold' of the grid.
  0.5000000000000000 # Attribute 'damping_power' of the grid.
 # binID   n_entries weight   weight_sqr   abs_weight
    16   10   9.089230946310332E-016   4.868452141484569E-030   9.089230946310332E-016
    17   10   9.089230946308934E-016   4.868452141482636E-030   9.089230946308934E-016
    19   10   5.700458020100691E-016   1.492540386956978E-030   5.700458020100691E-016
    20   10   5.700458020100422E-016   1.492540386956867E-030   5.700458020100422E-016
    22   10   2.998258962735078E-015   3.481619160064135E-029   2.998258962735078E-015
    23   10   2.998258962735075E-015   3.481619160064212E-029   2.998258962735075E-015
    28   10   1.024339532535138E-014   8.959585517820573E-028   1.024339532535138E-014
    29   10   1.024339532535106E-014   8.959585517820025E-028   1.024339532535106E-014
    31   10   1.120735668412847E-014   9.744557485476531E-028   1.120735668412847E-014
    32   10   1.120735668412824E-014   9.744557485476096E-028   1.120735668412824E-014
    34   10   1.140883950795930E-014   1.012280475220757E-027   1.140883950795930E-014
    35   10   1.140883950795906E-014   1.012280475220711E-027   1.140883950795906E-014
    40   10   9.089230946310336E-016   4.868452141484574E-030   9.089230946310336E-016
    41   10   9.089230946308932E-016   4.868452141482634E-030   9.089230946308932E-016
    43   10   5.700458020100695E-016   1.492540386956980E-030   5.700458020100695E-016
    44   10   5.700458020100423E-016   1.492540386956867E-030   5.700458020100423E-016
    46   10   2.998258962735074E-015   3.481619160064128E-029   2.998258962735074E-015
    47   10   2.998258962735076E-015   3.481619160064216E-029   2.998258962735076E-015
    52   10   1.024339532535138E-014   8.959585517820573E-028   1.024339532535138E-014
    53   10   1.024339532535105E-014   8.959585517820024E-028   1.024339532535105E-014
    55   10   1.120735668412847E-014   9.744557485476524E-028   1.120735668412847E-014
    56   10   1.120735668412824E-014   9.744557485476110E-028   1.120735668412824E-014
    58   10   1.140883950795930E-014   1.012280475220758E-027   1.140883950795930E-014
    59   10   1.140883950795906E-014   1.012280475220712E-027   1.140883950795906E-014
    64   10   9.089230946310342E-016   4.868452141484573E-030   9.089230946310342E-016
    65   10   9.089230946308932E-016   4.868452141482644E-030   9.089230946308932E-016
    67   10   5.700458020100701E-016   1.492540386956987E-030   5.700458020100701E-016
    68   10   5.700458020100426E-016   1.492540386956867E-030   5.700458020100426E-016
    70   10   2.998258962735085E-015   3.481619160064156E-029   2.998258962735085E-015
    71   10   2.998258962735078E-015   3.481619160064229E-029   2.998258962735078E-015
    76   10   1.024339532535139E-014   8.959585517820585E-028   1.024339532535139E-014
    77   10   1.024339532535106E-014   8.959585517820025E-028   1.024339532535106E-014
    79   10   1.120735668412847E-014   9.744557485476535E-028   1.120735668412847E-014
    80   10   1.120735668412823E-014   9.744557485476081E-028   1.120735668412823E-014
    82   10   1.140883950795930E-014   1.012280475220758E-027   1.140883950795930E-014
    83   10   1.140883950795904E-014   1.012280475220710E-027   1.140883950795904E-014
    88   10   9.089230946310342E-016   4.868452141484576E-030   9.089230946310342E-016
    89   10   9.089230946308930E-016   4.868452141482644E-030   9.089230946308930E-016
    91   10   5.700458020100701E-016   1.492540386956987E-030   5.700458020100701E-016
    92   10   5.700458020100433E-016   1.492540386956872E-030   5.700458020100433E-016
    94   10   2.998258962735086E-015   3.481619160064159E-029   2.998258962735086E-015
    95   10   2.998258962735079E-015   3.481619160064232E-029   2.998258962735079E-015
    100   10   1.024339532535138E-014   8.959585517820582E-028   1.024339532535138E-014
    101   10   1.024339532535105E-014   8.959585517820018E-028   1.024339532535105E-014
    103   10   1.120735668412847E-014   9.744557485476535E-028   1.120735668412847E-014
    104   10   1.120735668412824E-014   9.744557485476092E-028   1.120735668412824E-014
    106   10   1.140883950795930E-014   1.012280475220758E-027   1.140883950795930E-014
    107   10   1.140883950795905E-014   1.012280475220711E-027   1.140883950795905E-014
    112   10   3.188776925865909E-014   8.095004878278404E-027   3.188776925865909E-014
    113   10   3.188776925865759E-014   8.095004878277823E-027   3.188776925865759E-014
    115   10   5.600966139793093E-014   2.335180832191308E-026   5.600966139793093E-014
    116   10   5.600966139792799E-014   2.335180832191145E-026   5.600966139792799E-014
    118   10   5.707797910773719E-014   2.366663966116496E-026   5.707797910773719E-014
    119   10   5.707797910773425E-014   2.366663966116331E-026   5.707797910773425E-014
    124   10   1.707484275497982E-014   2.734905101175722E-027   1.707484275497982E-014
    125   10   1.707484275497655E-014   2.734905101174637E-027   1.707484275497655E-014
    127   10   4.456150670221880E-014   1.923478086518113E-026   4.456150670221880E-014
    128   10   4.456150670221064E-014   1.923478086517399E-026   4.456150670221064E-014
    130   10   4.494458610970423E-014   1.918933138362027E-026   4.494458610970423E-014
    131   10   4.494458610969614E-014   1.918933138361320E-026   4.494458610969614E-014
    136   10   3.188776925865907E-014   8.095004878278395E-027   3.188776925865907E-014
    137   10   3.188776925865757E-014   8.095004878277817E-027   3.188776925865757E-014
    139   10   5.600966139793091E-014   2.335180832191306E-026   5.600966139793091E-014
    140   10   5.600966139792802E-014   2.335180832191147E-026   5.600966139792802E-014
    142   10   5.707797910773719E-014   2.366663966116496E-026   5.707797910773719E-014
    143   10   5.707797910773428E-014   2.366663966116334E-026   5.707797910773428E-014
    148   10   1.707484275497981E-014   2.734905101175715E-027   1.707484275497981E-014
    149   10   1.707484275497653E-014   2.734905101174632E-027   1.707484275497653E-014
    151   10   4.456150670221875E-014   1.923478086518110E-026   4.456150670221875E-014
    152   10   4.456150670221064E-014   1.923478086517397E-026   4.456150670221064E-014
    154   10   4.494458610970423E-014   1.918933138362027E-026   4.494458610970423E-014
    155   10   4.494458610969611E-014   1.918933138361315E-026   4.494458610969611E-014
    160   10   3.188776925865909E-014   8.095004878278404E-027   3.188776925865909E-014
    161   10   3.188776925865760E-014   8.095004878277831E-027   3.188776925865760E-014
    163   10   5.600966139793093E-014   2.335180832191308E-026   5.600966139793093E-014
    164   10   5.600966139792798E-014   2.335180832191144E-026   5.600966139792798E-014
    166   10   5.707797910773718E-014   2.366663966116495E-026   5.707797910773718E-014
    167   10   5.707797910773425E-014   2.366663966116331E-026   5.707797910773425E-014
    172   10   1.707484275497984E-014   2.734905101175725E-027   1.707484275497984E-014
    173   10   1.707484275497655E-014   2.734905101174639E-027   1.707484275497655E-014
    175   10   4.456150670221880E-014   1.923478086518113E-026   4.456150670221880E-014
    176   10   4.456150670221064E-014   1.923478086517397E-026   4.456150670221064E-014
    178   10   4.494458610970423E-014   1.918933138362027E-026   4.494458610970423E-014
    179   10   4.494458610969612E-014   1.918933138361317E-026   4.494458610969612E-014
    184   10   3.188776925865907E-014   8.095004878278395E-027   3.188776925865907E-014
    185   10   3.188776925865758E-014   8.095004878277823E-027   3.188776925865758E-014
    187   10   5.600966139793091E-014   2.335180832191306E-026   5.600966139793091E-014
    188   10   5.600966139792802E-014   2.335180832191147E-026   5.600966139792802E-014
    190   10   5.707797910773719E-014   2.366663966116496E-026   5.707797910773719E-014
    191   10   5.707797910773428E-014   2.366663966116334E-026   5.707797910773428E-014
    196   10   1.707484275497979E-014   2.734905101175712E-027   1.707484275497979E-014
    197   10   1.707484275497653E-014   2.734905101174632E-027   1.707484275497653E-014
    199   10   4.456150670221875E-014   1.923478086518109E-026   4.456150670221875E-014
    200   10   4.456150670221060E-014   1.923478086517395E-026   4.456150670221060E-014
    202   10   4.494458610970421E-014   1.918933138362026E-026   4.494458610970421E-014
    203   10   4.494458610969609E-014   1.918933138361315E-026   4.494458610969609E-014
  </DiscreteSampler_grid>
