 -0.00000051344708431  0.00000342219233867  0.00000534755268536  0.00000678359018513
  0.00000830940402380  0.00000954713620134  0.00001123756698477  0.00001343516665761
  0.00001473991955884  0.00001574102399062  0.00001663810028769  0.00001755093857744
  0.00001860019883006  0.00001965829962514  0.00002087672990476  0.00002184346361617
  0.00002264489689523  0.00002320187061739  0.00002345349397093  0.00002363178693777
  0.00002379485403043  0.00002395947661345  0.00002413243805766  0.00002453914323161
  0.00002505854586034  0.00002583122379114  0.00002678347061920  0.00002762239661600
  0.00002821374391323  0.00002857069953504  0.00002889193619309  0.00002911340549888
  0.00002930736339653  0.00002953054870994  0.00002984855220311  0.00003016119173835
  0.00003037680013928  0.00003090313354391  0.00003149241290419  0.00003207723998331
  0.00003268819666148  0.00003322827939068  0.00003364547493257  0.00003404777554890
  0.00003444620930721  0.00003484856006060  0.00003516480269436  0.00003543514968167
  0.00003564964481435  0.00003583256133069  0.00003603788661618  0.00003624090290590
  0.00003651708969236  0.00003982905639768  0.00005612514221138  0.00006356153781939
  0.00006408134295055  0.00006447960309888  0.00006487878104793  0.00006529894761785
  0.00006558974834910  0.00006588189368915  0.00006615411462311  0.00006641420015227
  0.00006667966175652  0.00006710749022840  0.00006768755866464  0.00006831164659095
  0.00006888611077227  0.00006932809786609  0.00006976826977808  0.00007037917605198
  0.00007101329067392  0.00007163726248801  0.00007246491655195  0.00007334555751250
  0.00007420043603887  0.00007536834005563  0.00007670664589796  0.00007843218492328
  0.00008136479055463  0.00008474948427499  0.00008814290823861  0.00009113940890438
  0.00009397466616778  0.00009715153478801  0.00010160410796570  0.00010864013671954
  0.00011799436424221  0.00012912534300686  0.00014350282518664  0.00016540145750250
  0.00022170113830725  0.00036364823237171  0.00205923493464052  1.00000000000000000
 -0.00001100958064476  0.00005779020406395  0.00008814484674216  0.00011348375715281
  0.00013569350820210  0.00015664428847767  0.00017199129139417  0.00018697934935072
  0.00020367303447097  0.00022092260696284  0.00023338792539319  0.00024191859754130
  0.00025136809912177  0.00026201907429479  0.00027131787674394  0.00028087118943295
  0.00029223944899461  0.00030255440161375  0.00031551633179766  0.00032485802877006
  0.00033149822880455  0.00033784513616164  0.00034537733979077  0.00035524068327512
  0.00036618697367128  0.00037526210877534  0.00038185078725876  0.00038680484333594
  0.00039202802889973  0.00039871143632379  0.00040818852515866  0.00041778352164430
  0.00042554207112964  0.00043486080044237  0.00044550717820672  0.00045817240923258
  0.00047166440021236  0.00047790025660608  0.00048428647272999  0.00048897152865055
  0.00049377060542555  0.00049966684812616  0.00050592353202635  0.00051100450938089
  0.00051679497910639  0.00052267495847622  0.00052792141992296  0.00053326414726652
  0.00054715690833584  0.00056194431444436  0.00057665280159846  0.00059179304251813
  0.00060791018524181  0.00062048907910459  0.00063145149757481  0.00064083962462785
  0.00064995818745728  0.00065781874402988  0.00066518783714281  0.00067741150625835
  0.00069041370919520  0.00070279935280748  0.00071648349936494  0.00073224756135478
  0.00074845254488735  0.00075989211814529  0.00077097174917250  0.00078207820572840
  0.00079317965478759  0.00080813949329319  0.00081793048130393  0.00083158831365947
  0.00084497024821528  0.00085361611134328  0.00086357165679459  0.00087660545317326
  0.00089498408117730  0.00091607288824296  0.00093827017132426  0.00095397842962926
  0.00096952208809857  0.00098376100457523  0.00100097301509637  0.00102411204754311
  0.00105384220134212  0.00109198677205935  0.00113309604239902  0.00116694939481233
  0.00119173399312458  0.00122553310399238  0.00127495233060059  0.00134405188761136
  0.00142031034052061  0.00159306642125263  0.00186513452444415  1.00000000000000000
 -0.00002629608923256  0.00051772986784215  0.00066833891033594  0.00072841386562070
  0.00078135425726162  0.00083578749606449  0.00088309578464173  0.00092621705933333
  0.00096404043449159  0.00100159312286807  0.00104247747002433  0.00107963527508067
  0.00111396601138252  0.00114527485924508  0.00117191585422797  0.00119240938039139
  0.00121205180672217  0.00123319311196575  0.00125017380778200  0.00126374294164783
  0.00127529632747515  0.00128725114169793  0.00129987310479276  0.00131293659908730
  0.00132718571812149  0.00134228529395731  0.00135391022744876  0.00136576332771260
  0.00137046177544901  0.00137543505463313  0.00137971564307788  0.00138668063664540
  0.00139150877883786  0.00139767445040795  0.00140353630892630  0.00140961010250229
  0.00142017833486884  0.00143893236169306  0.00145924033964941  0.00147951059847246
  0.00149970468548315  0.00151213360058621  0.00152360625129841  0.00153585852335911
  0.00154842337928830  0.00156396932427510  0.00157992087018741  0.00159486872593259
  0.00160613422907780  0.00161782940183893  0.00162954022920330  0.00164078150042076
  0.00165035534875189  0.00165934903138579  0.00167498190416128  0.00169062803925919
  0.00170503653077364  0.00171690341180692  0.00172877527511750  0.00174010869236956
  0.00175454830798792  0.00177569981157415  0.00179879702578441  0.00182057088488222
  0.00183895205787992  0.00185897754344132  0.00187579763403505  0.00189211430308396
  0.00190554331242149  0.00191533778386125  0.00192362064956853  0.00193221855747317
  0.00194121869112625  0.00195075478151323  0.00196134703288572  0.00197254221603265
  0.00198332654089002  0.00199352530985950  0.00200785769758123  0.00202308148282793
  0.00203365003194477  0.00204642234071670  0.00206134611981043  0.00207884839119126
  0.00210837234236012  0.00214126925900670  0.00217099390313240  0.00220322863656567
  0.00223994482886937  0.00227655589821590  0.00231307856691694  0.00235964200089398
  0.00241974144313386  0.00246016916793288  0.00250051776659697  1.00000000000000000
  0.00000025047806134  0.00000199009050915  0.00000546829992085  0.00000809301526976
  0.00000985286833445  0.00001124649929434  0.00001193927934761  0.00001253683981935
  0.00001306438786445  0.00001350476167161  0.00001381644804667  0.00001415866867415
  0.00001453407478606  0.00001495208305127  0.00001577011822246  0.00001691876220892
  0.00001811088998516  0.00001870802831414  0.00001926547049826  0.00002002214847689
  0.00002087714619300  0.00002164140756326  0.00002228933311727  0.00002294229212570
  0.00002404502953862  0.00002523801642882  0.00002631564042691  0.00002724100987818
  0.00002803121591291  0.00002888259602611  0.00002965309074784  0.00003024644174785
  0.00003071905941748  0.00003114874874266  0.00003157851405085  0.00003200239920514
  0.00003242957927415  0.00003294754204287  0.00003340857952340  0.00003385974257636
  0.00003432730322397  0.00003473893701154  0.00003514424516556  0.00003552643437896
  0.00003589733377096  0.00003626905672278  0.00003665687596794  0.00003704469521311
  0.00003849003300081  0.00004083657006950  0.00005371538196534  0.00006266524550051
  0.00006427791031178  0.00006499605900640  0.00006561979083807  0.00006618366282397
  0.00006671355314278  0.00006730231924112  0.00006787334322075  0.00006839500135240
  0.00006895548069783  0.00006941182217982  0.00006992543500006  0.00007041589314062
  0.00007089581706336  0.00007148008184189  0.00007226458049856  0.00007319573172329
  0.00007427416974913  0.00007546948373056  0.00007684527322924  0.00007828724362265
  0.00007975233771085  0.00008154151350756  0.00008350995472507  0.00008584451582354
  0.00008892241312092  0.00009379484557405  0.00009972103312858  0.00010609474069051
  0.00011382390514948  0.00012133776024338  0.00012796606085589  0.00013284781426922
  0.00013934505520616  0.00014677130789958  0.00015264139709647  0.00016046665021627
  0.00016991425979277  0.00017962133781679  0.00020812528197763  0.00024760547574695
  0.00031599118704254  0.00046164864071447  0.00168865713821802  1.00000000000000000
  0.01315269697896379  0.09190976609488620  0.10413086758160539  0.10997621371352062
  0.11373637501741479  0.11805578097619085  0.12462926179422795  0.13003029464462273
  0.13318833395317314  0.13614740588652999  0.13899632043707283  0.14165903599502294
  0.14597680518454156  0.15399307503759121  0.17207229186022380  0.18946506548765932
  0.20439990730317784  0.21723913581557885  0.22677388488666364  0.23453942578342293
  0.24192920208773766  0.25012370312078386  0.26361947791954932  0.27888982469149254
  0.29588361947938058  0.31338037914317962  0.32598685072902500  0.33833458562365082
  0.35007140087765565  0.36033424077790938  0.37345611144040253  0.38785846239158944
  0.40420876617102036  0.42028769165707508  0.43284107174394704  0.44529235032380976
  0.45885684823612194  0.46884870365284542  0.47316131025377789  0.47730970944204948
  0.48104240502857704  0.48401820255653055  0.48843094478053523  0.49501929514790871
  0.50204029906705294  0.50779866716859245  0.51735573733974294  0.52811002997052348
  0.53968864711345210  0.55368814818457113  0.56755775015872356  0.57775806652798800
  0.58723356434683771  0.59521081140942422  0.60095805949758829  0.60492149050836042
  0.60873807660238655  0.61295309038015977  0.61767684316064786  0.62452939854488088
  0.63262330992485760  0.64499184874976068  0.65592563232816781  0.66457271343820523
  0.67151196937225954  0.68010728716075497  0.69018861020925470  0.69781323012080054
  0.70572105528222506  0.71331633313855025  0.72137672743051340  0.73094800866305454
  0.74239731157953881  0.75572705292529219  0.76596218607674660  0.77441542099787686
  0.78490178141209754  0.79581681118707748  0.80714939512710504  0.81878891893567363
  0.83013287110857192  0.84066987586921060  0.85042872043293816  0.85953755249971397
  0.86902224291465080  0.88172164123366203  0.88804116335603456  0.89422306467762380
  0.90028147799057878  0.90460704154802851  0.91037723182441677  0.91927485123168950
  0.93324039365044997  0.95328999551645022  0.97228183074503638  1.00000000000000000
 -0.00066984041813747  0.00389329518353418  0.00684747676421217  0.01096294273175992
  0.01655202275367368  0.02160212558763680  0.02841746779571642  0.03986775984790311
  0.05515321633318927  0.06890783711202886  0.08229540535785380  0.09032003196671837
  0.09460545398606465  0.09942986679105227  0.10488219477765459  0.11131989322712692
  0.12430400417527052  0.14213440014623629  0.16452909718156233  0.18466066195584813
  0.20478653388203047  0.22485162518525623  0.24264524958187175  0.25660344310184957
  0.26843653512591298  0.27897000060725702  0.28882809781114993  0.29953969207883441
  0.31091456739453976  0.31845308021977242  0.32654222510000624  0.33573040166399609
  0.34487535229547950  0.35583746726101684  0.36756845742237981  0.37822763808747406
  0.38967325062594960  0.40337306303871262  0.41924823643683801  0.43634429507716238
  0.45415361835721452  0.47138130198551026  0.48514269283330475  0.49643076205184611
  0.50292394415885966  0.50826568600118893  0.51355879380201364  0.52026235319121206
  0.52921046142941330  0.54364650369788969  0.55900481514366884  0.57324848683535012
  0.58700318225422210  0.60080385086312449  0.61289950840948704  0.62400827165109762
  0.63440474307970351  0.64554483200189494  0.65329858091129789  0.66100591796089647
  0.66919317815780499  0.67737278074243412  0.68609304068517352  0.70076790907434805
  0.70969606143357078  0.71981776244335449  0.72815917304001487  0.73531747107909506
  0.74449144198444861  0.75382226301654831  0.76318270060066795  0.77328562973674342
  0.78178850956994106  0.78698641900123267  0.79142646198441768  0.79599289999596579
  0.80145813580735981  0.80835185288601796  0.81681495971618279  0.82894336651317924
  0.83810052412699088  0.84650074543130627  0.85488993031171190  0.86297710812572548
  0.87134009091620512  0.88389455025740227  0.89647303709763093  0.91244844808748882
  0.93024032949720392  0.94649514207742935  0.95936484210373907  0.97141009228479469
  0.98111587222551533  0.98756121497718519  0.99392578716537450  1.00000000000000000
 -0.00375092262310596  0.01897451363533019  0.03934852040642666  0.06231070164000890
  0.08451825754728635  0.09686252996095707  0.10907406434440008  0.11830888300928175
  0.12630690511014606  0.13690147206614664  0.14245027761063506  0.14798710164811885
  0.15313861562581887  0.15851237616133437  0.16459377361266156  0.17062387517948593
  0.18045820437084928  0.19089126599283224  0.19891599793968548  0.20804461024658016
  0.21796127701520659  0.22712140989266669  0.23716893458338617  0.24693754823395175
  0.25665183931745961  0.26823699853814831  0.27783825532567219  0.28444427215652707
  0.29071695127148606  0.29807240186051348  0.30589918290779616  0.31471732738427699
  0.32235328575469879  0.32983016638214957  0.33758207110802724  0.34703213564249191
  0.35683396525813416  0.36774036850326969  0.38002322132314675  0.39403636394443670
  0.41386495244542360  0.43255211677799443  0.44910999082423331  0.46424025966691840
  0.47790131074166892  0.49115284826376565  0.50395189348952174  0.51788173569662310
  0.53276893253490087  0.54225061467326652  0.54782536874519805  0.55210625573133010
  0.55776889352816628  0.56510101710966243  0.57413300477544482  0.58289219336267351
  0.59138065186252464  0.59777210863182595  0.60578166936389899  0.61711850846411653
  0.62506458635174011  0.63168115205143505  0.63679985923244442  0.64196619060849058
  0.64711151410792855  0.65251842163056140  0.66019996585142116  0.66643613025001314
  0.67751769595561284  0.68776343937577000  0.70022757492760412  0.71262976718661208
  0.72716984238362958  0.74315172435890509  0.76021979044264398  0.77745589283183059
  0.79589256784978946  0.81579070574302692  0.83506219660050596  0.85087442009870562
  0.86613247089863976  0.88064335337776400  0.89512435960702330  0.91033297571487604
  0.92344799001741174  0.92977371102974193  0.93501257969370821  0.94115688386376484
  0.94799396250205947  0.95574476391027430  0.96411278811881018  0.97068047577878558
  0.97463045992444575  0.97829211374760916  0.98162424178331331  1.00000000000000000
 -0.00161602379534901  0.00714623221010414  0.01646216799391647  0.02616777271706522
  0.03571498980973897  0.04561036540549589  0.05771371547891357  0.06940704793627382
  0.07362337315423448  0.07878701723055823  0.08563405807685609  0.09207441051740278
  0.09906537495619469  0.10987212305132688  0.12293528712428133  0.13816914097546698
  0.15246203697079930  0.16220069742520993  0.17265066626651041  0.18396210610986449
  0.19763547491554972  0.20947435069040157  0.21832780073662403  0.22547634926479398
  0.23302589682530198  0.24145760811633413  0.25372861680683378  0.27097611562341245
  0.28361950479044112  0.29616196705299680  0.31056178109981580  0.32499778489104264
  0.34105911359860164  0.35706437342711439  0.37274031647674399  0.38853082617946127
  0.40444474637502215  0.41769604027459467  0.43310461492498770  0.45019667720451700
  0.46844704309690843  0.48448236420444446  0.49840977958257632  0.51225880140770386
  0.52817720271942514  0.54338338021093091  0.55889808131389651  0.57258395739114387
  0.58699772107634673  0.60079244520200303  0.61472431261930527  0.62886999781096764
  0.64027950881392148  0.64819168990588649  0.65247488846814927  0.65794442098543970
  0.66619131071202853  0.67485479154257233  0.68294409024438973  0.69215118872548897
  0.70248078026089733  0.71261575416125389  0.72878445255985336  0.74587793201811614
  0.76048992392158721  0.77359830999735057  0.78502089333071179  0.79430102618033949
  0.80065884593821590  0.80639096053219461  0.81153248908525610  0.81635227294427204
  0.82270171398800018  0.83249566783642681  0.84618988501278924  0.86213752854138803
  0.87592643065402476  0.88825603474599135  0.90353681980615230  0.91827492578311753
  0.92782922178873062  0.93586857834665682  0.94477090393269714  0.95233545945656173
  0.95945719875691959  0.96402271714743271  0.96833273266663433  0.97227813463898938
  0.97461712504296349  0.97817276098710448  0.98172409376173997  0.98517685407493205
  0.98930341434479396  0.99359855491778348  0.99730490698334329  1.00000000000000000
 -0.00258864140031298  0.01410517386502206  0.02866925028491816  0.04107170933874049
  0.04986911021484674  0.05860801996392492  0.06822748064132113  0.07741796069053569
  0.08591553320015226  0.09459373087174171  0.10596438124186697  0.12315092066749761
  0.14408008830545221  0.15974741324528602  0.17239625862178429  0.18208067783723544
  0.18996730575883936  0.19702729965713353  0.20393019702773468  0.21071896806183057
  0.21560941924957125  0.21837234515027940  0.22137322425768727  0.22534994124144261
  0.22972354479125837  0.23480981652078725  0.23968596830383448  0.24483675396500673
  0.25354360520802949  0.26211414638718183  0.27057984667092116  0.27860759715646460
  0.28318223770711365  0.28898596012839634  0.29291108104309399  0.29851321904913503
  0.30628644816888267  0.31502084968699234  0.32567707589920786  0.34216416478739120
  0.35998196728849330  0.37728148508328924  0.39381003045064328  0.41166038420299561
  0.43048863295382844  0.44763636652129468  0.46472896453946611  0.48526778029915446
  0.51103196164694664  0.53194557670178944  0.54390026900367539  0.55337582006147679
  0.56420330729247081  0.57691896546338928  0.59341876855276732  0.61224696166873493
  0.62852851035421442  0.64329631541128118  0.65634268150785902  0.67067834461512110
  0.68597761727372542  0.70097859104795446  0.71479201558715477  0.72950925365248054
  0.74557565370220458  0.76019038436255948  0.77361785832683538  0.78766594328075379
  0.80173097497869450  0.81539857791177928  0.82801215631868075  0.84108717584150483
  0.85140396008595920  0.85918321151912114  0.86654674882954297  0.87261479154434651
  0.87814892865749028  0.88351824408375135  0.88898571421087513  0.89527296780156784
  0.90064354617150000  0.90701914242690329  0.91450523093086944  0.92499010701522744
  0.93467177936265222  0.94096795936358946  0.94553073707275070  0.94992830829681385
  0.95607703461175497  0.96657296665633063  0.97223322530383594  0.97680186652653522
  0.98076372421434943  0.98521783300743071  0.99208449298977053  1.00000000000000000
 -0.00514981256220869  0.01534652555957330  0.03493393244731947  0.04974225635255753
  0.06057808848169533  0.06798639814620921  0.07683429300182554  0.08899186483360548
  0.09472984650256630  0.09852850569467349  0.10519606003985348  0.11181348350698904
  0.11646015863220792  0.12142049164188139  0.13412794091217334  0.14914996976993006
  0.16715546493417416  0.17912284557044081  0.18913282629882641  0.19800433489331629
  0.20492688497680159  0.21228508952356887  0.22149563344029488  0.23300291697944361
  0.24095235638944440  0.24951926655425766  0.25958030313614933  0.27212589516033026
  0.28544702163613522  0.29515099577796339  0.30436415111287562  0.31523213251442744
  0.32620664075422251  0.33754808096808692  0.35001020669941574  0.35924653535107720
  0.37095352706388818  0.38496337072921910  0.40015354744939624  0.41465803127500456
  0.42854570844198020  0.44211391783905613  0.45567820760284639  0.47081861817119841
  0.48743414119373507  0.50443843348135320  0.51642534750530666  0.52412395062058192
  0.53207537711536756  0.54255434533135338  0.55468788599859176  0.57022756200595726
  0.58186195807041674  0.59104810062410651  0.59821525838797607  0.60738853378083035
  0.61785699515178005  0.63116667090745482  0.64472014171680148  0.65792374807935705
  0.67686159207884100  0.69573931168885850  0.71242942666821019  0.73297164162764494
  0.74955545033809956  0.76326365669831819  0.77574723437391635  0.78716039446005370
  0.79781818042555008  0.80935300649661379  0.81845778961519555  0.82714252417392042
  0.83594022248035482  0.84603688528303089  0.85637449413085132  0.86584910060853104
  0.87491986369075592  0.88468766079409400  0.89570834131036492  0.90715718026517644
  0.91775558426241022  0.92889582665736359  0.93566196059325180  0.94028314845776806
  0.94643665260445664  0.95371489442783330  0.96068816359713460  0.96558868530813491
  0.97007891061272467  0.97366666133869839  0.97659635250227461  0.97957834495275065
  0.98352149831429247  0.98625132239328372  0.99155325350323420  1.00000000000000000
 -0.00578170804930825  0.01399090763201753  0.02629885234826054  0.03209397763140723
  0.03775353549914437  0.04356479236609524  0.05090479145508686  0.05927674034869531
  0.06768560010988343  0.07248910658156527  0.07718844687581951  0.08244751940463230
  0.08750536928459417  0.09453917176013713  0.10375292455339401  0.11112122199878491
  0.12466708902502681  0.14050914430714770  0.15581252187586947  0.16891773914032771
  0.18184407518472726  0.19439099377376637  0.20706725089184227  0.22096794727007535
  0.23600235796131722  0.25065827870258311  0.26557692051171622  0.27710667649972082
  0.28631479341123089  0.29453616352547479  0.30221809514841175  0.31003230237117707
  0.32113602013308168  0.32905386320235852  0.33282614879526884  0.33759686432097463
  0.34296362770737304  0.34757230745878848  0.35809289168819097  0.37199876486404232
  0.38756598860207736  0.40369392123638481  0.41320382968414587  0.42063323883923776
  0.43018056792827564  0.44061049414227993  0.45058394831801651  0.45903595662388041
  0.46993850689487687  0.47975778325846652  0.49243749159503469  0.50882227325042351
  0.52733634215223069  0.54661183717140960  0.56596483573374301  0.59044201968130561
  0.61359013457746792  0.62611663078588653  0.63716407211374837  0.64788878017286722
  0.65957494845320674  0.67001655683915062  0.67937010142907017  0.68757390040198585
  0.69546259375896613  0.70662290774242997  0.72106499269620339  0.73298046405479211
  0.74077243076247623  0.74857203696792096  0.75616084638030956  0.76699142462747538
  0.78475445280060752  0.80013957887291476  0.80775150429186837  0.81393886975290031
  0.81891609072888594  0.82554907029588420  0.83545760085500587  0.84275253010664575
  0.85006401811539889  0.85451859844087008  0.85945868182915830  0.86706411496884306
  0.87832357463755317  0.89071062097455611  0.90451773613137154  0.91454134555939970
  0.92272681691413150  0.93235684369131777  0.94206751774382747  0.95186800765916357
  0.96530813850762320  0.97755284143640231  0.98889676626017764  1.00000000000000000
 -0.00480747905506968  0.01810968382516526  0.03388753292374543  0.04540646627139696
  0.05481824034391329  0.06455315491127687  0.07298917014172510  0.08028931459209748
  0.08976358478543665  0.10140710257743332  0.11269782500644973  0.12456875416074689
  0.13802625799264778  0.15068952481775930  0.16114469964225034  0.16970736567603456
  0.17838111410143681  0.18851769587105666  0.20085831631345116  0.21487879223013603
  0.22600518261796101  0.23967350684295535  0.25855004303382190  0.27870449067062109
  0.29356141379461720  0.30403052583664247  0.31334281396646541  0.32226627536394398
  0.32955590932660778  0.33833105103983319  0.34860510216648294  0.36116546598168020
  0.37374925161439859  0.38357911990136823  0.39224241229091733  0.40043195460744396
  0.40850067747941016  0.41583718417892024  0.42423249983614703  0.43456595480791715
  0.44209330695149074  0.44447174824430702  0.44658765768214431  0.44878503135310727
  0.45184119583843463  0.45565464257255550  0.45917969005166281  0.46318507831186717
  0.47507635963530137  0.49438583745433184  0.51811963735463351  0.55094196816093433
  0.56687804957028787  0.57563232350910010  0.58506196780863162  0.59279495999578746
  0.60003248574629908  0.60466240605664701  0.61168987156647670  0.61783571648923641
  0.62231203409218050  0.62657265322725020  0.63093317303683416  0.63615729408107280
  0.64424526792193748  0.65325611598759403  0.66148604181558068  0.67230767958570048
  0.68112787413853038  0.68976627414664382  0.69734537470896496  0.70475535786537558
  0.71347056298681422  0.72332951504597531  0.73580007734211328  0.74769834357473097
  0.75772643023428266  0.76997968372644299  0.78162732517563038  0.79249944224665636
  0.80396706620070912  0.81548766101512871  0.82849427856988167  0.84255889608958512
  0.85658271599005575  0.86977310619401016  0.88243813833465012  0.89473657913101712
  0.90414601905975367  0.91656121759593567  0.93032112651933774  0.94249636130270931
  0.95678209059546893  0.97169336456475264  0.98706512624316212  1.00000000000000000
 -0.00403588716487642  0.00979524427463137  0.02438267174588540  0.03933028060517779
  0.05466324138201181  0.07048211513832137  0.07985829367312763  0.08889257711693713
  0.09662931011297297  0.10396757670391242  0.10981369844559090  0.12325898352870784
  0.12963901032052905  0.13338465558819360  0.13694356398668550  0.14114177057467905
  0.14448772695065343  0.14709758315182850  0.15164863713615284  0.15615694717871634
  0.16184978092969460  0.17254254212068934  0.18698772955604556  0.20434664307671735
  0.21087785462252098  0.21753499902061471  0.22301258342227728  0.22949405852090973
  0.23610974093739454  0.24401899246578160  0.25418036589936094  0.26411445214202700
  0.27201663481128824  0.27779728356502509  0.28298358788185962  0.28702267807838527
  0.29066948336560744  0.29455429446421699  0.30108944655584613  0.31093050646562786
  0.32092653606875382  0.33390777941853150  0.34807316981788061  0.36040760017311702
  0.37111891035949629  0.38127671724640261  0.39132702826978250  0.40154007801795233
  0.41318378291613161  0.42807417601189335  0.44190844223396369  0.45588033306550235
  0.46994515255381392  0.48100369392824460  0.49055378203723671  0.49946650099839696
  0.50996830211773303  0.52293339119252835  0.53588015564545843  0.54567090167506194
  0.55420710832171127  0.56372393273490218  0.57251690233104469  0.58140809072013433
  0.59496626227723826  0.60788689959914599  0.61912002761006768  0.63073810479271386
  0.64477852098774413  0.66098097329749761  0.67631369711221834  0.68495374794294572
  0.69199802859474613  0.70045702599448267  0.71004041672383522  0.71939702618524071
  0.72774021077266782  0.73629955458906182  0.75012492683067311  0.76785236392860590
  0.78491095829890778  0.80220609627605166  0.81464335048535130  0.82971197299475041
  0.84612349821119504  0.86374566386624241  0.88392118429570021  0.90024319569724121
  0.91323384197939561  0.92612855797919602  0.93820058856933541  0.94805781722869908
  0.95895557544891241  0.97026027831205541  0.98214466620744778  1.00000000000000000
 -0.00483925681276126  0.01348912423150557  0.02912389216979351  0.04182206422424691
  0.05178165003927421  0.06011118106056078  0.06836283538451854  0.07709471432866458
  0.08807701482101207  0.09950568342262336  0.10976452800381355  0.12419140242328702
  0.13599749842501496  0.14610347468339047  0.15565904446045553  0.16548207055742128
  0.17557732852123895  0.18687190685778898  0.19769853138496318  0.20708625769460515
  0.21661584897781125  0.22561111356625113  0.23121037294533842  0.23943419728895785
  0.24847340253845163  0.25685669490287794  0.26402607001481748  0.27145735248047120
  0.28221197028303691  0.29863125555718284  0.31594147394175998  0.33073910436459908
  0.34521816522832727  0.35526389570874833  0.36321081955262674  0.37442798103883235
  0.38669578775709929  0.39611965892713691  0.40736029000307133  0.41944224225899884
  0.43580553217424800  0.45313970739147835  0.47431523146731941  0.49166743179189187
  0.50138415344211629  0.50614651876767391  0.51166074822148666  0.51684208630645323
  0.52174601149343325  0.52642316536334677  0.53102765647470707  0.53528669625030012
  0.53836339854391091  0.54048300389432491  0.54295087368433648  0.54944274196264231
  0.55982315907419034  0.57357034086130099  0.58609588117837152  0.59811399782125463
  0.61332711550841601  0.63086164351429752  0.64729217885665369  0.66167043143982385
  0.67459138233236360  0.68451442630327186  0.69124984880403084  0.69674146913949342
  0.70682630610315667  0.71489684649271890  0.72326077052070059  0.72954202271708912
  0.73473824506087737  0.74260418189693500  0.75461691690216126  0.77767575385964760
  0.79327119345579666  0.80305788189021632  0.81358434656824730  0.82426336699697877
  0.83039684298215832  0.83668445110162160  0.84317665490323224  0.85187244191098443
  0.86783154372398197  0.88070227072543650  0.89097071114089144  0.90127055541410894
  0.91296051511777099  0.93145549277519424  0.95387931164887063  0.96930572374169333
  0.97745389945865935  0.98557033290634344  0.99193901752575420  1.00000000000000000
 -0.00263867912032920  0.01187033750436589  0.02925515978350868  0.04270005530371482
  0.05466416115724546  0.06806805905814520  0.07649818809857577  0.08506051298419873
  0.09396417625167101  0.10211565601195893  0.11020444284057503  0.12236876068520904
  0.13336708980053674  0.14543695569871992  0.15817233066178188  0.16623937578291526
  0.17401047027993727  0.18126315946280794  0.18777176399347148  0.19421228575408508
  0.20469385575963825  0.21316901238329788  0.22054934701869605  0.22722038976438219
  0.23452210110765612  0.24421654599516432  0.25582323064519530  0.26968848621319136
  0.28427552528822569  0.29724314303663180  0.30701283963012510  0.31312797310443669
  0.31906887967522257  0.32529379230754690  0.33304037900752015  0.34599864845376227
  0.36213018858435703  0.37956036904115081  0.39669710239218114  0.41243445135367995
  0.42538343814189594  0.44022948487892938  0.45630151643194899  0.47535601861201426
  0.49116993353231525  0.50319451708672780  0.51308771322938529  0.52288887723351951
  0.53037206883215970  0.53819410138710144  0.54827096795252683  0.56125463899621808
  0.58018979408007798  0.60049895633395423  0.61828743300396660  0.63065477249192847
  0.64145452089868471  0.65037277763400003  0.65840305063191051  0.66382948301711253
  0.66996170558636026  0.67779583041900382  0.68759667843267991  0.69916223713738501
  0.71363935671319567  0.72226392019297236  0.72752528526641647  0.73359166547728027
  0.73959574932174799  0.74547517170911981  0.75746896345433279  0.77273954511924081
  0.78692615842602531  0.80087347002837406  0.81689818021206595  0.83131938178733222
  0.84501971209926385  0.85948802336506969  0.86336558008791997  0.86692142048489873
  0.87123402611941458  0.87498787763956631  0.87870128637643929  0.88302147232852279
  0.88774127952792847  0.89177588994729395  0.89638464436786580  0.90600109636920456
  0.91828051629217733  0.93204508463955771  0.94275625153723097  0.95111805920730252
  0.96108589486889284  0.97261532281650287  0.98665495911767165  1.00000000000000000
 -0.00671802198757306  0.01518149632548832  0.03275113915396491  0.04555896397235287
  0.05534567469543585  0.06370513819328813  0.07164557721481073  0.08230358617426208
  0.09737812122056674  0.11598751838410171  0.13183923608084983  0.14593406047459412
  0.15583421173144327  0.16489081899494543  0.17108763245535225  0.17854925510955799
  0.18836171165286567  0.19991750798022304  0.21156342174356202  0.22331301887802654
  0.23349545953227682  0.24156012100326121  0.24610932389074724  0.25013159628107035
  0.25420135019909068  0.25859381369354506  0.26471187155161280  0.27128714531723203
  0.27844260978715740  0.28536273081651481  0.29236216020693856  0.30840952821378886
  0.32669180473653059  0.34385354142519725  0.36053674179482759  0.37578961959164375
  0.38826487509116908  0.40317676416429077  0.41753135380727452  0.42958560806664337
  0.44354413858501907  0.45868720902230847  0.47329836935955477  0.48633567048841148
  0.49845982470265277  0.51003276191603342  0.52249119153030565  0.53733876558561056
  0.55061452735651373  0.56286380335905339  0.57649810739171881  0.58862101000355815
  0.59840611691413292  0.60377242953214405  0.61046286564021579  0.61667760971696495
  0.62305067888798060  0.63120710758016652  0.64112088097871878  0.65209076680113298
  0.66303997995262254  0.67381522719503073  0.68783334322146217  0.69919109387289580
  0.70970590925084254  0.72057443475544436  0.73137991373319411  0.74555172160102834
  0.76438069735950209  0.78329138970712398  0.79975883485104438  0.81286161725667649
  0.82492572493604055  0.83569359491432516  0.84383772090055997  0.85205223891575399
  0.85922319979114248  0.86797769114731205  0.87819659161297359  0.88916325081082637
  0.89946536856231007  0.90679596093183668  0.91279806234233629  0.91707167104161347
  0.92085551631018836  0.92591371662762267  0.93243183289337328  0.93984694468821550
  0.94695519799290284  0.95517382690534081  0.96494150880706109  0.97457836837529099
  0.98238181402679092  0.98896142412194066  0.99459779963656814  1.00000000000000000
 -0.00287571110447950  0.01307702986069872  0.01980049840566711  0.02614936340159885
  0.03235995223890978  0.03956968618334835  0.04916537154430627  0.06133632130670206
  0.08051004612489067  0.09902666710748761  0.11550746004903979  0.12798250253051624
  0.13757123992644343  0.14772575721237052  0.15652812236062158  0.16900367651387654
  0.18177536269252162  0.19233711059814021  0.19814649618631602  0.20665589795965383
  0.21626853390407766  0.22661590129267531  0.23869230400933505  0.25176749594360059
  0.26593498939706789  0.28513045380892305  0.30294839624794589  0.31620878293845139
  0.32764515625483642  0.34027263849198786  0.35454086860907297  0.36735703951987903
  0.37896838454028542  0.39227656847255521  0.40762785777111010  0.42366462409943445
  0.43926884857555815  0.44608505430092904  0.45092852286733348  0.45445757069340220
  0.45725852011498214  0.45955930205662887  0.46111868377537485  0.46344429149368482
  0.46743116848982674  0.47173583299580985  0.47544113674249344  0.47955561548121173
  0.49070551261366191  0.50944622051853394  0.52503148119116194  0.54043945764611778
  0.55453622470404040  0.56450295494471325  0.57186597030197983  0.57883590613730296
  0.58559556746154329  0.59466603239206439  0.60596159909423597  0.61992311211138051
  0.63543028153365155  0.65245769770446271  0.66804561964102760  0.68195170350995049
  0.69316799764331127  0.70608592467345710  0.71875859884787818  0.72979959659852367
  0.73872084719539821  0.74670584939770779  0.75597045814905572  0.76531582971663237
  0.77318478148999403  0.78072265205058644  0.78802010907241404  0.79571956854606718
  0.80327584859091761  0.81304705558359069  0.82809764064167135  0.85128975552050901
  0.87166637151560900  0.88527446104895502  0.89611967426055772  0.90652966430567705
  0.91636607724979247  0.92637922528905225  0.93746377169991624  0.94558363404020851
  0.95321100355516175  0.95966810378533773  0.96733761854901290  0.97572623611106546
  0.98323110874099784  0.99018520946239608  0.99574764372961455  1.00000000000000000
 -0.04804390007086478  0.24766929421202488  0.29553570695096393  0.32123929812300345
  0.33918664644508312  0.34874112782283317  0.35613313540531799  0.36440659838998263
  0.37228795039990437  0.38072017550300952  0.38919769908620860  0.39686496125599957
  0.40412368401994125  0.41017072222915751  0.41525193788241593  0.41805026203834600
  0.42068624150638462  0.42236492220052158  0.42407592458764531  0.42559665777461159
  0.42803378044387241  0.43130569132873608  0.43471014603627123  0.43820424505713762
  0.44199717258869703  0.44526097978406409  0.45144512728298880  0.45999077816553335
  0.46747292831633352  0.47447377442836614  0.48197437779908098  0.48743012099698557
  0.49228135101780168  0.49655004973557720  0.49946122055234377  0.50280009165548190
  0.50671040209546203  0.51119295354533612  0.51602728423072586  0.52067809402022547
  0.52536713159253345  0.53248076480476525  0.53942948656295342  0.54320174235183794
  0.54599613809735115  0.54771718746968490  0.54909448411516881  0.55086410541952224
  0.55386786633258744  0.55770471484258155  0.56222324440899352  0.56786741688852582
  0.57365802124274312  0.57956802783929162  0.58678969300646788  0.59554470792566616
  0.60549421567238471  0.61578969640066894  0.62539849535876568  0.63549682773995964
  0.64646201348343824  0.65904089932891463  0.67222473369383506  0.68394490272529629
  0.69177227634177407  0.69830380831392014  0.70461418416192123  0.70889688884753221
  0.71222289081906853  0.71620314179332434  0.72041801302627584  0.72513899813814231
  0.73082205882340401  0.73687537566411876  0.74220137683275744  0.74866894543262064
  0.75598170031867606  0.76336386969522019  0.77138746858876561  0.78008469853938478
  0.79011533843729354  0.80372663533892919  0.81405643524547833  0.82374293266774812
  0.83307284121824787  0.84453917613215079  0.85843699444810062  0.87713507048857242
  0.89297879205428665  0.90708536845928367  0.91967616108157790  0.93156752553278643
  0.94359681839398157  0.95784881946504519  0.97696576229663123  1.00000000000000000
 -0.03667371658023892  0.16646068162732791  0.19225825296521426  0.22368386345928551
  0.24123731614091959  0.25279965308302965  0.26157702221933671  0.27274553498503518
  0.28315850875706011  0.30254153203860035  0.32800629070416487  0.34507480992034067
  0.35965954350481660  0.37548032250790908  0.39308077674554776  0.40763047832085902
  0.41716020351827071  0.42661727234775060  0.43401102316868317  0.44008541461305162
  0.44459771913974500  0.44985043249043372  0.45580048627688957  0.46075313713048205
  0.46872877951734704  0.48188423288911819  0.49506219629861453  0.50556930870483785
  0.51331157299235641  0.51892362206779730  0.52254095871957240  0.52652723306329619
  0.53129355414779511  0.53422996389873134  0.53703585302339829  0.53924814818843358
  0.54209058939973764  0.54510252761716727  0.55019776455564895  0.55626362378363337
  0.56263575204057015  0.56887565184917810  0.57577301221843080  0.58469362310684436
  0.59417830569780949  0.60235140952013444  0.60967581837787166  0.61672002194779940
  0.62338979234658376  0.62947169165660899  0.63665818428909782  0.64238185417010008
  0.64669288927829360  0.65073974126174139  0.65570597370144179  0.66057644749024458
  0.66569594200796101  0.67148221282658649  0.67839690741018177  0.68426066967441601
  0.68691760313474004  0.68935210627602517  0.69180467659262790  0.69508868697501458
  0.69890483999073105  0.70279988457200060  0.70673668423459146  0.71108461170059423
  0.71488535183542490  0.71877022409491786  0.72301064949126204  0.72773353932986773
  0.73325127256927536  0.74063225728298543  0.74925472834807927  0.75624748339450831
  0.76368107392372397  0.77047348740768273  0.77561819542942556  0.77914633988184301
  0.78264275998854094  0.78610526013171211  0.78985855150840256  0.79371838938309291
  0.79620344563956902  0.79777525136958627  0.79958896267645641  0.80146194507743129
  0.80334169876336570  0.80587760711124767  0.80938940613145427  0.81520487017158871
  0.82858637648168754  0.84441426402861164  0.87393808935628947  1.00000000000000000
   3.6355158425348495E-017  -1.0000000000000000     
 T F F F F F F F F F F F F F F F F F F F T F F F T F F F F F F F F F F F T F F F T F F F F F F F F F F F F F F F F F F F T F F F F F F F F F F F F F F F F F F F F F F F F F F F F F F F F F F F F F F F F F F F F F F F F F F F F F F F F F F F F F F F F F F F F F F F F F F F F F F F F F F F F F F F F F F F F F F F F F F F F F F F F F F F F F F F F F F F F F F F F F F F F F F F F F F F T F F F F F F F F F F F F F F F F F F F T F F F T F F F F F F F F F F F T F F F T F F F F F F F F F F F F F F F F F F F T F F F T F F F F F F F F F F F F F F F F F F F T F F F T F F F F F F F F F F F T F F F T F F F F F F F F F F F F F F F F F F F T F F F F F F F F F F F F F F F F F F F F F F F F F F F F F F F F F F F F F F F F F F F F F F F F F F F F F F F F F F F F F F F F F F F F F F F F F F F F F F F F F F F F F F F F F F F F F F F F F F F F F F F F F F F F F F F F F F F F F F F F F F F F F F F F F F F T F F F F F F F F F F F F F F F F F F F T F F F T F F F F F F F F F F F T F F F T F F F F F F F F F F F F F F F F F F F T F F F
  <DiscreteSampler_grid>
  grouped_processes
  1 # 1 for a reference and 2 for a running grid.
  10 # Attribute 'min_bin_probing_points' of the grid.
  1 # Attribute 'grid_mode' of the grid. 1=='default',2=='initialization'
  0.0000000000000000 # Attribute 'small_contrib_threshold' of the grid.
  0.5000000000000000 # Attribute 'damping_power' of the grid.
 # binID   n_entries weight   weight_sqr   abs_weight
    16   10   1.205166341568762E-018   3.045237658269243E-036   1.205166341568762E-018
    17   10   1.205166341568754E-018   3.045237658269210E-036   1.205166341568754E-018
    19   10   1.448121397970497E-018   5.251025480589874E-036   1.448121397970497E-018
    20   10   1.448121397970483E-018   5.251025480589753E-036   1.448121397970483E-018
    22   10   1.598569236790535E-018   5.539105763359419E-036   1.598569236790535E-018
    23   10   1.598569236790526E-018   5.539105763359330E-036   1.598569236790526E-018
    28   10   1.205166341568762E-018   3.045237658269238E-036   1.205166341568762E-018
    29   10   1.205166341568754E-018   3.045237658269209E-036   1.205166341568754E-018
    31   10   1.448121397970497E-018   5.251025480589880E-036   1.448121397970497E-018
    32   10   1.448121397970482E-018   5.251025480589751E-036   1.448121397970482E-018
    34   10   1.598569236790536E-018   5.539105763359427E-036   1.598569236790536E-018
    35   10   1.598569236790524E-018   5.539105763359322E-036   1.598569236790524E-018
    40   10   2.251739833588361E-018   1.543254312650483E-035   2.251739833588361E-018
    41   10   2.251739833588320E-018   1.543254312650411E-035   2.251739833588320E-018
    43   10   5.684532689244447E-018   1.530827666328230E-034   5.684532689244447E-018
    44   10   5.684532689244295E-018   1.530827666328118E-034   5.684532689244295E-018
    46   10   5.549359125507958E-018   1.509344340238525E-034   5.549359125507958E-018
    47   10   5.549359125507919E-018   1.509344340238498E-034   5.549359125507919E-018
    52   10   2.251739833588379E-018   1.543254312650519E-035   2.251739833588379E-018
    53   10   2.251739833588331E-018   1.543254312650434E-035   2.251739833588331E-018
    55   10   5.684532689244459E-018   1.530827666328240E-034   5.684532689244459E-018
    56   10   5.684532689244288E-018   1.530827666328113E-034   5.684532689244288E-018
    58   10   5.549359125508008E-018   1.509344340238563E-034   5.549359125508008E-018
    59   10   5.549359125507920E-018   1.509344340238499E-034   5.549359125507920E-018
    64   10   1.205166341568762E-018   3.045237658269243E-036   1.205166341568762E-018
    65   10   1.205166341568754E-018   3.045237658269210E-036   1.205166341568754E-018
    67   10   1.448121397970498E-018   5.251025480589882E-036   1.448121397970498E-018
    68   10   1.448121397970483E-018   5.251025480589754E-036   1.448121397970483E-018
    70   10   1.598569236790535E-018   5.539105763359427E-036   1.598569236790535E-018
    71   10   1.598569236790526E-018   5.539105763359331E-036   1.598569236790526E-018
    76   10   1.205166341568762E-018   3.045237658269241E-036   1.205166341568762E-018
    77   10   1.205166341568754E-018   3.045237658269210E-036   1.205166341568754E-018
    79   10   1.448121397970497E-018   5.251025480589871E-036   1.448121397970497E-018
    80   10   1.448121397970481E-018   5.251025480589748E-036   1.448121397970481E-018
    82   10   1.598569236790535E-018   5.539105763359419E-036   1.598569236790535E-018
    83   10   1.598569236790524E-018   5.539105763359318E-036   1.598569236790524E-018
    88   10   2.251739833588367E-018   1.543254312650496E-035   2.251739833588367E-018
    89   10   2.251739833588329E-018   1.543254312650429E-035   2.251739833588329E-018
    91   10   5.684532689244459E-018   1.530827666328239E-034   5.684532689244459E-018
    92   10   5.684532689244284E-018   1.530827666328111E-034   5.684532689244284E-018
    94   10   5.549359125508005E-018   1.509344340238558E-034   5.549359125508005E-018
    95   10   5.549359125507922E-018   1.509344340238500E-034   5.549359125507922E-018
    100   10   2.251739833588375E-018   1.543254312650511E-035   2.251739833588375E-018
    101   10   2.251739833588324E-018   1.543254312650419E-035   2.251739833588324E-018
    103   10   5.684532689244452E-018   1.530827666328234E-034   5.684532689244452E-018
    104   10   5.684532689244305E-018   1.530827666328126E-034   5.684532689244305E-018
    106   10   5.549359125507988E-018   1.509344340238547E-034   5.549359125507988E-018
    107   10   5.549359125507905E-018   1.509344340238488E-034   5.549359125507905E-018
  </DiscreteSampler_grid>
