  0.02376011203529061  0.03694627901525419  0.04867510972841711  0.05543247807070727
  0.05951682677062951  0.06357522302914122  0.06762172972274570  0.07174951331277489
  0.07590217130260532  0.08493207256004419  0.09913682579246538  0.11617872125729135
  0.13243428483399899  0.14541086634121939  0.15489637952376814  0.16341992119886725
  0.17157858115920666  0.17978029090183570  0.18843173706413363  0.19710552059437220
  0.20749928468901457  0.22156422598557560  0.23745984678985496  0.25437842743398725
  0.27154757279347141  0.28789016243900567  0.30364305341202291  0.31815913096325726
  0.33260156590282886  0.34654520739715666  0.36025800205046682  0.37296008597418295
  0.37569144735855048  0.37782998550758456  0.37996852365661860  0.38210042116919396
  0.38421869721027863  0.38633697325136335  0.38845524929244801  0.39068270886243328
  0.39295437740072953  0.39522604593902577  0.39859050950244074  0.41371953404763279
  0.42744104038252029  0.43521222115824854  0.44421156871783907  0.45584317986517769
  0.46390031280777227  0.47291346148439517  0.48023142965962079  0.49163893905719808
  0.50725989633834545  0.51817227813886568  0.52600835448831529  0.53361882874225752
  0.54372866779547302  0.55431321625740226  0.56514627214189006  0.57485000203408942
  0.58509523119725604  0.59596833560823381  0.60733980201424409  0.61713496496768439
  0.62798493076208506  0.63787610177189036  0.64876914334963398  0.65900090644908194
  0.66923835300989254  0.67993353584706184  0.69084763630097223  0.70018119781648658
  0.70801395670805378  0.71596273524988929  0.72349342219713453  0.73033835187868901
  0.73962034753729200  0.75040604475818373  0.76219095070196141  0.77401553194592509
  0.78517350185099888  0.79551493336768153  0.80447538715059630  0.81555429412188796
  0.83061677687038260  0.84519966958044324  0.85858808672568809  0.87649185437542176
  0.89377582257016686  0.91054757887761884  0.92752037389384911  0.94169871016028273
  0.95233447249354231  0.96235909789086582  0.97126115146446779  1.00000000000000000
 -0.00011725989077667  0.00110503350941286  0.00189018774524648  0.00235610766948076
  0.00273138504375519  0.00299742356801021  0.00323847153718578  0.00350317841281193
  0.00390858796288857  0.00428668219334420  0.00458901209566007  0.00485534924349416
  0.00514955229486572  0.00553549401150328  0.00594406938234334  0.00625611429697549
  0.00647132878405445  0.00669462166460260  0.00691600669725170  0.00714789769317908
  0.00741603734507649  0.00769145920398322  0.00796687788227027  0.00823418326338477
  0.00854545416810918  0.00896439297967590  0.00929028202941923  0.00954048106423418
  0.00971257021292384  0.00988410982092229  0.01009027366570724  0.01027294414742596
  0.01039554961986724  0.01049964497744891  0.01058862595848106  0.01065959424683539
  0.01080347682597048  0.01096757187487097  0.01115562422673957  0.01147431171900216
  0.01189834724401962  0.01220137651609226  0.01243927321015531  0.01258128921432385
  0.01269015667266789  0.01281865876945260  0.01295108512440287  0.01307184779985798
  0.01319154401635392  0.01346714912078268  0.01387202685008377  0.01428301900967058
  0.01457175854314665  0.01483444622000404  0.01511748916921980  0.01543292166363112
  0.01576057849142098  0.01608376752740237  0.01648945683853732  0.01686599872036252
  0.01718443194439100  0.01741804427640643  0.01761829345982756  0.01782697897558957
  0.01809153284337584  0.01832460306726703  0.01854474310482190  0.01875894438632657
  0.01895439958517293  0.01916217728894851  0.01940152469226577  0.01968298922199235
  0.01999871505954628  0.02025925097906709  0.02050187653148569  0.02078516988913547
  0.02105734007385000  0.02132493953200234  0.02170711852471738  0.02182336442551075
  0.02193961032630413  0.02205585622709750  0.02216771391222443  0.02227548275381777
  0.02238325159541113  0.02249102043700448  0.02259300702935560  0.02269423508448673
  0.02279546313961786  0.02294061746360094  0.02328809488091996  0.02383761785369339
  0.02463403131419674  0.02586277837516658  0.02732943185119137  1.00000000000000000
  0.02682867481993349  0.04657421855704155  0.06940410804614836  0.08863925983491817
  0.10225398629487210  0.11676067233990262  0.13089094666799800  0.14431402269214369
  0.15726878325368912  0.17184166811381862  0.18696553917779862  0.20044514680047884
  0.20898271715386244  0.21469852816161528  0.22198333130576400  0.23321778824797154
  0.24243074302980580  0.24614418320152970  0.24971968483413085  0.25284787327681790
  0.25586309389207262  0.25862237679024852  0.26320672615559709  0.27140867414906866
  0.28077326120256069  0.29148889896489999  0.30245831203575085  0.31519549990094448
  0.32878305403885849  0.33933044570582710  0.34685043758489759  0.35283082951998546
  0.35811715374950409  0.36434699775006668  0.37159283803694249  0.37998831344922007
  0.39072302651312868  0.40222485405999253  0.41419175502424016  0.42482113396985649
  0.43683387617579444  0.44937083019021057  0.45965830329030349  0.46969600878979451
  0.47873534052349087  0.48924575523872554  0.50377553329056057  0.51584121993158827
  0.52271597009646975  0.52969019137044615  0.53605338859861151  0.54411750248666835
  0.55518111661404357  0.56910731765445333  0.57972476562386366  0.58910048869256282
  0.59855264150222132  0.61002174150138755  0.62452537666664687  0.64080248507521154
  0.65777750100158305  0.67437609216178596  0.68845426720197722  0.69950130343051509
  0.71059253433671465  0.72256687121164009  0.73296806383086144  0.73881698604790957
  0.74453083748866344  0.75306961709747000  0.76818127968254535  0.78750729265282737
  0.80900279069752534  0.82893812755863061  0.84211586286824169  0.84853396629164735
  0.85522404179939404  0.86366743214788955  0.87244094938087424  0.88098936825680718
  0.89080755269832879  0.90651189938430232  0.92167281447354865  0.93223262786109051
  0.93616834173064456  0.94010405560019861  0.94403976946975265  0.94842343480755686
  0.95299721843564122  0.95757100206372558  0.96146142147071745  0.96369102423430253
  0.96592062699788750  0.96815022976147247  0.97055026255890076  1.00000000000000000
  0.02607174102504242  0.03268605389712201  0.03555738120807696  0.03680528769202297
  0.03747723971560853  0.03812110666478032  0.03876114123219854  0.03934754545033838
  0.03992172461863065  0.04041793002786893  0.04097784769045151  0.04150041028884023
  0.04179883146739674  0.04211829837230686  0.04245453319670019  0.04280367753986119
  0.04315817770170148  0.04383046920985187  0.04443532376191492  0.04502584707609020
  0.04562294102610651  0.04626453454079499  0.04701462637924099  0.04772122155795348
  0.04845618644838659  0.04915382426597777  0.04981749819583272  0.05042165941514855
  0.05100935143383979  0.05167491003389475  0.05236601169591692  0.05301858781618669
  0.05359628818463083  0.05405026020642265  0.05455288463046351  0.05506036501217245
  0.05555029017149078  0.05602025741814411  0.05640344025316431  0.05674079199182992
  0.05713667814421879  0.05760431405794773  0.05809090125609056  0.05863166632363771
  0.05880382420161110  0.05893295176106968  0.05906207932052826  0.05919363009524883
  0.05933351855722172  0.05947340701919462  0.05961329548116751  0.05978094161839004
  0.05997163755910987  0.06016233349982970  0.06035302944054954  0.06103091645213836
  0.06176000726911005  0.06243887433371759  0.06320907020382337  0.06407384249842153
  0.06494152141063236  0.06584643858761682  0.06664402492309554  0.06759050853908728
  0.06873008137014949  0.06976641957904473  0.07080585433342633  0.07177453074575743
  0.07267557716596917  0.07347150094960606  0.07439680942952109  0.07567722988809576
  0.07706313236971564  0.07830989308325190  0.07957736816150861  0.08100343916733363
  0.08250282846707277  0.08380873048760802  0.08524440345351134  0.08665974377316246
  0.08882523933934952  0.09183245499775236  0.09483048207784830  0.09781092831355410
  0.10051617119158313  0.10313359618311711  0.10579400315488101  0.10861820606383824
  0.11262507376720420  0.12253326577307685  0.13054950634555293  0.13586985500582879
  0.14652179210389535  0.16669764501580339  0.18891567911058729  1.00000000000000000
  0.02527328606998848  0.04191755059566292  0.04684536814547356  0.05012716177169520
  0.05311506320571765  0.05508084644169078  0.05571589659677074  0.05636661016219408
  0.05704245556827819  0.05765137336257409  0.05820278740516964  0.05901253115327617
  0.05982794290941181  0.06064793338699184  0.06178304194914231  0.06275620274412573
  0.06356598998784267  0.06447231658745241  0.06567726391763450  0.06696084706546584
  0.06820699899705046  0.06943769386659393  0.07072299686477267  0.07210783238042420
  0.07333033940366289  0.07441316869679121  0.07555712173467634  0.07667292961365768
  0.07742670175986290  0.07825190743409645  0.07911236414507372  0.08002047466863629
  0.08149880266772280  0.08283953538111712  0.08412985882531336  0.08535005551889005
  0.08682380854222681  0.08824261751437038  0.08963960543140040  0.09072579645997987
  0.09160287563891552  0.09243322585080097  0.09327744398099834  0.09431393159706043
  0.09511047608999242  0.09597744933443612  0.09711199635063761  0.09875630235030530
  0.10061807828889859  0.10274353688430173  0.10484832421752488  0.10675661335619258
  0.10752070929541484  0.10828480523463710  0.10904890117385935  0.10980065510459953
  0.11055079808119145  0.11130094105778336  0.11202579661048472  0.11272905814590728
  0.11343231968132984  0.11435409587370701  0.11623810979459637  0.11813264320849175
  0.11999271031579056  0.12201288084250642  0.12400724305222940  0.12578009616615016
  0.12729180178323415  0.12853985840358115  0.12976242657024975  0.13130722692656979
  0.13313371824990994  0.13521533305831840  0.13712101998186305  0.13916354148155419
  0.14125706127787563  0.14388385843324050  0.14779442644327886  0.15261051174126386
  0.15740958283424941  0.16128406814613905  0.16456397030060080  0.16899795870363460
  0.17602164531051212  0.18520030525902484  0.19492235055907348  0.20380405564812090
  0.21276814271780739  0.22423791513442887  0.23229673341573476  0.24642553264440173
  0.26395680045749459  0.31381572816928122  0.91488940622514447  1.00000000000000000
 -0.00354156145706898  0.01635525538081174  0.02448784408255757  0.03380933281271759
  0.04666008950577898  0.05411358991564763  0.05717162467598494  0.05991012810524865
  0.06526379463292710  0.07313008964675626  0.08541361092632851  0.09630911510541840
  0.10222357519594154  0.10943154939766751  0.11575836271064678  0.12119845113933568
  0.12882958824753551  0.13922255273537987  0.14997857632025671  0.15764501225976735
  0.16595545244110693  0.17722065033163317  0.18919300557210306  0.20058171112331763
  0.20999806984097602  0.21773619596299174  0.22270548113924862  0.22722767613742836
  0.23334270724778847  0.24327703652326504  0.25814942962860360  0.27514251189510031
  0.28950911691963566  0.30135631738099161  0.31176581792298846  0.32436747649465986
  0.33406976194947768  0.34320849918706564  0.35491787042210382  0.36873835797928878
  0.37995374997207831  0.38616457788306219  0.39240578453219604  0.39878962299287496
  0.40517750392117913  0.41175184791100239  0.41832619190082565  0.43071339931730218
  0.44522109505548135  0.45925385398641350  0.47240708837603196  0.48800187049798249
  0.50656698936140654  0.52725882347635178  0.54791417171759393  0.56559471058791189
  0.58233084453924211  0.59451734541118573  0.60407233978041619  0.61356960366951552
  0.62304870051013583  0.63113925810567961  0.63850579854780254  0.64449812713262478
  0.65136094635406483  0.66277035918919558  0.67994056430479399  0.70423486202907515
  0.71891345160040621  0.72979801151446988  0.73932174705288867  0.75170855174084827
  0.75760384318606222  0.76069672900268948  0.76378961481931662  0.76683345268832925
  0.76960295272903867  0.77237245276974820  0.77514195281045772  0.77792195327979574
  0.78072140033687110  0.78352084739394645  0.78632029445102170  0.79251680745031694
  0.80168668177581415  0.81711755888662030  0.83478020433056732  0.85293044634447157
  0.87629396818497618  0.90020540667387905  0.92243223283070719  0.94078017575159889
  0.95625619521336613  0.97087977227846622  0.98573752419946681  1.00000000000000000
 -0.00562122637168351  0.01289699657059222  0.02990240692031809  0.04547330357866155
  0.05870883193250669  0.07020963821457597  0.08312605828229157  0.09526519413691820
  0.10298794219791699  0.11105827195921948  0.11582392676279707  0.11960450926414577
  0.12380737771877014  0.12809467679772374  0.13420639845954854  0.14012455499541082
  0.14424519724379536  0.14836583949217994  0.15248648174056448  0.15623746370494837
  0.15959496598150161  0.16295246825805484  0.16630997053460808  0.16866389831060447
  0.17091613306731807  0.17316836782403167  0.17864703578945065  0.18904761240038398
  0.19856874510618508  0.20749222310340079  0.21866759994689677  0.22694689131177609
  0.23373276644181465  0.24268417582724852  0.25907322310222131  0.27615758972094556
  0.28802170536951427  0.29713925040833811  0.30543729555995563  0.31276422094767981
  0.32012417715550856  0.32970224182467039  0.34404294056985135  0.36489474818490253
  0.38407120240230680  0.40252703915826138  0.41925322241922586  0.43345107332661881
  0.44681519435235012  0.46216010834292920  0.47870794608100392  0.49298578097400453
  0.50904747513162174  0.52053451686122065  0.53176744688576794  0.54235025288659100
  0.55436289618163159  0.56299915311089477  0.57101638815267441  0.58317726698681682
  0.60034144910409626  0.61237372540069157  0.62103556121388392  0.63041091509582492
  0.64139959256981482  0.65353274996654453  0.66432253036954836  0.67476452317254576
  0.68709495879445226  0.69826007135328416  0.70729250741213334  0.71547363422335253
  0.72308778330242574  0.73386946245004614  0.74535415914983805  0.75638832989635030
  0.77050515151523313  0.78756223010195114  0.80655164095116383  0.82688179972887066
  0.84526950042878291  0.86023225783545387  0.86728369886511247  0.87104936859636384
  0.87503137489414418  0.88134352954429995  0.88949879346180949  0.89547513276104651
  0.90016138972238746  0.90635332693934823  0.91755261613667471  0.93321842687710233
  0.95049062667416884  0.96744793357608028  0.98426147132974751  1.00000000000000000
 -0.00445202283530023  0.01421447919532541  0.03074650154458403  0.04358687034490705
  0.05748204167665872  0.07522119803861869  0.08976136399606595  0.09453554115762743
  0.09930971831918890  0.10408389548075038  0.11032759525185680  0.11729911910610202
  0.12427064296034726  0.13114911617307937  0.13610498058884388  0.14106084500460839
  0.14601670942037287  0.15297124163671094  0.16313115737597117  0.17640796368310588
  0.19406994837912070  0.21477862002388268  0.23472771942827772  0.25555076174615882
  0.27666670872116739  0.29469636112223718  0.30671811048719155  0.31748978340908396
  0.32780197320224719  0.33763989618135520  0.34750967798316312  0.35869275957763347
  0.37230804512220078  0.38578911572042407  0.39759241313060584  0.40977365012311479
  0.42057209918167088  0.43082193820672804  0.44089971410801421  0.45122678756891410
  0.46001383227744580  0.46789063216549331  0.47670417040374496  0.48863073945240731
  0.50401808987915586  0.52020573585872709  0.53218922294849191  0.54335910687037148
  0.55481952935910916  0.56316931860899710  0.57095382196176514  0.58094918158189568
  0.59639569245402213  0.61197981262820933  0.62551972876367634  0.63493858239995316
  0.64131173735933433  0.64685757566421043  0.65487516313063610  0.66680874634460496
  0.67996813743558804  0.69308914394281462  0.70502312840264247  0.71522470618625222
  0.72395197082399321  0.73352377400728908  0.74597818758746381  0.75766582039561958
  0.76914957302424358  0.77901398138938860  0.78886920319130871  0.80187997853796622
  0.81510801342914962  0.82998666322808834  0.84079517878609555  0.84909159794841849
  0.85582397769403151  0.86269222484497798  0.86995295886589008  0.88142926950170886
  0.89610783745251432  0.90295508452296669  0.90790305751659928  0.91292979798472818
  0.91801075017705058  0.92576814842529997  0.93690531616050443  0.95015566422521613
  0.96215600050726069  0.96676557292169063  0.97143122214006739  0.97738285087476906
  0.98333447960947085  0.98758912888080519  0.99181046947003138  1.00000000000000000
 -0.00293770061303073  0.01115041899191093  0.02754302502985220  0.04352978252929614
  0.04829230575900210  0.05305482898870807  0.05781735221841404  0.06238862947422442
  0.06662779692479882  0.07086696437537322  0.07510613182594764  0.07866045649771103
  0.08196831449045711  0.08527617248320320  0.08898243878368384  0.09617070216369701
  0.10488980515491701  0.11273445001832305  0.12168240448194539  0.13059440327560412
  0.14182154650030235  0.15258951750300737  0.16140558451532075  0.16737534492860051
  0.17275140086698754  0.17962177462393153  0.18675492239468638  0.19785415750866467
  0.20944933921965900  0.23531979846984272  0.24902549128890442  0.25979923312143915
  0.26910186734274488  0.28159837414825362  0.29674213656506498  0.31354034107970324
  0.32942640719609917  0.34441694560554253  0.35621252944109832  0.36700179636565322
  0.37894559970790742  0.38983491472174675  0.39874921158072868  0.40642726350926228
  0.41536955795775304  0.42734133806949731  0.43839176169557226  0.44845314032988193
  0.46142153761378185  0.47684218607716955  0.48830442682064185  0.49792445245606320
  0.50854381833052587  0.52051256012299330  0.53218868797674079  0.54164169286547792
  0.55094255192473418  0.56609490727669520  0.57826113037162497  0.59013247748721287
  0.60143475582961858  0.61066213040413964  0.62040677724167093  0.63192941439678174
  0.64609458423189647  0.65981931518291381  0.67184364744450176  0.68312091518353169
  0.69243360121624620  0.69804060733191076  0.70353634308631952  0.70904722311283153
  0.71779346490694929  0.73091217139235887  0.74313663539996966  0.75827581750795714
  0.77658447293999211  0.79178386466424755  0.80422783235934103  0.81402274640195871
  0.82574388365346174  0.83327597123424946  0.84074231551089806  0.85120146457158818
  0.86227481429669373  0.87375527041499379  0.88322355525117757  0.89184153554472945
  0.90072730493761932  0.91435196560268039  0.93126639391719113  0.94566856747521677
  0.95945860744640366  0.97360220489037330  0.98648041518608276  1.00000000000000000
 -0.00440494758355442  0.02431216926660617  0.04703206792071684  0.06263114941236225
  0.07827682234979835  0.09319259577248240  0.10887236415877125  0.12236050918963949
  0.13739869504988139  0.14917453849445331  0.15936163397901298  0.16832885063576497
  0.17633542698762261  0.18235588051046867  0.19230683534631574  0.20196192359535345
  0.20762992367244534  0.21147017811501667  0.21563422268441923  0.22060861358918840
  0.23192166704502434  0.24993785329771262  0.26304971304199043  0.27267747983766105
  0.28156810085357670  0.29573129502103412  0.31394904380412453  0.33246534431086727
  0.35011428780516379  0.36662866578776748  0.38127720103939772  0.39338346479144298
  0.40356997167378861  0.41583305358787320  0.42845881285279241  0.43925230751542416
  0.45043391445161191  0.46552383429673266  0.47537966250080327  0.48005203581559053
  0.48472440913037779  0.48938004713041061  0.49314688222087322  0.49691371731133588
  0.50068055240179854  0.50411339115142928  0.50716351764321377  0.51021364413499815
  0.51326377062678252  0.52867854995839436  0.54467341603221253  0.55388607101777132
  0.56146099963790630  0.56929503751568611  0.57829686109354228  0.58959771499700897
  0.60025907232199016  0.60701269566366101  0.61385182844541952  0.61989598190164730
  0.62527394460567376  0.63063361664384032  0.63690331543680123  0.64946541036553285
  0.66423096614591148  0.67958184241192887  0.69742275584983759  0.70748934750303993
  0.71613369522187065  0.72478553368258436  0.73343858707381004  0.74239980160511354
  0.75142257501082210  0.76498895749921025  0.77517607157835222  0.78193707495074716
  0.78784561589154922  0.79475297832269576  0.80333253148889694  0.81405667577801122
  0.82698440593296807  0.84119285788413911  0.85342841448742424  0.86257557599226664
  0.87166637431721450  0.88039183078424599  0.88897186475251333  0.89907635450436074
  0.90860211107623423  0.91813003505282653  0.92925920820141306  0.94262893086483701
  0.95845402434769977  0.97136488344080307  0.98536940562383002  1.00000000000000000
 -0.00429008455606690  0.01660926483695182  0.03137196515912781  0.04577615612313104
  0.06203331396066856  0.07693512311902266  0.09066651027109755  0.10119188880049219
  0.11065513729783838  0.11639327864279507  0.12205438304680248  0.12808418889478468
  0.13536878220826054  0.14659124459212883  0.16045692872048681  0.17264108466665037
  0.18487698850336676  0.19430243659675187  0.20346056192528561  0.21164988207515228
  0.22182092448453131  0.23608538136581941  0.25327381790971903  0.27136399174226788
  0.28969119456663722  0.30577163650206590  0.31656688000168565  0.32900110991901421
  0.33842419682226732  0.34887221379739036  0.36079958227216591  0.37462799287861887
  0.38637016685692704  0.39799915372385020  0.41074167247332777  0.42483739669239934
  0.44184059974955614  0.46062097192525747  0.47404517934992296  0.47959710791049170
  0.48508721884169126  0.48994699960988175  0.49517160760884599  0.50260606592857582
  0.51172420324593326  0.52597244425436929  0.53887500902430574  0.55035421744167423
  0.55942650338552513  0.56566671807118563  0.57107652791481034  0.57695211725263784
  0.58551544389264132  0.59614820451539341  0.60574404480471833  0.61304826662007794
  0.62209835196532737  0.63357721836683767  0.64494928257859430  0.65632878598988387
  0.66758948995484513  0.67821735940622208  0.68785232910617855  0.69636738356773731
  0.70290439354930589  0.71268368894990775  0.73483308988756979  0.76519128011949378
  0.78654354471491117  0.80126035677364005  0.81320425274871766  0.82695627879780420
  0.83518903787905951  0.84101334442147968  0.84245313785760589  0.84389293129373222
  0.84533272472985843  0.84638718020618242  0.84732799897738442  0.84826881774858653
  0.84925823239033083  0.85041741638824009  0.85157660038614946  0.85273578438405873
  0.85867207226292697  0.86454987555238672  0.87186917388799989  0.88475046980238181
  0.90820500258358872  0.93184722988604585  0.94952095992651797  0.96211971676286490
  0.97012661124571120  0.97941281406766290  0.98821240563009882  1.00000000000000000
 -0.00275636957079558  0.00973293179848648  0.02352957257648742  0.03922303727073703
  0.05121161841897270  0.06214880194516056  0.07614208041911152  0.09265088154699511
  0.10961202613197127  0.12482475669885582  0.13801458772197550  0.15093014345514583
  0.16622319908206884  0.18244343572196706  0.19711741540397570  0.20907993465187613
  0.21712697579966372  0.22374267938193448  0.23139719765826447  0.23954965734139355
  0.24800692756107462  0.25662729829635622  0.26942766364879134  0.28147699609559995
  0.29481459636963059  0.30689848557002730  0.31951975997814491  0.33410430217756870
  0.35504020521094309  0.38044779324518951  0.40301861176902204  0.41824883121495154
  0.43302662812356441  0.44799095770995784  0.45926314633662435  0.46804266974026143
  0.47622660852877818  0.48725185520815850  0.49724680953182399  0.50839970775591548
  0.52074789155422574  0.53477215363237318  0.54707254749075973  0.55224369349263613
  0.55516451697737323  0.55911587037458343  0.56204638519420047  0.56510352542531816
  0.56810490879875408  0.57099396344614595  0.57679396911805958  0.58532267872937538
  0.60395652559057267  0.62717797046338197  0.64747023997001651  0.66528477477929193
  0.68176644485564664  0.69660919885277195  0.70948802750477480  0.71997712521855295
  0.72936225653138254  0.73889278913934886  0.74893247466709778  0.76124887427551013
  0.77344788358909800  0.78428412454997187  0.79487253712343064  0.80497923712926611
  0.81051912559674000  0.81388106055731280  0.81724299551788560  0.82063935398619026
  0.82428938902567972  0.82793942406516929  0.83158945910465876  0.83532083591671691
  0.83911807670106853  0.84291531748542003  0.84704250110792967  0.86012852974142351
  0.87187723413106755  0.88238285733136068  0.89346022009429904  0.90253066023091055
  0.91320058238820923  0.92558148733893186  0.93333101478396496  0.93890364204838028
  0.94453434890255739  0.95251094245345813  0.96006116920492668  0.96704056152444862
  0.97364238467986963  0.98046743273596881  0.98876416585711335  1.00000000000000000
 -0.00261992096690093  0.01204959123836088  0.02004106085348549  0.02850998416741794
  0.03910378836473950  0.04826345671651144  0.05283811425490656  0.05727490898231398
  0.06174445633969843  0.06705500664272525  0.07065020216257822  0.07494655804865998
  0.08330265410250422  0.09127923535858209  0.10519235504304296  0.12140950145116286
  0.13729178037356912  0.15345358710629106  0.16341712173675693  0.17266709650237599
  0.18233747981678819  0.19232608501781157  0.20270997298364729  0.21336051397629455
  0.22261799487365092  0.23262466981985008  0.24232011287066116  0.25429694401869368
  0.26752124612956868  0.28318010251424719  0.29828116931421983  0.31311849853373019
  0.32807991693444705  0.34394232080433368  0.35860961905797645  0.37074733983977304
  0.38201997378443825  0.39533914392805108  0.41249053171272299  0.43377875736601756
  0.45181969929015064  0.46162168831483003  0.47016954602971894  0.48166704913364905
  0.49254668514648703  0.50277282060965356  0.51407939671499725  0.53051534666236555
  0.55386682404884113  0.57362568102889089  0.59116517932321766  0.60223623446657903
  0.61055316031000073  0.61898994721553757  0.62748223075694909  0.63605335486175507
  0.64465938125948086  0.65827651483582061  0.66903014269848993  0.67862414694070994
  0.68863839768930624  0.69763470012966378  0.70773271028115947  0.71840407648833982
  0.72802114258666728  0.74050913580277133  0.75165268660088724  0.76281715851293386
  0.77510492790617458  0.78626846436225450  0.79917576882469676  0.81242657787816275
  0.82010949981497461  0.82386611096002960  0.82762272210508447  0.83137933325013946
  0.83483922386268905  0.83824540825885641  0.84165159265502365  0.84505798903914908
  0.84846618605219237  0.85187438306523566  0.85528258007827895  0.86343618055228410
  0.87956301258351899  0.89817172896475739  0.91873350760962191  0.94102587710004304
  0.95486407687720531  0.96386388896160569  0.97002005329981966  0.97468649947314201
  0.97902189624192049  0.98324280289392330  0.99038634784347901  1.00000000000000000
 -0.00115873382570980  0.00376788406361587  0.00984603825727998  0.01630946338501722
  0.02601443508356375  0.03482006198550899  0.04583902027146811  0.05888413725618025
  0.07376193578420803  0.09144342596459962  0.10743295360656085  0.11961376215381440
  0.12789752696413101  0.13515605717771698  0.14244589783147946  0.14832777487869991
  0.15439081659208867  0.16379282474400569  0.17807941505298527  0.19304057322426704
  0.20332034894954029  0.21208546478599521  0.22116792042955846  0.23418432616858481
  0.24262297657427109  0.24930075811716237  0.25643914336976092  0.26468429838106100
  0.27206148208530334  0.27722749853327389  0.28610310718605031  0.29802509274706601
  0.31106372855637771  0.32411824503239806  0.33734329231546983  0.35149864271787684
  0.35626094238574935  0.35933789789748666  0.36241485340922391  0.36552743010584399
  0.36871538270550541  0.37190333530516689  0.37509128790482832  0.37867018518769324
  0.38236689192535056  0.38606359866300782  0.39107148131513947  0.40227820249839730
  0.41561479622837888  0.42704619962699136  0.44414554478570395  0.46252982506712348
  0.47910080828983526  0.49876096643432472  0.52413929417117189  0.55026623810100406
  0.57504596745443148  0.59819249073666980  0.61926068575724480  0.63942632527109022
  0.65863725182097421  0.67420488385125688  0.68353640456982145  0.69471528125061877
  0.70159668185271595  0.70706666397907003  0.71158040545324552  0.71557893918895910
  0.72271408760670675  0.72792908083424479  0.73274235607771199  0.73754366281575001
  0.74629232855771166  0.76083103856136258  0.77865110659006775  0.79494100246599175
  0.80909121174290810  0.82153436819605885  0.83307073098417150  0.84414576754516890
  0.85364085854693816  0.86552620758970544  0.87802640771997142  0.89924005552907949
  0.91576286531376350  0.92093650266925919  0.92528937262358635  0.92873297031081414
  0.93207311381665892  0.93534698767229396  0.94268370422981207  0.95063990434553103
  0.96099376226240896  0.97099639236042745  0.98243042347367215  1.00000000000000000
 -0.00120594925071563  0.00700755658277502  0.01638983148858423  0.03191572051290174
  0.04759802166796773  0.06537511505000772  0.08316731883640753  0.09575973152822642
  0.10462785815889636  0.11701300789955824  0.13030081231252236  0.14386116340994007
  0.15661856673136307  0.16999902723729871  0.18665959603136731  0.20232286101056737
  0.21615725731436231  0.22888803303082544  0.24126367129518603  0.25504499943160724
  0.26891308763858290  0.28468874073330003  0.29879492535100372  0.31077283601291528
  0.31824023551473196  0.32470563704243388  0.33257553959957015  0.33898335582148048
  0.34279172073476705  0.34646882418829278  0.34971491088568180  0.35307359146688855
  0.35677803895999266  0.36271293772277957  0.37639954832303280  0.38871716046529814
  0.39350766222108619  0.39932151607511862  0.40445077467623575  0.41191007912274014
  0.42361786830346543  0.43784713684063659  0.45403340282775317  0.47044592982631511
  0.48112219738856071  0.49246860104146212  0.50664571055015595  0.51699337800803402
  0.51884507797595214  0.52069677794387015  0.52254847791178827  0.52461559296968197
  0.52690223419180493  0.52918887541392778  0.53147551663605075  0.53378908052741514
  0.53610519216502628  0.53842130380263731  0.54295834432959877  0.55419388681986159
  0.56989400940714763  0.58477637175025443  0.59817612192575431  0.61125827769027785
  0.62516666008851740  0.63789531762586016  0.64826565000394765  0.65746805178176815
  0.66747255310155063  0.68118310576956387  0.69443585963020982  0.70690983531154761
  0.71586086672473948  0.72644295861192287  0.74346125971531030  0.76205175120612711
  0.77756523543200473  0.78987561012595509  0.80245751205922278  0.81683063740397344
  0.83291740959698890  0.84902884732593709  0.86326886305752415  0.87658693442586688
  0.89111282001145553  0.90508035449720881  0.91663679478793669  0.92571901186634276
  0.93304525032053531  0.94152987866789040  0.94980235983741435  0.95734225837896603
  0.96666234623139458  0.97865485209665615  0.98980060615725374  1.00000000000000000
 -0.00220173658828603  0.00387468200157015  0.00995110059142633  0.01602751918128251
  0.02063801979329224  0.02506117933998718  0.03196035157851248  0.04496552944336923
  0.05829282546889147  0.07027405622335442  0.07941542343318810  0.08761161081027931
  0.09439434577745352  0.10120305760177144  0.10924006814135018  0.11809253153244570
  0.12866176821359357  0.13879866178491868  0.15140404098710786  0.16163408476716806
  0.17060065752490944  0.17993495280336511  0.19152844724804272  0.20445342909457445
  0.21600726407411069  0.22485300177733147  0.23318926805341014  0.24375703800736812
  0.25372519954924838  0.26357268615114382  0.27563118805053710  0.28756514046210679
  0.29809370899622811  0.30999422813196825  0.32424120231162229  0.33978510502298975
  0.35321586039600672  0.36823757923231243  0.38038640532205331  0.39201019034387929
  0.40388413698762998  0.41544247958409580  0.42489983769792516  0.43430746880090054
  0.44492867161203786  0.45691372502002192  0.46981038372725031  0.48805043900686612
  0.51377692798399488  0.54294496572356421  0.56724062851655810  0.58206804522264755
  0.59219321274654357  0.60245617993149148  0.61015679198030481  0.61873063864819833
  0.63256233041411458  0.65004598018317283  0.66906169412945926  0.68691279479134448
  0.70471591617692064  0.71049950114778515  0.71407825378052470  0.71765700641326424
  0.72089167943929078  0.72369559327336108  0.72649950710743150  0.72926751819730284
  0.73128361350324078  0.73329970880917872  0.73531580411511666  0.73983866093339612
  0.74565542218221725  0.75081594126908935  0.75674540241114063  0.76218506810021436
  0.76570373442570816  0.76973511809595407  0.77295081839203772  0.77991980420367546
  0.79119308565508983  0.80380528411401686  0.81945014964237495  0.83693078580868618
  0.85254645825917319  0.86579154456799079  0.87872984761736450  0.89594249343060339
  0.91600057179905825  0.92991428086536210  0.94079061703555700  0.95093633698738189
  0.96011411810577385  0.97064280876780340  0.98341654478782381  1.00000000000000000
 -0.00904354165185774  0.03030810076547735  0.06485428496870638  0.09151012841825207
  0.11072054488374290  0.12530636211975726  0.13780216385505048  0.15431142846253404
  0.16920887640671514  0.18261675418957743  0.19475833203227499  0.20975790537747793
  0.22514793002852138  0.23904511572898074  0.25140611646879157  0.26023795489109508
  0.26860062858579481  0.27797440243769017  0.28620116976520477  0.29371217869832833
  0.30125099820925327  0.30905790143663303  0.31590903487866651  0.32191602547185200
  0.32406772791162142  0.32612363473018752  0.32817954154875362  0.33048411293090374
  0.33341047355394143  0.33633683417697913  0.33926319480001677  0.34210528662884887
  0.34489901140808682  0.34769273618732477  0.35048646096656277  0.36647397430671552
  0.37753679566761644  0.38469615159309273  0.39200548329351903  0.40163217970160625
  0.41583800311918390  0.42901619220651438  0.43956886057183014  0.45522044124869254
  0.47131941717289316  0.48696152582277163  0.49940752617740064  0.50812554165426138
  0.51613937163714629  0.52365112066973640  0.53045417520363836  0.53482385423368561
  0.53832720770235043  0.54473850735334661  0.55117799993647831  0.55570718625177151
  0.56280835385744776  0.57544271675442682  0.59137474716203187  0.60487972435083504
  0.61931856500986870  0.63530913822374002  0.65154086615912166  0.66601683987369631
  0.67796418543495718  0.68826542745437080  0.70020445646479956  0.71248780354208707
  0.72289466651727008  0.73489151130609554  0.74716936678086887  0.75816548567886521
  0.76782681627696958  0.77842914770675797  0.78713950210706007  0.79653116230898535
  0.80287142116547594  0.80867854104985304  0.81518872121109842  0.82191620092567230
  0.82921832003727769  0.83673067772863408  0.84866298248896910  0.85955901785413635
  0.87297127106621752  0.88320582480667409  0.89295468087490282  0.90253538246398290
  0.91168947996155270  0.92338943782037552  0.93737855296793338  0.94956346189527441
  0.96234543395391092  0.97526917751929154  0.98787301442750575  1.00000000000000000
 -0.01639519808675603  0.48290250037598920  0.53831475969187492  0.56530731541118662
  0.59188610838904798  0.61969634491496972  0.64055459350712618  0.65120295623758473
  0.66192590388956174  0.67434239384081440  0.69249175475778757  0.70834940098327492
  0.71773978895837864  0.72554405689692048  0.73222470701116360  0.73860936050383008
  0.74472416121372897  0.75106983754461154  0.75871272074364926  0.76704156288916825
  0.77234046349248453  0.77675336608948464  0.78128170343040781  0.78561072098436624
  0.78989783137908520  0.79307932470766374  0.79642446748922413  0.79960256760012371
  0.80240822968365655  0.80557465057524436  0.80870796803823952  0.81157651508824735
  0.81533944448792894  0.81831540348983134  0.82059692300322207  0.82295694765595118
  0.82545111338627009  0.82810450605732866  0.83037443334273719  0.83117267915151116
  0.83197092496028513  0.83276917076905910  0.83346613928853686  0.83395662987134744
  0.83444712045415792  0.83493761103696840  0.83538114094366012  0.83577076896275537
  0.83616039698185063  0.83655002500094600  0.83701699678959662  0.83787103521303785
  0.83875299682547499  0.83975666530863446  0.84112681982820448  0.84355589969527178
  0.84586366651878420  0.84827952668461093  0.85058741897797707  0.85297918897399072
  0.85535780993173915  0.85765682860497150  0.85989518989743818  0.86277927215518901
  0.86651405100281853  0.87024944796897097  0.87347594635959358  0.87607846068847584
  0.87823776855323232  0.88004599630759683  0.88171506492948004  0.88414654864590925
  0.88717537889971398  0.88923773250758864  0.89091049740151640  0.89244884017225157
  0.89462735877043842  0.89728190290557686  0.90063450022014835  0.90340668708580441
  0.90564032556303908  0.90771587324669001  0.90989671747901524  0.91232769974955452
  0.91530169438912301  0.91930870964772304  0.92444533344689384  0.92841963339877764
  0.93235917803438195  0.93607594292016516  0.94042391442917428  0.94480121004081996
  0.95040461488224848  0.95572856130349659  0.96540601182320640  1.00000000000000000
 -0.02728442606625457  0.12263631350623938  0.16574160674066965  0.19072425156602082
  0.20914778711244972  0.23300964610659758  0.25317380763419561  0.26331704147562973
  0.26756937476574733  0.27291315015884526  0.28259483204905855  0.29193494767250677
  0.29778889742816750  0.30293306177671808  0.31023539747794932  0.32342676948331245
  0.34007814220972227  0.35098625308426046  0.36039423101959739  0.37084509101589536
  0.38189402781845200  0.39168609335338384  0.39977960879249391  0.40734446845388095
  0.41782243591448059  0.42810010130890402  0.43862045955407475  0.44670661300669523
  0.45483449371284757  0.46061862116339275  0.46534727671514031  0.46967019436441032
  0.47557338115840420  0.48294997898664915  0.48867517880479655  0.49401002497295693
  0.50070265863613683  0.50639117093979147  0.51243954795481161  0.51798806088086646
  0.52359591970716124  0.52868861806491030  0.53394032286051030  0.53989468025689824
  0.54784872376212257  0.55706307729934801  0.56685834868251483  0.57530887168056755
  0.58345802053703000  0.59138001618205860  0.59850009553813288  0.60553851564158589
  0.61197706868067192  0.61393280227251656  0.61588853586436110  0.61784426945620574
  0.61973309845780866  0.62159318735610014  0.62345327625439162  0.62538015838510430
  0.62750296070439826  0.62962576302369222  0.63174856534298618  0.63865994923791625
  0.64379432496247535  0.64737930261565713  0.65072350768381082  0.65437415793651743
  0.66149688655151406  0.66975650881841520  0.67265629076065703  0.67516824090171146
  0.67731631146235083  0.67948968282629740  0.68174176000849795  0.68583012852585612
  0.69300045919002551  0.69984651541374598  0.70706104537631576  0.71626410700044096
  0.72877104543776938  0.74102283986223338  0.74932793579478174  0.75598052813627159
  0.76061749560650782  0.76542247921405338  0.77059310483268795  0.77840081078221457
  0.78703595426369666  0.79661749739557874  0.80789277936466097  0.81995006692639105
  0.83039446245856230  0.84279301523799932  0.87594844816623152  1.00000000000000000
   1.0087893545916087E-016  -1.0000000000000000     
 T F F F F F F F F F F F F F F F F F F F T F F F T F F F F F F F F F F F T F F F T F F F F F F F F F F F F F F F F F F F T F F F F F F F F F F F F F F F F F F F F F F F F F F F F F F F F F F F F F F F F F F F F F F F F F F F F F F F F F F F F F F F F F F F F F F F F F F F F F F F F F F F F F F F F F F F F F F F F F F F F F F F F F F F F F F F F F F F F F F F F F F F F F F F F F F F T F F F F F F F F F F F F F F F F F F F T F F F T F F F F F F F F F F F T F F F T F F F F F F F F F F F F F F F F F F F T F F F T F F F F F F F F F F F F F F F F F F F T F F F T F F F F F F F F F F F T F F F T F F F F F F F F F F F F F F F F F F F T F F F F F F F F F F F F F F F F F F F F F F F F F F F F F F F F F F F F F F F F F F F F F F F F F F F F F F F F F F F F F F F F F F F F F F F F F F F F F F F F F F F F F F F F F F F F F F F F F F F F F F F F F F F F F F F F F F F F F F F F F F F F F F F F F F F T F F F F F F F F F F F F F F F F F F F T F F F T F F F F F F F F F F F T F F F T F F F F F F F F F F F F F F F F F F F T F F F
  <DiscreteSampler_grid>
  grouped_processes
  1 # 1 for a reference and 2 for a running grid.
  10 # Attribute 'min_bin_probing_points' of the grid.
  1 # Attribute 'grid_mode' of the grid. 1=='default',2=='initialization'
  0.0000000000000000 # Attribute 'small_contrib_threshold' of the grid.
  0.5000000000000000 # Attribute 'damping_power' of the grid.
 # binID   n_entries weight   weight_sqr   abs_weight
    16   10   4.420391954444361E-019   7.585033000594570E-037   4.420391954444361E-019
    17   10   4.420391954446939E-019   7.585033000606617E-037   4.420391954446939E-019
    19   10   1.297826706267325E-018   6.954511265622532E-036   1.297826706267325E-018
    20   10   1.297826706267783E-018   6.954511265628768E-036   1.297826706267783E-018
    22   10   1.664072221572446E-018   1.125539258729943E-035   1.664072221572446E-018
    23   10   1.664072221572976E-018   1.125539258730946E-035   1.664072221572976E-018
    28   10   4.420391954444383E-019   7.585033000594635E-037   4.420391954444383E-019
    29   10   4.420391954446864E-019   7.585033000606210E-037   4.420391954446864E-019
    31   10   1.297826706267317E-018   6.954511265622464E-036   1.297826706267317E-018
    32   10   1.297826706267802E-018   6.954511265629034E-036   1.297826706267802E-018
    34   10   1.664072221572441E-018   1.125539258729936E-035   1.664072221572441E-018
    35   10   1.664072221573014E-018   1.125539258731016E-035   1.664072221573014E-018
    40   10   4.111917875392393E-017   1.654320218082652E-032   4.111917875392393E-017
    41   10   4.111917875389353E-017   1.654320218080181E-032   4.111917875389353E-017
    43   10   6.019081814328040E-017   3.537994061953925E-032   6.019081814328040E-017
    44   10   6.019081814321798E-017   3.537994061946509E-032   6.019081814321798E-017
    46   10   6.070671099865139E-017   3.595166509971760E-032   6.070671099865139E-017
    47   10   6.070671099858872E-017   3.595166509964255E-032   6.070671099858872E-017
    52   10   4.111917875392388E-017   1.654320218082648E-032   4.111917875392388E-017
    53   10   4.111917875389350E-017   1.654320218080177E-032   4.111917875389350E-017
    55   10   6.019081814328020E-017   3.537994061953901E-032   6.019081814328020E-017
    56   10   6.019081814321789E-017   3.537994061946500E-032   6.019081814321789E-017
    58   10   6.070671099865127E-017   3.595166509971747E-032   6.070671099865127E-017
    59   10   6.070671099858846E-017   3.595166509964222E-032   6.070671099858846E-017
    64   10   4.420391954444976E-019   7.585033000597477E-037   4.420391954444976E-019
    65   10   4.420391954446874E-019   7.585033000606178E-037   4.420391954446874E-019
    67   10   1.297826706267308E-018   6.954511265622278E-036   1.297826706267308E-018
    68   10   1.297826706267782E-018   6.954511265628732E-036   1.297826706267782E-018
    70   10   1.664072221572468E-018   1.125539258729977E-035   1.664072221572468E-018
    71   10   1.664072221572956E-018   1.125539258730914E-035   1.664072221572956E-018
    76   10   4.420391954445002E-019   7.585033000597548E-037   4.420391954445002E-019
    77   10   4.420391954446784E-019   7.585033000605750E-037   4.420391954446784E-019
    79   10   1.297826706267280E-018   6.954511265621948E-036   1.297826706267280E-018
    80   10   1.297826706267798E-018   6.954511265628983E-036   1.297826706267798E-018
    82   10   1.664072221572442E-018   1.125539258729930E-035   1.664072221572442E-018
    83   10   1.664072221572990E-018   1.125539258730982E-035   1.664072221572990E-018
    88   10   4.111917875392428E-017   1.654320218082680E-032   4.111917875392428E-017
    89   10   4.111917875389301E-017   1.654320218080138E-032   4.111917875389301E-017
    91   10   6.019081814328035E-017   3.537994061953919E-032   6.019081814328035E-017
    92   10   6.019081814321789E-017   3.537994061946500E-032   6.019081814321789E-017
    94   10   6.070671099865131E-017   3.595166509971750E-032   6.070671099865131E-017
    95   10   6.070671099858848E-017   3.595166509964226E-032   6.070671099858848E-017
    100   10   4.111917875392422E-017   1.654320218082676E-032   4.111917875392422E-017
    101   10   4.111917875389313E-017   1.654320218080149E-032   4.111917875389313E-017
    103   10   6.019081814328026E-017   3.537994061953909E-032   6.019081814328026E-017
    104   10   6.019081814321783E-017   3.537994061946491E-032   6.019081814321783E-017
    106   10   6.070671099865129E-017   3.595166509971749E-032   6.070671099865129E-017
    107   10   6.070671099858851E-017   3.595166509964229E-032   6.070671099858851E-017
    112   10   5.328527407775534E-017   2.760944012896399E-032   5.328527407775534E-017
    113   10   5.328527407777245E-017   2.760944012898198E-032   5.328527407777245E-017
    115   10   9.647878382834433E-017   9.028391459045745E-032   9.647878382834433E-017
    116   10   9.647878382838588E-017   9.028391459053650E-032   9.647878382838588E-017
    118   10   9.899703420987317E-017   9.478871524226517E-032   9.899703420987317E-017
    119   10   9.899703420991601E-017   9.478871524234869E-032   9.899703420991601E-017
    124   10   5.328527407775457E-017   2.760944012896319E-032   5.328527407775457E-017
    125   10   5.328527407777151E-017   2.760944012898100E-032   5.328527407777151E-017
    127   10   9.647878382834428E-017   9.028391459045736E-032   9.647878382834428E-017
    128   10   9.647878382838608E-017   9.028391459053682E-032   9.647878382838608E-017
    130   10   9.899703420987327E-017   9.478871524226535E-032   9.899703420987327E-017
    131   10   9.899703420991620E-017   9.478871524234901E-032   9.899703420991620E-017
    136   10   5.363618969893112E-019   1.276224802607456E-036   5.363618969893112E-019
    137   10   5.363618969894204E-019   1.276224802608230E-036   5.363618969894204E-019
    139   10   7.610938726211018E-019   2.980890332568522E-036   7.610938726211018E-019
    140   10   7.610938726211330E-019   2.980890332569029E-036   7.610938726211330E-019
    142   10   8.887089043578409E-019   4.144362085462151E-036   8.887089043578409E-019
    143   10   8.887089043579170E-019   4.144362085463321E-036   8.887089043579170E-019
    148   10   5.363618969892555E-019   1.276224802607103E-036   5.363618969892555E-019
    149   10   5.363618969894059E-019   1.276224802608141E-036   5.363618969894059E-019
    151   10   7.610938726211016E-019   2.980890332568498E-036   7.610938726211016E-019
    152   10   7.610938726211137E-019   2.980890332568821E-036   7.610938726211137E-019
    154   10   8.887089043578232E-019   4.144362085461898E-036   8.887089043578232E-019
    155   10   8.887089043579006E-019   4.144362085463112E-036   8.887089043579006E-019
    160   10   5.328527407775519E-017   2.760944012896382E-032   5.328527407775519E-017
    161   10   5.328527407777237E-017   2.760944012898190E-032   5.328527407777237E-017
    163   10   9.647878382834424E-017   9.028391459045732E-032   9.647878382834424E-017
    164   10   9.647878382838550E-017   9.028391459053579E-032   9.647878382838550E-017
    166   10   9.899703420987332E-017   9.478871524226546E-032   9.899703420987332E-017
    167   10   9.899703420991558E-017   9.478871524234785E-032   9.899703420991558E-017
    172   10   5.328527407775449E-017   2.760944012896309E-032   5.328527407775449E-017
    173   10   5.328527407777163E-017   2.760944012898111E-032   5.328527407777163E-017
    175   10   9.647878382834430E-017   9.028391459045742E-032   9.647878382834430E-017
    176   10   9.647878382838572E-017   9.028391459053615E-032   9.647878382838572E-017
    178   10   9.899703420987332E-017   9.478871524226546E-032   9.899703420987332E-017
    179   10   9.899703420991580E-017   9.478871524234824E-032   9.899703420991580E-017
    184   10   5.363618969893236E-019   1.276224802607530E-036   5.363618969893236E-019
    185   10   5.363618969894319E-019   1.276224802608302E-036   5.363618969894319E-019
    187   10   7.610938726211233E-019   2.980890332568743E-036   7.610938726211233E-019
    188   10   7.610938726211391E-019   2.980890332569106E-036   7.610938726211391E-019
    190   10   8.887089043578685E-019   4.144362085462488E-036   8.887089043578685E-019
    191   10   8.887089043579262E-019   4.144362085463452E-036   8.887089043579262E-019
    196   10   5.363618969892691E-019   1.276224802607190E-036   5.363618969892691E-019
    197   10   5.363618969894159E-019   1.276224802608203E-036   5.363618969894159E-019
    199   10   7.610938726211253E-019   2.980890332568744E-036   7.610938726211253E-019
    200   10   7.610938726211208E-019   2.980890332568900E-036   7.610938726211208E-019
    202   10   8.887089043578519E-019   4.144362085462260E-036   8.887089043578519E-019
    203   10   8.887089043579099E-019   4.144362085463245E-036   8.887089043579099E-019
  </DiscreteSampler_grid>
