 -0.00000199795857019  0.00001250787207868  0.00001537278267254  0.00001799548073847
  0.00002069729149830  0.00002329690758207  0.00002525062836188  0.00002668253966656
  0.00002763163604498  0.00002813783936793  0.00002821893227945  0.00002824449647913
  0.00002826943654584  0.00002836366785214  0.00002847705848081  0.00002861427565265
  0.00002876911662984  0.00002907885609559  0.00002989424452924  0.00003092134976549
  0.00003110094395318  0.00003128053814088  0.00003146013232857  0.00003163972651627
  0.00003177137294798  0.00003185102961229  0.00003193068627661  0.00003201034294093
  0.00003208999960524  0.00003215731160259  0.00003221356395490  0.00003226981630720
  0.00003232606865951  0.00003238232101181  0.00003262086030933  0.00003302382213892
  0.00003313620306558  0.00003324950057974  0.00003338352097652  0.00003358663590003
  0.00003377782032543  0.00003400900107894  0.00003432430320724  0.00003466926005373
  0.00003507110549581  0.00003555458512913  0.00004250350553497  0.00005672488053723
  0.00007228088563528  0.00008565143531683  0.00009501362222133  0.00010145207022810
  0.00011084252492937  0.00012124669603397  0.00012992282218949  0.00013820437029035
  0.00014683079836125  0.00015610017511912  0.00016602440018776  0.00017623436459182
  0.00018828750125830  0.00022230087007728  0.00028090124430783  0.00034722330049549
  0.00041580758421626  0.00045838195309509  0.00048160701022742  0.00050312780959824
  0.00053554809206235  0.00055178076676879  0.00056277952746234  0.00057311497426285
  0.00058338411527511  0.00061173800210123  0.00066962256131851  0.00075173843144455
  0.00082929721422779  0.00092161346514965  0.00098762907589286  0.00117298153996397
  0.00128164592333355  0.00136480683163259  0.00143147649432811  0.00152482611002466
  0.00154775926374895  0.00157211092480615  0.00160816904702870  0.00163928004600728
  0.00166278334040296  0.00172296452409657  0.00184532911280943  0.00217357454364449
  0.00289109626202639  0.00431841091147374  0.28996702998628920  1.00000000000000000
 -0.00002078531540192  0.00003559095821288  0.00008073905653775  0.00014246534985074
  0.00021250401358139  0.00030754658316631  0.00036753843602276  0.00044509692532778
  0.00050976063651928  0.00055381711766750  0.00060375104695543  0.00076275402647410
  0.00092966472048875  0.00105665832980480  0.00112633786045662  0.00117428655762831
  0.00123853783650838  0.00131253279716862  0.00142421059104728  0.00156375691318258
  0.00185006026042744  0.00231687754063333  0.00268890080523127  0.00275037647272670
  0.00281518093524932  0.00289102890805725  0.00295776718771593  0.00300879817406424
  0.00313414880736131  0.00323562404395898  0.00333533177733136  0.00339612737549491
  0.00343612703818757  0.00348028742193829  0.00351248359524190  0.00353322120335738
  0.00357030385490852  0.00361721860935857  0.00366167923712936  0.00370790752283399
  0.00380002870253168  0.00389654442064990  0.00393487753029867  0.00397387872455837
  0.00402595026406797  0.00406777007646055  0.00410565717728147  0.00417048757016881
  0.00428443254329024  0.00431819773046302  0.00434538266296296  0.00437256759546290
  0.00439975252796284  0.00443671907696066  0.00447845862412038  0.00452019817128010
  0.00456193771843983  0.00460088359067702  0.00463648784726455  0.00467209210385208
  0.00470769636043961  0.00475869625764641  0.00489013712910660  0.00521736896785698
  0.00556961224410186  0.00609852723754268  0.00689965871982252  0.00804866096695782
  0.00858114980446337  0.00905812961067510  0.00952992101240968  0.01005639062481654
  0.01033145516282964  0.01068830606340396  0.01133399794638447  0.01202442020396135
  0.01234116617674610  0.01257809761806610  0.01280028229455180  0.01290607264304536
  0.01309909645389559  0.01335566564271289  0.01348058250947497  0.01365262358319090
  0.01400345651063915  0.01435476960882650  0.01475566630373783  0.01624062107978251
  0.01789110791905501  0.01954159475832751  0.02338775868702228  0.02734924589483081
  0.04787673547389627  0.07170547029024379  0.48838451573613167  1.00000000000000000
 -0.00016366902139737  0.00041061047306434  0.00089808294798913  0.00136759140835398
  0.00182269087816288  0.00241233433010122  0.00307961511741528  0.00378303340232431
  0.00393954846756790  0.00408713576733583  0.00425113095776808  0.00471018296265885
  0.00553057428103504  0.00652512347737904  0.00678136191838016  0.00703760035938128
  0.00729383880038240  0.00753139953046817  0.00775916285786754  0.00798692618526691
  0.00821468951266627  0.00842781711106909  0.00863395346668913  0.00884008982230917
  0.00904622617792921  0.00964044904571007  0.01047230329032011  0.01134991124979964
  0.01323647726480814  0.01461577287475172  0.01494020199969120  0.01503541940256347
  0.01506444175887901  0.01509457465230396  0.01512600042317010  0.01516333712367915
  0.01520693218679592  0.01530120655724499  0.01537175180724330  0.01544084179983481
  0.01558858736540708  0.01571624063483333  0.01579589381507406  0.01588983514907005
  0.01598321883815584  0.01615016645906381  0.01634397923964583  0.01653441388897843
  0.01670819124636476  0.01685255871781881  0.01706606000700161  0.01723462564365330
  0.01734112805734644  0.01745996155937240  0.01762682920093777  0.01778638973906981
  0.01788192319231036  0.01796096056342738  0.01804019909435204  0.01843449616151941
  0.01891544951478666  0.01917940831349943  0.01940181290417947  0.01954124953428769
  0.01962561697667873  0.01981560254319656  0.01998255840001256  0.02016811364630498
  0.02052834575190281  0.02142450523465327  0.02276963568905273  0.02340562411269039
  0.02355774975915727  0.02368634874385967  0.02381650974887164  0.02395004702914506
  0.02406051388312257  0.02417098073710008  0.02427278304678528  0.02437422222453283
  0.02447882516027021  0.02458390696439023  0.02487372005242417  0.02517444409429376
  0.02540861716508798  0.02585049990235764  0.02689206710861379  0.02855842788364207
  0.03046596953171883  0.03323028837899306  0.03669948071642302  0.04536297284424433
  0.06146175026774785  0.21141958619266776  0.55120072784192842  1.00000000000000000
  0.01376861939145455  0.05891930912372507  0.09480336289325282  0.12548173989211608
  0.15429944659220962  0.18530532857923818  0.21539642086494937  0.24070081224864417
  0.25951798740709381  0.27033398985155077  0.28095991610149523  0.29675932409081407
  0.30493792814854709  0.30994317617238781  0.31482188510082915  0.31970345329154626
  0.32330994814403069  0.32704669176387785  0.33028052591980378  0.33205307435657744
  0.33383601147644343  0.33623697487279752  0.33863793826915162  0.34527404593964561
  0.35200957023187063  0.35963458565084194  0.37239612780222797  0.38585881364975078
  0.39753793467896481  0.40801856324005159  0.41644709217940157  0.42280946753613041
  0.42876347654697156  0.43282985690556181  0.43624078409338818  0.43986179162351297
  0.44405458460351727  0.44883039611547226  0.45509876226956097  0.47778685279386912
  0.54225770519166783  0.56268797007844074  0.56565649999300671  0.56821999999953110
  0.57090438015607059  0.57495857970416819  0.58104881948701270  0.58779867081650317
  0.59401883865477678  0.59714141673184695  0.59914273790717631  0.60136005133717718
  0.60349328508366495  0.60666757987899855  0.60767879683820158  0.60844901890909198
  0.60924858899308632  0.61007735625398796  0.61354648226445574  0.61502479184880454
  0.61621103462261784  0.62307044651052501  0.64158212043260054  0.65520007502370725
  0.65694895335496573  0.65869783168622431  0.66044671001748290  0.66219558834874148
  0.66397592594489718  0.66585678815903937  0.66773765037318145  0.66961851258732352
  0.67149937480146560  0.67355527298792117  0.67633102082986385  0.67910676867180642
  0.68188251651374898  0.68465826435569166  0.68960448226588311  0.70781626376141904
  0.72711656376390732  0.74442402239446526  0.76206734551970201  0.78067818321003479
  0.79687665417879228  0.81014539385243756  0.82545006390025044  0.84874162947185572
  0.87199454282279931  0.88712669110832088  0.90225883939384255  0.92856473572637255
  0.94315637317894441  0.95595108061170664  0.97269980277067047  1.00000000000000000
  0.00002312813154005  0.00012135267248862  0.00016782514004731  0.00021760179707224
  0.00026294953033011  0.00031709128566765  0.00040616482872157  0.00051026414793322
  0.00060014733366104  0.00063958287451995  0.00068689140073664  0.00073386131313171
  0.00077882829497372  0.00082922093695312  0.00094270335845199  0.00122575231237214
  0.00129845936023468  0.00136807541815351  0.00143466494764764  0.00150093718841220
  0.00154840266039755  0.00159187477885527  0.00163984742641812  0.00168936446356500
  0.00172672873578764  0.00176136764902216  0.00177980248401835  0.00180351975074358
  0.00186361172763650  0.00198093887242633  0.00220411953215508  0.00226481760017709
  0.00228347409435222  0.00229412251956086  0.00230566230636794  0.00232757958657151
  0.00239695331333818  0.00244871961186304  0.00252248351804076  0.00261757781713179
  0.00273420321303243  0.00280623494993289  0.00289983641997059  0.00305504454376351
  0.00329169683612896  0.00341910218032152  0.00346502223581759  0.00348623010401921
  0.00351605315035393  0.00360002357497028  0.00387776986113572  0.00397680915169459
  0.00399680048691803  0.00402206976581810  0.00406020920110153  0.00409390816915389
  0.00415696667305714  0.00419993825617583  0.00423788504956200  0.00429579088484403
  0.00444941213618246  0.00455756840183768  0.00462809909813485  0.00518426766979477
  0.00598617393133777  0.00669149226981256  0.00736895178642305  0.00803186116612883
  0.00869477054583460  0.00935767992554038  0.01002058930524615  0.01068349868495193
  0.01134640806465771  0.01188869137557505  0.01242638921882450  0.01296408706207396
  0.01350178490532341  0.01403948274857286  0.01457718059182231  0.01507640637075943
  0.01531237372731348  0.01554834108386754  0.01578430844042159  0.01602027579697565
  0.01625624315352971  0.01649221051008376  0.01674832877784971  0.01702507472221686
  0.01737854226045923  0.01790853189357864  0.01892293486710023  0.02039618865306060
  0.02223340542504752  0.02465670639427435  0.15140935838755720  1.00000000000000000
 -0.00020045884439489  0.00158892547049614  0.00315495927800621  0.00369391463235109
  0.00538775090730895  0.00809185538531611  0.01149060783320588  0.01413474532580853
  0.02193550654213015  0.02650799592899932  0.02944855959673041  0.03200020935006052
  0.03506965388153661  0.03953664133474098  0.04265762994185172  0.04674051007485014
  0.04865918991173677  0.04934276513442130  0.04983636092845098  0.05027218708406583
  0.05082102216822409  0.05155492705130990  0.05215301796621142  0.05473066784938029
  0.06184500271201571  0.07692977958894057  0.09389716270446039  0.10584021549929401
  0.11836985962288128  0.13414372661684462  0.14813763061534907  0.16069681292485460
  0.17092251919410223  0.17701925631330406  0.18196430158143237  0.18552360214695637
  0.18822549231711388  0.19593914657516337  0.19951350549643845  0.20454481185641632
  0.21367352009715684  0.21868588435146888  0.22202915992959535  0.22484866579810844
  0.22932291266964913  0.23568669670275094  0.23967496504122560  0.25389048465850844
  0.27357012232313638  0.28513407205524804  0.29784115840953523  0.30729791490730629
  0.31459950877487397  0.32184867702142245  0.33069718728971870  0.33879797663252714
  0.34694309782437460  0.35660963610144608  0.36397927224491067  0.37054383911342836
  0.37712710521500042  0.38375950322651142  0.39039190123802248  0.39701863313827557
  0.40364412704729541  0.41238024114349686  0.42501022624708928  0.43973605146718209
  0.45809129936814036  0.47969632023483588  0.49823279204742194  0.51199017984608397
  0.52218320971457233  0.53493075964594172  0.54832442754020405  0.56092179936848252
  0.57351917119676099  0.58700449076661243  0.60205636417823505  0.61716436978300981
  0.63331095188245334  0.64945753398189698  0.69965644772113278  0.75635624861310768
  0.77312281897462409  0.78988938933614050  0.80665595969765691  0.82342253005917332
  0.84018910042068984  0.86256333917158978  0.88546944930965799  0.90837555944772630
  0.93128166958579461  0.95418777972386282  0.97709388986193113  1.00000000000000000
 -0.00870118095536561  0.00965695725442269  0.02536027033769699  0.04030166247575069
  0.05258277614183063  0.06486388980791055  0.10175533800849432  0.12702232179803499
  0.14808020510237671  0.16966361550226422  0.19569311184190297  0.21830304597322334
  0.23520547659477528  0.25705178094512016  0.28030204989216317  0.30043585677136758
  0.31910707123770332  0.33242722936763142  0.33603034640535029  0.34249978981605628
  0.35329426497736516  0.36292040390897395  0.36338424330489805  0.36386929718947048
  0.36560645906175321  0.36649566644179138  0.36698564480494078  0.36807996965737882
  0.36918503713264811  0.37198835175629802  0.37502778869129472  0.37685418457782655
  0.37912047278817840  0.38366583484166678  0.39129825172362948  0.39430756445108550
  0.39751622115548074  0.40439964572675691  0.41609972037449949  0.43433137424657048
  0.45913768807256061  0.48032424198739937  0.49621244158044481  0.50918773449780153
  0.52252947476251033  0.53370581275509843  0.54672686615469679  0.56596438016233619
  0.57999471090809895  0.59218702053345296  0.60151616243713280  0.61306129284549959
  0.62936731014941849  0.63359840836020198  0.63692204702641864  0.63996813878295433
  0.64280554725774852  0.65111087483667751  0.66405687317385775  0.67756746367234610
  0.68532733791890754  0.68940089409077754  0.69013515123346647  0.69086940837615540
  0.69160366551884445  0.69233792266153338  0.69306780168561766  0.69378544831860178
  0.69450309495158591  0.69522074158457003  0.69593838821755416  0.69665605707405409
  0.69737386846814897  0.69809167986224385  0.69880949125633873  0.69952730265043361
  0.70030025825373055  0.71017934222950552  0.71903685841970100  0.72415097315840293
  0.72953297382216098  0.73951168449572835  0.75460888614945854  0.77110341392089665
  0.78765100816222999  0.80529202081663820  0.82253355070660672  0.83611619006781579
  0.84714134536324182  0.85999453217198174  0.87567833521698080  0.89107518127617003
  0.90482188542757569  0.91856858957898124  0.94645804482121798  1.00000000000000000
 -0.01042541725212962  0.02916747401486570  0.05673700254087818  0.07866003622128256
  0.10187888948247849  0.13063620110412358  0.15938499091637162  0.18315820741861058
  0.20468835733481616  0.22765294826480725  0.23025177021446991  0.23073073642255693
  0.23290021676407643  0.23685558426796563  0.23878659203671390  0.24107658693613856
  0.24451407341254974  0.24795605591549696  0.25143704703769876  0.25491803815990055
  0.26108471064304206  0.26725729056507358  0.27870427690735555  0.28093514879241827
  0.28215913361298184  0.28266106831848153  0.28322901900805453  0.28491811265262357
  0.28620152599726972  0.28716363842099457  0.28812575084471942  0.29402978119459777
  0.30113007831462030  0.31754194392825175  0.34122204270777295  0.38428629919749113
  0.46342295661314192  0.52415404913511721  0.55846536872861319  0.58571061844092864
  0.60747507357897934  0.61921514484964124  0.62605527042210229  0.63190625634487996
  0.63606043277278534  0.64024023255362617  0.64443905941001023  0.65054114763986393
  0.65332502307693052  0.65613157547090117  0.66151789890946566  0.66938153320712623
  0.67968779578573091  0.69102915850898250  0.70428373551066148  0.71870203877520178
  0.73515409096644524  0.75652823297630267  0.78056570408384318  0.81343310192764851
  0.84386995779743590  0.85059584661602372  0.85732173543461154  0.86404762425319925
  0.87077351307178708  0.87618607777144186  0.87996836858078387  0.88375065939012576
  0.88753295019946776  0.89131524100880977  0.89440474105394463  0.89729726957904821
  0.90018979810415178  0.90308232662925536  0.90796146498454167  0.92043348725217533
  0.92372194563694221  0.92658934932659687  0.92926873297406276  0.93367386020957899
  0.93901961745818707  0.94506799275474973  0.95264284767961860  0.95723247834088121
  0.95975749589044412  0.96228209330529080  0.96666291900238732  0.97449861061341070
  0.97958816690967176  0.98119666858622223  0.98297409822952719  0.98467137297111429
  0.98654454652796975  0.99000831003289513  0.99401756288084853  1.00000000000000000
 -0.00588302908394333  0.01051483444477359  0.02517579695338849  0.03191209903684919
  0.04263780578723371  0.05552397199105975  0.06307844062198691  0.06673602933624501
  0.07105246919284577  0.07641235625794554  0.08324089763864205  0.09485181477162445
  0.10785820954964123  0.14426166697892384  0.16349077261357012  0.18698337517397037
  0.19498998564663639  0.20145700820511711  0.20816915435346006  0.21915836544391790
  0.23245524100420226  0.23737047773782369  0.24228571447144512  0.24725227490025098
  0.25222957097425369  0.25702757324975978  0.26171464781402121  0.27391552887854737
  0.29648436236265563  0.31318432997069440  0.32570644758350753  0.33603515195130529
  0.34431553412236293  0.35114559901334447  0.35756758414685635  0.36942170301283689
  0.38073883479815496  0.38850803754633950  0.40090365762733776  0.42299008390898774
  0.43482908159338940  0.44031559869934367  0.44750238453987518  0.45675716373604952
  0.47711622537462123  0.50183497139543332  0.52361320265943989  0.54481937611681164
  0.56651728565107184  0.58822600470813069  0.61831076136423080  0.65695176869545480
  0.71206242813731258  0.75917171619924817  0.79144818317144339  0.83166289986522035
  0.86278489387733359  0.88442392366517342  0.90059294703313009  0.90828971486787824
  0.91484937820570134  0.92272239313245785  0.92622648999539237  0.92701349624371687
  0.92780050249204138  0.92858750874036589  0.92937451498869039  0.93007815902319990
  0.93070736283050726  0.93133656663781472  0.93196577044512219  0.93259497425242965
  0.93321550462991643  0.93382478513551015  0.93443406564110398  0.93504334614669782
  0.93565262665229154  0.93702066785387061  0.94081262919448938  0.94645655785801264
  0.94944228645661632  0.95108211253197550  0.95326794020100980  0.95556650169389268
  0.95839597321212144  0.96207868217688841  0.96544957146689758  0.97149204235434161
  0.97875939817467017  0.98648089932724703  0.98745132235375355  0.98809249994962101
  0.98861968015482904  0.99054639939443812  0.99446997239825130  1.00000000000000000
 -0.00498874383345024  0.01634030044870506  0.04279671404034290  0.05389539426994083
  0.05709848733681668  0.06030158040369253  0.06350467347056837  0.06670776653744423
  0.06991000474408002  0.07311192215435622  0.07631383956463242  0.07951575697490862
  0.08271767438518482  0.08591728980364295  0.08911626368509135  0.09231523756653974
  0.09551421144798813  0.09871318532943654  0.10214368304821728  0.10416941543459152
  0.10665774289608876  0.11789807123671664  0.12550782316591341  0.13007517524162129
  0.13247619844156000  0.13616149281248496  0.13854922017073368  0.14076505816440563
  0.14283531713854544  0.14465386910213240  0.14617611010198572  0.14971152492188386
  0.15771476633214451  0.16137940343563933  0.16297782183631937  0.17061584209278949
  0.18247004101031480  0.19454123330011394  0.20942743999963379  0.22889907384801653
  0.25976958275660872  0.29744049832386599  0.32195084709105648  0.34445229468358096
  0.35767134865736155  0.36356518620233946  0.36727659993110973  0.37044440259947281
  0.37423256705883562  0.37822166034010191  0.38196590386882745  0.38995739368567151
  0.40387649652197033  0.41739277662424151  0.42359586501912516  0.43054259909533865
  0.43767844210772217  0.44427516330875261  0.45194572048303461  0.45992119628857620
  0.46377545893524202  0.46660869954898726  0.46951588241682102  0.47248714570066397
  0.47827624583447581  0.48852682094658423  0.50167567193163631  0.51098735902825310
  0.51410892628901905  0.51726511934136266  0.52078013610000851  0.52429515285865447
  0.52737247594978554  0.53035544400483892  0.53643399834105510  0.57802407097372888
  0.61395755076418357  0.62474802695382892  0.63165382983227625  0.63698586773905497
  0.64186004253102835  0.64934602845211542  0.65825288192395992  0.66562641666673206
  0.67302035056913534  0.68015869289341302  0.69514443975237117  0.72501519337673870
  0.77053949214903239  0.80894212979925162  0.84320045196262561  0.87932496608504340
  0.91863539515022719  0.95588174680576965  0.98094609866622573  1.00000000000000000
 -0.00110750475263094  0.00400032530051880  0.01240131299582901  0.02327446556609414
  0.03831961100872636  0.05660090746923147  0.08779951871573854  0.12909994337189015
  0.16618357137434192  0.18992118111864045  0.21349312662442818  0.24088971551240856
  0.26264571383781327  0.26877494368620913  0.27860786365708401  0.28770945444052143
  0.29751511623887666  0.30957589435788380  0.31328156658623918  0.31443539874263482
  0.31541227728538584  0.31639256239926700  0.31738163417299642  0.31924472585292685
  0.32214064790937325  0.32502881782832715  0.32810719523573861  0.33186885228816410
  0.33530003218817928  0.33798687416823686  0.34048999524859425  0.34194106714809525
  0.34339213904759630  0.34444716030193190  0.34546330362433553  0.34743926469486208
  0.34966433378894690  0.35450560024603739  0.36245097744862903  0.36687118929976070
  0.37782657914583773  0.39077545212399772  0.40327554591655096  0.41646648630495275
  0.44089884929303375  0.46355775831082496  0.48397073989398753  0.50157178824278681
  0.51923146655469909  0.53976446261546962  0.56029745867624026  0.58146607088244417
  0.60278555810666179  0.61459801965231242  0.62000631957749330  0.62541461950267407
  0.63082291942785496  0.63623121935303584  0.64023908496926651  0.64401752795468914
  0.64779597094011176  0.65157441392553439  0.65538571599682616  0.65943565463852372
  0.66348559328022128  0.66753553192191883  0.67158547056361639  0.68261203561847705
  0.70100291139855808  0.72151911886855480  0.72588594869325074  0.73083244918039791
  0.73748167454238245  0.74232247527626460  0.74464914545526562  0.74756083645516258
  0.75003611141163029  0.75258624426018661  0.75479836622915264  0.75749735915973526
  0.76013809238893004  0.76145766560395101  0.76276108770100859  0.76542675899312596
  0.76995725670169313  0.77608232070161021  0.77956681573270636  0.78314898402783439
  0.78784012527514813  0.80449753216622011  0.84737491942317167  0.88371175641500566
  0.90974299922580548  0.93236473635179618  0.96397243035497548  1.00000000000000000
 -0.00912816750435355  0.01858631863508191  0.04260404069359228  0.06003316387157055
  0.07185042230697422  0.08025289925146067  0.08809791592147345  0.09181820024920787
  0.09553848457694228  0.09925876890467668  0.10297905323241109  0.10669933756014549
  0.11024628794133690  0.11336988136244303  0.11649347478354916  0.11961706820465529
  0.12274066162576142  0.12586425504686755  0.12891357562276806  0.13187649437903515
  0.13483941313530223  0.13780233189156932  0.14076525064783640  0.14536352643219225
  0.17053276523023764  0.20870938829724967  0.26851746259078557  0.31003639396786220
  0.34482862220328514  0.37293717901390283  0.40030063806546257  0.41005771179851613
  0.41980702610141407  0.42948738962052729  0.43919819448548220  0.44975555819631641
  0.46031292190715056  0.48852232201043694  0.50430719566099258  0.52101817856468946
  0.53926328978375482  0.56063951556991243  0.57988248521917762  0.59859065217852292
  0.61343542660457229  0.62203356252405928  0.63191782314555778  0.64328260160751194
  0.65522002637735821  0.66254922427239460  0.66540663243381415  0.66797984687334266
  0.66864216947057364  0.66936069856783964  0.67034215060855440  0.67266993311863077
  0.67673260133370039  0.68025859645338682  0.68345689701046530  0.68557271294383137
  0.68668350594611460  0.68878886405828799  0.69046980389702273  0.69217106959787289
  0.69540042886011177  0.70176917863349653  0.70430959205730403  0.70586658627235765
  0.70830420325066112  0.71162694814219707  0.71588226634600516  0.71873945054212063
  0.72090827825611536  0.72380799342524715  0.74338144466019551  0.77790553832927800
  0.79932775273365175  0.81420427404283424  0.82241453374663231  0.83103043238253316
  0.84182064739506590  0.85208347895301495  0.85913699536184485  0.86605355819941765
  0.87255922956574306  0.87697731548922964  0.88111490870085141  0.88998152841022227
  0.89903934281604592  0.90442407205072217  0.91338030717966101  0.93087082685483036
  0.94203392265039987  0.94878491922972041  0.96010604034882729  1.00000000000000000
 -0.00068022663762326  0.00681669724465557  0.01426299947318099  0.01676645723176846
  0.01926991499035593  0.02177337274894340  0.02427683050753087  0.02659339997672621
  0.02882227840514322  0.03105115683356023  0.03328003526197724  0.03550891369039426
  0.03742092832435487  0.03921717199757754  0.04101341567080023  0.04280965934402291
  0.04460590301724560  0.05813693669097589  0.06965989040698735  0.07868239355649159
  0.08873227467621271  0.09281488803126635  0.09661763858961010  0.10772111999549024
  0.12685332942793356  0.14619026633807530  0.15467587568453980  0.16191765769327679
  0.16934243808865049  0.17784431015525251  0.19076813680584953  0.20776567887180514
  0.22952884426405171  0.25620956777211928  0.28237104765713605  0.30239694037057141
  0.31890017808415022  0.33397427198778268  0.34102236317655776  0.34656574741620022
  0.35231551455931581  0.35845768227849251  0.36369357281031800  0.36814120996242300
  0.37550975401334352  0.38293101256272016  0.39394177558940169  0.40738409331632869
  0.42644688631174421  0.44882875851119369  0.46525142133940089  0.47347096855894155
  0.47714247383013864  0.48112385164922467  0.48548412461870288  0.48924271015225251
  0.49203851560834400  0.49613357143629760  0.50068662246426865  0.50241394662027028
  0.50813264927921853  0.51544308450570631  0.52237376952055048  0.52759316218599528
  0.53547701632972744  0.54603581350780195  0.55464908296779025  0.56233521079478155
  0.57501387146266214  0.59545267699453552  0.61072636332107755  0.63016583088942379
  0.64683578798343966  0.66132247379040243  0.67542695598982727  0.69144772088037287
  0.70869945495466358  0.72352507830718027  0.73544286169870732  0.75206712226928518
  0.76792400801646132  0.77579591255786018  0.77913315616529244  0.78453739897209707
  0.79459876154529641  0.80879621810379210  0.82589455034164472  0.86003190867127999
  0.88363131147154961  0.90718191901622480  0.92429909980246516  0.94032198691089153
  0.95805707341805213  0.97556191571864181  0.98778095785932085  1.00000000000000000
 -0.00783302261266035  0.05047875340255953  0.07782282022180587  0.10624856166746841
  0.13851928185297813  0.15235371699580441  0.15807246631373167  0.16535442968965269
  0.17299704952129363  0.18088594500582328  0.18333929383786352  0.18399581827598332
  0.18462046289409026  0.18518454110693938  0.18574882014596245  0.18631340393928061
  0.18698928096414369  0.18800607473588815  0.19056641343198141  0.19214523064297359
  0.19639173753888456  0.19882213664200135  0.20128297006682308  0.20417977658051642
  0.20784329167170415  0.21332857206469152  0.21764893752564243  0.21908642552952573
  0.22052391353340903  0.22196140153729232  0.22339888954117562  0.22450854706937085
  0.22554493440682433  0.22658132174427781  0.22761770908173129  0.22861358725992104
  0.22914229986989795  0.22967101247987487  0.23019972508985179  0.23072843769982870
  0.23262176253407069  0.24941285452055684  0.30159029766581696  0.37369754183929293
  0.41319102230400917  0.42038230595095527  0.42754242090722389  0.43312962174580705
  0.43871682258439021  0.44734094209452119  0.45599978448785372  0.47383105071369086
  0.49890920933001726  0.52023129043531535  0.52596432001853544  0.52890700328123219
  0.53138041599111041  0.53753169612762175  0.54032781368037386  0.54590864906048830
  0.54849454613549709  0.55033024512024598  0.55203220999495251  0.55347285709703986
  0.55454711138225765  0.55647201961060999  0.55919773566302389  0.56185693862814234
  0.56441784661350503  0.56934459363301371  0.58110273215160346  0.60530080458095004
  0.63047050425702900  0.64946996466501894  0.66481790165469024  0.67325513949958748
  0.68114281453469572  0.68986506751284404  0.70085627432230835  0.71327304882570064
  0.73038596499076935  0.74810590439382996  0.77772928932249152  0.80814038403940480
  0.83378144319100533  0.85408662437048077  0.86621893514024872  0.87342934659973182
  0.88094932233313794  0.89181888231023676  0.90613514090462699  0.91909834418087499
  0.92918804319826820  0.94735062210465060  0.96482579880060193  1.00000000000000000
 -0.00434104935231415  0.00817214986765403  0.03219634504412741  0.05751541817464709
  0.06412516602313587  0.06612555006890147  0.06921298385157043  0.07629536404500291
  0.08036532628227411  0.08704205177640952  0.09002469265366911  0.09296598133396398
  0.09876107571895577  0.10295009334815657  0.10512408493443665  0.10644031224256877
  0.10810659822566814  0.11550772480150724  0.12245523141934588  0.15257365885585775
  0.17558164740185891  0.18336900890540933  0.18617673590780720  0.18898446291020510
  0.19179218991260297  0.19459991691500084  0.19727632235451081  0.19984109329928479
  0.20240586424405876  0.20497063518883277  0.20753540613360674  0.20981483142095700
  0.21170975462533878  0.21360467782972056  0.21549960103410232  0.21739452423848410
  0.22406211825240260  0.24189798830132225  0.27228779553423077  0.29557409043987221
  0.32411907229948639  0.34873161775056744  0.38604114501676851  0.42220382411409518
  0.46234163382206228  0.50111648025577415  0.51992229437923709  0.53840023356646283
  0.55763530171891229  0.57971673536120816  0.60589763431378618  0.63499831605784784
  0.65617994640868260  0.67434110765789179  0.68324603331033462  0.69149228100447135
  0.70250809182303531  0.71460914030000400  0.72741998231910898  0.74087004149139113
  0.76676811723495719  0.81771285245791248  0.83729974759195769  0.84064117143466355
  0.84398400328251721  0.84822839930235350  0.85361139912201844  0.85744759413400817
  0.86127343842982440  0.86509745004586869  0.86891530573737530  0.87273316142888191
  0.87656422721111193  0.88041082002271565  0.88425741283431947  0.89458271986784699
  0.90743406458679499  0.91702298229497137  0.92537956303045688  0.93262158350443036
  0.93838318098272522  0.94582207451222311  0.95578526151250709  0.96586140701960110
  0.97001531643466188  0.97148339365142455  0.97234019361794166  0.97307130576463075
  0.97394267912335364  0.97482978705630330  0.97571131199914740  0.97669048042280870
  0.97892696593831863  0.98324897794162980  0.99347321212833584  1.00000000000000000
 -0.01285382753590602  0.04526245872524223  0.12088495535274574  0.19719646474500102
  0.22446073427138044  0.23695149983875596  0.24944226540613146  0.26193303097350695
  0.27442379654088245  0.28539511354980607  0.29496091341692288  0.30452671328403969
  0.31409251315115649  0.32365831301827330  0.33114502064234336  0.33359728167304109
  0.33604954270373882  0.33850180373443656  0.34095406476513429  0.34436367562016285
  0.35383197737944877  0.36007223574104646  0.36581760206850256  0.37161132271430353
  0.37713790804168795  0.38287377417636564  0.39313896504633722  0.42238175958865182
  0.44470507857995739  0.46551834029784050  0.48561550836653045  0.50986006531412909
  0.54849338789984003  0.55472004992826107  0.55792665290969801  0.56197160666208168
  0.56492174923921346  0.56663063984194473  0.56823673595124513  0.56975130151516318
  0.57125923519206590  0.57276272782252247  0.57764992884834654  0.58391989055569971
  0.59464870739112519  0.60421857018443670  0.61404806898373843  0.62572104422935371
  0.63109895638116709  0.63540585879438793  0.64274433738702352  0.64746825554677101
  0.64915715567789511  0.65747307569908275  0.66799080207860984  0.67486860065996435
  0.68102397461780084  0.68254761686709930  0.68363149414307389  0.68482572830238841
  0.68683467603101800  0.68972337374967674  0.69187144225972563  0.69625764583646776
  0.70036155483037887  0.70305529551634860  0.70551669220918511  0.70762459096744268
  0.71119867787832847  0.72146790503707869  0.73173713219582892  0.75675773340956465
  0.79439837719754769  0.81528768594779133  0.82268973586216010  0.82911913770831658
  0.83798256693465656  0.84644975235925990  0.85367347530316640  0.86089719824707289
  0.87036662694458755  0.88143037183935480  0.89224290202005485  0.90161826418611246
  0.91099362635217007  0.93948479385371864  0.95370651987978128  0.96062019378547037
  0.96711347061597663  0.97110593047932514  0.97522561447103495  0.97913769923504523
  0.98274087227514351  0.98741202230902503  0.99222487943283455  1.00000000000000000
 -0.01596086347962763  0.03032171359504998  0.07370743571733339  0.11186376897298528
  0.15830440942079646  0.18085500955122652  0.19130772465031534  0.19892107791708635
  0.20540341341599611  0.21194594358983332  0.22002017557027770  0.22937057379472003
  0.23492093616925244  0.24880650757979136  0.25439584246980484  0.25771826221727073
  0.26128184865632997  0.26497017734439260  0.26792289081690807  0.26994976213594429
  0.27213619204093586  0.27424913901378967  0.27742489699822148  0.28374454472498478
  0.28554919331280459  0.28701598902110648  0.28956190647801450  0.29668051828120212
  0.31869818942464528  0.33471526236362864  0.33825867190707803  0.34180208145052737
  0.34534549099397677  0.34888890053742616  0.35417203268655273  0.36241121151990058
  0.37065039035324848  0.37888956918659633  0.38712874801994424  0.39562824939110558
  0.40451113428961638  0.41339401918812724  0.42227690408663804  0.43115978898514884
  0.44039044265193300  0.44633795624482536  0.45108914909540343  0.45385870361533809
  0.45667197725708891  0.45847399019383644  0.45986385102780625  0.46115161008105604
  0.46226935050788981  0.46329129176181177  0.46492277637493956  0.46805713727717613
  0.47685957612522928  0.48467230071371764  0.49044351203287895  0.49536163200086475
  0.50743338583755948  0.54068889411094101  0.57580619860020110  0.61084177138034590
  0.63423485873278063  0.65762794608521535  0.68106824394779764  0.70451831396282638
  0.72435925624782449  0.73225679736459626  0.74015433848136813  0.74977165352210196
  0.76047797124466754  0.78107552876768327  0.79691192464264549  0.80855089427221205
  0.81905881471716979  0.83166248450352542  0.84359375251847057  0.85471453000362885
  0.86752070447302609  0.91353743750949790  0.92846975581155022  0.93515606908961824
  0.94372109825429729  0.95109511985838169  0.95771990432975351  0.96436381221560696
  0.97128277097663895  0.97748709048962745  0.98583126934178356  0.99199004360433352
  0.99414344500009599  0.99689556339095953  0.99875898810277663  1.00000000000000000
  0.19097541312598165  0.30724626887874040  0.41325512555052379  0.51926398222230719
  0.62527283889409069  0.73128169556587408  0.83729055223765758  0.90155518219562070
  0.90880487335379456  0.91605456451196832  0.92330425567014218  0.93055394682831594
  0.94509376109858834  0.95946353331722589  0.96641432583049891  0.97078070469245159
  0.97399735519783504  0.97464699962550139  0.97490781142375504  0.97516556539175880
  0.97610237458798077  0.98018079011171799  0.98471708499147714  0.98667253493457996
  0.98714439568936452  0.98734822715183079  0.98755817053531714  0.98784717859478643
  0.98819508053084926  0.98867092631343645  0.99040458482001070  0.99196305678194041
  0.99277072281181189  0.99323962984458880  0.99354909709457184  0.99379120890148032
  0.99403158306423689  0.99420971741133546  0.99429524310623374  0.99435106231992476
  0.99438525487228846  0.99440174886698518  0.99441572595127270  0.99442910117038996
  0.99444239077724939  0.99445502030749788  0.99446787122228097  0.99450836434061340
  0.99456239655814893  0.99460708336083381  0.99462771596743405  0.99464728513021872
  0.99466529882639454  0.99468299946539573  0.99470037796853961  0.99473010405551743
  0.99476711661336459  0.99489081367378929  0.99524181252852228  0.99554249010189866
  0.99590938025838649  0.99622960350765766  0.99646233879158141  0.99656667939920562
  0.99664559130977615  0.99672130363129063  0.99680927378854911  0.99690161230590313
  0.99693536330292665  0.99697856124954043  0.99704480039112897  0.99710254256803754
  0.99713752447528747  0.99717409554842906  0.99721847603453850  0.99726990094411838
  0.99731912539032974  0.99736759848643985  0.99741224057360955  0.99746945318468028
  0.99752100284337430  0.99754551643593747  0.99757003002850053  0.99759454362106370
  0.99762005409285670  0.99765027515252147  0.99768049621218613  0.99771071727185090
  0.99774193545259926  0.99777641265310613  0.99781088985361310  0.99784536705412008
  0.99795420919690458  0.99836805823168140  0.99882975176904176  1.00000000000000000
 -0.04938363295773671  0.24133560918308872  0.30792841806216664  0.33039874805367536
  0.33775385590797252  0.34536371762689638  0.35324203854395753  0.36035435324833626
  0.36583312011470165  0.37375625176531879  0.39020263840229258  0.40271303048687584
  0.41682219552908989  0.42902401151232050  0.44232008612772533  0.45688274811131174
  0.47099306167507005  0.48413252237654042  0.49376818746580081  0.50187535663386706
  0.50911810425086712  0.51677480705801837  0.52579383195749785  0.53615710517730919
  0.54379142536117475  0.55560299386385137  0.56821723819653203  0.58629470401380657
  0.60833807022446840  0.62679676905233672  0.63710866926818965  0.64694594621909995
  0.65289065412358926  0.65965209893422772  0.66373023772913053  0.66581283031024308
  0.66708943503791163  0.66825542023928508  0.66939243605054088  0.67070634493597558
  0.67313254169120207  0.67478532823522530  0.67609700768680037  0.67691027244028501
  0.67827100373610816  0.67897804840093601  0.67967375381515127  0.68036945922936642
  0.68106516464358169  0.68176086974900763  0.68245655072965949  0.68315223171031147
  0.68384791269096334  0.68454359367161521  0.68524341740546313  0.68606468874594539
  0.68688596008642777  0.68770723142691004  0.68852850276739241  0.68934977410787479
  0.69507356900630435  0.70083916931856238  0.70819748339532340  0.71912212027655975
  0.72791041204038354  0.73148356939703252  0.73317869472439645  0.73456377127299144
  0.73613509659349585  0.73788943212304026  0.74045314864329081  0.74156406010905007
  0.74253317632224003  0.74353501714253678  0.74441815809767531  0.74489164867135405
  0.74526549950731980  0.74663382387449517  0.75175570539691583  0.75507561862968842
  0.75767593149807078  0.76220829713216609  0.76505251422387344  0.76824868469547003
  0.77224267523745549  0.77842998743643954  0.78690021694293233  0.79403119302383673
  0.81614328582768403  0.83664332027905031  0.86089915991918042  0.87267345490246107
  0.88565305489039015  0.89257991170220818  0.89774639806536405  1.00000000000000000
   2.0804659327244010E-019  -1.0000000000000000     
 T F F F F F F F F F F F F F F F F F F F T F F F T F F F F F F F F F F F T F F F T F F F F F F F F F F F F F F F F F F F T F F F F F F F F F F F F F F F F F F F F F F F F F F F F F F F F F F F F F F F F F F F F F F F F F F F F F F F F F F F F F F F F F F F F F F F F F F F F F F F F F F F F F F F F F F F F F F F F F F F F F F F F F F F F F F F F F F F F F F F F F F F F F F F F F F F T F F F F F F F F F F F F F F F F F F F T F F F T F F F F F F F F F F F T F F F T F F F F F F F F F F F F F F F F F F F T F F F T F F F F F F F F F F F F F F F F F F F T F F F T F F F F F F F F F F F T F F F T F F F F F F F F F F F F F F F F F F F T F F F F F F F F F F F F F F F F F F F F F F F F F F F F F F F F F F F F F F F F F F F F F F F F F F F F F F F F F F F F F F F F F F F F F F F F F F F F F F F F F F F F F F F F F F F F F F F F F F F F F F F F F F F F F F F F F F F F F F F F F F F F F F F F F F F T F F F F F F F F F F F F F F F F F F F T F F F T F F F F F F F F F F F T F F F T F F F F F F F F F F F F F F F F F F F T F F F
  <DiscreteSampler_grid>
  grouped_processes
  1 # 1 for a reference and 2 for a running grid.
  10 # Attribute 'min_bin_probing_points' of the grid.
  1 # Attribute 'grid_mode' of the grid. 1=='default',2=='initialization'
  0.0000000000000000 # Attribute 'small_contrib_threshold' of the grid.
  0.5000000000000000 # Attribute 'damping_power' of the grid.
 # binID   n_entries weight   weight_sqr   abs_weight
    16   10   1.835144297034233E-021   1.702166638093549E-041   1.835144297034233E-021
    17   10   1.835144297034228E-021   1.702166638093532E-041   1.835144297034228E-021
    19   10   3.574491969786031E-021   7.580535640744599E-041   3.574491969786031E-021
    20   10   3.574491969786039E-021   7.580535640744635E-041   3.574491969786039E-021
    22   10   2.557065981215883E-021   2.234917860399386E-041   2.557065981215883E-021
    23   10   2.557065981215892E-021   2.234917860399405E-041   2.557065981215892E-021
    28   10   2.169488918961115E-021   3.567418793196809E-041   2.169488918961115E-021
    29   10   2.169488918961114E-021   3.567418793196801E-041   2.169488918961114E-021
    31   10   3.335843483665818E-021   7.456216770222876E-041   3.335843483665818E-021
    32   10   3.335843483665805E-021   7.456216770222801E-041   3.335843483665805E-021
    34   10   2.818801900803518E-021   2.966474135504925E-041   2.818801900803518E-021
    35   10   2.818801900803507E-021   2.966474135504906E-041   2.818801900803507E-021
    40   10   1.835144297034233E-021   1.702166638093549E-041   1.835144297034233E-021
    41   10   1.835144297034228E-021   1.702166638093532E-041   1.835144297034228E-021
    43   10   3.574491969786031E-021   7.580535640744599E-041   3.574491969786031E-021
    44   10   3.574491969786036E-021   7.580535640744621E-041   3.574491969786036E-021
    46   10   2.557065981215884E-021   2.234917860399390E-041   2.557065981215884E-021
    47   10   2.557065981215890E-021   2.234917860399400E-041   2.557065981215890E-021
    52   10   2.169488918961114E-021   3.567418793196805E-041   2.169488918961114E-021
    53   10   2.169488918961116E-021   3.567418793196809E-041   2.169488918961116E-021
    55   10   3.335843483665815E-021   7.456216770222863E-041   3.335843483665815E-021
    56   10   3.335843483665806E-021   7.456216770222805E-041   3.335843483665806E-021
    58   10   2.818801900803515E-021   2.966474135504917E-041   2.818801900803515E-021
    59   10   2.818801900803508E-021   2.966474135504907E-041   2.818801900803508E-021
    64   10   1.835144297034234E-021   1.702166638093553E-041   1.835144297034234E-021
    65   10   1.835144297034228E-021   1.702166638093534E-041   1.835144297034228E-021
    67   10   3.574491969786034E-021   7.580535640744619E-041   3.574491969786034E-021
    68   10   3.574491969786038E-021   7.580535640744632E-041   3.574491969786038E-021
    70   10   2.557065981215886E-021   2.234917860399395E-041   2.557065981215886E-021
    71   10   2.557065981215892E-021   2.234917860399406E-041   2.557065981215892E-021
    76   10   1.835144297034235E-021   1.702166638093554E-041   1.835144297034235E-021
    77   10   1.835144297034228E-021   1.702166638093534E-041   1.835144297034228E-021
    79   10   3.574491969786034E-021   7.580535640744618E-041   3.574491969786034E-021
    80   10   3.574491969786040E-021   7.580535640744645E-041   3.574491969786040E-021
    82   10   2.557065981215884E-021   2.234917860399390E-041   2.557065981215884E-021
    83   10   2.557065981215893E-021   2.234917860399409E-041   2.557065981215893E-021
    88   10   2.169488918961105E-021   3.567418793196771E-041   2.169488918961105E-021
    89   10   2.169488918961116E-021   3.567418793196809E-041   2.169488918961116E-021
    91   10   3.335843483665812E-021   7.456216770222843E-041   3.335843483665812E-021
    92   10   3.335843483665822E-021   7.456216770222899E-041   3.335843483665822E-021
    94   10   2.818801900803509E-021   2.966474135504906E-041   2.818801900803509E-021
    95   10   2.818801900803495E-021   2.966474135504879E-041   2.818801900803495E-021
    100   10   2.169488918961101E-021   3.567418793196757E-041   2.169488918961101E-021
    101   10   2.169488918961113E-021   3.567418793196797E-041   2.169488918961113E-021
    103   10   3.335843483665815E-021   7.456216770222860E-041   3.335843483665815E-021
    104   10   3.335843483665812E-021   7.456216770222840E-041   3.335843483665812E-021
    106   10   2.818801900803508E-021   2.966474135504903E-041   2.818801900803508E-021
    107   10   2.818801900803506E-021   2.966474135504902E-041   2.818801900803506E-021
  </DiscreteSampler_grid>
