  0.02248630421553210  0.03952519320810498  0.04789326706283328  0.05591764216433340
  0.06354832485075051  0.07048711978643618  0.07807515510248311  0.09021413121998577
  0.10454270102417106  0.11977436305979353  0.13567773594828494  0.15487039680594508
  0.16484747914383888  0.16880019231790072  0.17147285425435635  0.17538707570656414
  0.18187704790004705  0.18921059279236385  0.19487595532721846  0.19859678994231350
  0.20213273214903293  0.20443645317857131  0.20688308575751724  0.21096733957882302
  0.21530884136710368  0.22635193056339095  0.23739501975967825  0.25324946019495548
  0.27882309292563873  0.29719366141669190  0.30760010929383624  0.31782089438975253
  0.32874787853848508  0.34265315654924144  0.35573127156807638  0.36721176346049561
  0.37961490788333624  0.39291212815045196  0.40760349211154440  0.43409861049601983
  0.45877246309903813  0.47077347442213063  0.47949598556633638  0.48814473886072890
  0.49586781859261420  0.50387266436131362  0.51127568859816785  0.51947379775827451
  0.52862833324416536  0.53531102435682187  0.54191651284328501  0.55073451055447198
  0.56544387225734427  0.58142986959257759  0.59454958005006764  0.60476488858218791
  0.61461351528930785  0.62468282707097156  0.63374956466023913  0.64258305646528746
  0.65952234495605855  0.67955086667598119  0.70241895834890911  0.72317143768103309
  0.73143687941342772  0.74125022702983911  0.75567603716649923  0.77007224681248587
  0.77863177305093212  0.78517773099588684  0.79138385747705919  0.79783220462852567
  0.80380801101419097  0.81066658713545059  0.82161674946182650  0.83668563019778008
  0.85093582035762594  0.86126338475873876  0.86642521516320004  0.87222737409130668
  0.87727409186488037  0.88431292397548666  0.89202216832736048  0.90195920581367628
  0.90762523419726093  0.91019594384895430  0.91260430393050773  0.91520058939280291
  0.91868338341010947  0.92692122201821203  0.93878760844765352  0.95152429599810739
  0.95852784020276594  0.96526381372420444  0.97110876276289437  1.00000000000000000
  0.02758750743785054  0.04469432860623213  0.05600697075382640  0.06620806848315948
  0.07505067463019180  0.08535101808846433  0.09718200440685033  0.11154089380061652
  0.12847807034779610  0.14165524231664162  0.15128553599194591  0.15857737673141373
  0.16437311193478454  0.17318267336781440  0.18191456151300103  0.19019549014861237
  0.20487229707548010  0.22454676938790386  0.23990766281894194  0.25201215458768872
  0.26615898238321045  0.28336403219898304  0.29598568086908000  0.30717922030393108
  0.31678139368253416  0.32478315990721951  0.33565091072819542  0.34655920946438629
  0.35475076232764485  0.35967777900650461  0.36329585345214449  0.36685529431741509
  0.37195935305740102  0.37800506878270540  0.38527528468029121  0.39056311100131902
  0.39984535180468245  0.40816538938822344  0.41922555162623021  0.43018278780247582
  0.44285752857867772  0.45056258422256834  0.45652198266551036  0.46264455204872618
  0.46947745844528022  0.47599284043298096  0.48273087489363792  0.48919150066587747
  0.49557858372658470  0.50178075525651944  0.50693155275606205  0.51881428179452649
  0.52920837516639030  0.53823412133056503  0.54213778183899064  0.54472334773871511
  0.54637570095961596  0.54817707257664050  0.54949245801925106  0.55079731747868543
  0.55325052888210369  0.56512681543089904  0.58314601857156323  0.60124242466335720
  0.61772663043476328  0.63047733998543043  0.64232025459150899  0.65343272097176053
  0.66460564840862901  0.67598417038896985  0.68592670281142964  0.69280165387807058
  0.69893895129595052  0.70633518958175778  0.71146892436919562  0.71644339930472956
  0.72327077042357379  0.73564214443233777  0.74973734871566944  0.76123648993759285
  0.76895096845170596  0.77378914677762589  0.77865246064819216  0.78418154556600916
  0.78971063048382628  0.79687201456629297  0.80484806169295608  0.81887234372655793
  0.83974910310635686  0.85772697730920944  0.86912786044522650  0.88167535985028878
  0.89525740435267531  0.90834372219741710  0.92909684191446085  1.00000000000000000
  0.02996613897940135  0.03087799964043736  0.03170781307818960  0.03226079818149423
  0.03273218166351981  0.03308048147433143  0.03354214465595169  0.03400130578683602
  0.03440407863579428  0.03461320634210017  0.03473415635712641  0.03483044065516022
  0.03498387880713510  0.03511068890690158  0.03521610791141167  0.03531691644783815
  0.03544139146108094  0.03561336595759448  0.03575770172024805  0.03588897917241845
  0.03600913904172259  0.03607014738697640  0.03610155838684154  0.03613073380503252
  0.03628911808928267  0.03650252545800654  0.03679351252625859  0.03703623485042560
  0.03731970525897775  0.03760116533045347  0.03796008576958744  0.03830301071974722
  0.03866076326929237  0.03901967600268380  0.03939242680514592  0.03997415411444998
  0.04060443361072318  0.04121205660670786  0.04164276836181260  0.04190381202555282
  0.04213554932215087  0.04240713127078027  0.04271880195866496  0.04293866812479773
  0.04310798505037333  0.04328437313446689  0.04350240979414564  0.04377049834101240
  0.04407403184948901  0.04434709416301903  0.04455085493273542  0.04480382737521832
  0.04502818375272834  0.04522988125158404  0.04542701867905898  0.04561138015842165
  0.04580787019794459  0.04604510933949177  0.04631831370496855  0.04683141701816237
  0.04702981117861484  0.04726929113640296  0.04756137950644147  0.04779124509554296
  0.04799936115747188  0.04823306822664231  0.04844687863357008  0.04862606142841463
  0.04879524896882561  0.04895124243536594  0.04922221739566292  0.04971737637369852
  0.05044300882012936  0.05182424793805481  0.05343935549629825  0.05515715948433126
  0.05636166596147055  0.05711507804099192  0.05764001100394486  0.05818848419389697
  0.05870074692054882  0.05909185427471583  0.05984385475300485  0.06089248711759396
  0.06201437343791777  0.06347444045564501  0.06589247649777569  0.06954299910024446
  0.07431436841756184  0.07958393899585063  0.08416396676058668  0.08985878059158853
  0.09979977289984793  0.10606919769745346  0.19255362322291175  1.00000000000000000
  0.02862093601591388  0.04272136470876259  0.04646692084574764  0.04824389483125956
  0.04933320691053531  0.05017629960706417  0.05100521803782077  0.05216750361756622
  0.05380532111876014  0.05578631936775384  0.05757205414729675  0.05932171535102082
  0.06084168187417332  0.06201037548797980  0.06273323178737059  0.06329097580153359
  0.06389031897519938  0.06434545081675343  0.06443665514907325  0.06455833007830983
  0.06466448397208845  0.06478113003960607  0.06488234691124015  0.06497701546335967
  0.06522859975011285  0.06579885253220601  0.06623799438952901  0.06649954076101372
  0.06672274951173507  0.06697718158957384  0.06743533338871283  0.06815843705240190
  0.06901146928984626  0.06981884160153533  0.07065699533351937  0.07147251030839524
  0.07213830040342968  0.07287475812989293  0.07366415395525637  0.07449189433757797
  0.07538119951043372  0.07629256883522752  0.07729301160378076  0.07850402194640793
  0.07985922916058626  0.08150880301645112  0.08288547316504573  0.08365135626750907
  0.08438064074659228  0.08516049669149001  0.08613967303803197  0.08791791446467435
  0.09012849531700763  0.09198177845268993  0.09379702753107708  0.09588861078258737
  0.09833120183665466  0.10054022970035008  0.10143229967896064  0.10217296436593658
  0.10278298149873198  0.10373328555017539  0.10453901517040709  0.10511811744410923
  0.10553827203288471  0.10596048105887482  0.10660795846839399  0.10735943207666110
  0.10821323056366115  0.10993565600217896  0.11158888567365485  0.11251812633522131
  0.11400834028983911  0.11789233868058842  0.12332590721005503  0.12826281305408263
  0.13088734600741436  0.13264921674352498  0.13457030181834101  0.13660947210495314
  0.13864198659297286  0.14066906828785897  0.14464833754217618  0.15130938065984378
  0.15795591443284582  0.16425869582664351  0.17623948491932487  0.18976950425277403
  0.19914150122565319  0.20871169460339856  0.22078584184647332  0.22871760247076298
  0.26525809086528912  0.31591722011813023  0.86961041059156852  1.00000000000000000
  0.02438463568142377  0.06087168833601642  0.06884988770453424  0.07583168148559774
  0.08028860765004331  0.08322352980889294  0.08498268227127477  0.08659764901508443
  0.08795132921283623  0.08871914455927626  0.08951027963384896  0.09035690861838470
  0.09199079087602731  0.09355082292336311  0.09400083782598140  0.09444076400746906
  0.09485793090395411  0.09547037847256402  0.09626586433418344  0.09707431936667843
  0.09787356371945719  0.09840868926146154  0.09907191153140690  0.09950583419407334
  0.09969004316635138  0.09991117289189728  0.10013725822138930  0.10036659673381787
  0.10058883948103180  0.10076836897140906  0.10093444509091447  0.10108463096491040
  0.10128711208789828  0.10216236141260758  0.10304636321616023  0.10377169939478942
  0.10491718064955301  0.10767288440874953  0.11188186829779968  0.11575941635033175
  0.11952516702192809  0.12287158750700042  0.12678270634237099  0.12965457896986535
  0.13215355759629641  0.13474803984510442  0.13727097330065999  0.14019003265920832
  0.14386590677631950  0.14815800117157540  0.15159888244437494  0.15369174987033313
  0.15534002401022204  0.15730990044440360  0.15973256089136742  0.16117990765861570
  0.16199586572645192  0.16271107374656527  0.16345482634516229  0.16420510215519002
  0.16505386728742319  0.16592869952294950  0.16795165901678927  0.17001423687114486
  0.17147545578983894  0.17229655392698556  0.17268726710041662  0.17331712652641157
  0.17432646484469827  0.17617918566202556  0.17842635893822423  0.18002572366451061
  0.18139827296970676  0.18303995622075700  0.18496037631996332  0.18694803215886616
  0.18867563283397185  0.19030029077359512  0.19252718999594159  0.19703826837818592
  0.20453783055711969  0.21190140230906723  0.21729583362106394  0.22352225791413610
  0.23086410901951748  0.24080679194656843  0.25339556114732475  0.27237064901869118
  0.28682322803865501  0.30046915756614451  0.32220151156855004  0.35244899682734970
  0.38677268286528305  0.42508164607075566  0.95818822384808200  1.00000000000000000
 -0.00445448983307995  0.01259754894256867  0.02150057980926900  0.03207255143827590
  0.04316228054608889  0.05217060878045937  0.06628293272473301  0.07750827324126527
  0.08754273286248195  0.09706206092676861  0.10595865287864624  0.12033868971644321
  0.14592435989856969  0.17336591640818794  0.18163560728522118  0.18594709244886465
  0.18899363405737193  0.19232869107756198  0.19719559756152530  0.20746024724212636
  0.21276692055653348  0.21667705305675861  0.21943554945424423  0.22270851822112453
  0.22772256945182856  0.23143856863243517  0.23392665193850329  0.23624071369946836
  0.23922424764993130  0.24190331086455868  0.24790885282812744  0.25669378858811837
  0.26262693351694899  0.27608397568232040  0.29388837247756283  0.31216226371507194
  0.32924814382430162  0.34445024114845052  0.35263480144974418  0.35700712561714304
  0.36139172932138142  0.36610601872768445  0.37278877568021340  0.37870471067371991
  0.38468747338750081  0.39085972739450509  0.39855035572712100  0.40702748462100885
  0.41628176385393173  0.43273600753385522  0.45573439803939275  0.47206159407189918
  0.48265751381623306  0.49384690839781425  0.50878128980525306  0.52742770801514338
  0.55095004155902505  0.57707646554415193  0.59888567247787172  0.61977748466459903
  0.64389391626149273  0.66333754074916895  0.68233811354928586  0.69807153459545568
  0.70951230105863339  0.71843913056473241  0.72769528518770399  0.74126560132207375
  0.76019996625598307  0.78033709703512766  0.79795111625791748  0.81037438964718589
  0.82023813401366186  0.82855339775879211  0.83845712966200880  0.84712160702893669
  0.85170740793740418  0.85631048906227969  0.86100244410918092  0.86574811763880188
  0.87086280904966118  0.87597750046052048  0.88036908759048049  0.88355244700566848
  0.88699596912215406  0.89153008853194826  0.89621859412350657  0.90342541420400801
  0.91153466845378583  0.92075693495910160  0.93031418534716526  0.93972825281781225
  0.95453391317515635  0.97048358641749166  0.98599306153720834  1.00000000000000000
 -0.00852711538168091  0.01936933545417717  0.04002455353998816  0.05104879188660419
  0.06235704298188127  0.08009428896423197  0.10783789860032145  0.13024453089241619
  0.14230712505446383  0.15169687720711494  0.15979473171898148  0.16510527323811441
  0.17377278112732031  0.18686045329804585  0.19928976324675182  0.21276832397028900
  0.22878724563255956  0.25321812203468969  0.28202456958173783  0.29280705877242974
  0.29667757236635828  0.29972941899287531  0.30313443044057786  0.30751147614817664
  0.31140295009907287  0.31513529181129601  0.31877412011147188  0.32213051881485372
  0.32544586165971989  0.32825142641287963  0.33141418995223498  0.34423632877284305
  0.36056054342947175  0.37454183778412931  0.38481868527797564  0.39679528818943571
  0.41141240963065329  0.42837946774877439  0.44690929568528881  0.46456397973893060
  0.47630008315201011  0.48469087979325048  0.49280891787469638  0.50025645885015069
  0.50782452065802797  0.51926824302277497  0.53183228458643195  0.54490498105429064
  0.55801815131560750  0.57618552638360221  0.59104490208953342  0.59966984718826521
  0.60549543411520224  0.61026505067001513  0.61386873302005895  0.61853325250513169
  0.62366821028956987  0.63134894801161712  0.64369303424920676  0.65311211481412357
  0.65853356204324964  0.66551741787309615  0.67625725184782404  0.68421991055438802
  0.69387555921659183  0.70995059798994520  0.72856096253090219  0.74258789402305858
  0.75724298794675504  0.77148002221382739  0.77635594626771054  0.77928435714801214
  0.78231481638564648  0.78669279792982116  0.79024161185288644  0.79361829775282866
  0.79696931834914031  0.80049658206765950  0.80391460841230356  0.80717421189129135
  0.81055951819049965  0.81720575261617956  0.83191757924221221  0.84524870207437230
  0.85411081937966149  0.86379075510891457  0.87481660439074982  0.88563545452986003
  0.89569117932620368  0.90612637494794646  0.92038698379215600  0.93883282391138267
  0.95735355484484863  0.97362744831584846  0.98719828293191914  1.00000000000000000
 -0.00345443230136697  0.01689268029532502  0.03579010157210955  0.05130903502839770
  0.06890650224772993  0.08594676143549655  0.10408551558108266  0.12246730947067798
  0.13033752353469180  0.14214447747195114  0.15475025831416581  0.16435029928162556
  0.17173846464403500  0.17777429487427193  0.18377941957147867  0.18984067526173090
  0.19631964181328718  0.20332781092383098  0.21385105377422572  0.23012558656800991
  0.24305522291495560  0.26026842652012783  0.27930996413448361  0.29607353209614867
  0.30710204282458137  0.31598811423949980  0.32454573106283990  0.33567402967641569
  0.35912594095140654  0.36872769024736085  0.37624028001752907  0.38532917613197354
  0.39696481804458261  0.40908422020305929  0.42337735580978164  0.44402300851186521
  0.46570148798660771  0.48109337499944710  0.49362547465550766  0.50341569056611224
  0.51214215454037282  0.52160732565485690  0.53366201662920876  0.53767097901726280
  0.54018062954834756  0.54411603925833218  0.55079916203600443  0.55667954893289717
  0.56194492284228759  0.56524857053391098  0.56860933159738969  0.57159102154463304
  0.57484282745235593  0.57806331598779559  0.58067434676525087  0.58319768988168963
  0.58563278836477073  0.59405704916803970  0.61055945914745469  0.62879943931903082
  0.64142509299860018  0.65143118230702546  0.65936816264624698  0.66598050428195987
  0.67927261326710797  0.69374281870078569  0.70138544093949950  0.70650584177153619
  0.71162624260357277  0.72578473660550114  0.74025995150197277  0.75469592848339229
  0.76912098922305572  0.78121946850859492  0.79045650432588566  0.79646711143358040
  0.80333038128878997  0.81111766769063121  0.82088374524333074  0.83359731460664699
  0.84896374312133083  0.85519997306517892  0.86063556666902186  0.86562420297816201
  0.87054524880220097  0.87845521917367420  0.88860878928058140  0.90290717252511099
  0.91715267197307682  0.93011112503459847  0.94309856745591225  0.95782461940616959
  0.97089734019840646  0.97983415130233120  0.98915443329243313  1.00000000000000000
 -0.00642844601233757  0.02922691324272304  0.05713499331197593  0.08063257679695773
  0.10707482847117751  0.12934375286897487  0.14212934079250483  0.14990183826575709
  0.15634282070573399  0.16295224798963837  0.17026567342311477  0.18031454627131371
  0.19340510021892166  0.21093788036001723  0.22792340353159068  0.24374284414187172
  0.25805371273269001  0.27099314933667928  0.28297526098666609  0.29487177664143788
  0.30458741226544139  0.31370947067995303  0.32035640900221363  0.32565157662889943
  0.33429208164264562  0.34529571750811022  0.35571183000773643  0.36618514600876939
  0.37722649522004154  0.38728691565729673  0.39637465857796905  0.40087221613638657
  0.40481108730488946  0.40901103083403351  0.41462751004675508  0.41965006343331746
  0.42470992121253698  0.42969424617220703  0.43476494003763400  0.43794456099113449
  0.43961351982831426  0.44166948889173552  0.44320148490756633  0.44479703219384176
  0.44735533356214824  0.44992069777653837  0.45143853335748779  0.45253115158624746
  0.45354529272534161  0.45523388997833214  0.45929101530185967  0.46704164079836902
  0.47521358915662870  0.48515354650234577  0.49338061950469564  0.49974065671359486
  0.50816083722874950  0.51721245540467053  0.52722440912502677  0.54108800610386709
  0.56125722922563415  0.58362429663397719  0.60335452788537425  0.61839704298470444
  0.63133091191429214  0.64122565860764613  0.65026446760778478  0.66129376677377305
  0.67439116968745461  0.69137823258976083  0.70382613175546593  0.71431027819939696
  0.72901958481429086  0.74556092200855628  0.76127537236255449  0.77988654133382851
  0.79389193454120632  0.80902033144030472  0.82040928108551159  0.82828225246812326
  0.83561251475912779  0.84705823391769086  0.86329406491871030  0.88019038399902283
  0.88826952273242610  0.89575995310145240  0.90481810179134958  0.91566801860978331
  0.92692732184853355  0.93739922898664929  0.94537444644555546  0.95514924517027677
  0.96680981140957933  0.97848556227861905  0.98960309024851434  1.00000000000000000
 -0.00765398924499101  0.03778818741275256  0.06897703127045456  0.08937819540579889
  0.10599285361613084  0.11968187899778931  0.13298441999146779  0.14685438884063487
  0.15708930128365553  0.16256846988440971  0.16574783219646108  0.16796682943342425
  0.17026651104153459  0.17264197522406477  0.17539654326211451  0.18062391428680954
  0.18584827670648571  0.19098861750201984  0.19609092400207323  0.20028286984276572
  0.20355696631472905  0.20732042243069207  0.21114515005041010  0.21836507093911628
  0.22776264628606477  0.23720594948431747  0.24675443876798617  0.25712485107121053
  0.26990546817635208  0.28754766362170808  0.30575226280137358  0.31702424716601740
  0.32797327928844816  0.33846665696513484  0.34814498448517600  0.35772883599446437
  0.36764876972349492  0.37914278410965546  0.39374058543808332  0.42023650063284618
  0.44411891648397883  0.46514239496063042  0.48626731219209962  0.50214484771151335
  0.50708338899601568  0.51285705723977904  0.52092510230793054  0.53300796386754556
  0.54005783816317310  0.54414714941668585  0.54695720156870908  0.54981968794403802
  0.55273992574101982  0.55762199034336024  0.56471679579999101  0.57306946011454452
  0.57971040267030272  0.58472639281859762  0.58857349528549552  0.59337189600108731
  0.59748575459978404  0.60037450399066494  0.60325911837358481  0.60842790269455704
  0.61385896583477062  0.62031686402517927  0.62653767401676286  0.63224486036645522
  0.64411220347177789  0.65934044018104387  0.67245752242776335  0.68405826818432425
  0.68966143117774059  0.69272900877629873  0.69529596208547695  0.70004015088720606
  0.70766406891634004  0.71971292829672884  0.73485964870688103  0.74919719331970491
  0.76466301291341743  0.77648317936628020  0.78955998905137614  0.80148031319196122
  0.82005249514775558  0.83420461123126810  0.84927085521445578  0.86557127197669526
  0.88182441652392640  0.89971443824900876  0.92233362836038890  0.94407753523061300
  0.95792226617262399  0.97092455113290188  0.98512222053720866  1.00000000000000000
 -0.00355948803269585  0.00799614237238664  0.01734093088448442  0.02421319627438157
  0.03318755743075489  0.04256419907912452  0.05659220219021117  0.07425469527615600
  0.09166631128236333  0.10707970033151400  0.12034633665256360  0.13314058748825469
  0.14540998461088739  0.15824635870177450  0.16821112725758516  0.17805680966314175
  0.19053910848438607  0.20114546991741969  0.21110383721204948  0.22225032820824614
  0.23045394466492342  0.24010436295536539  0.25220146286864464  0.26800398718748819
  0.28337855922093463  0.29634741903585010  0.31186430557743355  0.32995481328773718
  0.34503662944857511  0.35855895227771367  0.36449891922423677  0.37043888617075993
  0.37732914823944624  0.38500361830794960  0.39239193022624425  0.39927716162021676
  0.40774896191401411  0.42092522534270449  0.43310286090123912  0.44340300540685146
  0.45086665311156965  0.45435501633556930  0.45557646637988641  0.45828791857915629
  0.46150013143839830  0.46429504595193960  0.46664725749903518  0.46876323991292579
  0.46968130489997284  0.47054671207707038  0.47449408875467997  0.47855821647935815
  0.48459940194407086  0.49055576194520611  0.49969393023352288  0.52223856557059434
  0.54754030175725354  0.56658812813655723  0.57308427255569072  0.57558106047111834
  0.57795585437646513  0.58156854589700546  0.58592532964290001  0.59126591170078702
  0.59659459703168216  0.60272023607736347  0.60806453062427102  0.61207544504850053
  0.62659211529007497  0.64526190774228898  0.65665953401163457  0.67040696963028201
  0.68413362732180072  0.69968801770276023  0.71512777298310914  0.73026123541238785
  0.74684779380448119  0.76418896591897967  0.78980204022894962  0.80110472026997570
  0.81139308488722073  0.81986743013326291  0.82840124712965457  0.83759026193480024
  0.84824008817514307  0.85933727049025477  0.86952031550441855  0.87919751265320256
  0.88913686724908814  0.89457350373524058  0.90741551618080829  0.91904561026534004
  0.92951123326888707  0.94544021144452051  0.96865736800532698  1.00000000000000000
 -0.00578835614214662  0.01914338648705517  0.03720632934495943  0.04747450197292726
  0.05516484292867380  0.06260720221928658  0.07070772144386828  0.07645194583794288
  0.08171814804597685  0.08800895789939621  0.09861351419771956  0.10400152031834360
  0.10908196968875235  0.11427405723198836  0.12222864645453885  0.13644975633471310
  0.15285156169329930  0.16498790157204651  0.17518932421465377  0.18115022461569708
  0.18500923088577634  0.18917711738803936  0.19399040487287672  0.19979176123658138
  0.20506713940194918  0.23105228330758354  0.25950776612644633  0.27419585117490708
  0.28616780913782874  0.29965063417888704  0.31345210539854318  0.32447531510607081
  0.33432549851979282  0.34480034785958735  0.35379032020753082  0.35962916621390878
  0.36519452903568583  0.37060750251441443  0.37770889182142620  0.38525614048259610
  0.39529276803821939  0.41278290991755345  0.42970153806054207  0.44629535141229704
  0.46233657991344185  0.47549917022932259  0.48815848562474484  0.50015709128177999
  0.51196004018942232  0.52532599384040879  0.53916554381888881  0.55093931780853045
  0.56079714474589970  0.57039191081564700  0.57992755945953389  0.58996087203428960
  0.59985053042679215  0.61001906422866981  0.62630456742085117  0.64545186180258785
  0.66225422414472701  0.67460766685701223  0.68434345967904286  0.69793752663839148
  0.70709603868003379  0.71511669328766037  0.72453696702193560  0.73134105018826867
  0.73720587605263410  0.74212319224967283  0.75060587304096382  0.76132948233225961
  0.77767222501936517  0.79803629203437576  0.81597509038041871  0.82426435497881223
  0.83114381147674155  0.83677888901559294  0.84054403187372706  0.84228146174073248
  0.84418452526139010  0.84722922965214653  0.85066627936947403  0.85491622059589001
  0.86092163549615530  0.86587100681049933  0.87041278686749679  0.87706949816564650
  0.88854420293773484  0.90441129946073007  0.92294564537812351  0.94370184988932038
  0.95961119679708662  0.97392845097284275  0.98646810938763663  1.00000000000000000
 -0.00284598668301406  0.01055327340254196  0.02033307255444021  0.03050257803973512
  0.04284106604607402  0.05737582616419887  0.07358653345248631  0.08978124313901492
  0.10595023762307954  0.11594949013642439  0.12491258988621701  0.13636184539241011
  0.14707890099503260  0.16038277339737392  0.17966940901490894  0.19202314016486652
  0.20425880064580215  0.21421901031869145  0.22285513136308188  0.23060456575115126
  0.23756026154514390  0.24858349288054790  0.26334572544558205  0.27279796136331996
  0.28074671355912112  0.28589296080263804  0.29207147834155833  0.29935978729121715
  0.30767152977592094  0.31484427782672408  0.32063280223715268  0.32445356662828978
  0.33064959346214096  0.33863785756146031  0.35100800452377007  0.36699778145617873
  0.39546924650215387  0.41570943247956066  0.42410178598110604  0.42983437017443610
  0.43534357307275945  0.44330741607816687  0.45143528552548801  0.46170347550653457
  0.46991114592795641  0.47492844071985740  0.47869022128843225  0.48292699539890582
  0.48642325113065038  0.48964567441190676  0.49397716263929881  0.49924408307178914
  0.50601765617280225  0.51073972690302205  0.51650901150110706  0.52474749827556066
  0.53172161618756619  0.54613239117254209  0.56054948189873832  0.57443191975504637
  0.58694211816689179  0.59787242370747817  0.60998458574876802  0.62395553608549037
  0.63148427391640449  0.63792758883840173  0.64331431911721848  0.64849553683708649
  0.65391138863457132  0.66075132356174882  0.66827005755156621  0.67675338760134285
  0.68529566241281825  0.69364775517451394  0.70595945536110005  0.72529696757501505
  0.74815772125266589  0.76287698269131576  0.77956887121658136  0.79409876948843283
  0.80999782246702534  0.82220908390576586  0.83254478553660649  0.84244549762051513
  0.85641071938180502  0.87435666718669669  0.88816550117218152  0.89822280699579726
  0.90699244665313528  0.91795805582018597  0.92759193790043937  0.94008728741278569
  0.95393101089445320  0.96962063171891288  0.98490573296793882  1.00000000000000000
 -0.00415190510038458  0.01441203340314903  0.02386340431105057  0.02945595513108977
  0.03535521641059240  0.04174235976437757  0.04866131113288017  0.05860969036562257
  0.07281527155112723  0.09485668320326579  0.11399197159300636  0.13431499957917606
  0.14988717576534413  0.16284995659837670  0.17255315379005312  0.17793027958454993
  0.18345660687159757  0.18930259156723278  0.19524454322319215  0.20229257735212083
  0.20934061148104954  0.22489084792285874  0.24287464783693710  0.26018042176779083
  0.27516601175119021  0.28727239084068817  0.29716415528830342  0.30794656654697766
  0.31817047482802169  0.32868530713253569  0.34105754674907346  0.35176266184474952
  0.36133767803105926  0.37115849498956038  0.38334119660289911  0.39639291039010227
  0.40781056872317245  0.41673112879899998  0.42872715406905271  0.44951058783711378
  0.46702781993738474  0.47742897123432004  0.48479660687258130  0.49323636211419958
  0.50331294916695091  0.51322615352537493  0.52046028439843939  0.52971155829928118
  0.54221977859037929  0.54607861563117732  0.54905512223955277  0.55281373877994988
  0.55579174751056082  0.55820507155063293  0.56092692790296761  0.56796028585846481
  0.57810013075004207  0.60091730848588798  0.61728627105305456  0.62430001435764915
  0.62898450685659635  0.63336705964981632  0.63732482682246205  0.64038615615967920
  0.64318954899595338  0.64599539758769864  0.64953193750531657  0.65559025473213317
  0.66183047016159247  0.66682883192734799  0.67268832855117822  0.68139053563112317
  0.69118421666868635  0.69932427132188513  0.70789178152014642  0.71742085503958275
  0.73056017609826973  0.74716371303678009  0.76615336810623036  0.78157658834331101
  0.79261296068124465  0.80442872218103711  0.81474521795242594  0.82422551837555003
  0.83560920440723518  0.84796081994481853  0.86083212605533477  0.87556884273331681
  0.89084442346819082  0.90388208781726420  0.92041159963108543  0.93925392321846435
  0.95015685044521370  0.96143533230821099  0.98119212023964020  1.00000000000000000
 -0.00474720375991188  0.02197485927210761  0.02901206889412853  0.03487384689341287
  0.04075783168235943  0.04722855950684592  0.05603426395631680  0.07131158860653347
  0.10604350086124030  0.13616104821682420  0.15773246899829288  0.17309196440322397
  0.18700317719657381  0.19974531212982324  0.20816587792116562  0.21651637050970771
  0.22589228829241370  0.24023199968918446  0.25879892400594079  0.27701761180016632
  0.29363021812321966  0.31399099746139436  0.33707400983391034  0.34657700320554186
  0.35223776451673267  0.35450689697915105  0.35675939109121407  0.35892242462734375
  0.36100056953867998  0.36256480567916882  0.36423232639420350  0.36671937443767572
  0.37008791151770692  0.37356561607775951  0.37712880820545452  0.38117916741322372
  0.38598252233320363  0.39571814998123650  0.40384782191119684  0.40970703405156983
  0.41519568758558112  0.42278312219493558  0.43298264465587316  0.44216511476138304
  0.44884240311899448  0.45561129050731092  0.46319169578014718  0.47536058078201898
  0.48574355942145020  0.49361860357178738  0.50459829787966681  0.52133416855318560
  0.54017279496924298  0.56014130190216938  0.57588250703833233  0.58707795818886466
  0.59799205777618458  0.60847142080655359  0.61820748401046410  0.62777526526135585
  0.63591841341906630  0.64389810378957890  0.64857574652263728  0.65436031042793641
  0.66161170066547859  0.66922772032964883  0.67758791170080734  0.68648908967949218
  0.70297802878638871  0.72473373051407930  0.74627284717268938  0.76627403690831719
  0.78018015192485823  0.79539259519539240  0.81175063603272635  0.83425352359356386
  0.85276934699034468  0.86027028886429791  0.86296847814946365  0.86622716147774681
  0.87199316977466557  0.87698514960840246  0.88200273053019862  0.88571135211510210
  0.88793645284913181  0.88978811786969925  0.89504942190555070  0.90310893544519977
  0.91140044760534622  0.91795753759745446  0.92551730040088487  0.93616180244943281
  0.94926004393851204  0.96550416511594694  0.98364223577674736  1.00000000000000000
  0.00160835383467740  0.01168765215168065  0.01421872601358291  0.01638110616594956
  0.01873384038864154  0.02178689139447755  0.02481366698114848  0.02867789960167707
  0.03303310741218805  0.03710561158260071  0.04623572416404212  0.05434552046781721
  0.06379735789345625  0.07522019348256831  0.08999934332817330  0.10525342625954748
  0.11889445312126742  0.13114466110307571  0.14476657875762594  0.16371875328142965
  0.17597347411928715  0.18850211078165965  0.19902890590056743  0.20794578325096769
  0.21549799768617267  0.22529785404815092  0.23759698300410967  0.25700167267377783
  0.27331113985637079  0.28360257480142165  0.29214635211453943  0.29959850388048204
  0.30567509691575673  0.31289431544042318  0.32229662069282400  0.33468806753012154
  0.35144633734408698  0.36653579587038115  0.38417365176046003  0.40555493494495037
  0.42406127045902575  0.43747056122459271  0.45055551807420108  0.47887335113958279
  0.50473462623067511  0.52503069019212767  0.53662981921708641  0.54484654963532575
  0.55394909757369182  0.56403372741831859  0.57867995206918166  0.59570871616809562
  0.61302779640814797  0.62947323235269914  0.63967192470236045  0.65366705081081766
  0.66806797250593075  0.68251094658021405  0.70064620849143733  0.71236242216103995
  0.72029089972223115  0.72764197341855685  0.73135585045220219  0.73341830303855071
  0.73626716493644162  0.73940522906565820  0.74275870872712213  0.74526562322931045
  0.74740776630517569  0.74859056544106850  0.74969721729746541  0.75224971278260233
  0.75491033841631894  0.75776217243463007  0.76029493626646649  0.76759525584450261
  0.78033058443263781  0.79916030084786949  0.81454371797102976  0.83111373038730429
  0.84876667647559922  0.86803750496940424  0.88798904460413020  0.89839930294415227
  0.90880956128417434  0.91671293598180381  0.92447969406921460  0.93110040832880203
  0.93728503419055775  0.94419494557302952  0.94993926262401518  0.95485715019238115
  0.96172808859953696  0.97026987284692423  0.98044512774654358  1.00000000000000000
 -0.00090221770104881  0.00245345953278985  0.00740077689509867  0.01639033694863907
  0.02854052582377146  0.04631202943174509  0.06215993354696286  0.07705314461493827
  0.09540076251816064  0.11748185296633401  0.13427095293659516  0.14513794755959039
  0.15505489558684071  0.16487878876678419  0.17441587458329078  0.18220382543136349
  0.19038298882288124  0.19679448067431890  0.20185458960863306  0.20664535089164160
  0.21356295060703825  0.21957949347649047  0.22593200326835813  0.23120723771758889
  0.23454579393587169  0.23816855690664029  0.24729428078111199  0.25770658118463724
  0.26460897353426771  0.27105344814680166  0.28137547018665160  0.29610459553807272
  0.30947544550443856  0.32229020394748464  0.33495927065715769  0.34846689670781306
  0.35910479616410917  0.37163714289989414  0.38605598657038109  0.40022100955964279
  0.40878817079935015  0.41398555619059257  0.42141832756046183  0.43220879758419223
  0.44235767989938507  0.45217609252901525  0.46253416841377376  0.47566249929149490
  0.50043421243731401  0.51687043241553265  0.53083170123054979  0.54546670012891341
  0.56159119945390124  0.57846842663558218  0.60050730664948337  0.62190692424678862
  0.64694028335753906  0.67414118065113837  0.69264662345187555  0.70278068502201230
  0.71275191323075826  0.72158506748820417  0.73041822174565008  0.73793428748194279
  0.74512235916918879  0.75437449018158964  0.76998362421646649  0.78607430804285783
  0.79947348406579877  0.80535580511684812  0.80916277951771776  0.81362806562166301
  0.81803662867627713  0.82163798042426028  0.82521481507065131  0.82958209245946224
  0.83434383009142787  0.83637572790037529  0.83835131359999238  0.84151139265223618
  0.85355089885926727  0.86486301236610430  0.87583517507480968  0.88553521037758753
  0.89618045800932300  0.90203308041929320  0.90712030199968152  0.91104309115339410
  0.91470221790410911  0.91851802928657300  0.92769437636617313  0.93809750707187878
  0.95041811462091708  0.96463529556855165  0.98139507164613904  1.00000000000000000
 -0.01044255481644821  0.62250180052304938  0.69582973513360358  0.73240417036108774
  0.75073757425309429  0.76249853541394463  0.77311818202228699  0.78173402467086361
  0.78823594373893380  0.79206185407829055  0.79509245346727431  0.79703365611057253
  0.79980153574842372  0.80217662298268588  0.80445312960802628  0.80688745520116034
  0.80972238439775068  0.81294551105545154  0.81684745167412953  0.81879873345079057
  0.82069471777352221  0.82245999663764702  0.82385944368409947  0.82525893932287975
  0.82624486306522804  0.82755261889847564  0.82848082457397665  0.82933976743913829
  0.83016600460132728  0.83105563958747497  0.83203762431274619  0.83487653653491167
  0.83880768293784080  0.84219355627984738  0.84580771142872435  0.84982731567233583
  0.85453856372179071  0.85922832737307953  0.86098827626318764  0.86300535939490319
  0.86550431264920880  0.86749657797446522  0.86960715914179487  0.87187760705705197
  0.87415821887285217  0.87574739103597976  0.87718890804817662  0.87913200364376431
  0.88111994715128783  0.88351621486456045  0.88504343874671343  0.88678233901770898
  0.88854920026177675  0.88969082322401782  0.89120488165687373  0.89267738827103027
  0.89422093538425329  0.89609920827555978  0.89840398675393141  0.90085006764140063
  0.90317156840313384  0.90426049405810871  0.90514690540526122  0.90604958574124017
  0.90700293113024399  0.90796667164683098  0.90964072331974188  0.91130385693675675
  0.91273053345012289  0.91420999268205261  0.91581972236229081  0.91803517419945058
  0.91945414429045513  0.92099038336933126  0.92326270107719266  0.92536660228408552
  0.92762906210939966  0.93058930871128220  0.93327135785634940  0.93498478650501848
  0.93668659690209355  0.93852339708415189  0.94097966398549948  0.94446283461495684
  0.94840156572763057  0.95048643244248665  0.95271882423990106  0.95520633411085942
  0.95704518758705326  0.95849322073360355  0.96005019453783169  0.96166176836256334
  0.96376929402526978  0.96605842200118097  0.97302890264403052  1.00000000000000000
 -0.02130604873452347  0.10822585400147516  0.13745292250042210  0.15471225325508794
  0.16845473078054768  0.18485616966343635  0.20895386311774986  0.24156697120455806
  0.28080050130814216  0.29748793937636775  0.30514410727042085  0.31354379240322550
  0.32314187782795484  0.33010789583242328  0.33397472003135142  0.33645668178507293
  0.33852750948802318  0.34023325269990717  0.34176243987484162  0.34309013089114043
  0.34646058512094052  0.35337769829054266  0.36189189777643965  0.36902549134924179
  0.37502965527600457  0.37737001967917561  0.37876398816932999  0.37989524251696483
  0.38138816430963102  0.38407761325940232  0.38730297794728491  0.38887103886356328
  0.39067274282155973  0.39243239813365322  0.39421582478179290  0.39673747360093564
  0.39901296227945005  0.40159285883844176  0.40514742536422166  0.41162053099249435
  0.41880726127045148  0.42652667831516566  0.43330951090738878  0.44024726673855069
  0.44771268229571842  0.45655222567161219  0.46245963598964229  0.46845626728246587
  0.47612203274381215  0.48671650701739033  0.49867442531552741  0.50965969956284640
  0.52007628181912879  0.53059837899685158  0.53552557298066950  0.53811136556312666
  0.53961720571258320  0.54085211667523370  0.54224600595633710  0.54486314677348346
  0.54743693958168238  0.54985239547757170  0.55250012400724591  0.55467137879646045
  0.55679080972811201  0.55886630195538223  0.56248455146809795  0.56859351261805013
  0.57491265693050653  0.57954858113403085  0.58529675176451079  0.59502780538050459
  0.60521111228864954  0.61619542801271843  0.62739940050235588  0.63889438333339321
  0.64929957251266035  0.65895554993548300  0.66801079073271996  0.67496957915128830
  0.68218943403910826  0.69220717051828751  0.70547370877881843  0.71585319771012657
  0.72689748498356510  0.74009044107439870  0.75372505042605076  0.76749984282135786
  0.78141804328512265  0.79291644902440550  0.80193899159283377  0.81210141498844879
  0.82217823420259561  0.83861562688361690  0.87711542667385833  1.00000000000000000
   1.8247259071258354E-017  -1.0000000000000000     
 T F F F F F F F F F F F F F F F F F F F T F F F T F F F F F F F F F F F T F F F T F F F F F F F F F F F F F F F F F F F F F F F F F F F F F F F F F F F F F F F F F F F F F F F F F F F F F F F F F F F F F F F F F F F F F F F F F F F F F F F F F F F F F F F F F F F F F F F F F F F F F F F F F F F F F F F F F F F F F F F F F F F F F F F F F F F F F F F F F F F F F F F F F F F F F F F T F F F F F F F F F F F F F F F F F F F T F F F T F F F F F F F F F F F T F F F T F F F F F F F F F F F F F F F F F F F F F F F T F F F F F F F F F F F F F F F F F F F T F F F T F F F F F F F F F F F T F F F T F F F F F F F F F F F F F F F F F F F F F F F F F F F F F F F F F F F F F F F F F F F F F F F F F F F F F F F F F F F F F F F F F F F F F F F F F F F F F F F F F F F F F F F F F F F F F F F F F F F F F F F F F F F F F F F F F F F F F F F F F F F F F F F F F F F F F F F F F F F F F F F F F F F F F F F T F F F F F F F F F F F F F F F F F F F T F F F T F F F F F F F F F F F T F F F T F F F F F F F F F F F F F F F F F F F F F F F
  <DiscreteSampler_grid>
  grouped_processes
  1 # 1 for a reference and 2 for a running grid.
  10 # Attribute 'min_bin_probing_points' of the grid.
  1 # Attribute 'grid_mode' of the grid. 1=='default',2=='initialization'
  0.0000000000000000 # Attribute 'small_contrib_threshold' of the grid.
  0.5000000000000000 # Attribute 'damping_power' of the grid.
 # binID   n_entries weight   weight_sqr   abs_weight
    16   10   9.987533565302982E-019   5.522408300106745E-036   9.987533565302982E-019
    17   10   9.987533565301632E-019   5.522408300104181E-036   9.987533565301632E-019
    19   10   9.351432769468510E-019   6.493249138329059E-036   9.351432769468510E-019
    20   10   9.351432769468863E-019   6.493249138329623E-036   9.351432769468863E-019
    22   10   9.316466297839925E-019   5.028351196018557E-036   9.316466297839925E-019
    23   10   9.316466297840222E-019   5.028351196018860E-036   9.316466297840222E-019
    28   10   9.987533565302968E-019   5.522408300106645E-036   9.987533565302968E-019
    29   10   9.987533565301772E-019   5.522408300104291E-036   9.987533565301772E-019
    31   10   9.351432769468458E-019   6.493249138329074E-036   9.351432769468458E-019
    32   10   9.351432769468813E-019   6.493249138329583E-036   9.351432769468813E-019
    34   10   9.316466297839906E-019   5.028351196018589E-036   9.316466297839906E-019
    35   10   9.316466297840183E-019   5.028351196018833E-036   9.316466297840183E-019
    40   10   1.789546520123866E-017   3.076179280825535E-033   1.789546520123866E-017
    41   10   1.789546520123950E-017   3.076179280825805E-033   1.789546520123950E-017
    43   10   4.921548643110864E-018   2.002388068062489E-034   4.921548643110864E-018
    44   10   4.921548643111108E-018   2.002388068062686E-034   4.921548643111108E-018
    46   10   5.851788343707170E-018   2.213064700591270E-034   5.851788343707170E-018
    47   10   5.851788343707414E-018   2.213064700591459E-034   5.851788343707414E-018
    52   10   1.789546520123867E-017   3.076179280825535E-033   1.789546520123867E-017
    53   10   1.789546520123948E-017   3.076179280825801E-033   1.789546520123948E-017
    55   10   4.921548643110867E-018   2.002388068062487E-034   4.921548643110867E-018
    56   10   4.921548643111100E-018   2.002388068062678E-034   4.921548643111100E-018
    58   10   5.851788343707177E-018   2.213064700591279E-034   5.851788343707177E-018
    59   10   5.851788343707406E-018   2.213064700591447E-034   5.851788343707406E-018
    64   10   9.987533565303007E-019   5.522408300106804E-036   9.987533565303007E-019
    65   10   9.987533565301464E-019   5.522408300104147E-036   9.987533565301464E-019
    67   10   9.351432769468555E-019   6.493249138329078E-036   9.351432769468555E-019
    68   10   9.351432769468980E-019   6.493249138329591E-036   9.351432769468980E-019
    70   10   9.316466297839968E-019   5.028351196018620E-036   9.316466297839968E-019
    71   10   9.316466297840345E-019   5.028351196018866E-036   9.316466297840345E-019
    76   10   9.987533565302915E-019   5.522408300106677E-036   9.987533565302915E-019
    77   10   9.987533565301549E-019   5.522408300104247E-036   9.987533565301549E-019
    79   10   9.351432769468526E-019   6.493249138329103E-036   9.351432769468526E-019
    80   10   9.351432769468932E-019   6.493249138329511E-036   9.351432769468932E-019
    82   10   9.316466297839952E-019   5.028351196018633E-036   9.316466297839952E-019
    83   10   9.316466297840320E-019   5.028351196018822E-036   9.316466297840320E-019
    88   10   1.789546520123866E-017   3.076179280825535E-033   1.789546520123866E-017
    89   10   1.789546520123948E-017   3.076179280825803E-033   1.789546520123948E-017
    91   10   4.921548643110852E-018   2.002388068062472E-034   4.921548643110852E-018
    92   10   4.921548643111109E-018   2.002388068062688E-034   4.921548643111109E-018
    94   10   5.851788343707155E-018   2.213064700591253E-034   5.851788343707155E-018
    95   10   5.851788343707429E-018   2.213064700591465E-034   5.851788343707429E-018
    100   10   1.789546520123867E-017   3.076179280825535E-033   1.789546520123867E-017
    101   10   1.789546520123943E-017   3.076179280825784E-033   1.789546520123943E-017
    103   10   4.921548643110858E-018   2.002388068062477E-034   4.921548643110858E-018
    104   10   4.921548643111097E-018   2.002388068062676E-034   4.921548643111097E-018
    106   10   5.851788343707157E-018   2.213064700591259E-034   5.851788343707157E-018
    107   10   5.851788343707420E-018   2.213064700591452E-034   5.851788343707420E-018
    112   10   9.715625128421262E-018   8.180331329370026E-034   9.715625128421262E-018
    113   10   9.715625128421738E-018   8.180331329370881E-034   9.715625128421738E-018
    115   10   3.745411740838309E-018   1.301838959652178E-034   3.745411740838309E-018
    116   10   3.745411740838103E-018   1.301838959652037E-034   3.745411740838103E-018
    118   10   5.026824377477216E-018   2.203974226981168E-034   5.026824377477216E-018
    119   10   5.026824377477024E-018   2.203974226980996E-034   5.026824377477024E-018
    124   10   9.715625128427234E-018   8.180331329380808E-034   9.715625128427234E-018
    125   10   9.715625128427686E-018   8.180331329381632E-034   9.715625128427686E-018
    127   10   3.745411740838285E-018   1.301838959652169E-034   3.745411740838285E-018
    128   10   3.745411740838291E-018   1.301838959652172E-034   3.745411740838291E-018
    130   10   5.026824377477175E-018   2.203974226981143E-034   5.026824377477175E-018
    131   10   5.026824377477210E-018   2.203974226981174E-034   5.026824377477210E-018
    136   10   1.051136037841769E-018   4.007383314259609E-036   1.051136037841769E-018
    137   10   1.051136037841472E-018   4.007383314256569E-036   1.051136037841472E-018
    139   10   4.933848581071876E-019   1.041244794308349E-036   4.933848581071876E-019
    140   10   4.933848581071102E-019   1.041244794308112E-036   4.933848581071102E-019
    142   10   9.122686456299349E-019   4.051390191612722E-036   9.122686456299349E-019
    143   10   9.122686456298619E-019   4.051390191612448E-036   9.122686456298619E-019
    148   10   1.051136037841754E-018   4.007383314259434E-036   1.051136037841754E-018
    149   10   1.051136037841461E-018   4.007383314256339E-036   1.051136037841461E-018
    151   10   4.933848581071811E-019   1.041244794308313E-036   4.933848581071811E-019
    152   10   4.933848581071220E-019   1.041244794308133E-036   4.933848581071220E-019
    154   10   9.122686456299226E-019   4.051390191612570E-036   9.122686456299226E-019
    155   10   9.122686456298627E-019   4.051390191612341E-036   9.122686456298627E-019
    160   10   9.715625128427211E-018   8.180331329380796E-034   9.715625128427211E-018
    161   10   9.715625128427815E-018   8.180331329381855E-034   9.715625128427815E-018
    163   10   3.745411740838318E-018   1.301838959652186E-034   3.745411740838318E-018
    164   10   3.745411740838095E-018   1.301838959652033E-034   3.745411740838095E-018
    166   10   5.026824377477213E-018   2.203974226981165E-034   5.026824377477213E-018
    167   10   5.026824377477028E-018   2.203974226981002E-034   5.026824377477028E-018
    172   10   9.715625128427219E-018   8.180331329380786E-034   9.715625128427219E-018
    173   10   9.715625128427784E-018   8.180331329381805E-034   9.715625128427784E-018
    175   10   3.745411740838299E-018   1.301838959652177E-034   3.745411740838299E-018
    176   10   3.745411740838284E-018   1.301838959652167E-034   3.745411740838284E-018
    178   10   5.026824377477173E-018   2.203974226981140E-034   5.026824377477173E-018
    179   10   5.026824377477217E-018   2.203974226981180E-034   5.026824377477217E-018
    184   10   1.051136037841754E-018   4.007383314259455E-036   1.051136037841754E-018
    185   10   1.051136037841474E-018   4.007383314256586E-036   1.051136037841474E-018
    187   10   4.933848581071824E-019   1.041244794308319E-036   4.933848581071824E-019
    188   10   4.933848581071076E-019   1.041244794308111E-036   4.933848581071076E-019
    190   10   9.122686456299313E-019   4.051390191612642E-036   9.122686456299313E-019
    191   10   9.122686456298615E-019   4.051390191612482E-036   9.122686456298615E-019
    196   10   1.051136037841753E-018   4.007383314259462E-036   1.051136037841753E-018
    197   10   1.051136037841474E-018   4.007383314256516E-036   1.051136037841474E-018
    199   10   4.933848581071781E-019   1.041244794308289E-036   4.933848581071781E-019
    200   10   4.933848581071110E-019   1.041244794308112E-036   4.933848581071110E-019
    202   10   9.122686456299147E-019   4.051390191612478E-036   9.122686456299147E-019
    203   10   9.122686456298619E-019   4.051390191612412E-036   9.122686456298619E-019
  </DiscreteSampler_grid>
