  0.00000038878525922  0.00001603687113590  0.00002113360557249  0.00002383750017762
  0.00002605518890132  0.00002827287762503  0.00003050393548468  0.00003273775822014
  0.00003497158095559  0.00003731237106592  0.00003967236069052  0.00004229361521924
  0.00006288109640774  0.00006415838169526  0.00006479053978204  0.00006522731980265
  0.00006566013626037  0.00006636478684715  0.00006829940469259  0.00006969516733103
  0.00007043518106393  0.00007116957743403  0.00007190138772871  0.00007274947738736
  0.00007361806086442  0.00007450050224782  0.00007500558247701  0.00007527420041945
  0.00007559396325517  0.00007619376804774  0.00007709567491959  0.00007808475206391
  0.00007892746474135  0.00007967309468502  0.00008035213053804  0.00008106196531205
  0.00008182877298047  0.00008295548317631  0.00008448060600474  0.00008653204152258
  0.00008925875497665  0.00009111898177352  0.00009188637233050  0.00009258443011691
  0.00009314088816609  0.00009377076812785  0.00009442749012471  0.00009527017939756
  0.00009674548337190  0.00009919545361239  0.00010201933554382  0.00010482924521705
  0.00010785202696872  0.00011083124004905  0.00011390147886648  0.00011659806630337
  0.00012000510006316  0.00012294515842663  0.00012621346050317  0.00013119895544534
  0.00013456488105706  0.00013899931648144  0.00014398153467103  0.00014812072553355
  0.00015227331056357  0.00015842963625184  0.00017370201226127  0.00018600084640539
  0.00019820556346586  0.00021035469531387  0.00022593361602088  0.00023854696006400
  0.00024680570594098  0.00026389784541386  0.00028777134017074  0.00030042337566784
  0.00031307541116495  0.00033863826739212  0.00036570665896535  0.00038309049592240
  0.00039484352656211  0.00041889237926133  0.00047079284395553  0.00053102860483868
  0.00061120627962597  0.00069171366400714  0.00084723697547012  0.00104855274759586
  0.00123179095513344  0.00139347981011380  0.00160260288559205  0.00194979130949516
  0.00309488815303243  0.00647670055169194  0.02215932565498352  1.00000000000000000
  0.03007982586572634  0.03027645221775036  0.03044312892583845  0.03060980563392654
  0.03075237552463291  0.03080535204269812  0.03085832856076332  0.03090753576627187
  0.03093241279688044  0.03095728982748900  0.03099841416747292  0.03110789653006794
  0.03118579083383106  0.03124878069768635  0.03130274686919709  0.03136898590059441
  0.03144653607293267  0.03150075167229450  0.03153305940335303  0.03157559989026904
  0.03164158092810342  0.03170816798003456  0.03177889668437766  0.03184346359139973
  0.03190948982624981  0.03198868617504332  0.03209530121640233  0.03221297752596677
  0.03238939819263728  0.03258318070200332  0.03277034173433978  0.03297365634131945
  0.03329350688872323  0.03376844741314042  0.03425357805239304  0.03470129069257120
  0.03522974377291652  0.03605381736523550  0.03689234617274683  0.03710340460943602
  0.03716979811798660  0.03728062035585993  0.03737802251645666  0.03742976494919315
  0.03749407331104028  0.03756355075960995  0.03766104193847126  0.03783431590176902
  0.03817238334310218  0.03861080784277960  0.03919226344174583  0.03978167084982344
  0.04022659746073470  0.04082946096417494  0.04117039122496773  0.04139910919272984
  0.04170344299366335  0.04199228517633823  0.04218465417099027  0.04242373728292539
  0.04274973878816339  0.04310430725297885  0.04372004396140649  0.04418799719452057
  0.04444200523025874  0.04454669054114510  0.04466786209930315  0.04478249889034401
  0.04489929334379134  0.04513997962550444  0.04543358302327934  0.04556426409209070
  0.04566321673218889  0.04579591625858316  0.04587776101630447  0.04595417144479066
  0.04601464382696448  0.04606192888184491  0.04619349956404904  0.04633029646237932
  0.04649520329408360  0.04669755716903131  0.04687263999573756  0.04703735397273665
  0.04729149304117188  0.04769567040374020  0.04888274317777144  0.05003927069403483
  0.05108677303039549  0.05190599466181083  0.05331822614436091  0.05425916255838530
  0.05478058628475187  0.05699545357884217  0.06440696172545568  1.00000000000000000
  0.93690313956403382  0.94165275255313485  0.94234466025518515  0.94318694523140023
  0.94428527423612807  0.94557572956576397  0.94676065440266055  0.94755663580371385
  0.94860651861627299  0.94954721787797325  0.95025892251507338  0.95072905672321495
  0.95111970147102654  0.95153842927113330  0.95210607756998278  0.95239666293851299
  0.95262922227717839  0.95274782272566738  0.95282221438656955  0.95291175757473312
  0.95301816770587167  0.95323905605739145  0.95361351657148219  0.95386174260389822
  0.95419542459511242  0.95452482348360668  0.95493610261874462  0.95591761772133044
  0.95743938794068373  0.95860612317380378  0.95915931461148973  0.95920891305059330
  0.95925872041176408  0.95930851742360224  0.95935798515427384  0.95942818866392643
  0.95950017520123043  0.95957426855837302  0.95963225946980601  0.95968967212119372
  0.95977394063732091  0.96007595645004529  0.96069617940371388  0.96114186698613802
  0.96141537342211858  0.96158235368923928  0.96179661528405835  0.96209326983234433
  0.96247096661031939  0.96284175352684520  0.96323547827883549  0.96371853998846013
  0.96409067367071444  0.96431292509685762  0.96450105182048107  0.96461952216736013
  0.96471496862480410  0.96480750220076306  0.96492531951103067  0.96510851843498990
  0.96560403717362919  0.96599473350069065  0.96613814345428428  0.96621581600565720
  0.96628193929435513  0.96635772085589844  0.96642467115265840  0.96647374952408138
  0.96652112361421383  0.96655504570280504  0.96658896779139625  0.96661896392058400
  0.96664626223742589  0.96667400007195714  0.96671389540025088  0.96676117582746057
  0.96679233113681096  0.96681831282793207  0.96684347995360720  0.96687342559784717
  0.96693734129678122  0.96705821334743303  0.96732198021695692  0.96753673379055660
  0.96761388840919427  0.96768381320137142  0.96775197767999921  0.96780178559894581
  0.96785821700103047  0.96799603657228672  0.96810394940960010  0.96820826636377100
  0.96837868679328087  0.96860656761517627  0.96878759853220398  1.00000000000000000
 -0.00000006959112798  0.00000048622434038  0.00000121927946444  0.00000192808404207
  0.00000296119374366  0.00000482981311748  0.00000601671839397  0.00000718816557258
  0.00000819911449050  0.00000935958094834  0.00001080153648129  0.00001256294779401
  0.00001407449652799  0.00001522675360554  0.00001636449563890  0.00001698170148725
  0.00001744905183546  0.00001820599496263  0.00001901159869817  0.00001987009791403
  0.00002068581187411  0.00002109552369777  0.00002150532720537  0.00002164288183809
  0.00002170572448545  0.00002177107161262  0.00002183643480639  0.00002195542061200
  0.00002209105095113  0.00002223015337962  0.00002239693305749  0.00002256404624045
  0.00002271575650782  0.00002293567787169  0.00002313618071285  0.00002326187981603
  0.00002344531934809  0.00002352786674519  0.00002360839104263  0.00002368299400542
  0.00002375759696821  0.00002389199073370  0.00002405812248680  0.00002422645914145
  0.00002457499362336  0.00002498332689597  0.00002575626628670  0.00002644994963555
  0.00002673671497794  0.00002701650752552  0.00002718152136482  0.00002733899888202
  0.00002743728122528  0.00002748352880243  0.00002751681223465  0.00002757992213862
  0.00002759964641414  0.00002761937068966  0.00002763957638172  0.00002767200534129
  0.00002770443430085  0.00002773722915426  0.00002778012675899  0.00002782302436373
  0.00002787179864527  0.00002812548992266  0.00003375261363991  0.00004567623270519
  0.00005455568417862  0.00005876669500432  0.00006055076559366  0.00006212550026051
  0.00006429893041237  0.00006667887588881  0.00006862366545078  0.00007055681543739
  0.00007159048082988  0.00007236313308936  0.00007331643650057  0.00007412757064857
  0.00007484281477836  0.00007550815899349  0.00007635118209856  0.00007925263332384
  0.00008501548119691  0.00009749207966400  0.00012314698151907  0.00016350063921300
  0.00021710354775519  0.00030358476991973  0.00050393682294202  0.00079250866586078
  0.00119983934487669  0.00208007925383995  0.10700137457518288  1.00000000000000000
 -0.00001248164608883  0.00007569864290217  0.00011034889299430  0.00013854433603626
  0.00016434359144291  0.00020087295734312  0.00026010530363292  0.00032783629836483
  0.00038712007108210  0.00044587894972498  0.00054640235655002  0.00064805073637792
  0.00073712777742922  0.00084451512784379  0.00094705225370941  0.00103812700432424
  0.00121116780354309  0.00141075800356743  0.00166186020815660  0.00186564181656212
  0.00201626114951883  0.00222126086827168  0.00258140472976692  0.00301418014798050
  0.00341372066145472  0.00379636467559649  0.00406295977768736  0.00418101780722250
  0.00429907583675763  0.00442629857280266  0.00455416521240942  0.00468031756296742
  0.00480404279636942  0.00492776802977142  0.00520260003973449  0.00529434215393555
  0.00534601560154338  0.00540851543781897  0.00548877318522502  0.00560944261336982
  0.00587825291457253  0.00645781968966273  0.00796475797369723  0.00946337892182309
  0.01065209029183034  0.01095604524197045  0.01117048071098114  0.01138514821987388
  0.01160223302776745  0.01221420782007424  0.01308246185618617  0.01416143389400456
  0.01472878087609938  0.01519670087384144  0.01557746722968260  0.01620634975287106
  0.01700059969295462  0.01762737416329628  0.01791460906692121  0.01812017908473165
  0.01822882738157717  0.01829782285430409  0.01834991844691203  0.01839821449492858
  0.01844628639128325  0.01848268271044440  0.01851944056135837  0.01855662724748186
  0.01859822938134811  0.01868317000886761  0.01874180382997973  0.01877005994256386
  0.01878377053650690  0.01879766858813607  0.01882571617846522  0.01890455523314589
  0.01902469015440867  0.01913304123495463  0.01925796018643318  0.01940759953986055
  0.01953159169415198  0.01964659479870649  0.01973637784856916  0.01980287334648425
  0.01986521448218009  0.01993173513834546  0.02003932347370593  0.02020539611142751
  0.02039829463261233  0.02063434385000478  0.02103109674619241  0.02192927847315304
  0.02351597400114874  0.02665514244381407  0.61815600892528133  1.00000000000000000
 -0.00333927970594917  0.01290378342704538  0.02293653168975837  0.03121033083501634
  0.03927402096543416  0.04737851264553582  0.05548824831165788  0.05882368510003644
  0.06176538928536461  0.06955321563323991  0.08247660662893469  0.09831071343329448
  0.10891205966691062  0.11306239490120168  0.11432819192594233  0.11525666669618502
  0.11701281653843765  0.12108034844626052  0.12370429973136764  0.12828399621479353
  0.13806367464815597  0.14791965874066859  0.15400877367604870  0.15656159338535497
  0.15812395630595874  0.15919221855535493  0.16024356171999724  0.16233326744696752
  0.16614388090449453  0.16931443983623518  0.17310466293192520  0.17855684944542591
  0.18658719672217836  0.20394422272394838  0.23207874411014756  0.26156315019533516
  0.26594041055583090  0.27031767091632664  0.27469493127682243  0.27841315215275708
  0.28209659607199727  0.28578003999123747  0.28931508573817333  0.29281795388105225
  0.29632082202393112  0.30345485744765904  0.31389007580233086  0.32351339390965406
  0.32729888392098522  0.33140616611556900  0.33557515598572302  0.34178616410536461
  0.34930544207573938  0.36484093187668909  0.38711098473468197  0.40967064990249547
  0.42681870859775112  0.43685394679370954  0.44222661342141451  0.44749349234891461
  0.45280726947699285  0.45819712896639375  0.46602354737860002  0.47381518058613670
  0.48590484686210428  0.50864765423743474  0.52701907925540892  0.53807624752990169
  0.54886197477848930  0.56092853778710539  0.58475519064497328  0.60946542367280010
  0.62459410285968875  0.63616254329629562  0.64439137024680437  0.65253925485134601
  0.66330076984611741  0.67756177704189202  0.69336684312807773  0.70693941532469329
  0.72078718869406222  0.73058181983110426  0.73932110883662505  0.74849488242880058
  0.75771958320318367  0.76599942389363174  0.77427926458407981  0.80554260557303858
  0.84182581596326866  0.88268056470756961  0.92800147745870942  0.95774821698643775
  0.96882889178954879  0.97704419215957850  0.98698763721830918  1.00000000000000000
 -0.00658170127606736  0.02468351642026134  0.04664840496665117  0.06867988266610886
  0.08803765272612338  0.10458682634814401  0.11344285691018709  0.11911290026518391
  0.12273606760970321  0.12663758904221306  0.13189526085851166  0.13750960785439040
  0.14441069614680710  0.15201533015419705  0.16182118018315819  0.17739835494399842
  0.19689285857024683  0.21501783790572429  0.23093563430338571  0.24079223528012414
  0.25496030428559163  0.26986050352197311  0.28115905492148696  0.29149435348159480
  0.30161319775326567  0.31082246455663470  0.32405589512804500  0.34875529381576548
  0.36547109614404322  0.36898243610623266  0.37172204866649716  0.37472330719955915
  0.37923070261379771  0.38373809802803621  0.38788853356280184  0.39147435763249017
  0.39506018170217844  0.40621832013326803  0.41667967713875492  0.42252405149988775
  0.43118350913439329  0.43696719913500720  0.44131493064045085  0.44609665923451386
  0.44956513734244585  0.45135945799173127  0.45585313941573258  0.46656220344598648
  0.47970717848278466  0.49441722302524121  0.50641627413683332  0.51671897792717314
  0.52167218967373574  0.52599117763921843  0.52983773856388461  0.53275636039787666
  0.53499235662899325  0.53710418588491071  0.53915610992559182  0.54292531272059785
  0.54938413410078868  0.55765153064667616  0.56626873622768359  0.56995733391051462
  0.57405892551892812  0.57869142050181099  0.58528259817033279  0.59615972793835115
  0.60968192424161849  0.62810609255382877  0.64934373853345007  0.67260026142415175
  0.69525642763578011  0.70774538342169846  0.71096925191552818  0.71289877346935682
  0.71523167665214527  0.71774112169915094  0.71979066682467330  0.72491375362238997
  0.74572235643024942  0.78233200065961550  0.80040289253774399  0.81335486169973104
  0.82647115428469176  0.83625491397381491  0.84433283635068046  0.85098661699059774
  0.86155673126253796  0.88686603258351282  0.91199890556222518  0.93378936927381695
  0.94902779799737247  0.96562366384670284  0.98266066982224864  1.00000000000000000
 -0.00775054992964117  0.01037905617307920  0.02734065213515201  0.04144699889002823
  0.05412785785259631  0.06292947143399519  0.06945648746273619  0.07467547049602606
  0.07979540120062617  0.08339910513164352  0.08564044586307604  0.08722232976566155
  0.08909806490817054  0.09133924013692143  0.09406876658793610  0.10297701984450254
  0.11295247434810526  0.12410455159130121  0.14244929941939535  0.16453528960682220
  0.17817585113246842  0.18285229277392392  0.18594799981858917  0.18826010280124089
  0.19034717751775188  0.19317223202271716  0.19559277267315858  0.19833458027506048
  0.20272231705940655  0.20598762515821509  0.21508038840457597  0.22764016562359551
  0.23854025678629992  0.25698899590694757  0.27724570329348408  0.29252908406745465
  0.30357865756312719  0.31694905047247879  0.35000995651411254  0.36874525754398380
  0.38322493202366092  0.39343449214274007  0.40055213248945709  0.40622644981938699
  0.41086129551624473  0.41596550150002792  0.41831662233898542  0.42090688966625978
  0.42714264866325774  0.43417614588018827  0.44179628382446279  0.45329222113600814
  0.45989598455802372  0.46544074629388760  0.47217906576594082  0.47981831673117592
  0.48466922778005456  0.48826101823992624  0.49087847873758289  0.49359991650134161
  0.49707985018071277  0.50655522659122509  0.52458078696801325  0.53102499985171114
  0.53851326043766545  0.55190878955769596  0.56488016881114766  0.57429763778369025
  0.58389519824667491  0.59685470111036087  0.61235694987890110  0.62506802307944154
  0.63639433982985305  0.64436048093351217  0.65313681929727752  0.67792725074798577
  0.72059458360139939  0.76339107280849394  0.77496716383003683  0.78654325485157961
  0.79798186983350272  0.80480871488251049  0.81163555993151815  0.81846240498052591
  0.82488266147857703  0.83123135959751082  0.83758005771644461  0.85068866611043215
  0.86576706762281075  0.88844235770253044  0.91752846631113727  0.94988170527148397
  0.96679154002594669  0.97920367912085149  0.98920697289258619  1.00000000000000000
 -0.01010653784180878  0.04101379305875390  0.06546468314827876  0.08167797201993696
  0.08756934206241969  0.09245593246524922  0.09857480215031825  0.10794638197435175
  0.11797985668793425  0.14034925060998255  0.16466154136258035  0.18523859455474076
  0.21425015841142872  0.26383564878477561  0.29923905754312302  0.31050105870411915
  0.31760973975416995  0.32316799475696401  0.32997990336780714  0.33521826174231001
  0.34101467933864649  0.35105093565867601  0.37090456157584883  0.37625575970546249
  0.37962811292382181  0.38330445543646202  0.39101823890715703  0.39806300976916370
  0.40357753154657411  0.41024045782860347  0.41758924729607616  0.42565491550299239
  0.43375865883288028  0.44204215529367796  0.44533485763271485  0.44862755997175169
  0.45189137585608591  0.45513137743375831  0.45837137901143066  0.46160835160765501
  0.46484366299609386  0.46807897438453278  0.47336537631123776  0.48115916473122872
  0.49028980231874369  0.49961092487502656  0.50560978195598816  0.50937493095974506
  0.51273468744900408  0.51699047575770607  0.52231878854952363  0.52376113118721956
  0.52540090101432702  0.52717067679551588  0.53041665573573282  0.53454321248435344
  0.53868524062677947  0.54776652559663308  0.56533467212828548  0.58254334544750974
  0.59325404121123215  0.60112051948476297  0.60955704605114791  0.62037227187763877
  0.63727319463375776  0.65697822357617319  0.67943411794197450  0.70248830366250892
  0.72357176578073601  0.74398791531092845  0.75966081145582198  0.76568134493337736
  0.77212934236047626  0.78086697508914771  0.78959719559231001  0.80348932393751116
  0.81887970491963191  0.83188361469644689  0.84449522444336178  0.86240140350158745
  0.87492705913391766  0.88167199340176039  0.89036703201943956  0.89888177747500331
  0.90493415800410359  0.91098653853320388  0.91692183073574662  0.92280780770490711
  0.92968629469930875  0.93916869301349681  0.94878839797570858  0.95999235724360177
  0.97074282061880657  0.98061336094638341  0.99035052997406992  1.00000000000000000
 -0.00346268587691587  0.01535955084729301  0.03051214456026405  0.04359241559021412
  0.06018831730900581  0.08420978930305810  0.10681409249667877  0.11759728619452835
  0.12740274100557178  0.13850212370787068  0.15589482887156236  0.17878770136111152
  0.19059415585610132  0.20873421178506230  0.22602052953986204  0.24073788640165183
  0.24967855355686516  0.25628386832921068  0.26733291772831208  0.28813552177723112
  0.30040367619571601  0.30624806201594296  0.31416283746953111  0.31832966682994612
  0.32128544389506519  0.32363391343524484  0.32918451876633376  0.33791242725596382
  0.34647436433080697  0.34989704984065517  0.35227517700715211  0.36782956048846610
  0.39737238177329287  0.43391287525334621  0.46362520927881207  0.47647891566765999
  0.48158672287805615  0.48709886246131900  0.49331430657778058  0.50089967869927010
  0.51167616418729467  0.51492500094761207  0.51713649390847305  0.51934798686933392
  0.52158363561452903  0.52382717416158908  0.52607071270864914  0.52782948324321233
  0.52929566106348203  0.53076183888375184  0.53511300326020239  0.54310430022766443
  0.55107264841346248  0.55722967864260331  0.56907773239449955  0.58349808516985402
  0.58973387422642853  0.59720568228070858  0.60249643384611584  0.60537501199310062
  0.60807708294397234  0.61027657360265852  0.61261333162275566  0.61812346209969726
  0.62957256370936299  0.64550951883006880  0.66247802325904004  0.67771900266499152
  0.69109930404758635  0.69698867567815592  0.70221331476793181  0.70666693476507902
  0.71094703111264945  0.71496375469254603  0.71841744032733468  0.72170244481652868
  0.72535483960162561  0.72906089071610314  0.73280844345741170  0.73801681735107738
  0.76130237858604788  0.77999168242338435  0.78981083802814167  0.79862112082988557
  0.80730826298816971  0.81590225918980208  0.82795289101367886  0.84685789257800659
  0.86525400730050916  0.87681552628119697  0.89066103170237709  0.90800739407641917
  0.91836588584584300  0.92683716981314024  0.95440419907046681  1.00000000000000000
 -0.00291249106488616  0.00358639473006398  0.00769553492196526  0.01180467511386654
  0.01585807090719488  0.01969538970652036  0.02353270850584584  0.02754724118244100
  0.03285052452082698  0.03487532861916194  0.03928823264315961  0.04520840894549801
  0.05361410394735214  0.06312432087124727  0.07213359158051300  0.08303054016181835
  0.09257114545342096  0.09822510121787453  0.10030537319817642  0.10357862970225576
  0.10845802716196423  0.11353638976550144  0.11836927424375296  0.12118246333943605
  0.12386601713757117  0.12856871769710376  0.13323721938990365  0.13786319755091095
  0.14613693208982825  0.15558253505027220  0.17138135621630513  0.19486264846658763
  0.22210971317157413  0.25415076649434831  0.29419668989231390  0.33237380268134825
  0.34632160694418873  0.36027557817198225  0.37431278409542296  0.38708640579960268
  0.39337121105605960  0.40221356929785551  0.41692653211082314  0.42960981830528688
  0.44129787833290407  0.44641998909048780  0.45140649702699132  0.45514202082920746
  0.45738888530969546  0.45957175269304673  0.46191209114308823  0.46454704765183003
  0.47389104593235093  0.48882225678676772  0.50387255543640852  0.51589580636050603
  0.52898381139944317  0.54007644542939137  0.55222783228021621  0.56613823572029143
  0.58042513896643677  0.58841570241141405  0.59226804847940051  0.59503230760191528
  0.60004398164224670  0.60748377731827341  0.61850266344392468  0.62529770007703012
  0.62774925873561904  0.63015458940600522  0.63222310523336256  0.63837144842452609
  0.64744465936926143  0.66424090351809861  0.68081742272171852  0.69476042424643347
  0.70846638539464357  0.72812812748217992  0.74693616830374554  0.76591820859409721
  0.77106774515473842  0.77522074975435962  0.77910956196205439  0.78346399298246006
  0.79197272692910803  0.80294313756853086  0.81122111391676976  0.81581980832578826
  0.81999590152389668  0.82422640136487102  0.83074669052799466  0.83888907107500432
  0.84890278298701638  0.86290650653497358  0.90106952687426078  1.00000000000000000
 -0.00790649333246393  0.03585863904147588  0.06425759390215216  0.08463346122858184
  0.10844534199823185  0.11704178233734223  0.12470680345291527  0.13282603121633363
  0.14210773555603518  0.15123597427752244  0.15493993657092911  0.15861827567636680
  0.16380243762890342  0.16882869380315313  0.17465890367690359  0.18051898680193590
  0.18756627620278341  0.19785329492981793  0.20669652620927059  0.21415597489633298
  0.22006686922589533  0.23107732761956962  0.23847169329185566  0.24381182728751388
  0.24902560248485739  0.25494259741155434  0.26138526825030578  0.26797063879201505
  0.27607437032263898  0.28639019403351629  0.29401837780590617  0.30377692436422238
  0.31383168365333602  0.32741632331392934  0.34914113095458821  0.36541997293173106
  0.37848584561872622  0.39441529185330265  0.40726905511876532  0.41705097034534971
  0.42683862521251009  0.43574156046397916  0.44784878105904913  0.46023148448766910
  0.47261418791628901  0.48060721151487534  0.48770096018930520  0.49479470886373506
  0.50001354334289050  0.50434352775531854  0.50867351216774659  0.51718975185865412
  0.52604722770541090  0.53282986808167676  0.53986652421265235  0.54938775330349410
  0.56675913514264908  0.58250946450571850  0.61280403314613108  0.65102330382424578
  0.67668805075238248  0.69399486904421448  0.70375583978795164  0.71123513816639983
  0.71646617601518159  0.72037033970897657  0.72393941970854725  0.72728384149520153
  0.72943423002950669  0.73119217845413331  0.73373357406610262  0.73677510905108745
  0.74043151840041921  0.75547965631601743  0.77690183965172022  0.79244405563318032
  0.80267412123707838  0.81673906894994386  0.83217395895438750  0.84820587191254671
  0.86284389352800150  0.87464745712105751  0.88861303588120788  0.90680101844435013
  0.92210496353120597  0.93482455735147063  0.94887928882897510  0.95831765941168656
  0.96269479024294269  0.96533872868361092  0.96745396618445889  0.96864026539598869
  0.97261607721944265  0.98175397174316559  0.99129301027718353  1.00000000000000000
 -0.00516362108593297  0.02257893357001776  0.03626379771743642  0.05349640738855650
  0.06933441800102969  0.08020427804870162  0.09172873141917871  0.11417073725245398
  0.12391547102900656  0.12962634124635478  0.13555934293559851  0.14264026052614268
  0.15013751850271492  0.16001873467657077  0.17245225717082738  0.17623981756655865
  0.17943595761343836  0.18250468625178734  0.18578686017774812  0.19048316841046090
  0.19710514894646342  0.20294950917865948  0.22276998988046645  0.24560093291111082
  0.26160989445548277  0.27436888265407799  0.28665275687773251  0.29816420301955476
  0.30872318262433041  0.31547634878849878  0.31915114944441880  0.32296022473358582
  0.32692104181679754  0.33533192759781505  0.34620878873985128  0.35860449547944540
  0.36450210605190614  0.36886917107468908  0.37570180688002736  0.38387266296288136
  0.39014177175673143  0.39442965488495046  0.39933093006559367  0.40913039527738315
  0.41657765614097214  0.42354160836252547  0.43255314606554041  0.44953195602272450
  0.47201773684360537  0.49378319522164554  0.51251119609973006  0.52858102550080310
  0.54085671228974264  0.54946969667184420  0.55808268105394576  0.56682057912398787
  0.57696919806196467  0.58711781699994148  0.59726643593791828  0.61018306602034489
  0.62451226870352949  0.63884147138671410  0.66213095369108999  0.68935798606178811
  0.70809781384499360  0.72232909359926467  0.73386688464047545  0.74606440710287336
  0.75625726835917095  0.76627721544763450  0.77534985646858445  0.78177133152130007
  0.78566916333616210  0.78952390153464669  0.79244125552448896  0.79477323006457545
  0.79648822955886989  0.79825884666581182  0.80530641256067959  0.81538577903670684
  0.82477958507228533  0.83214412043408970  0.83536088888805538  0.84048964051797470
  0.86139740171757229  0.87435188586169310  0.88816320961307216  0.89609264980707248
  0.90298366431958121  0.91118478768748512  0.92216649126476313  0.93802388554660676
  0.95915101619377208  0.97596424130094483  0.98917277426708872  1.00000000000000000
 -0.00679560667552058  0.02591325770705525  0.04496050946654887  0.05952204485212170
  0.06709641094681106  0.07078500938913920  0.07447360783146735  0.07824634201062031
  0.08225537280834816  0.08626440360607601  0.09027343440380386  0.09310870520084830
  0.09585727967759121  0.09860585415433412  0.10520743434994038  0.11392288890132363
  0.12276352776288765  0.13181221268286777  0.14043726771135384  0.15250076870585114
  0.16191599400848819  0.17063596721817784  0.17993394377911834  0.19054950751059363
  0.21135486536531886  0.23345887255427999  0.26731113295752784  0.28970020097059201
  0.30473781765367286  0.31754781401867349  0.33345071322309644  0.34373954740769841
  0.35214226169751889  0.36561172260936037  0.37947294793653991  0.39537361301818214
  0.41161223323065221  0.43886351512472555  0.46537121201322895  0.48919148791717681
  0.51462200773798750  0.53575130574148266  0.54454934951077272  0.54996528565409164
  0.56061444288444862  0.57355622921769844  0.58414705138162371  0.59185832677200878
  0.60002697481116429  0.60497523433201428  0.61146725027048354  0.61626338121208679
  0.62472556428971104  0.63949565748372084  0.67203871093727741  0.68927048723888396
  0.69835890077243190  0.70540835618217668  0.71137906393874184  0.71776940440855075
  0.72537087051097260  0.72844557440438207  0.73577348843777912  0.75382005581852896
  0.76445174637787028  0.77295798779610247  0.78275466075899902  0.79396744173065414
  0.79876005062987721  0.80337449366652258  0.81016743671526681  0.81548881754762159
  0.81998203906516520  0.82530750928703323  0.82973797949999473  0.83242661056629685
  0.83409789114349331  0.83828131467599631  0.84371236532149319  0.85339304941124638
  0.86618670506866202  0.88164490421921260  0.89145833994602008  0.90644305392284352
  0.91939928259819570  0.92818449137554959  0.93739687461612486  0.94421099296317834
  0.94965732965713057  0.95316355722340307  0.95635267523399670  0.95941401618397648
  0.96283695847479867  0.96750871494917501  0.97822857935530994  1.00000000000000000
 -0.00764445480693075  0.01532271077655200  0.03693612424758375  0.05577965959928624
  0.06538564865493848  0.07441095106150375  0.08279643702863411  0.09696335692784197
  0.10810754866970268  0.11562533335691745  0.12861546124197143  0.13235199576109749
  0.13353401773479806  0.13442884343005493  0.13556104712724643  0.13708976899375866
  0.14065799835956083  0.14925210269043621  0.15457366025594582  0.16193899197710709
  0.18421715645414766  0.21005566840088477  0.22315350531503458  0.23069841098900989
  0.23597148374466817  0.24073084680363052  0.24471951370804601  0.24724957319555449
  0.24926506321344033  0.25074725263865305  0.25215469960187442  0.25715309696522998
  0.26371443221765800  0.27058973265974345  0.27769563263290192  0.28500886556593175
  0.29282952492291858  0.30092542405991590  0.31197584640852999  0.32321324137758539
  0.33653779116270122  0.34945332283641195  0.36035580702644315  0.37158105950565423
  0.38398215393294360  0.39658936956188712  0.41355502704911451  0.42986452249846213
  0.44666058559655952  0.46724413192111763  0.48745166102493875  0.49863353302301155
  0.50776307151726729  0.51689261001152298  0.52911876324470164  0.54369217674233239
  0.55826559023996314  0.57258747734443760  0.58641480376780719  0.60024213019117678
  0.61677253890339678  0.64622520023759900  0.67127527867165948  0.69573149211448571
  0.71170315771549597  0.73738730074042658  0.75853290953770347  0.77341090716394223
  0.78219530569879070  0.78765897144778263  0.79145964215304121  0.79543730253780043
  0.79954521476203499  0.80299553824373893  0.80542995946622353  0.80747344179697045
  0.80971899787696666  0.81202705739813696  0.81518146774224542  0.82436690912117350
  0.83799319531316585  0.85536200639657456  0.86572448528826584  0.87486877771049598
  0.88234299473044253  0.89306583140882656  0.89977350816146640  0.91054720514209331
  0.92162318916030461  0.93964388215706141  0.96023729812456859  0.97835365351440551
  0.98281356431385469  0.98826553126292838  0.99477100467426871  1.00000000000000000
 -0.00363157416930871  0.01163551193284830  0.03113770784657935  0.05116223357171880
  0.07778539492422008  0.08836868198678029  0.09842703819253679  0.10779847955344393
  0.11166986910293515  0.11554125865242638  0.11894221740809374  0.12098336247327909
  0.12302450753846446  0.12643082005081974  0.13057093079738752  0.13466523584956719
  0.14358486523125621  0.15802484751646967  0.16362097385750130  0.16859547399386404
  0.17542832755257429  0.18232318862712432  0.18910953733686162  0.19538363416461271
  0.20988895074370911  0.23136997164364118  0.26025817176143168  0.29301823807114979
  0.33347597754237679  0.38053028354795537  0.42106973040206663  0.44389685510354010
  0.46378450623515249  0.48066506209988302  0.49169110915164443  0.50839922308957852
  0.53072746306517316  0.56042565880144957  0.59619260678235753  0.61898181952963138
  0.63640760028158616  0.64580138520533614  0.64988358965159532  0.65571192074119655
  0.66191670800576785  0.66660248526323873  0.67144366254360877  0.67624273035424121
  0.68103046594888617  0.68551189585496564  0.68888314293127406  0.69368018030068002
  0.69993691862400442  0.70498498821309219  0.71183399751082510  0.71904766130338027
  0.72898934633059609  0.74419856562453690  0.76120258980743050  0.77290614517152045
  0.77901559386998331  0.78588590007655279  0.79335963811473709  0.79913175989175045
  0.80268897734879296  0.80604108053349766  0.81223031925993927  0.82198386724141825
  0.83219216514952821  0.84779355411574064  0.85887539225215526  0.86547650080956018
  0.87085613049698118  0.87634373901197238  0.88235954861348598  0.89089635572313475
  0.89791564399071688  0.90541833468568234  0.91302757708622473  0.91950128784502405
  0.92378339057709769  0.92732756007006134  0.93060055643183226  0.93638641605211093
  0.94373706076377317  0.94937719719708336  0.95442685333699528  0.96403782967807328
  0.96877078644180192  0.97228799274377831  0.97553922311904939  0.97874381912754060
  0.98210676144648235  0.98572549232376749  0.99192973393006678  1.00000000000000000
 -0.00459282318853778  0.01153319386302198  0.02557699857298635  0.03673655984971690
  0.04553498277584448  0.05925317315688949  0.06817408125686608  0.07390855757805956
  0.07933146311675246  0.08787871285097783  0.09917443841364693  0.12534971464923572
  0.15496038108707874  0.17480813635910625  0.18330457899006644  0.18846510290577398
  0.19255496040265746  0.19582721639770895  0.19899997047760681  0.20219682560817817
  0.20730566225005834  0.21451991722062352  0.21925810584027897  0.22279942236557643
  0.22691104408634760  0.23128198521834098  0.23659778532925779  0.24280660839935092
  0.24955027856219456  0.25891119595234602  0.27652187058231381  0.29774404873226695
  0.31676426526369544  0.34119359534011140  0.37921785946069103  0.41903823159153825
  0.44324644407439817  0.45248916569586284  0.45682114694589354  0.46115312819592419
  0.46534932518809291  0.46915136428414866  0.47295340338020436  0.47668391843963936
  0.47984020762208168  0.48299649680452394  0.48622075966309625  0.50713732182638993
  0.52326372868746041  0.53220369861042127  0.54174841612737235  0.55265752169228166
  0.56663170139454921  0.58607618841431208  0.61578408492692149  0.66074145956472963
  0.70456912292956553  0.74119396922262604  0.75687908375116342  0.76574111778458309
  0.77327429443207751  0.78177150145375340  0.79351354261778106  0.80580490161391150
  0.81349354740070290  0.81850366177503042  0.82652379715235191  0.84604518208942781
  0.84948080524199909  0.85203281019650501  0.85622631292231877  0.86265552101930998
  0.86815945083608437  0.87309280681072454  0.87862051314990519  0.88442047645018462
  0.89093427248589929  0.89594359654098976  0.90232744585630831  0.90524733263918011
  0.90940079629327819  0.91756287753158061  0.92586950919458488  0.93054607335090611
  0.93524341256605459  0.93857310359344626  0.94016726826095876  0.94238259926968848
  0.94444834993662863  0.94776918234302787  0.95326716244706022  0.95891085610453120
  0.96447128780729419  0.97730942980639801  0.98957768638667831  1.00000000000000000
  0.00181410306921037  0.17401850874374458  0.21541551593640387  0.25372065874699873
  0.30024203111671155  0.35215217411777477  0.38319636574516075  0.40378732032069048
  0.41604623073298197  0.42395517857377091  0.43893054985061886  0.46791531434385020
  0.50305411994673654  0.53273686389672170  0.54143766459285547  0.54819796947641564
  0.55190241179302124  0.55723777500752492  0.56028199115679289  0.56392393694114384
  0.56834834459665085  0.57378386895730682  0.58089096675026364  0.58378388011200222
  0.58508714443646181  0.58623687982708927  0.58730939900825985  0.58798694508375848
  0.58906931508740024  0.59149219990474455  0.59526076801563477  0.60039424664474139
  0.60587493421845784  0.61207408795777607  0.62356821555666098  0.63405784689831757
  0.63926081380784272  0.64278059460448500  0.64817258714009773  0.65559446497070328
  0.66268505927094945  0.66765171850535476  0.67248933034987890  0.67558596991253927
  0.67861404414655413  0.68071327099002055  0.68248604439552973  0.68399164430898951
  0.68556139688539919  0.68699190927791443  0.68883511684101073  0.69812613149833247
  0.70855022934295397  0.71660919707756632  0.72245850386892552  0.72857278267813452
  0.73557997433394640  0.75135327157013143  0.77261696843188210  0.78707596323932361
  0.79263969900240339  0.79824130409957883  0.80288226398342477  0.80804683522821852
  0.81319875542030740  0.81885505910747702  0.82420926547953144  0.83006522373760583
  0.83689152924302768  0.84355486277971192  0.84620860952971211  0.84762205841422866
  0.84991941380240532  0.85208870838280637  0.85407478064727804  0.85713379738802919
  0.86048621281188375  0.86516137025265083  0.86780203628398178  0.86859845099994515
  0.86939486571590852  0.87019496487388348  0.87101841096432076  0.87184185705475803
  0.87266530314519541  0.87400382928276787  0.87535050777876278  0.87669718627475757
  0.87932001540341043  0.88180731736913598  0.88476880005588865  0.88806844683090247
  0.89188735889208759  0.89712182745690772  0.90567267096811921  1.00000000000000000
 -0.04717361380850812  0.26595443028208521  0.32009414459236502  0.34049385106162633
  0.36017524713696131  0.38530053806047437  0.40937119319562443  0.42557418678593423
  0.44259865485150368  0.45576273635604264  0.46199641392607416  0.46729256681082698
  0.47445580555746319  0.48125948281270592  0.48667068595755691  0.49208188910240785
  0.49406312658524437  0.49568443078110980  0.49666814951735228  0.49747889127040273
  0.49990922249232844  0.50225401519058666  0.50441762410394531  0.50624498883078273
  0.50774373657043936  0.51010694736366013  0.51388053003929146  0.52012606441182163
  0.52476582381715753  0.52899016378002417  0.53473188358818358  0.54020491821028793
  0.54466421659238184  0.54808165604471759  0.55017505390673827  0.55142772190321954
  0.55225680395281129  0.55307328624292584  0.55421317763665190  0.55471343126582906
  0.55532274399476877  0.55725973337573032  0.55944479110091172  0.56241892745332178
  0.56708158203224091  0.57019081189759424  0.57308580311985935  0.57598079434212446
  0.57863059959471341  0.58082573941253934  0.58302087923036527  0.58521601904819120
  0.58715355443680206  0.58904829076801202  0.59094302709922186  0.59615447824226497
  0.60508024018501938  0.61627167457691434  0.62916824836175322  0.63719684237044460
  0.64193725510574928  0.64650604904551345  0.65100239964359297  0.65796990840364622
  0.66729875996204902  0.67169655162593744  0.67741236564282803  0.68096730063570166
  0.68397970530902574  0.68647374133648187  0.68919449714060343  0.69267912183278169
  0.69685672879973548  0.70073008280524118  0.70559586604527180  0.70856993013147851
  0.71068985217547676  0.71175043894906720  0.71280150215647042  0.71384305842193618
  0.71480200302624475  0.71569522666713115  0.71733332143590756  0.71933316891556831
  0.72610250266235954  0.74277976974456483  0.76112335192316893  0.77282472675712099
  0.78338813702206223  0.79171807436374397  0.80384797710003419  0.81539732101804485
  0.82701086546304248  0.84390392920654633  0.86681055657033368  1.00000000000000000
   1.6464750506578012E-022  -1.0000000000000000     
 T F F F F F F F F F F F F F F F F F F F T F F F T F F F F F F F F F F F T F F F T F F F F F F F F F F F F F F F F F F F T F F F F F F F F F F F F F F F F F F F F F F F F F F F F F F F F F F F F F F F F F F F F F F F F F F F F F F F F F F F F F F F F F F F F F F F F F F F F F F F F F F F F F F F F F F F F F F F F F F F F F F F F F F F F F F F F F F F F F F F F F F F F F F F F F F F T F F F F F F F F F F F F F F F F F F F T F F F T F F F F F F F F F F F T F F F T F F F F F F F F F F F F F F F F F F F T F F F T F F F F F F F F F F F F F F F F F F F T F F F T F F F F F F F F F F F T F F F T F F F F F F F F F F F F F F F F F F F T F F F F F F F F F F F F F F F F F F F F F F F F F F F F F F F F F F F F F F F F F F F F F F F F F F F F F F F F F F F F F F F F F F F F F F F F F F F F F F F F F F F F F F F F F F F F F F F F F F F F F F F F F F F F F F F F F F F F F F F F F F F F F F F F F F F T F F F F F F F F F F F F F F F F F F F T F F F T F F F F F F F F F F F T F F F T F F F F F F F F F F F F F F F F F F F T F F F
  <DiscreteSampler_grid>
  grouped_processes
  1 # 1 for a reference and 2 for a running grid.
  10 # Attribute 'min_bin_probing_points' of the grid.
  1 # Attribute 'grid_mode' of the grid. 1=='default',2=='initialization'
  0.0000000000000000 # Attribute 'small_contrib_threshold' of the grid.
  0.5000000000000000 # Attribute 'damping_power' of the grid.
 # binID   n_entries weight   weight_sqr   abs_weight
    16   10   4.149350182910583E-022   8.643691884920678E-043   4.149350182910583E-022
    17   10   4.149350182911727E-022   8.643691884925064E-043   4.149350182911727E-022
    19   10   6.104282787466785E-022   1.731394515372393E-042   6.104282787466785E-022
    20   10   6.104282787463756E-022   1.731394515371152E-042   6.104282787463756E-022
    22   10   1.702854052712616E-021   1.819768224834315E-041   1.702854052712616E-021
    23   10   1.702854052711763E-021   1.819768224833231E-041   1.702854052711763E-021
    28   10   8.323010752993824E-022   3.327880792391345E-042   8.323010752993824E-022
    29   10   8.323010752995554E-022   3.327880792392794E-042   8.323010752995554E-022
    31   10   1.013105728796841E-021   7.865706508082110E-042   1.013105728796841E-021
    32   10   1.013105728797279E-021   7.865706508085386E-042   1.013105728797279E-021
    34   10   1.124513893053151E-019   1.225362811270765E-037   1.124513893053151E-019
    35   10   1.124513893053317E-019   1.225362811271125E-037   1.124513893053317E-019
    40   10   4.149350182910550E-022   8.643691884920490E-043   4.149350182910550E-022
    41   10   4.149350182911773E-022   8.643691884925249E-043   4.149350182911773E-022
    43   10   6.104282787466967E-022   1.731394515372517E-042   6.104282787466967E-022
    44   10   6.104282787463738E-022   1.731394515371150E-042   6.104282787463738E-022
    46   10   1.702854052712627E-021   1.819768224834349E-041   1.702854052712627E-021
    47   10   1.702854052711754E-021   1.819768224833201E-041   1.702854052711754E-021
    52   10   8.323010752993833E-022   3.327880792391352E-042   8.323010752993833E-022
    53   10   8.323010752995461E-022   3.327880792392716E-042   8.323010752995461E-022
    55   10   1.013105728796869E-021   7.865706508082303E-042   1.013105728796869E-021
    56   10   1.013105728797277E-021   7.865706508085511E-042   1.013105728797277E-021
    58   10   1.124513893053161E-019   1.225362811270786E-037   1.124513893053161E-019
    59   10   1.124513893053316E-019   1.225362811271121E-037   1.124513893053316E-019
    64   10   4.149350182910614E-022   8.643691884920836E-043   4.149350182910614E-022
    65   10   4.149350182911655E-022   8.643691884924859E-043   4.149350182911655E-022
    67   10   6.104282787466682E-022   1.731394515372313E-042   6.104282787466682E-022
    68   10   6.104282787463775E-022   1.731394515371199E-042   6.104282787463775E-022
    70   10   1.702854052712627E-021   1.819768224834345E-041   1.702854052712627E-021
    71   10   1.702854052711727E-021   1.819768224833142E-041   1.702854052711727E-021
    76   10   4.149350182910607E-022   8.643691884920796E-043   4.149350182910607E-022
    77   10   4.149350182911638E-022   8.643691884924841E-043   4.149350182911638E-022
    79   10   6.104282787466742E-022   1.731394515372353E-042   6.104282787466742E-022
    80   10   6.104282787463731E-022   1.731394515371176E-042   6.104282787463731E-022
    82   10   1.702854052712630E-021   1.819768224834352E-041   1.702854052712630E-021
    83   10   1.702854052711753E-021   1.819768224833203E-041   1.702854052711753E-021
    88   10   8.323010752993610E-022   3.327880792391163E-042   8.323010752993610E-022
    89   10   8.323010752995750E-022   3.327880792392963E-042   8.323010752995750E-022
    91   10   1.013105728796842E-021   7.865706508082184E-042   1.013105728796842E-021
    92   10   1.013105728797280E-021   7.865706508085394E-042   1.013105728797280E-021
    94   10   1.124513893053151E-019   1.225362811270765E-037   1.124513893053151E-019
    95   10   1.124513893053313E-019   1.225362811271115E-037   1.124513893053313E-019
    100   10   8.323010752993651E-022   3.327880792391199E-042   8.323010752993651E-022
    101   10   8.323010752995664E-022   3.327880792392891E-042   8.323010752995664E-022
    103   10   1.013105728796855E-021   7.865706508082241E-042   1.013105728796855E-021
    104   10   1.013105728797275E-021   7.865706508085414E-042   1.013105728797275E-021
    106   10   1.124513893053157E-019   1.225362811270777E-037   1.124513893053157E-019
    107   10   1.124513893053310E-019   1.225362811271109E-037   1.124513893053310E-019
  </DiscreteSampler_grid>
