  0.02367155611641977  0.03384338859875954  0.04411194796851498  0.05208331364438002
  0.06018338071885797  0.06979556136150179  0.08053692215650393  0.09053611639643107
  0.10152358125770831  0.11229058063669567  0.12280893402037661  0.13429037363071464
  0.14563820826718049  0.15661490044697368  0.17156164285192599  0.18680706095345453
  0.20281513278701219  0.21861050515293268  0.23032829512350289  0.23989134965861647
  0.25136784730458067  0.26176208967888936  0.27568060714391396  0.28752401823398321
  0.29788455604153391  0.30735181700532299  0.31779835813244300  0.32681859005217956
  0.33550872108325863  0.34700305800074333  0.35724001147655221  0.36877583820910914
  0.38293129935321779  0.39855674925031725  0.41439124711043690  0.42768809821020021
  0.44198426401978586  0.45767060207951182  0.47240644333505305  0.48264775775476038
  0.48958214825236052  0.49632473304001684  0.50345335267728375  0.51051566665415071
  0.51672775241085178  0.52246777961403168  0.53005851293229855  0.53772246037865679
  0.54600117046115038  0.55563456723652116  0.56922004741284904  0.58561341688547197
  0.59633985767671382  0.60507316172316450  0.61292950898544507  0.62129352930537940
  0.63134808880423909  0.64428657723756666  0.65831253770781495  0.67040839542500452
  0.68050311244154704  0.69165906012993161  0.70747956299054870  0.72356372655832335
  0.73659024459099542  0.74927999349744367  0.76113427658864563  0.77238411611277069
  0.78162800068667593  0.78912166118022131  0.79698956390181386  0.80532167313792347
  0.81996117656411893  0.83056948569533573  0.83731464530847732  0.84580550078990113
  0.85450701647068472  0.86318697300842462  0.87032844508371876  0.87623494617087061
  0.88210784014164534  0.88821530007089355  0.89624889160451449  0.90626556388662061
  0.91813309380616026  0.92829598706106919  0.93294848625530713  0.93643812128509851
  0.94003847718759670  0.94505231480441776  0.95080447769720133  0.95762097564169291
  0.96231643431912872  0.96656688641291311  0.97072753150639801  1.00000000000000000
  0.02932407137141919  0.03386131162159730  0.03898005203023685  0.04463280722393161
  0.05010159516804032  0.05605559871636114  0.06643283400703855  0.08149148527571759
  0.09627465023635268  0.10841387332424561  0.12044330024831500  0.13315553070163613
  0.14708398029436764  0.16748292839989881  0.17820393594306641  0.18376797693269334
  0.18996538761207948  0.19680340818649986  0.20512714885384412  0.21742335298071477
  0.23190488719929198  0.24456605837693532  0.25228329823260698  0.25791227903095054
  0.26596988699872787  0.27758833674856298  0.29255361677732855  0.30246603825599083
  0.30929315975820987  0.31510744663303136  0.32176091675241525  0.33066192961881241
  0.34315289044432512  0.35194538510709977  0.35777057988358951  0.36294294659767073
  0.36994632690646395  0.37354894027110630  0.37654640928297978  0.37995665893281449
  0.38246947214901428  0.38487676770552348  0.38860669497649902  0.39265300699948613
  0.39650162464809602  0.40040639003601236  0.40610907214143727  0.41780263220089470
  0.42944664723622972  0.44209317270439119  0.45524279731583633  0.46545653797069197
  0.47462661154793251  0.48472855290446432  0.49517218144575142  0.50401450135664971
  0.51417494479375403  0.52403390144377937  0.53289038935082667  0.54134285840132246
  0.55006573968424555  0.55952945752805250  0.56727681174726508  0.57499455012278344
  0.58374563002549928  0.59445850466269734  0.60566301145799351  0.61624408998851443
  0.62665882964707142  0.63651309004661305  0.64808267383538376  0.66077565104605185
  0.67008496964390929  0.67878235701253564  0.68680771575868305  0.69443103014738461
  0.70200069673872167  0.70996643031509910  0.71784543538125678  0.72651400479418016
  0.73543129095873283  0.74467128227917223  0.75492508545897319  0.76545441161721528
  0.77633290364241581  0.78758183656316050  0.80044350885916238  0.81674520400677242
  0.83328338408758629  0.84973947130711769  0.87426969372163044  0.89554867934221116
  0.91919960975036341  0.94559028875669049  0.97422585628271230  1.00000000000000000
  0.02149633672715218  0.02203184338836459  0.02229667270739242  0.02247701624681667
  0.02264470586205816  0.02281668910915334  0.02308880245484477  0.02330628811994954
  0.02348285087053197  0.02367512221136234  0.02390266852556999  0.02415797366416428
  0.02440959892874640  0.02462345559822361  0.02476575280377058  0.02490110286708472
  0.02502827380876612  0.02517094082565786  0.02534037527914543  0.02557574456446268
  0.02580487248329169  0.02599547889666804  0.02616692991629980  0.02634181016795833
  0.02652807572822216  0.02674625522278649  0.02691943022959013  0.02706711122529521
  0.02722242124360202  0.02742779587994002  0.02763830872505590  0.02785251315559152
  0.02805348053534888  0.02821123298257329  0.02838138469289654  0.02858435329019692
  0.02880921045700417  0.02904435782886052  0.02926684092713836  0.02952373888857833
  0.02984399542599851  0.03016359390773723  0.03046837915531631  0.03067711216964384
  0.03090139980781357  0.03108514736818114  0.03120858466897505  0.03130226149199934
  0.03142270707373756  0.03154252290340342  0.03166088040242476  0.03177474444685410
  0.03190697152945753  0.03204710582509315  0.03217443921578108  0.03236652122188421
  0.03265774022019183  0.03294961651897224  0.03312911424313694  0.03343545704231944
  0.03379548063476193  0.03421178405953881  0.03473638136625205  0.03518856989690389
  0.03560889540796945  0.03602145702301773  0.03636673758814682  0.03663972491991574
  0.03693802228149657  0.03732227307831924  0.03785436090202712  0.03824370512956554
  0.03863115676252839  0.03907088975931420  0.03964086422998198  0.04040925896635984
  0.04131890236100071  0.04231629150570847  0.04353198583107811  0.04510098500921642
  0.04663296616478538  0.04776469939042840  0.04906473981887530  0.05055620112826913
  0.05239711477347000  0.05469796836482061  0.05702860127557158  0.05938435920264314
  0.06152708101020390  0.06412302614453694  0.06887560391933464  0.07577830987448066
  0.08541665654569452  0.10198947879182815  0.59367821767667628  1.00000000000000000
  0.02134086305740638  0.02710158247438699  0.02866414818228122  0.02973171927714657
  0.03052657407043008  0.03115564032107372  0.03168551513751436  0.03205642225694022
  0.03235129621038942  0.03263446477150361  0.03293532600314646  0.03327409889317506
  0.03365043928761068  0.03413212704482629  0.03455352236779653  0.03484185202539081
  0.03500200354307044  0.03510804463118789  0.03523290481703312  0.03534563253325390
  0.03545839889118199  0.03559080965928555  0.03578136336239735  0.03592808235039233
  0.03609367450912280  0.03639789855577105  0.03685588651981971  0.03731619177220477
  0.03770071770555612  0.03810070483513753  0.03864100908542050  0.03907777781528508
  0.03945067566217410  0.03986443836948834  0.04019451176465524  0.04041386257239690
  0.04073522213315089  0.04114673493656983  0.04147554814152230  0.04185657299754135
  0.04220978974321251  0.04253230795015814  0.04287369417272265  0.04328085204557660
  0.04382629726613504  0.04427643790587852  0.04480248519538350  0.04532138785107702
  0.04581523760991339  0.04635483555774771  0.04688343876920339  0.04736753695979942
  0.04792539965782822  0.04840060296598753  0.04882126352499049  0.04923951115103446
  0.04966613792628184  0.05016019455723134  0.05063699950075719  0.05121789409190374
  0.05182145845748093  0.05240087825112831  0.05293407153662995  0.05362732822693839
  0.05434630545925033  0.05505791870598237  0.05587170198886450  0.05694733130891384
  0.05821869437416682  0.05978703929708239  0.06092794661985292  0.06172991527376352
  0.06272423213377798  0.06373348206881659  0.06476468936595367  0.06587904241233307
  0.06774985536250885  0.06996916928704874  0.07161887828894622  0.07299676557831422
  0.07431734702237963  0.07576915737470585  0.07748531672876798  0.08026028117879941
  0.08320926885560738  0.08688231929271927  0.09083304289425215  0.09497299448393730
  0.10040829099311341  0.10488363400741595  0.10807993763141582  0.11461421533277075
  0.12324029932818349  0.13999263461403591  0.17105092377821743  1.00000000000000000
  0.02098321631386679  0.02749426687307110  0.03261535174196031  0.03646964860072464
  0.03848025354510505  0.04022539307042406  0.04137848200673427  0.04255062120653066
  0.04377335270347468  0.04492400563157985  0.04592692230602763  0.04681354519326197
  0.04781004574132389  0.04873253160867076  0.04950659771283363  0.05031072638431709
  0.05117271853450223  0.05232654697028108  0.05354859784303009  0.05439715495201253
  0.05504171162055749  0.05597194160764092  0.05726573333661991  0.05898126607639308
  0.06101441644000383  0.06291701914093305  0.06459759223539790  0.06619960267507599
  0.06773416348264379  0.06902009618845699  0.07014445991590915  0.07135682908028050
  0.07230176707807015  0.07306466531695313  0.07407449147985629  0.07522303877895506
  0.07576469585804090  0.07611614210327591  0.07640779253902893  0.07684144398983435
  0.07727755848410811  0.07764511942531968  0.07807699170682612  0.07918734765744607
  0.08058778720720051  0.08174022619559131  0.08283777058529571  0.08425797697731570
  0.08673493689338062  0.08855074464721241  0.08976799191413913  0.09100495947539754
  0.09216108547047111  0.09322333387852146  0.09408048930986217  0.09494204282772881
  0.09569770799196223  0.09653104844999301  0.09759087664014265  0.09907632828554276
  0.10091023518296893  0.10334007719854381  0.10653370683798009  0.10975471609272290
  0.11279394001596940  0.11565940129433937  0.11842368808651925  0.12122210211374194
  0.12346906478418911  0.12549203075351506  0.12782151332074079  0.12989289263443046
  0.13305135835251064  0.13721596799020061  0.14151047028071084  0.14565709124757542
  0.15010984844212691  0.15496158038362420  0.15955668508995086  0.16424986619697340
  0.16930771849886278  0.17473641862265590  0.17854161302680163  0.18217682282857497
  0.18677597906221197  0.19149134007841595  0.19680265771994818  0.20437963697762940
  0.21841739501293808  0.23184615943010775  0.24319311648877656  0.25878555953692534
  0.28613590073899653  0.32660213649359454  0.86796399379519551  1.00000000000000000
 -0.00365894613919852  0.01545091057500275  0.01876366247697048  0.02241141605959374
  0.02958406014028656  0.03721838916278247  0.04520934039585075  0.05478052372996737
  0.06529016480050208  0.07465497436888312  0.08469633863945258  0.09473083885419893
  0.10274173067266262  0.10999838324850432  0.11738829325716990  0.12675065986331513
  0.13728841210292214  0.14546055927983648  0.15459931954919204  0.16459844049353287
  0.17597623212509761  0.18706303984650693  0.19555684658810291  0.20316506940548415
  0.21122723390866541  0.21927112671015553  0.22803454691334096  0.23781890733728253
  0.24851069408218990  0.25953179141302102  0.27269690196683605  0.28250807464399808
  0.29104199456080243  0.30167902548606068  0.31407690262276705  0.32306145371675188
  0.32957148729679575  0.33681244174616159  0.34547920057176795  0.35887079280874090
  0.37428019893088815  0.39076985087452215  0.40782980088170007  0.42053139231161690
  0.43686111534375771  0.45426774704160139  0.46887230796040125  0.48397870223778999
  0.50119297809118624  0.51318236789700356  0.52253091171875365  0.53737325310581263
  0.55338454816019789  0.56905362302391038  0.58245335555083955  0.59417130951824748
  0.60646109073985088  0.62347498686602376  0.63793900361696243  0.64962179786919150
  0.65997031397089700  0.66766914286800527  0.67139596955277037  0.67401147818468043
  0.67749952287619897  0.68193783094685101  0.68640554384482855  0.69081195220549041
  0.69829901611730294  0.70813983096159405  0.71538935125384440  0.72163637697938066
  0.72823498562425570  0.73834771909951979  0.74816174026368376  0.75741530003731450
  0.76633764990450692  0.77670130810328430  0.78828783810866310  0.80126760760750027
  0.81576704589876903  0.82951206840004532  0.84260195310260022  0.85595662086174784
  0.86932313409449768  0.88123189875708430  0.89207460727551913  0.90153292197004142
  0.90953297476312378  0.91990467906395190  0.93446681037902590  0.95071501746285492
  0.96642031160703568  0.97841580443275300  0.98949427713962312  1.00000000000000000
 -0.00135981421224516  0.00322152813415077  0.00917321487463840  0.01585389959674046
  0.02197297575115745  0.02746713621836581  0.03502760380396595  0.04618006561223719
  0.05979389933338729  0.07235630408922183  0.08458777202722095  0.09821500112278758
  0.11456110481944451  0.13141198348095134  0.14958573748047477  0.16856470630858064
  0.18778946900847124  0.21759434141877707  0.24531511656302613  0.27276748765984243
  0.28515173144563766  0.29196474089329177  0.29939272944263828  0.31142155863947502
  0.32554969889692936  0.33796880196998119  0.34599279808263461  0.35436103332453733
  0.36778768088217267  0.38150835973876046  0.39163295463383418  0.39895253352185556
  0.40638338224998427  0.41721927794538638  0.42977028776379755  0.44226198392822563
  0.45193143512313499  0.46008636124502839  0.46792798143340919  0.47478510794562551
  0.48169573088177736  0.49276197856223514  0.50485128811396918  0.51364132649802641
  0.52201145306199792  0.53417377667173316  0.54459743035152963  0.55193228283107898
  0.55725052533979880  0.56399792653526470  0.57243194730294322  0.58090436670306633
  0.59269445462968251  0.60883382438222033  0.62460438971376864  0.63613457176392951
  0.64417953019962237  0.65157727274710719  0.66134786743863860  0.67205655545533627
  0.68173933547899890  0.69216173014219329  0.70368041509575008  0.71682897931985812
  0.73059813135161944  0.74232176565552621  0.75249377014099017  0.76321533641188255
  0.77237483678126750  0.77947454966130825  0.78707228923174344  0.79543098808214585
  0.80819064985293743  0.82205158745555218  0.83369788707063874  0.84437446942580852
  0.85576766871392351  0.86534309722221514  0.87580976009474165  0.88870487782928720
  0.90708417158003840  0.92277888754979953  0.93265981092140460  0.93948378594313686
  0.94449253882563078  0.94865670217535270  0.95223738976262973  0.95562249704842406
  0.95905996349432554  0.96328162846805843  0.97152391649983294  0.98018844192631716
  0.98856406880895265  0.99278790637207559  0.99610747775510200  1.00000000000000000
 -0.00236437486746003  0.01462591837145270  0.03145900177805361  0.03865106546630372
  0.04449534413045813  0.04993628028321720  0.05424968446294828  0.05941107079387074
  0.06596526702594556  0.07306771067433497  0.08756678676359757  0.10179527411994449
  0.11598534635113032  0.13095544048382593  0.14640938481275997  0.16512261262058889
  0.18336191147768649  0.20600224805740636  0.22718523826376280  0.24114073712146111
  0.25303631871019244  0.26620417151571446  0.27762596259325284  0.28838519824826347
  0.29887888533545853  0.31051578955352055  0.32292707248155800  0.33530404020025201
  0.34589591316035589  0.35774503606798830  0.36448984922602096  0.37002248186555164
  0.37631854627981953  0.38097909916760342  0.38480320513781074  0.39027803612966777
  0.39634094615643312  0.40062036215979419  0.40844433201397207  0.41567005826101155
  0.42256281561044784  0.43097511034234159  0.44142989214008277  0.45301614997924616
  0.46662556588184123  0.47935403561059181  0.48686417670806154  0.49377069049186340
  0.50019373023945979  0.50635741626461428  0.51307828233080566  0.51896270320789306
  0.52804154137857262  0.53779619215053420  0.54922563715733008  0.56741245441101151
  0.58405520812229172  0.59806146739101784  0.60771770020702065  0.61227536101652258
  0.61750070404964297  0.62263805423827734  0.62867634747491408  0.63439722535939769
  0.63829566678404237  0.64693455528731758  0.65735204243331691  0.66878395081517905
  0.67993449000698070  0.68720925060641136  0.69384872531434805  0.70020920407237963
  0.70996857260139290  0.72394891447624632  0.73914044935952972  0.75507624180793198
  0.77546870084113639  0.79751599143534868  0.81586216405907952  0.82941374235048848
  0.84075321207768117  0.85028773684979597  0.85894481620089613  0.86817839060618096
  0.87605087091308020  0.88185626935385197  0.88834259409700456  0.89845632663309327
  0.90997626897856865  0.91871493118989245  0.92829084200201017  0.94035774226549229
  0.95311893926423819  0.96543967456171775  0.98021218340649641  1.00000000000000000
 -0.00539842276853218  0.01600045186907198  0.03495631767546568  0.05378623825987850
  0.06667952590951659  0.07436735989245657  0.08365058392491607  0.09419575131220867
  0.10974864411591981  0.12528175378457726  0.13579571779754737  0.14421162499411133
  0.15013674019318804  0.15458741189390879  0.15829606280319353  0.16330526574661966
  0.16816952041487543  0.17312098237241808  0.18073663697023862  0.19025523229809063
  0.19885616166127035  0.20881980652310358  0.22414066183623449  0.23850379810502664
  0.25258127126109609  0.26692965017357684  0.28457737527099297  0.29561905930452370
  0.30293154469223194  0.31069088696655445  0.31948792498010037  0.33011911873564381
  0.34746508819007632  0.36522925779876902  0.38126160516923507  0.39766739269272716
  0.41379631173494780  0.42941617457786280  0.45216370156005514  0.47104312092769840
  0.48817184360727750  0.50198390027560658  0.50761215584086461  0.51123161021241126
  0.51529393011490177  0.52064651139818008  0.52736428978802463  0.53503687176538750
  0.54253101752287780  0.54878015268726610  0.55585185451704722  0.56295492612477938
  0.58464196955299608  0.60485762333439574  0.62135295625506859  0.63389549468652873
  0.64298851155238357  0.64991730750954790  0.65629592463332853  0.66307941867107167
  0.67008042532481893  0.67575249921523395  0.68537484468769105  0.69508239971322316
  0.70363138649736878  0.71334836320225459  0.72269248707788802  0.73004676551889192
  0.73780117455108019  0.74500458651996049  0.75326013883240894  0.76128270236146678
  0.77070566862369538  0.77919065382739705  0.78510286837101340  0.79126549610020536
  0.80017164199893409  0.81162496189723876  0.82395538296350201  0.83389411459278806
  0.84616507424157872  0.85843856851533829  0.87080775745725925  0.88587877173053653
  0.89611707076457703  0.90605487754765424  0.91482215970224579  0.92338099003803387
  0.93071877432875372  0.93765913119773425  0.94684697207313617  0.96149305873749691
  0.97623609269446288  0.98748985244822662  0.99428791788946114  1.00000000000000000
 -0.00685377636763125  0.01531948228694863  0.03350505610365677  0.04720086918484714
  0.06095260951595559  0.07406392048830161  0.08617862714877833  0.09774989433731182
  0.10878661986994542  0.12088181507343104  0.13292894039096129  0.14322129955526072
  0.15481544515259327  0.16532815798639788  0.17489256089731253  0.18468109981069930
  0.19377339329105339  0.20288514968232074  0.21112270871326555  0.21867320200306078
  0.22706323813115756  0.23534307319733624  0.24253061975396922  0.25102438694073614
  0.26746797583244913  0.27951178529249981  0.29039484554616635  0.30207608349193682
  0.31174484284872211  0.32149315676923162  0.33089473034937505  0.34040384053972517
  0.34906363131345519  0.35811927578633246  0.36495974773194789  0.37369238950982703
  0.38265954730831797  0.38942281753804875  0.39986265491534101  0.40915667335907757
  0.41815207986488157  0.42704530876455399  0.43877403250903868  0.44898795894628452
  0.45637459233691202  0.46196315105425345  0.46774050514298054  0.47509654846789134
  0.48224841477767499  0.48839086326307779  0.49458743227828950  0.50137727080424221
  0.50861715298412546  0.51594352359874762  0.52346086355588861  0.53372375916732273
  0.54218882221104325  0.54729784535609072  0.55048087640983612  0.55369876399590123
  0.55911768762480174  0.56567241104906252  0.57112620392406299  0.57587107933846737
  0.58304785701674156  0.59543427958146744  0.60930747365973903  0.62408817709664699
  0.63495310594848242  0.64447229445133913  0.65152441746526857  0.66101015443215971
  0.67162789147793478  0.68704416752872199  0.70580615328008811  0.72571990075566928
  0.74694863510506759  0.76025759669593840  0.77819089218717841  0.79284393254923324
  0.80666159607772958  0.81733250752527054  0.82337192986656416  0.83106492157075462
  0.84148132444705981  0.85319644252342597  0.86400702148592934  0.87406155486601145
  0.88208767432270829  0.90220174310943368  0.92588498928907281  0.94456716645959504
  0.95621493668053337  0.96835688618371796  0.98167038789284999  1.00000000000000000
 -0.00452914576095122  0.01340460751188738  0.02859797501457517  0.04213396539450910
  0.05548718550490921  0.06851995437275299  0.07499088356030455  0.08123413898774109
  0.08708715283969243  0.09384011721867994  0.10123789163255661  0.11225982376467462
  0.12538892325297182  0.13676219097076298  0.14723984649253288  0.15608083758348376
  0.16440400184945284  0.17451426638325535  0.18339178059064398  0.19583096573926279
  0.21104367628305870  0.22264255051524665  0.22864528920125288  0.23471626194225351
  0.24161970906888447  0.25149744963274473  0.26397479384996714  0.27691997527322704
  0.28815474541684172  0.29859027046075054  0.31035342378224284  0.32663750339648945
  0.34342670521892332  0.35533546469743243  0.36202443052449984  0.36655268210765707
  0.37324462013610021  0.37986065889591342  0.38899619600914337  0.39903678067742315
  0.41195730766072680  0.42655723212716046  0.44134877999207073  0.45341069963909009
  0.46288300023704348  0.47312042827711503  0.48415619994971149  0.49493694625393547
  0.50397719445510525  0.51366277741263144  0.53070029837639043  0.55485999522903939
  0.56080829349518746  0.56588946229752446  0.57083614325714160  0.57538212772409281
  0.57954401734399019  0.58372180533457718  0.59078086524123774  0.59838155297626816
  0.60556536497413915  0.62193912275727647  0.64012649895438856  0.65897827591885427
  0.67259451468875786  0.68257503732660041  0.69118030267992780  0.70167442744723230
  0.71326796739294618  0.72683260705035857  0.73859048751428258  0.75067738491315883
  0.76180773609121399  0.77153239391132022  0.78250509794414158  0.79390497157441497
  0.80225036509977687  0.81139552584369501  0.82002443001382952  0.82790665699924348
  0.83505447192837368  0.84201312674680828  0.84940286728400882  0.85749423459153129
  0.86834325629397435  0.88207403473026424  0.89702243577550278  0.90847604072776855
  0.92069887511762960  0.93089962344717425  0.93975596985375098  0.94610254513150871
  0.95375496148172612  0.96542004543265825  0.98107244128867444  1.00000000000000000
 -0.00549128612978240  0.02393885149440403  0.04359981107513725  0.05480432346200256
  0.06113408780878413  0.06735139682296265  0.07181228790707928  0.07731577100683676
  0.08641082780202562  0.09979345603252628  0.11548015063293927  0.12809116488135724
  0.13780058244082324  0.14779358465108650  0.15791718325416640  0.16750029891736556
  0.17587500234206213  0.18119337017732404  0.18547892067049454  0.19060218163963730
  0.19525695945975124  0.19878348822247363  0.20812199589122923  0.21679084246354841
  0.22205294498660469  0.22788132966886981  0.23687380019456117  0.24800266595736764
  0.25996197383896102  0.27055487301458819  0.28269756413923486  0.29578098620986870
  0.30687135317683756  0.31813041574026757  0.32867392552008362  0.33859186033367211
  0.34940531613044001  0.36043220651585234  0.37195921423282902  0.38633801144589647
  0.40292489708210522  0.41693942049591309  0.42988616672003199  0.44006728509725501
  0.45187811920350673  0.45967427521469600  0.46654714486681109  0.47312036090439058
  0.47999763298638248  0.48977741590960827  0.50935635613014929  0.52859158206595580
  0.54176385362750534  0.55174664989493816  0.56203815216342867  0.57032792938754973
  0.58070604295126349  0.59182037956750422  0.60167631609881811  0.61254718695420207
  0.62638687010246275  0.64512832759824990  0.67039522434847953  0.69133006991271306
  0.70571592884286782  0.71486282637428145  0.72159797391053115  0.72563134902267967
  0.73832751227083626  0.75456060819692061  0.77203085316926301  0.78879904762206110
  0.80424426019357087  0.81329088479211020  0.81915240552521762  0.82420231200866012
  0.82822581338033896  0.83386962599059988  0.84340370063561210  0.85256000337033622
  0.86619017915039442  0.88448063769569263  0.90138195321068970  0.91295910970214389
  0.92133742065563606  0.92880849698906154  0.93742540826396203  0.94400561609594003
  0.94850259283891736  0.95397310531424784  0.96099981616360652  0.96904491188995234
  0.97677903812171407  0.98295157744904471  0.99128632855245880  1.00000000000000000
 -0.00404864467627079  0.01063045484597464  0.02531668168018177  0.04138304705992440
  0.06048173791309972  0.07939834225787869  0.09465588416297108  0.10718019304638696
  0.12012954186196212  0.13498762671709566  0.15113836789916210  0.16874204192661360
  0.18575228461447268  0.20201364341851591  0.21587829332829475  0.22901860384213951
  0.24138260524517424  0.25219923790406185  0.26551284946773895  0.28229254645583446
  0.29693061515893077  0.30900632693047581  0.32014964426079362  0.32841425647419775
  0.33521090348458110  0.34103144673802782  0.34992806023860923  0.36481496025713389
  0.38043291180022060  0.39662405498448161  0.40985389087763774  0.42198737400148650
  0.43484549646951892  0.44836559680489557  0.45694136060818369  0.46333272581872137
  0.46942360588528198  0.47738766803161548  0.48731861489901313  0.49552555011179805
  0.50468027523019865  0.51298442516073017  0.52113162819777892  0.52972137935173358
  0.53791801114760474  0.54623615135648707  0.55479796362201295  0.56252369762692345
  0.57030236545122936  0.57829932616372459  0.58522723853004266  0.59185100593593953
  0.59819231970220677  0.60484250796463046  0.61343604594774970  0.62416795079534126
  0.63380587825487211  0.64237195537144076  0.65430734991530415  0.66301148081994776
  0.66894072110052738  0.67342654897030430  0.67568955691248511  0.67739914425837511
  0.67946132012646365  0.68276521414436686  0.68603254591279728  0.68910044858173092
  0.69210934507846300  0.69493355231271514  0.69979521308993642  0.70863873984717751
  0.71731039619332748  0.72503498303908331  0.73399130844207439  0.74618268901390161
  0.75761233568421293  0.76849225190355575  0.78021279323648496  0.79594832498365231
  0.81271895183285836  0.82844435148001483  0.84098700334864440  0.84991406179936890
  0.85629805131399039  0.86204034294537468  0.86816481239458243  0.88014749776987777
  0.89091645874415859  0.90496333758751324  0.92198844630174603  0.93418579646880617
  0.94656471413063026  0.95832037447657892  0.97347155245983241  1.00000000000000000
 -0.00240302963118564  0.00893758134949041  0.01997454641972842  0.02950758573489546
  0.04059169751336725  0.05360505676001368  0.06574940959244364  0.07868270727456070
  0.09388620676748270  0.11310414466998484  0.12720625856922593  0.13769873497386143
  0.14992174153776228  0.16243439646275171  0.17341088550707184  0.18770694924547368
  0.20033651681933248  0.21173347926045241  0.22163427931725760  0.22992549022225600
  0.23978148080378231  0.25038257751936965  0.25746986476083611  0.26455683499338201
  0.27056670375093023  0.27750165980973418  0.28673346588097243  0.29503225360579322
  0.30217316333579974  0.30682623054838259  0.31071388141974765  0.31627740271711413
  0.32571136637497061  0.33417220051007945  0.33696337213286642  0.33968801575562929
  0.34371330202928313  0.34717999851721620  0.35014466573674102  0.36394175522165145
  0.37924257574023218  0.38960991094325143  0.39763555286344104  0.40638522481387379
  0.41970502189140690  0.44086086008659781  0.46557580380371677  0.48713105992656647
  0.50575099366628140  0.51918465839892591  0.53910704819685029  0.55680900223920149
  0.56818203045262849  0.57433015284251854  0.58010555024781185  0.58663037983966693
  0.59588156900836042  0.60786039003263803  0.61951152476805005  0.63014448872693307
  0.63958656212888165  0.65063283841439612  0.65870925829187210  0.66814338464880052
  0.67717673734135664  0.68681768870407611  0.70200727492263471  0.72184350407807985
  0.73414029814470472  0.74252295013116809  0.74958836880299518  0.75580739764918059
  0.76148465086444395  0.76812476907313099  0.77322105390677320  0.77788572707673698
  0.78319927332583661  0.79016146538363286  0.80077672428714552  0.81212643204286294
  0.82031086338552761  0.82976746476778951  0.84008638562162152  0.85307468270998121
  0.86710500775005117  0.88018945799924042  0.89186699831361071  0.90177522832104595
  0.91264482951156367  0.92455509318347806  0.93574042800904011  0.94629549473307140
  0.96035985137562896  0.97306679857189493  0.98622236505744643  1.00000000000000000
 -0.00264957011608581  0.01187748618869670  0.02052766459234691  0.02622950425766182
  0.03140041321163023  0.03779736572171081  0.04783633762573500  0.06393046061662136
  0.08403684083790146  0.09831369026932610  0.11048189825971066  0.12221181009473848
  0.13533724440666434  0.14834419505801738  0.15812179189788811  0.16568472366911122
  0.17064045901348224  0.17492277657381788  0.17914941095808345  0.18204486362598696
  0.18490686918932844  0.18811061687666217  0.19320188946177738  0.19769231664235290
  0.20322379962952675  0.20871113172915520  0.21318625625761520  0.22152421472867140
  0.23400709887560506  0.24664666060257734  0.26062138355951275  0.27814880863442831
  0.28969504317021394  0.29844234153336274  0.30634197407203706  0.31401593704586911
  0.32145796302220686  0.33866583203732925  0.36053852140003745  0.38107088182317750
  0.39724428333717171  0.41070798503948780  0.42335379113609689  0.43474459438501706
  0.44962984059376054  0.46674349597826564  0.48715457964984549  0.51167156335589847
  0.52442440404535107  0.52839965057632510  0.53169879475813420  0.53786081412790221
  0.54683562030243926  0.55256814285153588  0.55837343623412794  0.56790803776198806
  0.57870085036684582  0.58740051914179636  0.59501974008758640  0.60670663002089686
  0.61901713372089273  0.63101270358354355  0.64342459668609797  0.65845637010135760
  0.67117278443971495  0.68589283129788448  0.70119288662213275  0.71425019661520806
  0.72527042088759486  0.73496137220703950  0.74488313664865036  0.75371299168465467
  0.76291279453133110  0.77303019013727803  0.78309729703422193  0.79551013683028415
  0.81114705414962551  0.82371624331425231  0.83399930276736955  0.84252778004478102
  0.85026034698537267  0.85902235758395151  0.87008161107797155  0.88844630078877840
  0.90239774462157285  0.91312588699544084  0.92002769237905824  0.92551065050768233
  0.93168669219901901  0.93762753064214843  0.94269170724428863  0.94788246068546467
  0.95697403728207908  0.96872084442738637  0.98289083967765745  1.00000000000000000
 -0.00636933587329109  0.01719178139712516  0.03570944779439127  0.05032728452616609
  0.06089371921356181  0.07019107417335664  0.08012331442100952  0.09177070618985536
  0.10559441278751441  0.11992642104390420  0.13366397078475278  0.14517434567731080
  0.15354813395550898  0.16139554709142476  0.17037037674083691  0.18249056092182742
  0.19842813016256444  0.21518202460360716  0.23026216796126958  0.24063698343021311
  0.24711838343612888  0.25206520995533366  0.25564600549331240  0.25896580184308893
  0.26396247947858908  0.27329979582218106  0.28089138389162871  0.28718796923729328
  0.29303271917328022  0.30020337947985509  0.30980078245155118  0.32123577478190590
  0.33555911580390502  0.34647604038118318  0.35451970610295541  0.36675241283050780
  0.37915496057381898  0.39078235622733887  0.40418230929670473  0.41786768103120453
  0.43250837475860604  0.44683507688999169  0.46046744528165828  0.47386627274545240
  0.48710158321840530  0.49998032429302952  0.51551584204628909  0.53595159048131991
  0.55500950949783967  0.56959632382541603  0.57943132485556903  0.58775760598836368
  0.59857023779513763  0.61109081551805422  0.62185342752656081  0.63128266278737999
  0.64077317321575322  0.65480510282399618  0.67087026280123352  0.68571073488402590
  0.69879231166648870  0.71146424514031137  0.72729367021955549  0.74152717163346382
  0.75206419772481237  0.76157232595729185  0.76944200364348603  0.77524349611666332
  0.78308260225826831  0.79208911213538724  0.80199266774039335  0.81278621269427886
  0.82380394714404281  0.83346606394870570  0.84010948656419260  0.84408840585949008
  0.84782479483581519  0.85132282499010414  0.85477886712220930  0.85928281783253391
  0.86780847987928078  0.88057643081070158  0.89016440210544290  0.90001530138866315
  0.90663465336353544  0.91073298571569561  0.91487306645934341  0.91913168642137699
  0.92324988686460818  0.92812605364841305  0.93575052771776901  0.94282923457629408
  0.95116866113879195  0.96067448916541598  0.97730067508673457  1.00000000000000000
 -0.00574747935701686  0.02741334391740247  0.04205526838036637  0.05063126661283945
  0.06015923409765628  0.07225935686713586  0.08974984474141054  0.10148396726036818
  0.11012020599705417  0.11693781557837762  0.12369751779528357  0.12909738595863729
  0.13778513144731477  0.15270281327276147  0.16538768782902619  0.17494818781015797
  0.18418935393300079  0.19326633536256174  0.20274178216143043  0.20843876348344398
  0.21416514307194801  0.22066062918689500  0.22675178647898658  0.23511730067322748
  0.24486471111069846  0.25463390411698139  0.26669752865728008  0.27640131215631714
  0.28524032811983752  0.29219899560552581  0.29941336176950639  0.30926256314707568
  0.32611719308318265  0.34364998896895915  0.35332668924586463  0.35942055051301269
  0.36447383476023498  0.37007230779273670  0.37600664699212838  0.38491507437396461
  0.39638487509440551  0.40931935190699409  0.41981450683341459  0.43132253235325035
  0.43735905463430530  0.44926362177876905  0.46213936339461786  0.47615534492597211
  0.48967475264634958  0.50178773765837781  0.51256213041476062  0.52414918051713189
  0.53418435409044285  0.54425751879294126  0.55452042140591806  0.56182845197180320
  0.56900913450428925  0.57535227171365855  0.58115992638425917  0.58677259224658795
  0.59301485494612360  0.60096234230391266  0.61004953591728839  0.61801245056375542
  0.62865518157247680  0.64639294351334331  0.65953644120183352  0.67599442782016161
  0.69335949240123274  0.71218924694111352  0.72489604873811964  0.73519956802154629
  0.74502700430447977  0.75612168503813604  0.76979516549847560  0.78714634268830519
  0.81126701968341375  0.82975470028385701  0.83693177322043866  0.84151133642717069
  0.84500770739697206  0.84813401050616988  0.85135951204901894  0.85678362676508824
  0.86585657947195971  0.87582908515176350  0.89584792329967611  0.91333855771481731
  0.92584673941037832  0.93530354913687430  0.94469403495261461  0.95434661263102560
  0.96419054017808303  0.97475763911824787  0.98695996441102907  1.00000000000000000
 -0.00459677837164991  0.59838587043785174  0.65019364889117770  0.67404192382941042
  0.69181581671179393  0.70394889125816096  0.71533020739027720  0.72227276227245019
  0.72872383009654917  0.73534698357595019  0.74242500655662602  0.75115616667953233
  0.75941397613684014  0.76525999211428575  0.77007936917278230  0.77767134969495211
  0.78711738055464231  0.79465104998821412  0.79954209435181356  0.80430712299201013
  0.80869284238794548  0.81325033547033931  0.81895251681574988  0.82213420790305858
  0.82403252236771829  0.82515485368307928  0.82635665127091573  0.82762810102428963
  0.82922225064235522  0.83042648950463716  0.83160614065198146  0.83286883995475325
  0.83538474975772037  0.83757463030067114  0.83956189654904256  0.84153391301006564
  0.84367494655901254  0.84612252826997747  0.84900753959784725  0.85236680636589734
  0.85652869337121862  0.86096484995527278  0.86502377434240074  0.86925421526499591
  0.87257767680136911  0.87427129749880850  0.87596839274336036  0.87729382575783399
  0.87911849212509219  0.88125720587138534  0.88347896171372431  0.88536750623282123
  0.88706630594493574  0.88892082747487255  0.89072526034015720  0.89238390282494251
  0.89399283288021036  0.89555072650729017  0.89727170947990553  0.89896498770925370
  0.90086904499748899  0.90295290715996102  0.90514249408130476  0.90702717859551607
  0.90900124195160725  0.91179768692459084  0.91343036579811843  0.91517316832259410
  0.91687210769031713  0.91860466535803909  0.92012659618260395  0.92180778458035351
  0.92349590175375107  0.92512116942287870  0.92694049339193285  0.92830079652750286
  0.92963665308097498  0.93107047320047664  0.93268577196692715  0.93425301351923751
  0.93573044096143576  0.93724002203331669  0.93924898990826267  0.94163845551768566
  0.94412124277019505  0.94730176884422446  0.95198259043968370  0.95614351189518942
  0.95940355744699901  0.96202188620808315  0.96493206499931228  0.96770473415944314
  0.97118442750350875  0.97667140447603151  0.98793840420184398  1.00000000000000000
 -0.03307929825188359  0.15700873892924333  0.19531035170914687  0.21778395484388596
  0.23960992807176451  0.25802026987542132  0.27654624659536781  0.29821361528531237
  0.32051901650527709  0.33771840002557141  0.34844844246232737  0.35447598337337216
  0.35888277466688367  0.36254327903517497  0.36639954220208598  0.37274024463116456
  0.37919954457593325  0.38551564853625142  0.39024467807970242  0.39438560276379175
  0.39843142299043222  0.40275423242531155  0.40857378626445640  0.41315352602295130
  0.41891736254173523  0.42474089586009306  0.42936115589883350  0.43362932870948157
  0.43965120617031217  0.44782271051936423  0.45941969357496554  0.47002111384166728
  0.47676958170844130  0.48167497511054197  0.48589953237296107  0.49004358812337340
  0.49415454706838174  0.49836131115816673  0.50162452412235659  0.50475117139838799
  0.51051958846417078  0.51727273542272079  0.52440722292807573  0.53233069606255456
  0.53989253978476914  0.54703464280893843  0.55304049162664570  0.55879687257198007
  0.56408081535496968  0.56873266816927948  0.57316410120325612  0.57807994596481538
  0.58213715770110341  0.58602097312726475  0.58885614037262790  0.59200204244324339
  0.59520784645685199  0.60022188360505913  0.60531473351251797  0.60926579462509634
  0.61237338768395078  0.61642864249097462  0.62100689124450070  0.62597931657607442
  0.63130474841367035  0.63679945509429625  0.64262279493793895  0.64821818922153762
  0.65498117095893060  0.66362203751650317  0.67199756500820773  0.67836326211145359
  0.68422968303732401  0.68655251994386979  0.69027614435562801  0.69393262684387902
  0.69772873037320671  0.70146453425299460  0.70494891855059971  0.70811726662821195
  0.71087800435256254  0.71410109237673014  0.71809228688849980  0.72312678046459256
  0.73244196519920690  0.74348261034019159  0.75359686802924220  0.76556048843482072
  0.78247907560890151  0.79735150113332343  0.81162456812197770  0.83011998765004924
  0.84893388607636644  0.86643045952682840  0.89003011012596656  1.00000000000000000
   1.2955580942626141E-015  -1.0000000000000000     
 T F F F F F F F F F F F F F F F F F F F T F F F T F F F F F F F F F F F T F F F T F F F F F F F F F F F F F F F F F F F F F F F F F F F F F F F F F F F F F F F F F F F F F F F F F F F F F F F F F F F F F F F F F F F F F F F F F F F F F F F F F F F F F F F F F F F F F F F F F F F F F F F F F F F F F F F F F F F F F F F F F F F F F F F F F F F F F F F F F F F F F F F F F F F F F F F T F F F F F F F F F F F F F F F F F F F T F F F T F F F F F F F F F F F T F F F T F F F F F F F F F F F F F F F F F F F T F F F T F F F F F F F F F F F F F F F F F F F T F F F T F F F F F F F F F F F T F F F T F F F F F F F F F F F F F F F F F F F F F F F F F F F F F F F F F F F F F F F F F F F F F F F F F F F F F F F F F F F F F F F F F F F F F F F F F F F F F F F F F F F F F F F F F F F F F F F F F F F F F F F F F F F F F F F F F F F F F F F F F F F F F F F F F F F F F F F F F F F F F F F F F F F F F F F T F F F F F F F F F F F F F F F F F F F T F F F T F F F F F F F F F F F T F F F T F F F F F F F F F F F F F F F F F F F T F F F
  <DiscreteSampler_grid>
  grouped_processes
  1 # 1 for a reference and 2 for a running grid.
  10 # Attribute 'min_bin_probing_points' of the grid.
  1 # Attribute 'grid_mode' of the grid. 1=='default',2=='initialization'
  0.0000000000000000 # Attribute 'small_contrib_threshold' of the grid.
  0.5000000000000000 # Attribute 'damping_power' of the grid.
 # binID   n_entries weight   weight_sqr   abs_weight
    16   10   8.183777373712902E-018   3.643842996205886E-034   8.183777373712902E-018
    17   10   8.183777373712665E-018   3.643842996205603E-034   8.183777373712665E-018
    19   10   1.640284954496285E-017   1.398866342872822E-033   1.640284954496285E-017
    20   10   1.640284954496256E-017   1.398866342872757E-033   1.640284954496256E-017
    22   10   2.506745850028150E-017   3.253574594245459E-033   2.506745850028150E-017
    23   10   2.506745850028093E-017   3.253574594245259E-033   2.506745850028093E-017
    28   10   2.381224040022122E-017   2.504821752983264E-033   2.381224040022122E-017
    29   10   2.381224040022008E-017   2.504821752983010E-033   2.381224040022008E-017
    31   10   3.686256849548202E-017   6.174253267062591E-033   3.686256849548202E-017
    32   10   3.686256849548334E-017   6.174253267063110E-033   3.686256849548334E-017
    34   10   7.850712413624664E-017   3.607906281488934E-032   7.850712413624664E-017
    35   10   7.850712413624106E-017   3.607906281488377E-032   7.850712413624106E-017
    40   10   8.183777373712919E-018   3.643842996205891E-034   8.183777373712919E-018
    41   10   8.183777373712649E-018   3.643842996205601E-034   8.183777373712649E-018
    43   10   1.640284954496284E-017   1.398866342872823E-033   1.640284954496284E-017
    44   10   1.640284954496261E-017   1.398866342872761E-033   1.640284954496261E-017
    46   10   2.506745850028157E-017   3.253574594245481E-033   2.506745850028157E-017
    47   10   2.506745850028100E-017   3.253574594245265E-033   2.506745850028100E-017
    52   10   2.381224040022129E-017   2.504821752983283E-033   2.381224040022129E-017
    53   10   2.381224040022016E-017   2.504821752983030E-033   2.381224040022016E-017
    55   10   3.686256849548209E-017   6.174253267062627E-033   3.686256849548209E-017
    56   10   3.686256849548329E-017   6.174253267063099E-033   3.686256849548329E-017
    58   10   7.850712413624659E-017   3.607906281488928E-032   7.850712413624659E-017
    59   10   7.850712413624052E-017   3.607906281488318E-032   7.850712413624052E-017
    64   10   8.183777373712951E-018   3.643842996205913E-034   8.183777373712951E-018
    65   10   8.183777373712665E-018   3.643842996205609E-034   8.183777373712665E-018
    67   10   1.640284954496280E-017   1.398866342872809E-033   1.640284954496280E-017
    68   10   1.640284954496266E-017   1.398866342872777E-033   1.640284954496266E-017
    70   10   2.506745850028151E-017   3.253574594245457E-033   2.506745850028151E-017
    71   10   2.506745850028108E-017   3.253574594245306E-033   2.506745850028108E-017
    76   10   2.381224040022110E-017   2.504821752983238E-033   2.381224040022110E-017
    77   10   2.381224040021981E-017   2.504821752982941E-033   2.381224040021981E-017
    79   10   3.686256849548196E-017   6.174253267062574E-033   3.686256849548196E-017
    80   10   3.686256849548332E-017   6.174253267063099E-033   3.686256849548332E-017
    82   10   7.850712413624626E-017   3.607906281488892E-032   7.850712413624626E-017
    83   10   7.850712413624103E-017   3.607906281488370E-032   7.850712413624103E-017
    88   10   8.183777373712947E-018   3.643842996205899E-034   8.183777373712947E-018
    89   10   8.183777373712637E-018   3.643842996205597E-034   8.183777373712637E-018
    91   10   1.640284954496282E-017   1.398866342872816E-033   1.640284954496282E-017
    92   10   1.640284954496271E-017   1.398866342872782E-033   1.640284954496271E-017
    94   10   2.506745850028154E-017   3.253574594245470E-033   2.506745850028154E-017
    95   10   2.506745850028113E-017   3.253574594245314E-033   2.506745850028113E-017
    100   10   2.381224040022119E-017   2.504821752983257E-033   2.381224040022119E-017
    101   10   2.381224040021983E-017   2.504821752982946E-033   2.381224040021983E-017
    103   10   3.686256849548214E-017   6.174253267062642E-033   3.686256849548214E-017
    104   10   3.686256849548338E-017   6.174253267063128E-033   3.686256849548338E-017
    106   10   7.850712413624615E-017   3.607906281488879E-032   7.850712413624615E-017
    107   10   7.850712413624044E-017   3.607906281488305E-032   7.850712413624044E-017
    112   10   1.644797707413194E-017   1.764837587546497E-033   1.644797707413194E-017
    113   10   1.644797707412886E-017   1.764837587545692E-033   1.644797707412886E-017
    115   10   2.840165365343439E-017   4.023721158418914E-033   2.840165365343439E-017
    116   10   2.840165365343643E-017   4.023721158419273E-033   2.840165365343643E-017
    118   10   1.966847254000267E-016   2.927996613057541E-031   1.966847254000267E-016
    119   10   1.966847254000386E-016   2.927996613057949E-031   1.966847254000386E-016
    124   10   6.294242269461481E-018   3.226080609864270E-034   6.294242269461481E-018
    125   10   6.294242269460909E-018   3.226080609863620E-034   6.294242269460909E-018
    127   10   1.504183574042929E-017   2.138929407823576E-033   1.504183574042929E-017
    128   10   1.504183574042874E-017   2.138929407823417E-033   1.504183574042874E-017
    130   10   4.000969398767473E-017   1.532817052404888E-032   4.000969398767473E-017
    131   10   4.000969398767311E-017   1.532817052404764E-032   4.000969398767311E-017
    136   10   1.644797707395648E-017   1.764837587500527E-033   1.644797707395648E-017
    137   10   1.644797707395257E-017   1.764837587499501E-033   1.644797707395257E-017
    139   10   2.840165365343482E-017   4.023721158418992E-033   2.840165365343482E-017
    140   10   2.840165365343659E-017   4.023721158419309E-033   2.840165365343659E-017
    142   10   1.966847254000234E-016   2.927996613057435E-031   1.966847254000234E-016
    143   10   1.966847254000416E-016   2.927996613058048E-031   1.966847254000416E-016
    148   10   6.294242269461397E-018   3.226080609864179E-034   6.294242269461397E-018
    149   10   6.294242269460861E-018   3.226080609863564E-034   6.294242269460861E-018
    151   10   1.504183574042940E-017   2.138929407823610E-033   1.504183574042940E-017
    152   10   1.504183574042909E-017   2.138929407823516E-033   1.504183574042909E-017
    154   10   4.000969398767487E-017   1.532817052404899E-032   4.000969398767487E-017
    155   10   4.000969398767412E-017   1.532817052404844E-032   4.000969398767412E-017
    160   10   1.644797707395672E-017   1.764837587500587E-033   1.644797707395672E-017
    161   10   1.644797707395334E-017   1.764837587499703E-033   1.644797707395334E-017
    163   10   2.840165365343427E-017   4.023721158418888E-033   2.840165365343427E-017
    164   10   2.840165365343631E-017   4.023721158419249E-033   2.840165365343631E-017
    166   10   1.966847254000273E-016   2.927996613057564E-031   1.966847254000273E-016
    167   10   1.966847254000378E-016   2.927996613057923E-031   1.966847254000378E-016
    172   10   6.294242269461540E-018   3.226080609864339E-034   6.294242269461540E-018
    173   10   6.294242269460902E-018   3.226080609863610E-034   6.294242269460902E-018
    175   10   1.504183574042927E-017   2.138929407823572E-033   1.504183574042927E-017
    176   10   1.504183574042883E-017   2.138929407823441E-033   1.504183574042883E-017
    178   10   4.000969398767473E-017   1.532817052404889E-032   4.000969398767473E-017
    179   10   4.000969398767314E-017   1.532817052404767E-032   4.000969398767314E-017
    184   10   1.644797707395668E-017   1.764837587500578E-033   1.644797707395668E-017
    185   10   1.644797707395246E-017   1.764837587499474E-033   1.644797707395246E-017
    187   10   2.840165365343470E-017   4.023721158418970E-033   2.840165365343470E-017
    188   10   2.840165365343649E-017   4.023721158419289E-033   2.840165365343649E-017
    190   10   1.966847254000241E-016   2.927996613057457E-031   1.966847254000241E-016
    191   10   1.966847254000409E-016   2.927996613058023E-031   1.966847254000409E-016
    196   10   6.294242269461494E-018   3.226080609864285E-034   6.294242269461494E-018
    197   10   6.294242269460855E-018   3.226080609863558E-034   6.294242269460855E-018
    199   10   1.504183574042933E-017   2.138929407823591E-033   1.504183574042933E-017
    200   10   1.504183574042917E-017   2.138929407823540E-033   1.504183574042917E-017
    202   10   4.000969398767479E-017   1.532817052404892E-032   4.000969398767479E-017
    203   10   4.000969398767403E-017   1.532817052404837E-032   4.000969398767403E-017
  </DiscreteSampler_grid>
