 -0.00000002590582753  0.00000019879020493  0.00000029713247998  0.00000055221962598
  0.00000083919014656  0.00000125068088194  0.00000158079976611  0.00000261274642245
  0.00000513371667407  0.00000685466832395  0.00000939814859932  0.00001202575177879
  0.00001351634045558  0.00001468725353398  0.00001575377575285  0.00001615720847705
  0.00001652767411591  0.00001689813975478  0.00001729576445477  0.00001771615313654
  0.00001813654181831  0.00001854916718359  0.00001890889819858  0.00001926862921358
  0.00001962836022857  0.00002005364638375  0.00002077921595230  0.00002149025700718
  0.00002175910814564  0.00002202795928409  0.00002252112302792  0.00002309490202585
  0.00002350439185281  0.00002391144456007  0.00002417576215971  0.00002445266456758
  0.00002474193746755  0.00002503392154604  0.00002539532324045  0.00002617372302803
  0.00002814294201661  0.00003528812255946  0.00004514130455017  0.00004697288452645
  0.00004834934727874  0.00004915500708105  0.00004983062728762  0.00005040078688472
  0.00005091464927797  0.00005173909955830  0.00005249566938911  0.00005317404093482
  0.00005356678834683  0.00005388148873688  0.00005422804930740  0.00005462371333394
  0.00005490415966916  0.00005518593338853  0.00005553189439095  0.00005615166679412
  0.00005715880618930  0.00005780618633658  0.00005836078948019  0.00005895103879896
  0.00005981131086560  0.00006071563035080  0.00006182707663912  0.00006293852292744
  0.00006382255699382  0.00006468378287306  0.00006545652857102  0.00006636573250764
  0.00006854506139587  0.00007111388434856  0.00007347905243740  0.00007559928691083
  0.00007816644497789  0.00008129279362395  0.00008444901218267  0.00008821876444829
  0.00009275987436080  0.00009776025147014  0.00010953313055443  0.00012143931742986
  0.00014305179392889  0.00017532735880289  0.00019791819258850  0.00020827973941264
  0.00021847518107063  0.00023404517399434  0.00026059640516195  0.00029917240277001
  0.00057952999653243  0.00155983761507513  0.02191343223757832  1.00000000000000000
 -0.00017718055961622  0.00153412068905994  0.00255730577254879  0.00312742683106081
  0.00344911250174700  0.00365953125214798  0.00394573320219140  0.00441452695953635
  0.00473088990815574  0.00492909847600952  0.00504582318519809  0.00521709909824774
  0.00538451096085826  0.00558330501389478  0.00580553234757523  0.00595155653542677
  0.00606557644816896  0.00617301556798614  0.00636066878910924  0.00650470311554664
  0.00657942513047703  0.00665414714540741  0.00672931497447459  0.00680712578206521
  0.00688493658965582  0.00696274739724644  0.00706563277135157  0.00717184027334918
  0.00727804777534680  0.00769468963733158  0.00804747129210649  0.00811374732339521
  0.00818543017156468  0.00826132059356420  0.00829095537084788  0.00834010385234723
  0.00856792080329238  0.00887381376201739  0.00907433844527071  0.00922566747624769
  0.00935108068619606  0.00952793618184096  0.00970329818925637  0.00985857532600617
  0.01007296043982832  0.01026657583314946  0.01043351956769206  0.01055247786844130
  0.01063747172224836  0.01070783790902890  0.01078179223929437  0.01097555224819844
  0.01119313071056499  0.01137711087887629  0.01152517924974338  0.01165318652435617
  0.01175492105579319  0.01183615883940862  0.01190328757068193  0.01196079266995421
  0.01202907077270519  0.01215557186734938  0.01227929020519184  0.01239741777848955
  0.01250275696984291  0.01258235455744753  0.01266417794473662  0.01277030325337932
  0.01286754437346364  0.01293671078270188  0.01305387787229282  0.01319131531829536
  0.01334020355028937  0.01349819352684682  0.01355656800438667  0.01363264593318198
  0.01372476747920127  0.01381837171485704  0.01391577305226067  0.01398365576097282
  0.01403883766013622  0.01411878858810770  0.01420372274846974  0.01432077635611214
  0.01443509383266975  0.01461641975402742  0.01489939814009070  0.01512491922989104
  0.01561197397581411  0.01610003430210633  0.01665696926426968  0.01731204430466019
  0.01791505925718841  0.01844394121193861  0.01904757844921203  1.00000000000000000
  0.02641762690823655  0.04121610002435758  0.05396435215275992  0.06661294381649477
  0.08160648526193047  0.09824123353230624  0.12332398557012215  0.13693010165672403
  0.14630044727708635  0.15676642747472028  0.16689915475624875  0.17661345036450082
  0.18519254944952440  0.19297066939051216  0.20279350245609232  0.22287839906926113
  0.24400908213985201  0.25957486276621755  0.27249791856665612  0.28407938554255963
  0.29519146995257134  0.31015082289730705  0.33784947855830505  0.35133025057130596
  0.36142605731432953  0.37119180521526873  0.38453748487196565  0.39874768807960637
  0.41107897448609620  0.42204336319685254  0.43178143557364612  0.43969753783574805
  0.44774662393779885  0.45589033367429588  0.46855831828521893  0.48120620180748525
  0.48623781574125241  0.49189278544902026  0.49923003487759504  0.50806476817690582
  0.52908064370518004  0.54772842040039416  0.54979712319502327  0.55186582598965239
  0.55391042928712408  0.55586581510521438  0.55782120092330478  0.55977658674139508
  0.56086342817871671  0.56192233270293734  0.56298123722715809  0.56937459814861180
  0.58593180012011870  0.59772953100385373  0.60729110985996526  0.62234332789653524
  0.63632862226211817  0.64170627183553719  0.64509757860547434  0.64803504402086753
  0.65285840150446428  0.65701913178164351  0.66104149329481388  0.66620736210850173
  0.67559180266560492  0.68753615066782825  0.70193217536471464  0.71451066437085142
  0.72446752289700644  0.73666390357178713  0.74945761369729080  0.75578367158043525
  0.76180848696501235  0.76677233867452033  0.77163980889770112  0.77499596107065827
  0.77835211324361542  0.78442219547547165  0.78998845327075573  0.79450883587668075
  0.79981763181299559  0.81214613910110922  0.83326166566365245  0.84246147263331594
  0.85079072936250921  0.87032195335768314  0.88534604494529678  0.89798525080090674
  0.90979806450321710  0.92269044979873938  0.93541784787467541  0.94940358094875377
  0.95969902522256578  0.96638330133739136  0.96968824342793969  1.00000000000000000
  0.02347777658592993  0.03911890334185945  0.05003348958072786  0.06292869798111980
  0.07892410160942535  0.09040790905489329  0.09942600933414196  0.10903923920442959
  0.12226360543561759  0.14548301962675000  0.16866074819920304  0.18893562967847893
  0.20460899803334257  0.21954587427366362  0.23776885228158237  0.26276781702429997
  0.28122158312829271  0.29415303341284466  0.30045077725609065  0.30527267356614107
  0.31322010049716792  0.33142835723996078  0.34483948213810367  0.36199155107118036
  0.38053865312244045  0.39316317725280431  0.40801569791681919  0.41906244166778633
  0.42299764929558181  0.42693285692337724  0.43086806455117271  0.43447962484587876
  0.43795786972886952  0.44143611461186033  0.44487865838408625  0.44727401732844924
  0.44966937627281228  0.45206473521717527  0.45852750120993202  0.47303793801386035
  0.49711141909458689  0.52612825499651517  0.54322588829044882  0.54536269907005375
  0.54947433046822025  0.55347671249473307  0.55756519765862111  0.56098065770149508
  0.56415228528439598  0.56970663591644044  0.58001554915523923  0.58568662683516992
  0.59069760227525103  0.60028186849913079  0.60957076218791051  0.61820063157152572
  0.62401530269146666  0.62745362735206112  0.63036652334349075  0.63242732082880437
  0.63475928569828000  0.63865441842082438  0.64254955114336876  0.65062364319718691
  0.65533292482676919  0.66002018216812730  0.66385150319757213  0.67366267094732046
  0.68683824527522075  0.70910471029326028  0.73399001220363702  0.75161970443960413
  0.76496457530228223  0.78002595496267191  0.79476229208793669  0.80912025844980651
  0.81832374706540023  0.82511521773358298  0.83164877931915993  0.83977751457591465
  0.85108640378699807  0.86598271317035913  0.87920244810409520  0.89576322187015744
  0.91093288873837919  0.91798231849435508  0.92243916460484321  0.92490986103744477
  0.92772415198393121  0.93040356071345087  0.93277200657436088  0.93938462355925589
  0.94559959695273721  0.95056406299421980  0.97457295755897855  1.00000000000000000
  0.02054081018540758  0.02347197326881956  0.02473570402007757  0.02575851636966014
  0.02655132813465785  0.02711174438034578  0.02750529566808664  0.02777828819412858
  0.02804845894388171  0.02833117901649972  0.02857095113041197  0.02881085622137665
  0.02896491412078675  0.02911747223525328  0.02927755878581982  0.02952250764884429
  0.02979984669973247  0.03010038460093734  0.03037212750781702  0.03063279803439066
  0.03086933789243520  0.03117525990365343  0.03151603111360240  0.03191939849709054
  0.03213071504547200  0.03230219770276604  0.03286644476721600  0.03370381337165310
  0.03442734301444498  0.03473212277433240  0.03501202128887863  0.03546703215065942
  0.03596998399047439  0.03626583200195181  0.03674004842412862  0.03762799440933944
  0.03923301557928670  0.04145128590475684  0.04373469918339520  0.04508818799951689
  0.04564278441992822  0.04623717035971855  0.04704622657956336  0.04763101453513462
  0.04809375863464380  0.04870382256646662  0.04903381221150798  0.04971340750777684
  0.05030576660943410  0.05104424629453337  0.05232236644448870  0.05361624751842341
  0.05573069111803977  0.05854609145234720  0.06278571613780623  0.06872199316824451
  0.07148335291167494  0.07441388343311270  0.07685968671297728  0.07785024778153304
  0.07926673830373966  0.08056960964010045  0.08162005243521497  0.08356578909128086
  0.08529697451366830  0.09179953735924394  0.09924650904352367  0.10350419226247311
  0.10955185739237627  0.11512932511552110  0.12176164186613873  0.12710085022700471
  0.12883185517149556  0.13056286011598642  0.13229386506047727  0.13402487000496813
  0.13575587494945898  0.13748687989394984  0.13921788483844069  0.14094888978293155
  0.14267989472742240  0.15069167319064286  0.17769498215796364  0.20469829112528448
  0.23170160009260532  0.25870490905992616  0.28570821802724700  0.31271152699456783
  0.33971483596188867  0.36671814492920951  0.39372145389653035  0.42072476286385119
  0.44772807183117203  0.47473138079849286  0.50600447069610788  1.00000000000000000
 -0.00393265888935437  0.00697560038266831  0.01660261312187001  0.02193246399472618
  0.02612579680842900  0.02998404346366774  0.03668421452492297  0.05045501925232872
  0.05614952025401461  0.05917704940511329  0.06496064850219713  0.07684232133658778
  0.09228312088944392  0.10907526679365839  0.12138079806056140  0.13732771436875138
  0.16480223878736835  0.18364616763873956  0.19224657370260922  0.19967319734871708
  0.22272643484323268  0.25649150647033875  0.28113683113160298  0.29664519804052941
  0.31024350599284811  0.31909736892346241  0.32407327942581216  0.32842988569988574
  0.34038004229574736  0.37020235135184815  0.41263028271396607  0.44212497187089406
  0.45708599191540222  0.46910315743781172  0.48179820682127933  0.48763660290674077
  0.49042657674272710  0.49321655057871350  0.49608196715608799  0.49930704494431960
  0.50253212273255132  0.50575720052078288  0.50940380326971113  0.51329530379873689
  0.51718680432776265  0.52182740278848028  0.53254157447107542  0.54232740876188146
  0.55118362822258449  0.55984542853986674  0.56893207470462848  0.58702443256245895
  0.61423681446864919  0.63503265442991674  0.65171255205283851  0.66270010593307560
  0.66878397673967938  0.67517423183498015  0.67783144867230050  0.67987727803684594
  0.68194798114801036  0.68423486244557341  0.68882565378699057  0.70106271299600320
  0.70934950466969071  0.71857059932298750  0.72856154951786134  0.73813447707548718
  0.74472341973151557  0.75131236238754384  0.75620692244051790  0.76042865467193010
  0.76509623452337683  0.77168506486321786  0.77828691552284757  0.78489879836501186
  0.80157614549686496  0.81665734371673804  0.83345083608661608  0.85196032053800130
  0.86995670840400918  0.88678267990290538  0.90302407243430838  0.91323079648532490
  0.92391974357155038  0.94129181921826610  0.95135702863304450  0.95704853389485567
  0.96131264011313633  0.96518504485233936  0.96925763462349568  0.97205556718539532
  0.97461695253061642  0.97944622285211691  0.98985045796189353  1.00000000000000000
 -0.00411038092458901 -0.00001070349708284  0.00408897393042333  0.00818865135792949
  0.01254813496761662  0.01887120693241730  0.02519427889721797  0.03151735086201865
  0.03471662222406383  0.03774614337635976  0.04077566452865568  0.04678851675911302
  0.05230490080530834  0.05719084866951574  0.06126496136972052  0.06625365151478287
  0.07317173381930145  0.08357978429266456  0.09698828138837344  0.10865185017081795
  0.11885110819975400  0.13053801321993605  0.14300309403407524  0.15618166062592442
  0.17590588781417327  0.20063924551389165  0.22233422868311584  0.23853531467369080
  0.24971658485837739  0.25798278805523289  0.26939730218929958  0.28316975354681151
  0.29963917234976262  0.32471637563799516  0.34417498174748318  0.35235774345816023
  0.35987187668474685  0.36852768636150113  0.37890085397038686  0.39077883833601046
  0.40482888164567232  0.42144673315447206  0.44021034488457278  0.45581740985552188
  0.46215593735072436  0.46698544491773453  0.47549624775642502  0.49133561529271985
  0.50470147103127427  0.51742565067002533  0.53511777578897157  0.54531621664764252
  0.55401644302073727  0.56087474245838120  0.56710576491174991  0.57308822010845806
  0.57844992706685083  0.58787981129752764  0.59793787491404504  0.60311376475030809
  0.60792684898643812  0.61468572854962122  0.62350589532374701  0.63769296905589556
  0.65457489462869123  0.65883184751394919  0.66357916616197488  0.67658597929611508
  0.68974094072801884  0.70587410802924433  0.72219785608298093  0.74287825189004064
  0.75874859191318511  0.77000558749104331  0.78641522381856155  0.80739780706668007
  0.82146528022686527  0.83425690570766042  0.84777403215086200  0.85557139117801106
  0.86302107971653541  0.87497575951921891  0.88549755228966964  0.89980151942261621
  0.91722428170711923  0.92140890835720557  0.92643400189572089  0.92925901437512903
  0.93192272132296439  0.93491924863925657  0.94035388095210659  0.94538269908578709
  0.95500806174317721  0.96009313445599243  0.97778660244015680  1.00000000000000000
 -0.01336711307529544  0.04930184702172345  0.08186606702993351  0.10807681877864739
  0.13078460391396826  0.14476413792710563  0.15570560538060862  0.16653595136190943
  0.17715450193659363  0.18769775511879738  0.19447545939726052  0.20302059862916463
  0.21390940972847250  0.22238454542852948  0.23323644343461766  0.25270104348963190
  0.26715297874475502  0.27962122535481260  0.29439587398695333  0.30826048449010740
  0.32048368736006522  0.33020076194913695  0.34042060556747628  0.35123651400564043
  0.36350994762076516  0.37063972216933100  0.37525370473013209  0.37986768729093312
  0.38353485113405300  0.38671488158165618  0.38989491202925941  0.39386775560681814
  0.39824948510816210  0.40263121460950602  0.41392416511997254  0.42817037668240604
  0.43777544285930864  0.44338437003096481  0.44957063802848829  0.45437206104764932
  0.45989468761811686  0.46588896608951669  0.47133151930342310  0.48123477255177172
  0.49416070944533746  0.50486143630490687  0.51392831612007128  0.51810002426514523
  0.52650574823951057  0.53002910403280568  0.53230229423821018  0.53419100521018448
  0.53596991670565408  0.53885175106918759  0.54225255210533618  0.54603086491062269
  0.55007148692205909  0.55208342857358794  0.55418189758268199  0.55643444047081370
  0.56337226988275813  0.58132705947945984  0.60644080303316905  0.61809018546522509
  0.62558414941397744  0.62930712128470445  0.63359526304915781  0.63976824487479222
  0.64604969712535343  0.65320392396625837  0.65883403073781999  0.66483822183022778
  0.67133834161345696  0.68983318815147820  0.71158682977924426  0.74290055221662421
  0.75133321112833928  0.75916948997057887  0.76709824321580866  0.77558747262667083
  0.78645933169048565  0.80085146526159434  0.81535598202368498  0.82469901230159637
  0.83344127173160498  0.84180023829841477  0.85229788735226475  0.86544527571729724
  0.87381523865238730  0.88089551813117650  0.90083099101490616  0.92114410175648787
  0.93846160229462794  0.95383537739280533  0.97320112240331924  1.00000000000000000
 -0.00845397592174091  0.01858817172037464  0.04116748424328469  0.05800027209734276
  0.06713399731074157  0.07316045356444770  0.08085777222453987  0.08608338478625313
  0.09017944003223821  0.09406829616136780  0.10101637401763949  0.11434257373777520
  0.13003342302186707  0.14901512946205506  0.16183940005480305  0.17256292326220146
  0.18138369560085507  0.19008323362933488  0.19795320428284666  0.20528162018974214
  0.20974535043314368  0.21126368447312716  0.21412787813058998  0.21920585198848158
  0.22427752864562003  0.22934370414019942  0.23569212528795552  0.24413843548714564
  0.25573997424138062  0.26770750936492110  0.28872748493952499  0.31701635664494032
  0.34629658056241031  0.38383585264689207  0.41984234734708220  0.45197185528476491
  0.48422882383943361  0.50106906626951531  0.50927796618985022  0.51467165871690923
  0.51981543691116761  0.52224918610540083  0.52472485301850791  0.52749583476376283
  0.53071973243425585  0.53582461297131379  0.54269277389526416  0.54937949095096672
  0.55450252139505229  0.55836271012612804  0.56009023662215773  0.56134218535702307
  0.56249519633772871  0.56360209160938235  0.56483901408220072  0.56712407865917847
  0.57022179031337139  0.57497665912634821  0.58127526371640115  0.59548227344546856
  0.60871775975834697  0.62381778797621601  0.64704937007060925  0.66377708211902064
  0.67930081998481873  0.69055936866532952  0.69952279951493490  0.70529458213013352
  0.70980743833989612  0.71486550206930033  0.72558478062222909  0.74417420045115890
  0.76570408642905796  0.78936283027563503  0.81256949965983338  0.82929468540755846
  0.84225359997265925  0.85081630613585113  0.85583559954412058  0.86272663391441318
  0.87060156594241256  0.88141481177811520  0.90911728517148815  0.93292602218920773
  0.94170862472792405  0.94383387909928118  0.94477661884861919  0.94571935859795719
  0.94673111546594779  0.94777245486284212  0.94881379425973633  0.95080942791797507
  0.95339922554411327  0.95598902317025136  0.97297580248226956  1.00000000000000000
 -0.00501153837700609  0.02489474393194065  0.04851206044426613  0.07177387201638621
  0.08920642415380739  0.10248794045080292  0.13113112338616756  0.16664345117165480
  0.20012901890551876  0.22068714503453490  0.23790453610359347  0.26004470431533483
  0.28995092204462042  0.32569410371085200  0.35933082174229697  0.37838098548780991
  0.39641864502237356  0.41328706462702658  0.42495595271792191  0.43823713757130084
  0.45594836143546719  0.47928695509470681  0.50489267302867036  0.52922889261890282
  0.54163928643894710  0.55043899437682797  0.55730491903237367  0.56174515499321354
  0.56332410826123136  0.56649192459160924  0.56986507585080304  0.57385133522682752
  0.58690562789928502  0.60159649656267322  0.61438536097234386  0.62865166868209876
  0.64172079094128909  0.64905702640310015  0.65178636494868702  0.65413632473607963
  0.65477516435765004  0.65565388632765642  0.66813380696441071  0.68409699509544841
  0.69108506846005280  0.70108704233520591  0.71115032606029982  0.72104095310964234
  0.73013785130259146  0.73572753141525959  0.73875680026302037  0.74119255976940268
  0.74327572321384250  0.74527332756416631  0.74707767940466341  0.74888203124516062
  0.75119883518890873  0.75353960488243521  0.75592823360033867  0.75834792021855479
  0.76336700965358639  0.77339307529365819  0.78044428544457634  0.78867782520523888
  0.79653816661389421  0.80539820467806866  0.81371039156038083  0.81961612939814510
  0.82565543710300893  0.83156408267503834  0.83702624491857736  0.84477983050332273
  0.85106319534223318  0.85410176826012152  0.85714034117800997  0.86039369106107499
  0.86467732066525138  0.86896095026942777  0.87324457987360415  0.87850096937405586
  0.88394100525822306  0.88938104114239025  0.89635701868101303  0.90333274234547689
  0.90754851402999404  0.91252686677842321  0.91758241184322398  0.92298276912187394
  0.93673078776374019  0.95376289651068613  0.96165280173739864  0.96784633087148397
  0.97283689216555125  0.97806074922747277  0.98282125907453000  1.00000000000000000
 -0.00941063583599932  0.00072338800226254  0.01085741184052441  0.02099143567878629
  0.03112545951704816  0.04088523516372487  0.04985947358499376  0.05883371200626264
  0.06780795042753153  0.08007475658862663  0.09474357095071503  0.10666453666698057
  0.11757057389764101  0.12662854550189506  0.14275897232622523  0.17211278297471802
  0.19391925938403762  0.19893872047957975  0.20080790151746092  0.20330123078850110
  0.20637988466778315  0.20906796765883337  0.21169516815913614  0.22073328467382203
  0.22905160371466432  0.23366370598301592  0.23693174082807425  0.24414921758386110
  0.27160698687254725  0.30753015726495325  0.32551137903828520  0.33260749831481629
  0.33985024347243969  0.34787256012863904  0.35680879310542640  0.36583036341983000
  0.37652582734618922  0.38838527254055444  0.39769258075929392  0.40652073743960193
  0.41482943475076239  0.41760709567404164  0.42032613192066365  0.42350229185564192
  0.42661731914417933  0.43140890590298026  0.43907221497730892  0.44597016897899033
  0.45160231378708521  0.45804844112232790  0.46319741084468830  0.46930914720621386
  0.47877985704496917  0.48891315194427637  0.50413529867871221  0.53157433660827680
  0.54965471215594686  0.55675875265764840  0.56152157194966368  0.56618026412608058
  0.57036877448847656  0.57339938209765839  0.57644271640185929  0.57953659623811093
  0.58440916053619441  0.59734505512394775  0.61620940874799024  0.64593461839070077
  0.67908085573194688  0.68904369998639514  0.69624816445913795  0.69977625062736948
  0.70328109585132004  0.70919819092154768  0.72058658433354772  0.74057130073188493
  0.77427531353602086  0.81125694749014055  0.83509897561959656  0.84925012280970258
  0.86254716426345357  0.87423626225798279  0.88191234310874300  0.88639210522946599
  0.89093508328446580  0.89532699077206035  0.90019483184993132  0.90687449793602948
  0.91563785666798481  0.92305660849824644  0.92940003781780467  0.93913366357707317
  0.95326029219814767  0.96979097812994552  0.98514661603509068  1.00000000000000000
 -0.00171406144316944  0.00534954451904855  0.01198714328226974  0.01936761351160203
  0.03436484306138909  0.05444708374308395  0.08331928164128409  0.10675493593372606
  0.12182696941960289  0.14029732429996097  0.15789673900085344  0.18388835254003844
  0.19252947072745702  0.19565237576570801  0.19808011921321150  0.20254358780854595
  0.20757284668996601  0.21140462789081663  0.22118645800771597  0.22550279401477000
  0.23158015809802104  0.23573474034350039  0.24381789206652033  0.26268223371393706
  0.30379660783145312  0.31840283720479939  0.32399010672775819  0.32957737625071698
  0.33489633089156984  0.33979617209128704  0.34469601329100419  0.34959585449072134
  0.35437095405977004  0.35900579764996765  0.36364064124016521  0.36827548483036276
  0.37401106821160179  0.38064802907300194  0.38735132371757897  0.39360316565339015
  0.39899716211734054  0.40702369900131347  0.41922490663125833  0.43114721059507677
  0.44663486890391807  0.45403574861262674  0.46247690806555430  0.48137800618900817
  0.49859722339902129  0.51390242118112328  0.52928796310201343  0.54413576175986134
  0.55802216514029679  0.56743679963779725  0.57640398984212016  0.59288565022676609
  0.62491256996571931  0.65149830325374036  0.66043644390572442  0.66894581017000665
  0.67932739697866351  0.69317996346828403  0.70612023392217127  0.71968319138750081
  0.73210626324313444  0.74322240457533162  0.74498973985454364  0.74809764956931379
  0.75247725116193631  0.75776059274300367  0.76520528996748771  0.77393356449856177
  0.77929802901445311  0.78796448300968558  0.80103691027863622  0.81079816702539387
  0.81939645294488250  0.82684596345029715  0.83468764944850482  0.84111778961876649
  0.84985666780516611  0.85696841908475152  0.86131632861598684  0.86651715061340140
  0.87574790828366433  0.88137447887091847  0.88521017339679342  0.88903822575480951
  0.89630691325859557  0.90761331078082375  0.91823644828594553  0.92593848963795844
  0.93638150994295355  0.95683945115330382  0.97819656960914969  1.00000000000000000
 -0.00449119751270182  0.02135554355770238  0.02672541857267014  0.03252826761945286
  0.04061363246382888  0.04580056619208316  0.04971942622927773  0.05363828626647230
  0.05827224477769226  0.06423789670357176  0.07020354862945126  0.07615006654403740
  0.08064202409383599  0.08513398164363456  0.08962593919343315  0.10957552171707315
  0.14490657384323705  0.17544797383130367  0.18730639061268817  0.19240461800484626
  0.19874859983111090  0.21426082241685074  0.23162152313699275  0.24380951058130598
  0.25593222698846213  0.26042248110480926  0.26495832069229197  0.27100651213534432
  0.27880583098768591  0.28744013379005895  0.29754252958231575  0.30641387484904870
  0.31831821140852740  0.33158533086360359  0.34656324495675761  0.36038150624903786
  0.37245543030287070  0.38451138949979963  0.38974950890958104  0.39281142466340674
  0.39542692025173720  0.39777158921279576  0.39965383409636746  0.40253740947114830
  0.40566558911208711  0.40803369490302538  0.41094769702821143  0.41767286182668234
  0.42268779797076139  0.42630046948972267  0.43081332934807381  0.43607530193324162
  0.44123409862479540  0.44620431845510750  0.45198422032312036  0.46142187453576633
  0.46805997900030150  0.47770351905375769  0.48765746975651075  0.49560081933960748
  0.50307914103659868  0.50975930451033902  0.51352030248327352  0.52080047313069022
  0.53823258761935555  0.55521675265710879  0.56842474665561793  0.58066458168748947
  0.59063623611926019  0.60014003405689498  0.60933041848130709  0.62060548074523558
  0.63372157477192803  0.63825406116620698  0.65152932668491714  0.68776281516374527
  0.72942844312297650  0.76564684757955315  0.78267286097542110  0.80006795090012295
  0.81773620351439213  0.82917365478051441  0.83577077262131660  0.84147353664644564
  0.84680444849704273  0.85227294700545786  0.86237998331533661  0.87962071081916349
  0.89478914579521796  0.90671125381881357  0.92036008502390831  0.92997963634436931
  0.93845318139286704  0.94862358271374247  0.96558955585006789  1.00000000000000000
 -0.00047855852768185  0.00152431693403923  0.00462154161388497  0.00794516832573649
  0.01183901566906887  0.01367383800178109  0.01517825791450567  0.01637907170832291
  0.01763417836518229  0.01895496598419761  0.02247497252322989  0.02728810528545065
  0.03418953611086866  0.03963659143389849  0.04515940889655867  0.05235494522988013
  0.05955048156320160  0.06377689779324093  0.06761784603638316  0.07145879427952539
  0.07526841798647994  0.07870981720606872  0.08215121642565751  0.08559261564524628
  0.08843350906924119  0.09100306292935328  0.09357261678946539  0.09761041737201466
  0.10510741579277463  0.11362472686238281  0.11653947530341645  0.11968035163090404
  0.12301586433645380  0.12441839594746298  0.12630972380802730  0.12969540103890412
  0.13590257885119816  0.14265842608519524  0.14912822209905380  0.15606325519553468
  0.16489449163727882  0.17461677555936225  0.18198573168731386  0.19002513016810407
  0.20122504227592217  0.22828265565102090  0.26324743289411312  0.31964895873602089
  0.33746636052511308  0.34669126330128608  0.35279899613491539  0.35887381176336536
  0.36492816566116970  0.37014334880545163  0.37559677895714039  0.38149064754790885
  0.38806247628487489  0.39671866565143693  0.41961871848954663  0.44574189188153690
  0.47534307452868280  0.50025638549149321  0.51225547464751375  0.51735062258228681
  0.52266786851189295  0.53258554209926279  0.56592876260305336  0.61686233278684666
  0.66155012887687492  0.68605930887608457  0.70839529259487710  0.72937431457827118
  0.74261392898665501  0.75664859234761206  0.77050604179194637  0.77387741807459021
  0.77874774078563669  0.78500577246836034  0.79269136383692174  0.79686515683247106
  0.79970390400187075  0.80413391483912477  0.81045048347734538  0.81884363260758131
  0.83310427283616129  0.84381650550229359  0.85563707477249673  0.87828875105465842
  0.91151482244084903  0.94303552633011900  0.96046176892086244  0.97019286557761231
  0.97685838657255442  0.98441293963306731  0.99161644679906547  1.00000000000000000
 -0.00346197325419546  0.01778132288747200  0.03712963722421057  0.05770411410083456
  0.08380779560469317  0.11611440307744531  0.13434084028405510  0.15256727749066487
  0.16826119689931723  0.18106434810095332  0.19386749930258942  0.20190997902511842
  0.20981790864619454  0.22364924081038048  0.23628465148371902  0.24404644757917962
  0.25317819983886375  0.26322731419226120  0.27229986020890312  0.28047111459168728
  0.28567925651653636  0.28944357777351476  0.29458554105712742  0.30601851528401580
  0.32366303227822907  0.34385891683002417  0.37210360349739380  0.40863768750932167
  0.46631083350490221  0.49182446827446175  0.50553817476437857  0.51845162904549380
  0.52925176531660101  0.53665871802240595  0.54244161890386888  0.54924773587465270
  0.56316401396276239  0.58828731628919728  0.59837132172645402  0.60397379116957850
  0.61624750410713880  0.63367573104954844  0.64619708747936910  0.65205803953062280
  0.66258552385725167  0.67598611441958600  0.68628124176501726  0.69956974074221800
  0.71133447626584423  0.71382394822914763  0.71465784979778224  0.71517404050886235
  0.71569023121994246  0.71616552459543925  0.71660832072808023  0.71705111686072132
  0.71749472949250281  0.71794022207942776  0.71838571466635259  0.71900898740774788
  0.72212856528480263  0.72682468209146067  0.73434243967296120  0.73815479725896394
  0.74492996838855263  0.74691406255127246  0.74772368477627016  0.74861030007260709
  0.75093406965253628  0.75294408888374087  0.75447842074272531  0.75627506115283261
  0.75947359363235367  0.76531778927296268  0.76856181671238477  0.77263224522042095
  0.77726858878317295  0.78287432100555809  0.78907918118987286  0.79768364713116335
  0.80959586267840855  0.81963334795933063  0.83163625389100260  0.84453835887316286
  0.85358959859570605  0.86040642931228584  0.86724939521819611  0.87489976563826777
  0.88409702371839061  0.89546517839648077  0.90796635395718406  0.92458664127938550
  0.94410587895745213  0.96019941217198235  0.97819984255138903  1.00000000000000000
 -0.00263569889040068  0.01351638847656760  0.02488081016704078  0.03352399148364172
  0.04235567488106259  0.04639317998373027  0.05043068508639796  0.05446819018906565
  0.05907911279036319  0.06436189240206180  0.06964467201376041  0.07492745162545902
  0.07906167107308874  0.08301360263619377  0.08696553419929878  0.09276422368844661
  0.10293279029225708  0.11332484555209164  0.12642947194014853  0.13551419770130277
  0.13999961277884876  0.14370929273774205  0.14780923454752790  0.15093258918593039
  0.15311565704402000  0.15691369219053453  0.16028940198573652  0.16349556832071044
  0.16649801728580432  0.17220846341980964  0.17458092213542406  0.17785291026238198
  0.18189473512944607  0.18559106407390183  0.20105470798729683  0.21778117270799682
  0.22492536384764969  0.23130300725470224  0.23769755765997624  0.24505915153935598
  0.25239895817818175  0.26128178370530480  0.26372919327323435  0.26439061454706264
  0.26505190879150109  0.26571288389534498  0.26645843574095190  0.26754356663756479
  0.26901160135849916  0.27392269356423143  0.27973365500545244  0.28702000917118758
  0.29334636145330351  0.29665328508249228  0.29762089594466784  0.29924159595411648
  0.30066299581597339  0.30268900241764513  0.30662789036008153  0.31145314015336423
  0.31483392639414587  0.31797102084230322  0.32113482320116765  0.32433815406941713
  0.33040770777479656  0.34528396646732856  0.41532623139483377  0.44258323311023862
  0.45962753740644807  0.47079663189190540  0.49150193953687582  0.52494625388471861
  0.54912047324496904  0.55746789087921833  0.56314832734058595  0.56977214527420195
  0.57679885198313197  0.58549079907663215  0.59803027485020943  0.62431745762959379
  0.66584569842490526  0.69712288262497335  0.71065604119579107  0.72424052405211614
  0.73784159201245858  0.75329808738032999  0.78089679670676571  0.80714393571068266
  0.82170952496694671  0.84823372352822191  0.87579070020180849  0.90338754706233271
  0.93325313841089841  0.94824984813767299  0.97233629646561337  1.00000000000000000
 -0.00562071691609648  0.02557098371112861  0.04553406584693553  0.06468041775724018
  0.07917155183225363  0.09174855244482989  0.10432555305740616  0.11562759529935968
  0.12650860868365163  0.13649745297277374  0.14555493560961674  0.15498018439055186
  0.16615475647998601  0.17502233067841860  0.19082250591238692  0.20266415454672856
  0.21209510613902563  0.22491536924420372  0.23849041016227607  0.25911300707298168
  0.28106090836369335  0.30271757230188617  0.32535751319365008  0.36025508087634461
  0.39674859193493600  0.41475359500572384  0.42480791559574232  0.43199068412683245
  0.43659574977739957  0.44020440753264894  0.44816750149764684  0.46000496649519801
  0.47063874438702880  0.47306915456400694  0.47549956474098515  0.47792997491796330
  0.48005068226063896  0.48216657541668861  0.48428246857273821  0.48605405859316447
  0.48770348757418269  0.48935291655520097  0.49369888572934845  0.50031466920300682
  0.50674183304190545  0.51385388691609912  0.52613472680221851  0.53723039486497493
  0.54595096601097381  0.55653456828604253  0.56630715709872115  0.57697131520694989
  0.58458804261586483  0.59219052219301327  0.59966740756869108  0.60688896673775894
  0.62005389365445918  0.63936970783339064  0.67104071674545018  0.71572060490810274
  0.75307616439441194  0.77543027593079394  0.78918295514391124  0.79743073874287640
  0.80295200416258850  0.80853357509823831  0.81389456977659302  0.81730694465206633
  0.82302675476860931  0.82927809071638403  0.83560620957379550  0.84011590857977059
  0.84433038559124107  0.85040939140670713  0.86665753699514814  0.88729466433186277
  0.89804323731857516  0.90255913465056337  0.90996956105664673  0.91786669592844849
  0.92640487457186493  0.93843645229400552  0.94266104334156797  0.94608184800426098
  0.95093179336142264  0.95580580933747361  0.96442427277749954  0.96886722516840174
  0.97341159588022352  0.97759856607124784  0.98125645230332781  0.98547937630093918
  0.98867542097539818  0.99055497647132107  0.99407441103003857  1.00000000000000000
  0.00582440990256952  0.33737230232878129  0.40665333323233516  0.43801434457334409
  0.46397099996128494  0.50367021160762571  0.53077165685907535  0.53747351952656364
  0.54262490782176942  0.54763739495347741  0.55308395910048835  0.56594660476390779
  0.57888713124510938  0.58636499444814971  0.59347539933463878  0.59965625132433886
  0.60824186071972108  0.61789225435811190  0.62739280809392983  0.63783055949587886
  0.65188657884910073  0.66887077451096499  0.67952452305416522  0.68902580312877915
  0.69884081959681765  0.71048412194786115  0.72387086062797146  0.73780707889949870
  0.75464219656299014  0.76997576763718201  0.78083078833986497  0.79043614421056696
  0.79703593451386989  0.80035664033429110  0.80333661777029897  0.80617036446892520
  0.80764149586604483  0.80885862920829599  0.81028677578853336  0.81192214727034895
  0.81386931567070941  0.81585999126783038  0.81807940260686107  0.82026241121155730
  0.82233316129186040  0.82528664468571811  0.82984590175490103  0.83525011398521243
  0.83984847126296269  0.84126195134416415  0.84202804522072039  0.84317252409678822
  0.84509923707406243  0.84663532076644388  0.84778044855197054  0.84885765797771540
  0.85005087129670820  0.85105095772618844  0.85167363123835926  0.85211766359955554
  0.85253890471269489  0.85268521029420052  0.85288293855497299  0.85318141396446912
  0.85380365994297147  0.85458646821535644  0.85585983413912703  0.85932167276606308
  0.86155583006204128  0.86278261218959573  0.86442355801682547  0.86676748393688730
  0.86902863917199324  0.87193811765432805  0.87594403816279420  0.87872261198987078
  0.88042871572906378  0.88235311653470527  0.88450694474421609  0.88664391744848270
  0.88872363339415916  0.89080334933983563  0.89390175110226766  0.89677901155122464
  0.90052193821524373  0.90508334837422311  0.91213126747792383  0.92913612107957755
  0.93900031192208466  0.94405015068983988  0.94909998945759511  0.95584835411703784
  0.96688626558777824  0.97792417705851875  0.98896208852925915  1.00000000000000000
 -0.04956640835559507  0.21929642527536286  0.30396368653992567  0.33930973905435946
  0.35204800017880716  0.35623765745042463  0.36009084873207597  0.36330645591584143
  0.37108012256413464  0.37830193497035586  0.38498798980691218  0.39401813162195287
  0.40490458915951322  0.41815840645668612  0.42200915677682088  0.42459114790626590
  0.42722087743151488  0.42983049109541099  0.43314753013281898  0.43536085390127094
  0.43758163857273902  0.43895755469205455  0.44030345809751126  0.44496905956153321
  0.44822476843756603  0.45128781925088729  0.45436600423199469  0.45965689793031644
  0.46682483658453977  0.47574656257870357  0.48604807889810592  0.49317541685782001
  0.49619664178530393  0.49877403686529692  0.50098617945737911  0.50266789621548580
  0.50468276689102010  0.50816975294219857  0.51103900218771237  0.51328525993672236
  0.51595591592000645  0.51971614010774325  0.52364188258832911  0.53198747372115607
  0.54033306485398302  0.55644584743756109  0.56481340051932927  0.57001488807005252
  0.57469693817474177  0.57974674318733765  0.59179301900589953  0.60314756917933365
  0.60713114923300804  0.61256502522244138  0.61783147646436287  0.62260507046287816
  0.62701666708002046  0.63208655762872434  0.63954402429372137  0.64451937057102215
  0.64747966880139207  0.64974562482544806  0.65145359408128745  0.65248577496184512
  0.65311719817746128  0.65454303095202715  0.65644640955046685  0.65776024395530652
  0.66170545216379673  0.66490824332966514  0.66653858329252158  0.66896714721643813
  0.67216235961465320  0.67438952585568701  0.67797636041561515  0.67943137328912073
  0.68098392060842616  0.68182236979117550  0.68218202664598471  0.68251788549322179
  0.68285374434045887  0.68360221495900886  0.68471158232153384  0.68582094968405893
  0.68693192988122642  0.68805561503953949  0.68917930019785267  0.69030298535616585
  0.70177456355296863  0.74058765596036769  0.76932814142175687  0.79057340548548827
  0.81272638472423087  0.83496940400573449  0.86209270703387719  1.00000000000000000
   1.0025629150513334E-017  -1.0000000000000000     
 T F F F F F F F F F F F F F F F F F F F T F F F T F F F F F F F F F F F T F F F T F F F F F F F F F F F F F F F F F F F T F F F F F F F F F F F F F F F F F F F F F F F F F F F F F F F F F F F F F F F F F F F F F F F F F F F F F F F F F F F F F F F F F F F F F F F F F F F F F F F F F F F F F F F F F F F F F F F F F F F F F F F F F F F F F F F F F F F F F F F F F F F F F F F F F F F T F F F F F F F F F F F F F F F F F F F T F F F T F F F F F F F F F F F T F F F T F F F F F F F F F F F F F F F F F F F T F F F T F F F F F F F F F F F F F F F F F F F T F F F T F F F F F F F F F F F T F F F T F F F F F F F F F F F F F F F F F F F T F F F F F F F F F F F F F F F F F F F F F F F F F F F F F F F F F F F F F F F F F F F F F F F F F F F F F F F F F F F F F F F F F F F F F F F F F F F F F F F F F F F F F F F F F F F F F F F F F F F F F F F F F F F F F F F F F F F F F F F F F F F F F F F F F F F T F F F F F F F F F F F F F F F F F F F T F F F T F F F F F F F F F F F T F F F T F F F F F F F F F F F F F F F F F F F T F F F
  <DiscreteSampler_grid>
  grouped_processes
  1 # 1 for a reference and 2 for a running grid.
  10 # Attribute 'min_bin_probing_points' of the grid.
  1 # Attribute 'grid_mode' of the grid. 1=='default',2=='initialization'
  0.0000000000000000 # Attribute 'small_contrib_threshold' of the grid.
  0.5000000000000000 # Attribute 'damping_power' of the grid.
 # binID   n_entries weight   weight_sqr   abs_weight
    16   10   1.532266272867731E-019   2.271427465404670E-037   1.532266272867731E-019
    17   10   1.532266272867784E-019   2.271427465404833E-037   1.532266272867784E-019
    19   10   3.415786440138088E-019   1.159462007865842E-036   3.415786440138088E-019
    20   10   3.415786440139171E-019   1.159462007866580E-036   3.415786440139171E-019
    22   10   2.035194994950997E-019   3.710033474178142E-037   2.035194994950997E-019
    23   10   2.035194994951490E-019   3.710033474180024E-037   2.035194994951490E-019
    28   10   2.121753409168020E-020   3.217287339021931E-039   2.121753409168020E-020
    29   10   2.121753409167612E-020   3.217287339020573E-039   2.121753409167612E-020
    31   10   3.196988362538939E-020   5.490444026236564E-039   3.196988362538939E-020
    32   10   3.196988362539060E-020   5.490444026236736E-039   3.196988362539060E-020
    34   10   1.316881559332942E-019   8.609460757033560E-038   1.316881559332942E-019
    35   10   1.316881559332908E-019   8.609460757032657E-038   1.316881559332908E-019
    40   10   1.532266272867731E-019   2.271427465404671E-037   1.532266272867731E-019
    41   10   1.532266272867852E-019   2.271427465405039E-037   1.532266272867852E-019
    43   10   3.415786440138116E-019   1.159462007865861E-036   3.415786440138116E-019
    44   10   3.415786440138733E-019   1.159462007866282E-036   3.415786440138733E-019
    46   10   2.035194994950987E-019   3.710033474178098E-037   2.035194994950987E-019
    47   10   2.035194994951339E-019   3.710033474179444E-037   2.035194994951339E-019
    52   10   2.121753409168047E-020   3.217287339022022E-039   2.121753409168047E-020
    53   10   2.121753409167664E-020   3.217287339020740E-039   2.121753409167664E-020
    55   10   3.196988362538888E-020   5.490444026236440E-039   3.196988362538888E-020
    56   10   3.196988362539157E-020   5.490444026236876E-039   3.196988362539157E-020
    58   10   1.316881559332951E-019   8.609460757033751E-038   1.316881559332951E-019
    59   10   1.316881559332818E-019   8.609460757031065E-038   1.316881559332818E-019
    64   10   1.532266272867941E-019   2.271427465405305E-037   1.532266272867941E-019
    65   10   1.532266272867732E-019   2.271427465404677E-037   1.532266272867732E-019
    67   10   3.415786440138045E-019   1.159462007865813E-036   3.415786440138045E-019
    68   10   3.415786440139201E-019   1.159462007866600E-036   3.415786440139201E-019
    70   10   2.035194994951023E-019   3.710033474178226E-037   2.035194994951023E-019
    71   10   2.035194994951194E-019   3.710033474178888E-037   2.035194994951194E-019
    76   10   2.121753409168006E-020   3.217287339021936E-039   2.121753409168006E-020
    77   10   2.121753409167517E-020   3.217287339020238E-039   2.121753409167517E-020
    79   10   3.196988362539430E-020   5.490444026237421E-039   3.196988362539430E-020
    80   10   3.196988362539131E-020   5.490444026236838E-039   3.196988362539131E-020
    82   10   1.316881559332951E-019   8.609460757033557E-038   1.316881559332951E-019
    83   10   1.316881559332928E-019   8.609460757032741E-038   1.316881559332928E-019
    88   10   1.532266272868029E-019   2.271427465405569E-037   1.532266272868029E-019
    89   10   1.532266272867821E-019   2.271427465404944E-037   1.532266272867821E-019
    91   10   3.415786440138008E-019   1.159462007865788E-036   3.415786440138008E-019
    92   10   3.415786440138977E-019   1.159462007866448E-036   3.415786440138977E-019
    94   10   2.035194994951041E-019   3.710033474178293E-037   2.035194994951041E-019
    95   10   2.035194994951048E-019   3.710033474178326E-037   2.035194994951048E-019
    100   10   2.121753409167988E-020   3.217287339021872E-039   2.121753409167988E-020
    101   10   2.121753409167621E-020   3.217287339020589E-039   2.121753409167621E-020
    103   10   3.196988362539430E-020   5.490444026237404E-039   3.196988362539430E-020
    104   10   3.196988362539235E-020   5.490444026236973E-039   3.196988362539235E-020
    106   10   1.316881559332978E-019   8.609460757034169E-038   1.316881559332978E-019
    107   10   1.316881559332807E-019   8.609460757030737E-038   1.316881559332807E-019
  </DiscreteSampler_grid>
