 -0.00000000188586942  0.00000003075562909  0.00000019356180948  0.00000048323242874
  0.00000085553744598  0.00000185673551916  0.00000296905818505  0.00000404294842418
  0.00000595470067440  0.00000789383524682  0.00000988884470307  0.00001152326938596
  0.00001292699803847  0.00001417289583258  0.00001500645652389  0.00001558174390536
  0.00001612970859838  0.00001659833119189  0.00001706695378541  0.00001745236371216
  0.00001783333165777  0.00001863973585680  0.00001966209033894  0.00002044257099790
  0.00002073942935643  0.00002104837290533  0.00002163943553675  0.00002239010838966
  0.00002314384123167  0.00002385284711415  0.00002444308818790  0.00002497314568421
  0.00002545907812500  0.00002592800482617  0.00002637833244251  0.00002670013580381
  0.00002702090146329  0.00002734416420932  0.00002767422718247  0.00002802911028681
  0.00002847734933702  0.00003883622083771  0.00004041684760889  0.00004199747438007
  0.00004357810115125  0.00004515872792242  0.00004660696667293  0.00004790720893937
  0.00004920745120581  0.00005050769347225  0.00005180793573869  0.00005237192746167
  0.00005287524740076  0.00005337856733985  0.00005388188727895  0.00005484827510378
  0.00005627873605403  0.00005668018521493  0.00005707958526552  0.00005751078919857
  0.00005801791818355  0.00005868279220678  0.00005941135367828  0.00006019057358043
  0.00006099001078938  0.00006180155178053  0.00006258814782388  0.00006335101588167
  0.00006401350661291  0.00006486917738693  0.00006758675699854  0.00007135580676202
  0.00007535549950214  0.00008125192408511  0.00008429116624372  0.00008728094958330
  0.00009005522346388  0.00009280857173137  0.00009552640236102  0.00010483655759171
  0.00011913076583128  0.00013896054466753  0.00015100254487391  0.00016275178431954
  0.00017626153034458  0.00019239751349661  0.00021676707595762  0.00025707782087012
  0.00029715254020242  0.00034495940432106  0.00040168695020206  0.00048195237318060
  0.00067247604329520  0.00140083065535445  0.02056287236306199  1.00000000000000000
 -0.00000442480739686  0.00004771583508019  0.00011486155734943  0.00018436853845546
  0.00023421618805857  0.00026725178459081  0.00028921261186789  0.00030873152308250
  0.00033364196387158  0.00036537728509314  0.00042923591152572  0.00047088485004329
  0.00050138632706472  0.00052924330597756  0.00054480893173319  0.00056050710714892
  0.00057894583887467  0.00060333861939642  0.00061032024395878  0.00061730186852114
  0.00062428349308350  0.00063149670619031  0.00063878933004898  0.00064608195390764
  0.00065338524825812  0.00066073230384622  0.00066807935943433  0.00067542641502243
  0.00070523458983681  0.00075218192373860  0.00080161408500005  0.00085483222934214
  0.00092286124095107  0.00100657765551399  0.00110634569942910  0.00122614694152543
  0.00127626608550888  0.00129745194310142  0.00131211742871036  0.00132682904818237
  0.00134212397994754  0.00137049264502680  0.00140165276813001  0.00143031171901424
  0.00146028579553738  0.00149614883512296  0.00154244989274639  0.00157688335496556
  0.00160495530610836  0.00164856686011842  0.00173265679330250  0.00181849899236841
  0.00189087437464353  0.00198944238849878  0.00211626279629614  0.00221847129717731
  0.00224637413851333  0.00227427045425760  0.00230213946558600  0.00233001978191776
  0.00235834888144724  0.00238667798097672  0.00246228407581766  0.00253295498794887
  0.00259741171676356  0.00265532546104115  0.00271875263609289  0.00286007316739904
  0.00302326403926379  0.00321663534866673  0.00347751541471842  0.00378548576796460
  0.00408142979362692  0.00426164561209474  0.00436379620274363  0.00446578860521903
  0.00458445484033689  0.00475097382841134  0.00494866161645224  0.00517583175817274
  0.00544070627042914  0.00569047293000702  0.00590853740717223  0.00610207417569632
  0.00627865237219918  0.00650250623129682  0.00674577067051442  0.00701443269687633
  0.00730539087338758  0.00753771226623601  0.00779685884436481  0.00839938208968773
  0.00958428183563862  0.01248240537706254  0.01915923597997486  1.00000000000000000
  0.00000112732726119  0.00055885754364075  0.00068573399445494  0.00075132196725751
  0.00080058753932931  0.00086896990841339  0.00099834875410902  0.00113229933263025
  0.00132233214030895  0.00142465720449240  0.00148862720569627  0.00155124087110934
  0.00163012202913565  0.00173340554924310  0.00182815485725374  0.00190104096448191
  0.00196763082318421  0.00206027683423023  0.00216381152457846  0.00226312903862215
  0.00234709140669284  0.00244409498368152  0.00252129883474355  0.00254172727623081
  0.00256215571771807  0.00259377674321141  0.00262708541121107  0.00266691810866002
  0.00271572045202307  0.00276452279538611  0.00286790619906271  0.00305113686285762
  0.00318949428121757  0.00330687148826810  0.00347757260128986  0.00362527410256453
  0.00377641937866364  0.00395612098465953  0.00408031448919927  0.00414249060785035
  0.00420518905842132  0.00427242157364302  0.00433965408886472  0.00440663616972546
  0.00447360610575435  0.00462022813241953  0.00497720993322897  0.00523332605010989
  0.00538022279004946  0.00551371097069275  0.00561614049250998  0.00571702508574422
  0.00580063626919734  0.00587156313103570  0.00590692463473701  0.00592771337314137
  0.00594850211154573  0.00596945999649722  0.00599060129369035  0.00601174259088348
  0.00603692968261161  0.00607134522570313  0.00610576076879465  0.00616232632760765
  0.00639448174859395  0.00662513159684570  0.00689771446177334  0.00714964616005216
  0.00731065600115954  0.00746026043805664  0.00762799872558836  0.00780388662955061
  0.00805951051523830  0.00833073125417034  0.00864691342245928  0.00891829076839645
  0.00916049798727614  0.00940409575769507  0.00964599406339814  0.01010063263770615
  0.01071832031305300  0.01139457505104090  0.01181335471297474  0.01217495717605212
  0.01255941611904358  0.01290437891847128  0.01327125577622863  0.01363710658467654
  0.01404354912196396  0.01454065881598293  0.01506598024166229  0.01559678484426502
  0.01615981433444298  0.01744617015218750  0.01919512105502864  1.00000000000000000
  0.03019357348330933  0.03021557142288379  0.03024685630104026  0.03028707941249527
  0.03033545565773219  0.03039572822910730  0.03047805140072901  0.03057684425856137
  0.03067566786173470  0.03078516083773495  0.03090576282397096  0.03102734918600430
  0.03110781064770970  0.03118631251895527  0.03135240535900027  0.03170140860991604
  0.03189760320758211  0.03208057322880053  0.03226344275702918  0.03245777195728978
  0.03266553721649979  0.03276970725436999  0.03287387729224020  0.03298161664123214
  0.03308962923696214  0.03319564330667255  0.03330050658552832  0.03343602529210688
  0.03365111258426601  0.03390642170148512  0.03422431748453196  0.03456787788700044
  0.03485480260939933  0.03513927518015408  0.03546365063581162  0.03579535492258148
  0.03608649823420610  0.03639056398861253  0.03664640504969422  0.03688162893764450
  0.03715855350474162  0.03742378213619092  0.03768470663495537  0.03795439666516649
  0.03815177173728455  0.03834251578943792  0.03851928900523359  0.03864616321619695
  0.03877553903339361  0.03890947969318496  0.03904613889134832  0.03918600104861054
  0.03940869525540483  0.03973735400160062  0.03997760900845306  0.04013535261401133
  0.04033478179895663  0.04054445094791074  0.04075153484164670  0.04091671694709245
  0.04105406144586896  0.04120466800147278  0.04152731618569390  0.04204897765876425
  0.04262339497168414  0.04329815513741966  0.04399252206411201  0.04471465709464491
  0.04545454441262560  0.04632050451707737  0.04654522777185757  0.04676995102663777
  0.04699467428141797  0.04726268576518240  0.04753901247968850  0.04781533919419460
  0.04807286448720914  0.04832105543353965  0.04856924637987015  0.04912309630244677
  0.04972597556860447  0.05014582789604750  0.05053780953299061  0.05096286465872567
  0.05195699330321329  0.05302474199525920  0.05414698555751629  0.05513909723696319
  0.05594900178454895  0.05677099126958416  0.05795451281064500  0.05938818107723517
  0.06138790238362839  0.06246749046849313  0.06332352284511214  1.00000000000000000
  0.93717174698344752  0.93914313295003915  0.94044509184619929  0.94130696456896301
  0.94173176333095598  0.94215656209294896  0.94250346251424455  0.94283692256387619
  0.94316530296392376  0.94348853239110420  0.94394596490256044  0.94471303222232783
  0.94516950003585987  0.94562343751072075  0.94613636577333715  0.94653302978034648
  0.94675996714526633  0.94690086479986746  0.94703995624503468  0.94717579555553311
  0.94736701106753118  0.94759009000266836  0.94824997788494370  0.94939932755212098
  0.94990239185418068  0.95038461885743997  0.95084364949423539  0.95146537283457600
  0.95229434949923664  0.95297497934236053  0.95359437278654424  0.95409667949998112
  0.95447028822110247  0.95486083192744953  0.95525572821583826  0.95564340059250086
  0.95604932133141396  0.95645373052683025  0.95690551154981562  0.95727801165468207
  0.95751464023740473  0.95775633541841909  0.95800124015252108  0.95823916374134943
  0.95847427464118939  0.95892174851350631  0.95937198651488209  0.95961709815151619
  0.95985605380991623  0.96013988447214427  0.96056717093510147  0.96113661998594946
  0.96160277586118603  0.96197235722485541  0.96215642087101372  0.96228652215373101
  0.96241268884070419  0.96253614270647481  0.96266193787746723  0.96279078857796729
  0.96297890783703000  0.96329756012856949  0.96357684658694520  0.96384830436220759
  0.96414025828679684  0.96440977381081860  0.96457627162746606  0.96468908977499612
  0.96477603693293990  0.96488209662200375  0.96499661439828344  0.96509670595542796
  0.96517518211309894  0.96523616982093541  0.96529256230132110  0.96535121508073651
  0.96541647154592658  0.96550691053345361  0.96567004709932991  0.96588527590781015
  0.96609941781661279  0.96635021928341336  0.96661297871768836  0.96688660012737093
  0.96716422906578658  0.96751295797628090  0.96781522725522995  0.96795803767214683
  0.96810084808906371  0.96821242231757132  0.96831792250711290  0.96842722409485671
  0.96853895985487282  0.96868174688835995  0.96876730558357160  1.00000000000000000
 -0.00321591729413297  0.01481706720917510  0.01773284099997096  0.02149649724239198
  0.02510084794199791  0.02740071721300478  0.02905821999022636  0.03121604565446925
  0.03631801014904105  0.04237918360695270  0.04885681293240599  0.05756665358125601
  0.06097635309296572  0.06352872850653069  0.06610716125007196  0.06883480665585771
  0.07570865390520493  0.08094976258863774  0.08818177726957291  0.09429234128639073
  0.09966710259947006  0.10758050869787662  0.12163609500549200  0.13583958813861985
  0.14135227980780177  0.14475844256243645  0.14806283901963327  0.15451360920122256
  0.16667873120451901  0.18887702421507152  0.21715341815488956  0.24790392971531822
  0.27073643234540551  0.27883279956535678  0.28729627695059978  0.29606340634452283
  0.30522527777458786  0.31448746782812187  0.32491970947993293  0.33673035694294517
  0.34945575551510938  0.37038621073631073  0.39405064107777743  0.42037172536966783
  0.44816238879821674  0.47056288445583677  0.49353373104581938  0.54245390160577589
  0.56698537661613235  0.58357654138607740  0.59654162506753416  0.60825858789760434
  0.61708183972712816  0.62315148950121357  0.63006758983883704  0.63619890385951039
  0.64212119490761765  0.64825305356076168  0.65301291314188636  0.65766373678173062
  0.66294828384644267  0.67994631416183260  0.69328492231984928  0.70649876428457137
  0.71899818826059536  0.73002610006854807  0.73456537991855519  0.74025703287071776
  0.74988614333274972  0.75971547577208964  0.76784681384735165  0.77501082080213146
  0.78362886426463119  0.79562463112767168  0.80875725511962393  0.81731706849881547
  0.82577854615857815  0.83535738359251011  0.86194927228905660  0.88284964175152414
  0.89626448055578345  0.90381952866589887  0.91137457677601430  0.91874119120454756
  0.92152716225160025  0.92431313329865294  0.92709910434570564  0.93025858168255615
  0.93382551364957966  0.93739244561660318  0.94095937758362669  0.95151987042152242
  0.96439311940259653  0.97702496882449308  0.98926975229524416  1.00000000000000000
 -0.00230588516238215  0.01218239453222583  0.01735695128502620  0.02274428787956873
  0.02939071575082437  0.03603714362208001  0.04331060453890544  0.05060753305265418
  0.06417013218070965  0.07362499941936033  0.08296789728704494  0.09209490794903681
  0.10408759609885575  0.12358282506680830  0.15699805232902470  0.17851153106908818
  0.19152311832192506  0.20024677125634727  0.20991644990025204  0.21481517373718811
  0.22133014830135381  0.23051142069118408  0.23637599880248777  0.24120557006004589
  0.24709068934484593  0.25616943770634137  0.26354108911550650  0.27040212680845260
  0.28859907604413598  0.30318329328107757  0.31131032621262228  0.31659150388982632
  0.32259023712367924  0.32927954998439307  0.33659624272392430  0.34243642835476601
  0.34819666021029427  0.35341442136228668  0.35654480873488664  0.35969028507688333
  0.36286779502196964  0.36606363724837876  0.36928065777596769  0.37169550590036227
  0.37360498686043431  0.37551446782050640  0.37742518852989093  0.37933716964613207
  0.38124915076237320  0.38316085449338116  0.38507211007155007  0.38698336564971897
  0.39159953162895134  0.41279211589991266  0.43009904250991798  0.44274149814342934
  0.45297774181006384  0.46199093182840983  0.47351309307086348  0.48481687445313082
  0.49613924593180569  0.51455250364382832  0.53138437744918388  0.54686487420416607
  0.56222561161361506  0.58195806350880308  0.60454251136443204  0.62772473110098959
  0.65331967188773532  0.66756063355412343  0.68075392297810244  0.69345916028163124
  0.70781011705954100  0.72020279629810580  0.73036939235440723  0.73827865334840170
  0.74654664459729803  0.76021333836873217  0.77509206542783315  0.78785168330803601
  0.79869734816543736  0.80641727104946381  0.82113718706702021  0.84493507762571740
  0.86049774190518902  0.87373851307392203  0.88892920451013402  0.89619814761463190
  0.90430527833661700  0.91281713324199609  0.92111662649037918  0.93350398664556278
  0.95132498908348662  0.97057553014152331  0.98681256566495879  1.00000000000000000
 -0.00072690428647069  0.00197926902763389  0.00543623342054262  0.00993571469446418
  0.01332485508556869  0.01683369616165589  0.02118041007056162  0.02514086231851156
  0.02944517449868288  0.03614081577549835  0.04768705651021446  0.05833528725637779
  0.06897519113794126  0.07960206751308151  0.09289049431523405  0.11865465881375135
  0.14242175406283883  0.15925376801552676  0.16882434734220914  0.17610921122815731
  0.18305725223527189  0.18667913263181790  0.19030101302836391  0.19434034898014282
  0.19892431202117589  0.20843160883479450  0.22689180803990347  0.24785467678585391
  0.27323906338435294  0.29192434369781456  0.29349340262857287  0.29506246155933125
  0.29663152049008956  0.29831776838666796  0.30000648932931911  0.30169521027197022
  0.30321997341046925  0.30468770609852475  0.30615543878658025  0.30913089502026059
  0.31367199370815652  0.32117445553567764  0.32938087588934900  0.33688848624835876
  0.34420331956972289  0.35231178668454011  0.37320376231683966  0.40981102127847741
  0.43051381009981454  0.44312339144793994  0.45291119875973451  0.46182096437321535
  0.46787512167493278  0.47327421177132417  0.47962743657991341  0.49511190489094264
  0.51464560994272968  0.53166120961613561  0.54731239602549220  0.55981993204296954
  0.56949497428779150  0.57719189633118384  0.58406458306844045  0.59106008858087800
  0.60084864713291086  0.61114633428421861  0.62392157221386935  0.63650898625546448
  0.64957745390602095  0.66371391021259174  0.68117750744000016  0.70075029435018521
  0.71735775769299404  0.74182175868788769  0.77586814464094866  0.80457056403531602
  0.82387219718652949  0.83862482120346082  0.84881674514681738  0.85628487430748412
  0.86183410314254782  0.86888992403239163  0.87522718465299942  0.88103278055017409
  0.88615154279126662  0.89173756448656682  0.89965475293770902  0.90772026529387762
  0.91522192008643599  0.92618269640109308  0.94587512832075404  0.96796654882445488
  0.98304625589621708  0.99011701456360290  0.99532716574716340  1.00000000000000000
 -0.00145223197070827  0.00988036347726007  0.01759577331749766  0.02792080443424293
  0.04285268614689285  0.05425771004560351  0.06409071626919442  0.07871359738159049
  0.09586637522152666  0.11489229101468654  0.12731798515435827  0.13542975040460878
  0.14340471952093864  0.15128620824982841  0.15976113332807998  0.16854808392489842
  0.18554294330060941  0.20580276808712630  0.22584461214007859  0.24462700931946707
  0.25485724732368925  0.26232042778509213  0.27061891065809396  0.28748875376947841
  0.30616977062763256  0.31849644146287676  0.32864267396364683  0.33924108838170025
  0.35395571649083607  0.37438943189124352  0.39360780641784465  0.40412745353684665
  0.41445016251568911  0.42626929566473726  0.44210452654086374  0.46454344433696210
  0.48073008817507279  0.48855787850276383  0.49708552601927825  0.50334069862337860
  0.50930475457350122  0.51527021305817211  0.52039348144123565  0.52466037249310349
  0.52841010521529819  0.53223927981382890  0.53773120618483716  0.54997610242771067
  0.56535571160030484  0.58091161872430863  0.59216887147434905  0.60176056342103834
  0.60942417190644471  0.61599242077252991  0.62200569128675132  0.62751154760645034
  0.63234406748069627  0.63634808232584794  0.63867883313612983  0.64100958394641172
  0.64334033475669361  0.64577363618071004  0.64822965116738540  0.65068566615406076
  0.65345716916084839  0.65656660184661564  0.65967603453238299  0.66525042966560288
  0.68036227480399081  0.70113547875612237  0.71745189364066997  0.73428501179563388
  0.75614385451303212  0.77172078144252820  0.78605357129662534  0.79974593761067925
  0.81262797387709451  0.82526040545646218  0.83654708997982163  0.84651812477078758
  0.85779614211689037  0.87519044428046711  0.89401861086651102  0.90814344437641981
  0.91676914507796226  0.92301932281116006  0.92965698489688775  0.93884292775542411
  0.94649581261030746  0.95373889585101379  0.95975168416605461  0.96413934572890370
  0.96865283473305586  0.97429820505460640  0.98298260642725921  1.00000000000000000
 -0.00300469303965960  0.01490733727122092  0.02021514110968375  0.02548940556638168
  0.03053907453309144  0.03515379802859410  0.03790219789898250  0.04134970859961493
  0.04670473175050194  0.05224947991258900  0.05889653751471743  0.06938194385033239
  0.08413536331740225  0.10284390727004808  0.11630527170353208  0.12597750586050718
  0.13477561633557794  0.14104284895229227  0.14531625589983474  0.14824945815344148
  0.15019950658781356  0.15250388499055711  0.15513638180353462  0.15777523109092148
  0.16041657029176096  0.16568910553174959  0.17378953208067333  0.19178737481047475
  0.20573619009444818  0.21936803864254406  0.23524485601872114  0.24689373122043179
  0.26541443733088677  0.28888044103701277  0.31338056076827675  0.34291186540995622
  0.36664528783198186  0.38408101132925165  0.39798962022489909  0.40865255340547207
  0.41925993410233364  0.43193398160816732  0.44968635001930324  0.47075926878361130
  0.48778938509716102  0.50157108579511056  0.51253748373466501  0.52002353674716795
  0.52453433331416877  0.52913855279661248  0.53537511074425959  0.54269069333375941
  0.54911959010795608  0.55466042996284914  0.56034454554331292  0.56585375288744955
  0.57947971679693466  0.59651847657892454  0.62903314674236699  0.64379919252792861
  0.64931620482720231  0.65483321712647613  0.66068232643155245  0.66702864470785816
  0.67337496298416388  0.67992745459734227  0.68785063215334319  0.69577380970934399
  0.70369698726534491  0.73261675900409151  0.75123368873371377  0.76538622506909393
  0.77305710635252034  0.77598952929235343  0.77806533531803956  0.78022769680663928
  0.78269832545914386  0.78537844685937597  0.78806750588404084  0.79102641900995851
  0.79533233969369077  0.79954840690672446  0.80385985973875718  0.80904674381679820
  0.82751458331427896  0.84322962951318525  0.85858766059391800  0.87964276108346251
  0.90535281175317228  0.92089344425127928  0.93001414098900903  0.94503566479956969
  0.95672630265421199  0.96842670100758210  0.97903689733129240  1.00000000000000000
 -0.00131282045436587  0.01052502558084465  0.02233282290920154  0.03990666643128554
  0.06426179695627518  0.08854934617276355  0.10925547595188102  0.12137054575417455
  0.13248436800085758  0.14361273442065853  0.15476833154929331  0.17804403039820263
  0.19734095971609125  0.21045045854482425  0.22188831796308969  0.23685911119406605
  0.24890716510406791  0.25481927425110784  0.26012799435785955  0.26506142513560804
  0.26996111776830778  0.27485106294115441  0.28410753078969070  0.29710669208415758
  0.30052840803542102  0.30435437151876532  0.30729164989967828  0.31135692495469142
  0.31678076233157876  0.32205564119546254  0.32623947925560881  0.33006553012321255
  0.33390681259650906  0.33944151862691901  0.36062987608367419  0.37814188031668716
  0.38341417526780947  0.39172565630472894  0.39855298054267813  0.40479180509490187
  0.41291122922044005  0.41970496831973914  0.42516116978825735  0.43133062846290254
  0.43784438610884563  0.44928107163469877  0.46138677971665465  0.47457934910500305
  0.48949957506705039  0.50539132169409362  0.52256614357304465  0.53723394079241438
  0.54550553124751522  0.55181217039625086  0.55737827216383939  0.56301294212901409
  0.56901261831728023  0.57606969551190979  0.59035797358890962  0.61674131174043623
  0.63301814457071603  0.64150894665982150  0.64976416714512575  0.65405541225847896
  0.65595166939712313  0.65784792653576729  0.65973987134656031  0.66162560091582223
  0.66351133048508415  0.66541226141329590  0.66738588132875354  0.66935950124421129
  0.67133312115966892  0.68167541592433223  0.70171915051723088  0.72933504085744860
  0.74686563041907039  0.75834128062536232  0.76655599607782665  0.77548819795346913
  0.78357113870639750  0.79585612499314051  0.81355749803333821  0.83757519594965324
  0.87046229589847612  0.90980672081105041  0.92996933458653419  0.94044229892280995
  0.94633502547556969  0.95094512892358718  0.95633190135853485  0.96288315396423829
  0.96945726350024564  0.97638743763128322  0.98331761176232080  1.00000000000000000
 -0.00694246354656806  0.02957253639153232  0.05533395856536225  0.07712005459456586
  0.09907876843566427  0.12133589695478433  0.13372961738012251  0.14142468511275180
  0.14931446927125011  0.15555593000530232  0.16042748244783733  0.16426169129458718
  0.16697694589786838  0.17202694013751535  0.17637099354971655  0.18033039351564895
  0.18456804056709047  0.19597472067763180  0.21714335603013066  0.24077067536512642
  0.25550856310190756  0.26447366711247128  0.27105092559548460  0.27737797573723649
  0.28634427686104552  0.29698628486197670  0.30285824971020409  0.30754385312751131
  0.31210465988790992  0.31480879760660019  0.31736687717263745  0.32046461563600409
  0.32364995145120223  0.32690064025579213  0.33015703494204302  0.35652619812788416
  0.37933527328676442  0.39720927772586284  0.41487211474088759  0.43495923232930433
  0.46516624494707254  0.49185915172603761  0.51417885122685458  0.53434465516426033
  0.55310505393919762  0.57153060886336904  0.59028425041915111  0.61130208484671933
  0.63208775699903308  0.63901684311626572  0.64594592923349825  0.65279688291805538
  0.65927746442716795  0.66575804593628041  0.67205380962705574  0.67777703062910055
  0.68350025163114525  0.69150543691983246  0.70464403518467900  0.71568552197751789
  0.72650112767219466  0.73723910184561714  0.74620005128438183  0.75492965116143962
  0.76240381308145888  0.76961816183130183  0.77601753483912128  0.78425022027449531
  0.79489772673419212  0.79969278027513579  0.80774707601434392  0.81742112224228514
  0.82447184275653429  0.83533005113982683  0.84818348045002145  0.85327352668683243
  0.85579907269462030  0.85958753195658044  0.86439169848577124  0.86872990719625443
  0.87203256876596591  0.87412567056496815  0.87640425180574266  0.88097809732159715
  0.88559563612658287  0.88980693402792055  0.89435653692289074  0.89997136209591511
  0.90563645220195177  0.91231229338257935  0.91974606978878548  0.92658967770416245
  0.93269314190911123  0.94242399431677670  0.96671617265556964  1.00000000000000000
 -0.00805010684535565  0.04034098796165439  0.04956487355078438  0.05222726290720345
  0.05434106653852835  0.05680428310184051  0.05950171384567555  0.06563471470828300
  0.07493183891168277  0.08186835322661061  0.08477592044293036  0.08746586674393191
  0.09148088846959675  0.09901904678541390  0.11203469069198772  0.13684486562484571
  0.15113107786720048  0.15944575433292785  0.16542837282981374  0.17072562133189517
  0.17350829472507848  0.17629290012758952  0.17919496884675767  0.18209703756592582
  0.18494900007580772  0.18779509370976999  0.19298581256149547  0.19854043796171167
  0.20329726719756117  0.21413363497334098  0.23171871188344068  0.24786982933985016
  0.25991566533243715  0.27071652946076447  0.28160305799471463  0.29312816846393119
  0.31709734551502700  0.33697810993551369  0.34980704474248231  0.36140029670521606
  0.37406440592470402  0.38412226153952395  0.39719474750505607  0.41213612960656720
  0.41794149603743730  0.42340400386888505  0.43151553988619057  0.43929864645450017
  0.44462160866426348  0.45121250707122568  0.46427279487348316  0.47985878093122342
  0.49682100586776640  0.51654005533182301  0.53742796703563622  0.55378013330700859
  0.57533553289338568  0.60010393274023399  0.61747661661396591  0.63087213448884782
  0.64324505233846141  0.65638547858436980  0.67067184431178040  0.69249451968834641
  0.71574225807237568  0.73218345876010715  0.74207609000848018  0.75211300442404905
  0.76082518067443916  0.77504398048388146  0.79097653736307327  0.80516423133969628
  0.81290901413484162  0.82065379692998697  0.82839857972513231  0.83802276262353215
  0.84792065561999264  0.85781854861645312  0.86501215189740621  0.87032144665226907
  0.87563074140713204  0.88367342394616943  0.89602227666362644  0.90629533052377476
  0.92131366241904955  0.94098462732143751  0.94651610883121629  0.94988613572687819
  0.95404865268635197  0.95843036305521812  0.96355328726179390  0.96999672160424399
  0.98009379441028743  0.98724262878808244  0.99347066521396898  1.00000000000000000
 -0.00565619573732019  0.00904192550233903  0.02185514449778606  0.03409257091896608
  0.04593188753337885  0.05951833088361309  0.07543034416087677  0.09363390592203737
  0.10841229373347511  0.12725667280017935  0.15197150732468837  0.17940018918223746
  0.20335903872127739  0.23262967322347811  0.26555576946825993  0.29172055546271536
  0.29937553508126413  0.30574202104004861  0.31328149512319053  0.31905810812757951
  0.32396793730729695  0.32787795012784493  0.33247974441671535  0.33458242139681221
  0.33578583306021936  0.33700544567800594  0.33826639966947636  0.33926413624852786
  0.34009939734764860  0.34112895899083290  0.34224749666725063  0.34380211293852919
  0.34906079150601721  0.35425930094043856  0.35944689385671330  0.36463448677298804
  0.36982207968926284  0.37671073708721553  0.38451640111865781  0.39232206515010004
  0.40012772918154232  0.40355305279163084  0.40678968244749908  0.41002631210336726
  0.41568517695910984  0.42398087243177235  0.43226121152752195  0.43572971077666106
  0.43970144306859338  0.44501921612804762  0.45513037760941655  0.46466204301926989
  0.47297090616956849  0.47846239489482895  0.49786703841163898  0.51742602599156862
  0.53875565382399482  0.55569607470520765  0.57605661894639637  0.59362362282403158
  0.61099837775942045  0.62927407163633098  0.64966100220187595  0.67363228364194949
  0.69222944447763035  0.71273677443661165  0.72539901404515328  0.73664233945239632
  0.74481887595319618  0.75230200210658271  0.75808944492081964  0.76350428476894983
  0.77331513931750295  0.78256117419689319  0.79318431401663758  0.80575704315928709
  0.82049457237312495  0.83364550431890339  0.84516108311393690  0.85625057473263588
  0.86779138219769181  0.88109611104562846  0.90143649838011419  0.91544152428677905
  0.92409687249176520  0.93238728940822713  0.94051572964857610  0.94851713127796800
  0.95679631755499950  0.96306102472544719  0.96863056605977238  0.97418167817202606
  0.97903212842299892  0.98404416959713659  0.98994640476030760  1.00000000000000000
 -0.00237155723679464  0.01553339846505594  0.02240780566854911  0.02515004696868504
  0.02695736767890613  0.02943915878515868  0.03394088136074137  0.04138464040983147
  0.04716846031249002  0.05065235657771646  0.05570302782272538  0.06124360713917437
  0.06720614796239573  0.07427947653650585  0.08039266046459889  0.09244828791662538
  0.10720857432147550  0.12154377588640837  0.14676427515748003  0.17542046334058109
  0.20523920844061788  0.23407548855225527  0.25728942600647725  0.27236528275509858
  0.28553690335721305  0.30123739982653086  0.31353389431296835  0.32740787589573928
  0.34094141985880494  0.34448924176463136  0.34803706367045772  0.35158486291794799
  0.35513234958403711  0.35867983625012623  0.36222144560475067  0.36571543385936689
  0.36920942211398317  0.37441841925741831  0.39141633265875786  0.41877511757990005
  0.46509794407096677  0.50541704189093362  0.52432095814887136  0.53422798940825345
  0.55077407992761329  0.57331818041605631  0.59319830235073390  0.61111989654617405
  0.63602455236465594  0.64740382611929137  0.65722045353141112  0.66319503263907575
  0.66687154494255085  0.67138705455581471  0.67611472092873026  0.68009961028077426
  0.68453547991067032  0.69011512156206811  0.70109377068916656  0.71087137600334460
  0.72025787610143777  0.73251724098871851  0.74374028129673186  0.75383936471362123
  0.76306829296286138  0.77359992174076664  0.78281009703570137  0.78947745746502385
  0.79634616763697064  0.80569657395057448  0.81237224703267552  0.81817891890707928
  0.82467529583592414  0.83307116796489256  0.84140335475355121  0.84858465911685055
  0.85576596348014988  0.86272996051123363  0.86844078757561793  0.87662329233108904
  0.88301041156246629  0.88895468079481910  0.89461839686983957  0.89835123975989439
  0.90035693949056006  0.90225091923501188  0.90428302570360830  0.90725507766222258
  0.91100685366473766  0.91447603497218810  0.91791297690594131  0.93149615494837545
  0.95115022061481946  0.96587353249959296  0.98464261953151300  1.00000000000000000
 -0.00319749692091540  0.01732622938039149  0.02922191139918591  0.04106650376235573
  0.05238955366438138  0.06348051783374008  0.07360725091260682  0.08252557610786822
  0.09008768007866060  0.09683623257819715  0.10601470115996808  0.11085297559523544
  0.11720715436627679  0.12448679882070784  0.13043647778529896  0.13423363809889752
  0.13764028545376214  0.14625435666859263  0.15331170042159786  0.16058757155757633
  0.17124977204684946  0.18460882068718523  0.19509888019121702  0.20087661853384672
  0.20564690810352868  0.21940333363089681  0.23025400880005648  0.23314163563458862
  0.23835317779648993  0.24532977758327335  0.25137709040920669  0.25485587831334394
  0.25793166736450163  0.26129517684430270  0.26940186199329558  0.28234581508916518
  0.29131882909318013  0.30113863580056471  0.31709863258690824  0.33329353571324327
  0.34774506392309434  0.35803894830107741  0.37017928304204956  0.37877719842963253
  0.38596788347516925  0.39426077475536958  0.40782625940071199  0.43002339865784994
  0.46294137112459388  0.47175785432416434  0.48046645332181165  0.48591348824522290
  0.49110035404800700  0.49633785728768753  0.50361914185603429  0.51162558276660663
  0.51967797685717410  0.52616727951092612  0.53216118713258675  0.54370867626186958
  0.56874472516465724  0.58907666209876530  0.60645843197495564  0.62217783234478841
  0.64367117677910002  0.66222991833016076  0.67251165412172531  0.68279338991328975
  0.69176766579956706  0.70073014026214153  0.70755628099873547  0.71404738797003187
  0.72342903919870005  0.74123097122828829  0.75892894317337289  0.77495241799717274
  0.78602613128871834  0.79968029182495337  0.80371474504970519  0.80691146724111706
  0.81010818943252905  0.81484542980382657  0.82315792370478635  0.83147041760574614
  0.83978291150670592  0.84677560658976836  0.85316336523925140  0.85955112388873434
  0.86604724439571312  0.88022200089741620  0.89445253284854909  0.90937377861668511
  0.92648875604731540  0.95336845965314809  0.97748293281115295  1.00000000000000000
 -0.00720108136363575  0.03487204194925400  0.05925939539289608  0.07189617332463545
  0.08207966408655286  0.09292899583659021  0.10387059549503130  0.11858300413962651
  0.13866792952741291  0.15061767198276624  0.15988076460263975  0.16784850070392177
  0.17642978816117527  0.18519659953503315  0.19564823324645569  0.20655090569474679
  0.21684368731393669  0.22565800825881277  0.23109210812163236  0.23583077875582756
  0.23928288992307173  0.24231541712221380  0.24472695843671396  0.24704647846469899
  0.24940989145089043  0.25388880500861150  0.26232184191883656  0.27610533335320203
  0.30700490543521969  0.32913190536969106  0.34573013242641781  0.35571894093673539
  0.35786534925664093  0.35995010634187397  0.36203486342710700  0.36411943460345486
  0.36620339593579315  0.36828735726813144  0.37037131860046973  0.37307184052696279
  0.37646942501708880  0.37986700950721486  0.38326459399734092  0.39436845123533287
  0.41256645617313081  0.43280994571476999  0.44908999420779128  0.46646853506513025
  0.48488410228441053  0.51320856789899660  0.53784272377818576  0.54929763498074935
  0.55761903023889781  0.56348226068822471  0.56795617255781805  0.57317855003169871
  0.57912139753042313  0.58493434081774465  0.59275559858418392  0.59773652685149026
  0.60090047436492355  0.60535215340774240  0.61079515782125504  0.61910433388634500
  0.63252237223696450  0.65362594617413639  0.67954792618552029  0.69320228843010834
  0.69803663976203334  0.70260761586495557  0.70956744038900266  0.71843996646022346
  0.72645833303789675  0.73316038117413496  0.74001633795942401  0.74883664486797907
  0.76705526471597629  0.78226685267485807  0.79410588931230741  0.80451678579998609
  0.81088360610222665  0.81565622927451109  0.82213447829814479  0.82803251719745508
  0.83356647713907794  0.84150424168820526  0.84984479161131687  0.85689523047970140
  0.86386951031443349  0.87880387858590558  0.89004760607673028  0.90765028322338814
  0.93036971335540319  0.95586959129876381  0.98014592604482131  1.00000000000000000
  0.00699936317683830  0.11097061381700932  0.15126275581795165  0.17075800874510499
  0.18464282364163986  0.19927808433341207  0.21776000152256222  0.23196048619136553
  0.23990920190381951  0.24765126814946919  0.25569806128749117  0.26434909516067601
  0.28318007310289040  0.31198175011867268  0.32829435450698058  0.33328920289598962
  0.33809198186746525  0.34240172539077623  0.34580712191726232  0.34792835121757298
  0.35008009131875778  0.35226078355163137  0.35449676305502054  0.35742760871087476
  0.36036376283407079  0.36370624376031779  0.36788104819630280  0.37843304519714971
  0.38932967641852123  0.39914158782662329  0.40883362916005539  0.41766675674300402
  0.42403457682378609  0.42824128293523822  0.43192079732441013  0.43585023235900178
  0.43929090048044045  0.44273305577239197  0.44689579245522815  0.45026623503313423
  0.45341438761938146  0.45644946236111095  0.45996573818916597  0.46388155515143475
  0.46684182780548006  0.46969620009890523  0.47277671956934070  0.47705339826794046
  0.48269435060825544  0.48752674955384234  0.49249486685737925  0.49758124772294787
  0.50494497497901691  0.51525009149732204  0.52542581392117416  0.53810981935484103
  0.55725572810495516  0.57231928722709546  0.58655329101280118  0.60195814712495532
  0.60878274765531593  0.61401364427881067  0.61724678884482054  0.62022174281569042
  0.62534449326256891  0.63080504657958525  0.64198050556032749  0.65037912468698245
  0.65592287114865466  0.66146661761032699  0.66602465932659971  0.66921774600302741
  0.67241083267945512  0.67560391935588282  0.67846033309010201  0.68112296668442562
  0.68378560027874913  0.68644823387307274  0.68882835697276934  0.69115899392923752
  0.69454591481428118  0.69984870599572224  0.70592401849339415  0.71322239384245034
  0.71980041934236583  0.72504909698630637  0.73068173853582674  0.73699725413088857
  0.74444554373860139  0.75325234966918408  0.77619189064288918  0.79602960132777223
  0.82121077033607970  0.84732773171466724  0.88169083198129472  1.00000000000000000
 -0.02145796331386894  0.14120118486987626  0.19561726307791918  0.24423504785539935
  0.26862822838148559  0.28908973188903092  0.31158588549413641  0.33015934204664238
  0.34623686577011825  0.36241980574379107  0.37966637654678420  0.39636264005784544
  0.41693614239047760  0.44215345773516557  0.45789566559241163  0.46605342483184997
  0.46976609479343429  0.47344119287006176  0.47700285730156883  0.48056452173307590
  0.48409134093083545  0.48760723808640200  0.49183700164691996  0.49728361125189779
  0.50313656407585527  0.50903223778150020  0.51487363001142117  0.52134593447018696
  0.52932329234328812  0.53891932104485640  0.54735336471920948  0.55402089527482312
  0.56153533480125473  0.56705153029087607  0.57230001660137819  0.57731613158651907
  0.58136896174594355  0.58503036236559314  0.58856374581931581  0.59222728094170418
  0.59782278239883690  0.60549546830841450  0.61837735656687842  0.63239383719317588
  0.64418725537385668  0.64668103928265286  0.64917482319144915  0.65166860710024532
  0.65392615289072442  0.65594285685723397  0.65795956082374352  0.65997626479025306
  0.66166533396577609  0.66325549699722730  0.66484566002867862  0.66643582306012994
  0.67054912511672715  0.67468295665209588  0.68025147617949411  0.68473720515968839
  0.69294847720102248  0.70235392615289993  0.71024598915698400  0.71510659185830983
  0.71941338023116919  0.72071373216672874  0.72190778963038438  0.72305001365084098
  0.72426285590225192  0.72565481401541920  0.72673703994386518  0.72767947654115572
  0.72897783851282183  0.73179715353888553  0.73536526273090919  0.74084830606630381
  0.74659922758610697  0.75075498324598466  0.75462494384384826  0.75804847848088153
  0.76332654517605936  0.76859779370251091  0.77402594116493428  0.77953010259845479
  0.78545774788749134  0.79220628180518349  0.79933671582449262  0.80850925366820636
  0.81627736210026836  0.82451509683114554  0.82940228144734029  0.85038377449144242
  0.86540988365405591  0.88264727193671155  0.91369467645000579  1.00000000000000000
   2.4724926322078543E-017  -1.0000000000000000     
 T F F F F F F F F F F F F F F F F F F F T F F F T F F F F F F F F F F F T F F F T F F F F F F F F F F F F F F F F F F F T F F F F F F F F F F F F F F F F F F F F F F F F F F F F F F F F F F F F F F F F F F F F F F F F F F F F F F F F F F F F F F F F F F F F F F F F F F F F F F F F F F F F F F F F F F F F F F F F F F F F F F F F F F F F F F F F F F F F F F F F F F F F F F F F F F F T F F F F F F F F F F F F F F F F F F F T F F F T F F F F F F F F F F F T F F F T F F F F F F F F F F F F F F F F F F F T F F F T F F F F F F F F F F F F F F F F F F F T F F F T F F F F F F F F F F F T F F F T F F F F F F F F F F F F F F F F F F F T F F F F F F F F F F F F F F F F F F F F F F F F F F F F F F F F F F F F F F F F F F F F F F F F F F F F F F F F F F F F F F F F F F F F F F F F F F F F F F F F F F F F F F F F F F F F F F F F F F F F F F F F F F F F F F F F F F F F F F F F F F F F F F F F F F F T F F F F F F F F F F F F F F F F F F F T F F F T F F F F F F F F F F F T F F F T F F F F F F F F F F F F F F F F F F F T F F F
  <DiscreteSampler_grid>
  grouped_processes
  1 # 1 for a reference and 2 for a running grid.
  10 # Attribute 'min_bin_probing_points' of the grid.
  1 # Attribute 'grid_mode' of the grid. 1=='default',2=='initialization'
  0.0000000000000000 # Attribute 'small_contrib_threshold' of the grid.
  0.5000000000000000 # Attribute 'damping_power' of the grid.
 # binID   n_entries weight   weight_sqr   abs_weight
    16   10   4.456010030578790E-019   8.305842391159181E-037   4.456010030578790E-019
    17   10   4.456010030578808E-019   8.305842391159285E-037   4.456010030578808E-019
    19   10   4.776101355618977E-019   1.018443177680289E-036   4.776101355618977E-019
    20   10   4.776101355619040E-019   1.018443177680335E-036   4.776101355619040E-019
    22   10   5.204090397454779E-019   1.106224147828816E-036   5.204090397454779E-019
    23   10   5.204090397454867E-019   1.106224147828876E-036   5.204090397454867E-019
    28   10   4.456010030578786E-019   8.305842391159168E-037   4.456010030578786E-019
    29   10   4.456010030578806E-019   8.305842391159285E-037   4.456010030578806E-019
    31   10   4.776101355618977E-019   1.018443177680288E-036   4.776101355618977E-019
    32   10   4.776101355619039E-019   1.018443177680335E-036   4.776101355619039E-019
    34   10   5.204090397454778E-019   1.106224147828815E-036   5.204090397454778E-019
    35   10   5.204090397454867E-019   1.106224147828877E-036   5.204090397454867E-019
    40   10   4.456010030578795E-019   8.305842391159198E-037   4.456010030578795E-019
    41   10   4.456010030578805E-019   8.305842391159270E-037   4.456010030578805E-019
    43   10   4.776101355618973E-019   1.018443177680286E-036   4.776101355618973E-019
    44   10   4.776101355619037E-019   1.018443177680332E-036   4.776101355619037E-019
    46   10   5.204090397454772E-019   1.106224147828813E-036   5.204090397454772E-019
    47   10   5.204090397454863E-019   1.106224147828874E-036   5.204090397454863E-019
    52   10   4.456010030578793E-019   8.305842391159188E-037   4.456010030578793E-019
    53   10   4.456010030578803E-019   8.305842391159261E-037   4.456010030578803E-019
    55   10   4.776101355618974E-019   1.018443177680287E-036   4.776101355618974E-019
    56   10   4.776101355619035E-019   1.018443177680332E-036   4.776101355619035E-019
    58   10   5.204090397454775E-019   1.106224147828814E-036   5.204090397454775E-019
    59   10   5.204090397454860E-019   1.106224147828873E-036   5.204090397454860E-019
    64   10   2.797286206205969E-019   2.596763877920127E-037   2.797286206205969E-019
    65   10   2.797286206206004E-019   2.596763877920122E-037   2.797286206206004E-019
    67   10   2.322952461124342E-019   1.458925339367347E-037   2.322952461124342E-019
    68   10   2.322952461124384E-019   1.458925339367428E-037   2.322952461124384E-019
    70   10   2.738143870225748E-019   2.129757172291028E-037   2.738143870225748E-019
    71   10   2.738143870225773E-019   2.129757172291086E-037   2.738143870225773E-019
    76   10   2.797286206205970E-019   2.596763877920131E-037   2.797286206205970E-019
    77   10   2.797286206206005E-019   2.596763877920127E-037   2.797286206206005E-019
    79   10   2.322952461124340E-019   1.458925339367343E-037   2.322952461124340E-019
    80   10   2.322952461124382E-019   1.458925339367423E-037   2.322952461124382E-019
    82   10   2.738143870225744E-019   2.129757172291022E-037   2.738143870225744E-019
    83   10   2.738143870225773E-019   2.129757172291086E-037   2.738143870225773E-019
    88   10   2.797286206205968E-019   2.596763877920127E-037   2.797286206205968E-019
    89   10   2.797286206206005E-019   2.596763877920127E-037   2.797286206206005E-019
    91   10   2.322952461124341E-019   1.458925339367345E-037   2.322952461124341E-019
    92   10   2.322952461124383E-019   1.458925339367426E-037   2.322952461124383E-019
    94   10   2.738143870225745E-019   2.129757172291025E-037   2.738143870225745E-019
    95   10   2.738143870225772E-019   2.129757172291084E-037   2.738143870225772E-019
    100   10   2.797286206205969E-019   2.596763877920129E-037   2.797286206205969E-019
    101   10   2.797286206206006E-019   2.596763877920129E-037   2.797286206206006E-019
    103   10   2.322952461124339E-019   1.458925339367342E-037   2.322952461124339E-019
    104   10   2.322952461124382E-019   1.458925339367423E-037   2.322952461124382E-019
    106   10   2.738143870225744E-019   2.129757172291022E-037   2.738143870225744E-019
    107   10   2.738143870225773E-019   2.129757172291085E-037   2.738143870225773E-019
  </DiscreteSampler_grid>
