 -0.00000042902143653  0.00000357373169542  0.00000633305895955  0.00000909238622368
  0.00001154618112983  0.00001371084509695  0.00001587550906406  0.00001763464883639
  0.00001918317848822  0.00002007326636421  0.00002092888692831  0.00002174654676357
  0.00002280931946254  0.00002392171366142  0.00002441665405183  0.00002490444489786
  0.00002538812116385  0.00002597140671750  0.00002681732785576  0.00002774856290676
  0.00002807254897900  0.00002844252351161  0.00002870421174681  0.00002896589998200
  0.00002930825908180  0.00002967124542162  0.00002999117741716  0.00003027446277870
  0.00003061666681520  0.00003120981223283  0.00003179666729303  0.00003227419862737
  0.00003259412252371  0.00003283571365531  0.00003305435321769  0.00003332876317923
  0.00003353269048379  0.00003365687702078  0.00003378752983855  0.00003395297699353
  0.00003415270920154  0.00003435447520547  0.00003460890460447  0.00003514584806318
  0.00003542116752990  0.00003566925381639  0.00003586763883126  0.00003605980441319
  0.00003621955984258  0.00003637312502557  0.00003689415980589  0.00005959790816147
  0.00006348799975729  0.00006415248467452  0.00006438495549249  0.00006465270041361
  0.00006490887038324  0.00006516010535283  0.00006548405664229  0.00006617953635409
  0.00006753119736964  0.00006842183557898  0.00006889378873277  0.00006935074124279
  0.00006986120815634  0.00007075516204793  0.00007174796345690  0.00007464112271433
  0.00007862193115314  0.00008189289674902  0.00008446175686213  0.00008659784959793
  0.00008935225164554  0.00009263024787560  0.00009697419055625  0.00010597951752459
  0.00011620555521547  0.00012442090178507  0.00013187252872952  0.00013552759230528
  0.00014204417986844  0.00015290747791818  0.00016892473810720  0.00018934028669318
  0.00028331462132284  0.00029642405043848  0.00030417320488636  0.00031181833055874
  0.00032375178234006  0.00034552867592422  0.00036977096445805  0.00039682752531125
  0.00042239785813255  0.00046472738569269  0.00318108328005430  1.00000000000000000
  0.02778036959877597  0.02782539906576181  0.02786108602494776  0.02789378990925144
  0.02792506932938296  0.02796705357328623  0.02805093578996182  0.02809814440748432
  0.02812958077785033  0.02815466918588576  0.02817997711276620  0.02820565344696254
  0.02823196896761411  0.02825919756186502  0.02831227886359767  0.02836086906771543
  0.02839403388099597  0.02843936243285158  0.02848679668532639  0.02853263443767728
  0.02857831824071213  0.02862037678387827  0.02865915370501171  0.02869793062614515
  0.02873809707726660  0.02877899580195933  0.02881989452665205  0.02885208998530083
  0.02888203423499530  0.02890401241799474  0.02891470279684687  0.02892890458852410
  0.02894896226184764  0.02897296695712165  0.02898964473181082  0.02900263991762590
  0.02901536743776570  0.02903286191889764  0.02906900642335162  0.02911989259446791
  0.02915927129696499  0.02919605168028458  0.02949000663643159  0.02996504265452616
  0.03048149309969947  0.03094697973621659  0.03133737384782718  0.03166344994941064
  0.03194722311716856  0.03221259117187365  0.03255888294868622  0.03296341712219121
  0.03349379945004564  0.03400923018620381  0.03443475127379646  0.03486243717313151
  0.03527531004901854  0.03562263591602900  0.03591289549818305  0.03606417078122826
  0.03630217625797787  0.03654321024503969  0.03673409410720765  0.03701992626257299
  0.03730837312627867  0.03752117768281251  0.03770481665264443  0.03787578281251876
  0.03810256077630668  0.03833711175980078  0.03867405352188665  0.03897427693648411
  0.03923968561905652  0.03949223384977518  0.03973752626401453  0.04010052391969652
  0.04055414094953880  0.04090708306949839  0.04136595615817060  0.04216079163967860
  0.04270509453250954  0.04295731591153590  0.04334724797355373  0.04367699797321631
  0.04411901279516538  0.04496043375075454  0.04577459913064127  0.04637155931350183
  0.04678575561806207  0.04802311279221429  0.04976933113599639  0.05148149603885638
  0.05446446132336753  0.05783190916820406  0.06153791906251622  1.00000000000000000
  0.93618558961366571  0.93846500969783608  0.94041386774365465  0.94236272578947333
  0.94352378358662725  0.94399496219745727  0.94446614080828728  0.94470564552285030
  0.94496449281763795  0.94529442069618275  0.94563065090871212  0.94574753597220784
  0.94587951000038606  0.94601539382657973  0.94616491332484454  0.94628196260615471
  0.94638591195689326  0.94650301505338086  0.94664943190115836  0.94678802329069800
  0.94687058545625802  0.94695252199356750  0.94707579760164051  0.94724414694326309
  0.94750123720389956  0.94767428898465211  0.94781522880789570  0.94795498588598759
  0.94808950612321141  0.94830324221050655  0.94857626832589481  0.94882105304291420
  0.94906086898771669  0.94922332887156768  0.94937040746451951  0.94954543618938125
  0.95065444720442771  0.95238485455823541  0.95416544990536012  0.95548109911022117
  0.95599947293776288  0.95628939625371401  0.95659132510614597  0.95690967781163860
  0.95721830969880406  0.95752196882347251  0.95775530970600609  0.95797992350664385
  0.95814037148844500  0.95829959956625488  0.95843579911267429  0.95854247708271911
  0.95864915505276393  0.95877123200931513  0.95889442550891546  0.95907785376904675
  0.95926598773482197  0.95940715424681167  0.95950154290906986  0.95962884816807048
  0.95977029235767575  0.95999016874980603  0.96033997382726588  0.96101208635895696
  0.96164322437223138  0.96224187595534150  0.96263976796503670  0.96281728259491695
  0.96294420530171543  0.96309144310818773  0.96326045730912280  0.96333871562091267
  0.96340690553269304  0.96347058468902858  0.96354683128390695  0.96378840598860172
  0.96424672479698681  0.96450223352194975  0.96476330767321583  0.96510317916445310
  0.96544305065569036  0.96565032158592956  0.96585628776480759  0.96617676122831819
  0.96663694437821457  0.96705886138769270  0.96753687120154896  0.96795493969402058
  0.96824434223643963  0.96850635027669707  0.96872805150023467  0.96892211611861445
  0.96909114842674193  0.96928460261892857  0.96945017938919320  1.00000000000000000
 -0.00000063320185848  0.00000424885800261  0.00000793856876087  0.00001365334869047
  0.00001594104942734  0.00001768637613696  0.00001877062407977  0.00001975861924246
  0.00002102530445949  0.00002239127451907  0.00002373424671929  0.00002502859999607
  0.00002632295327284  0.00002726843365460  0.00002798380274674  0.00002871045299709
  0.00002945123482565  0.00003035732893293  0.00003142257589950  0.00003263290391636
  0.00003393902451597  0.00003535204975122  0.00003963671129397  0.00006300364275831
  0.00006481478149228  0.00006503659316717  0.00006523246925108  0.00006567005204638
  0.00006627529375268  0.00006667747038455  0.00006709437610515  0.00006740163155652
  0.00006796417964892  0.00006876850307314  0.00006934369243988  0.00006980864100526
  0.00007004322098494  0.00007014250971499  0.00007027901731280  0.00007038663518753
  0.00007047431811370  0.00007060886277538  0.00007079010639135  0.00007093396976232
  0.00007103843560651  0.00007118755009383  0.00007140733994292  0.00007215872354628
  0.00007308080906588  0.00007420013662386  0.00007553318325653  0.00007647052098003
  0.00007713282899159  0.00007780194641782  0.00007816577005026  0.00007881335132302
  0.00007998232160807  0.00008109178651625  0.00008178519423897  0.00008278579715756
  0.00008370899675380  0.00008459725816955  0.00008578296840370  0.00008724507413765
  0.00008914369257991  0.00009221412360676  0.00009527637982462  0.00009660511910762
  0.00009703127572177  0.00009731922975371  0.00009774840898768  0.00009823638251505
  0.00009902793170638  0.00009995709980765  0.00010515419246692  0.00010820842062262
  0.00010965989881044  0.00011063426215064  0.00011161233943971  0.00011259229714896
  0.00011357306894267  0.00011455446377788  0.00011672810212160  0.00012377344287861
  0.00013035036849199  0.00013704204714003  0.00014345613245274  0.00015055477378640
  0.00016576449977093  0.00018756035651480  0.00021216350570662  0.00024547317993776
  0.00056055376492790  0.00141859357160340  0.05310156584153124  1.00000000000000000
  0.00341250483933187  0.00365370113203463  0.00389489742473740  0.00406746288283282
  0.00420909954887086  0.00430907924175863  0.00439442437730397  0.00449063222282415
  0.00458570001566545  0.00464666474659215  0.00470165963087492  0.00474951876352071
  0.00478958606629633  0.00485215781264684  0.00497319471767301  0.00513580447451790
  0.00528889015484571  0.00537158053841198  0.00541114346615814  0.00544275919510800
  0.00547395119316202  0.00550481305028810  0.00553835754696183  0.00557551156607948
  0.00564484785394378  0.00570427965717848  0.00576084872739153  0.00582283940037455
  0.00588010505700258  0.00593346285324781  0.00597859045267529  0.00599490933689133
  0.00600438111462037  0.00601275845060766  0.00602034401558643  0.00602801970958430
  0.00606946475232457  0.00609861142592710  0.00611238065101999  0.00612122722844586
  0.00613237718993740  0.00615356827677696  0.00617690111811660  0.00620158817534652
  0.00625436027804159  0.00631414603820835  0.00635716619209582  0.00639836943437578
  0.00643210680564291  0.00643872309618429  0.00644715978052902  0.00647345869473565
  0.00649125417756428  0.00650709051518148  0.00652400172783578  0.00653740008062164
  0.00657043571565797  0.00664855694690499  0.00667213652850516  0.00671238944331924
  0.00675804206415089  0.00680613145921249  0.00686494877542396  0.00688534068979869
  0.00690599625685006  0.00692622075625340  0.00694064990862089  0.00697772888844423
  0.00707256814418457  0.00716282600559157  0.00725311659254920  0.00734498332721141
  0.00752200892909902  0.00774375393899109  0.00794999430783175  0.00817892097655297
  0.00844581227536640  0.00868122321751790  0.00882636014592355  0.00897149707432920
  0.00910684829006615  0.00924196352877577  0.00940601690945117  0.00957491757742413
  0.00978513503189430  0.00999408315219808  0.01019052207959501  0.01039084221926572
  0.01084803520858772  0.01179661910334443  0.01326611424016598  0.01554729911305254
  0.01758330452999790  0.01938346471798987  0.23510154147403142  1.00000000000000000
 -0.00095855655909054  0.00783838261082730  0.01223782965065933  0.01565963148935900
  0.02116130535748856  0.03240270554043118  0.03523863368255330  0.03687748176352122
  0.03808865038771877  0.04100073565809215  0.04555134641871483  0.05276163789277396
  0.06428435701848133  0.08131283513021105  0.10136948082637308  0.10582907086744367
  0.10845584268687353  0.11111288577458545  0.11482550479924401  0.11940641219820985
  0.12300529911096356  0.12673480633307366  0.13127308526788697  0.13690858398555927
  0.14255475348401223  0.14821682182847679  0.15461423160981100  0.16013106873698651
  0.16562564166949958  0.17223145644763133  0.17724249710219059  0.18054655551358140
  0.18295600113616720  0.18532811569163374  0.19039406636520989  0.19567174783614136
  0.20056704742977707  0.20649365539579734  0.21377146334177999  0.21967106271907919
  0.22655415350743352  0.23553509122472235  0.24548156832267212  0.25379770902502746
  0.25945092533428882  0.26811190226931170  0.30495329076018635  0.33971786114743374
  0.37601373730042065  0.39731780071335049  0.41539745145714146  0.43168376140491732
  0.43926692019664576  0.44511736524858658  0.45120311606357461  0.45748171119759068
  0.46561510446543064  0.47548051524347706  0.48672136509923347  0.49777030707426617
  0.50839626574779617  0.51187637798606545  0.51583102951466187  0.52044268272924521
  0.52654092296778798  0.53454104567462812  0.54204844527581530  0.54553298571577058
  0.54737836534028617  0.54968917476058243  0.55339413992655095  0.55950794696811845
  0.56485280453248343  0.56950407854526897  0.57397915790190768  0.57802375665655470
  0.58503967603684659  0.59516066213956798  0.60406074266101162  0.61126611117109242
  0.61815308116190604  0.62446457596058424  0.63836472006133682  0.66470152853749620
  0.68759848932068801  0.71301474163867185  0.73984677254051157  0.76513516387585478
  0.79537106203762442  0.82276774601055236  0.83550925526743736  0.84751882979068671
  0.86091926492591853  0.88165838183453082  0.91672301815954282  1.00000000000000000
 -0.00879572036310976  0.03064472329453967  0.06690684970222217  0.09419278295588587
  0.11452032318435545  0.13036068635039064  0.14545168686127466  0.16236982019767437
  0.17297537857807610  0.18017305506947018  0.18503191146230549  0.18664122464140082
  0.18825030207416024  0.18985832991471441  0.19146635775526860  0.19307388140608542
  0.19468136037713155  0.19956441114971243  0.20550281385880928  0.21102420064496646
  0.21581587967228366  0.22003267701581336  0.22361265644376702  0.22680740506590363
  0.23027055710044711  0.23440866906443028  0.23944951341610540  0.24523766863502713
  0.25983396650718360  0.26986997207539415  0.27525271977740712  0.28134504984591868
  0.28799694766741596  0.29471551782891997  0.30364702385531805  0.30759211972516970
  0.31213179020237292  0.32139298024770285  0.33971887022032227  0.35596783585989322
  0.36640253421680163  0.37357262071216396  0.37988673297267272  0.38946947139325450
  0.40505881999428828  0.42204766883019945  0.44582683421335084  0.46953363900610640
  0.48313434641107578  0.49301134554122267  0.50159597997831207  0.50932255304157381
  0.52560897798508477  0.55278570373427316  0.58874080450235555  0.61253256564001224
  0.62790665833269577  0.63664381325442809  0.64533415228402380  0.65378101410645673
  0.65835643828853951  0.66190249193244555  0.67461323076031232  0.67649344914543053
  0.67792943553051599  0.67870715238881796  0.67956345545444952  0.68086381314015176
  0.68557238218259309  0.68674117538238122  0.69102909355954867  0.69547052717149382
  0.70055508015656420  0.70594357974582023  0.71042498796157261  0.71444411057798574
  0.71635744777769272  0.71832496733397577  0.72110631641175271  0.72487163484203687
  0.72798243454539835  0.73684357129491385  0.74975292148795802  0.76534200474081959
  0.78503990764051035  0.81411469248046631  0.84222620254630454  0.85865367846882590
  0.87128359029703684  0.88125366949589901  0.89907897146857163  0.90781862808963010
  0.91745595647177514  0.93691618893397699  0.96661571671134305  1.00000000000000000
 -0.00377009940790474  0.03717252131047859  0.05111556314948956  0.05512387972538407
  0.05998581147732146  0.06302161369807978  0.06482806930797645  0.06732542648884624
  0.07048564140382566  0.07261839008036838  0.07294231942347611  0.07346695548201113
  0.07452696671675106  0.07580640833624797  0.07716852335383309  0.07880673711491203
  0.08024087166595796  0.08093367716734959  0.08173884246680990  0.08258639561653891
  0.08340006349397171  0.08457870957893922  0.08641322810436244  0.09086372283345395
  0.10006407044339415  0.10634989891467604  0.11904505281165040  0.13129639750794744
  0.14177702224337407  0.15594558061322886  0.17054368191743208  0.18677673965551647
  0.20131260452333691  0.21015747146546668  0.21776962403839298  0.22779290445594719
  0.23666479028283310  0.24424507049569327  0.25044043355323170  0.25595830665078056
  0.26196962001642443  0.26873569174575196  0.27295365879118028  0.27563435655655777
  0.27821555968260298  0.28310911093903057  0.28971357632272893  0.29839517157302498
  0.30404832089089412  0.31319073896852900  0.32684089398492283  0.34884624263766667
  0.36392385421509327  0.38049397489792786  0.39830362355059623  0.41136536396634232
  0.42041520736725180  0.42845305868491251  0.43830058814788209  0.44864520974588251
  0.45930779759576551  0.46881000075117929  0.47632641025031397  0.48234700343814318
  0.48919096769790377  0.49492979112042790  0.50626614800424830  0.51762722349600920
  0.52961340000501922  0.54159957651402924  0.56096682339620296  0.58511109430982366
  0.63782199623310754  0.67275009803968777  0.70036389123853393  0.72648135166574679
  0.75537138802158843  0.78653671486354326  0.81447544994823218  0.84103800274671014
  0.86756060451904538  0.89216550970317088  0.90121621629603477  0.90970253269594570
  0.91422127059463387  0.91913608363457722  0.92657594812060973  0.93103696584827200
  0.93487866874141534  0.93719654877362679  0.93869185783848508  0.94347596405606293
  0.94867601075737273  0.95198513885149960  0.96863942588711238  1.00000000000000000
 -0.00102901727122273  0.00488322929663265  0.00843137776197416  0.01196670010579654
  0.01540994290407719  0.01876977022635306  0.02427791364534952  0.02988013181970132
  0.03670064299269885  0.04259239344283143  0.04791421196142449  0.05279460458719458
  0.05890203507505785  0.06535959796448193  0.07138644321968145  0.07733412983142383
  0.08383012203990353  0.10102006186401644  0.12877547352444790  0.14593464228678307
  0.15818022266795584  0.16818343680346390  0.18047104060227670  0.19484860171286103
  0.21241936536840550  0.23595270290882608  0.25610182060974351  0.27267815300577003
  0.28747410348362484  0.30130124581837159  0.31276297080026055  0.32071465639835783
  0.32700094355710846  0.33237935616178738  0.33766845784045868  0.34492328374272330
  0.35305559223104632  0.36221351085295361  0.37251777399478120  0.38556278351264439
  0.39476639327641994  0.39997580113856379  0.40944182872961998  0.41775708457365951
  0.42234798649175909  0.42655630794160010  0.42908693649096480  0.43100046163145050
  0.43292080407652084  0.43631687814605791  0.44117269863175124  0.44582861418670222
  0.45047958284610534  0.45430372908126321  0.45799817995792369  0.46203576858114914
  0.46626252706728266  0.47247156015081043  0.47933994066085384  0.48228672247042154
  0.48502241424847370  0.48811563537711444  0.49132980132662835  0.49804079595217482
  0.51242976233263771  0.52837035524737397  0.54213207031657373  0.57085489045852444
  0.59735908731299137  0.61744501884314851  0.62989754280097709  0.63850180116044208
  0.64633040449552392  0.64802222516150398  0.65078897506662092  0.65742827572373541
  0.66094231727948027  0.66358116487097885  0.67363031238733595  0.68244362337694908
  0.68753517960393340  0.69334965563590034  0.69980874223059542  0.71281322786046819
  0.74346553502932233  0.77264057210892900  0.79629181227341228  0.82500538842115234
  0.86363079560030764  0.90043613263575795  0.92710085774850470  0.94182688468677656
  0.95496157498869760  0.96901600914190977  0.98387663257633529  1.00000000000000000
 -0.00834285390657720  0.00707583209500243  0.02064180552537402  0.03420777895574563
  0.04368877609604611  0.05236700750840852  0.06069359305281443  0.06788062932440944
  0.07506766559600445  0.09598833038212640  0.11891801999079067  0.13630966097646532
  0.14415862400867246  0.14994531392781663  0.15862517647834695  0.17154639100842983
  0.18916436729687996  0.20546342686460903  0.21741728952942677  0.22872102778928899
  0.24466835502304579  0.27717162483031632  0.29877887990896712  0.30742453396159031
  0.31605627690469396  0.32282532790093610  0.32715623155147838  0.33247517017511485
  0.34032690675054894  0.35136140012749512  0.36555956820323188  0.38747420212903733
  0.41266918778108652  0.43476460459496391  0.45871983824785834  0.48648047637011554
  0.50762084950431174  0.51561395330332283  0.52217840078657329  0.52870737207996721
  0.53384327397149034  0.53774113951531599  0.54459617553209561  0.55118473313113403
  0.55781745337580879  0.56419931123514611  0.57556371960483310  0.58832884729817869
  0.59422038278024603  0.60034276311349843  0.60770367487406340  0.61710014660252366
  0.62478818314099482  0.63222971926765048  0.63850265938833983  0.64474447643252697
  0.65080283916276416  0.65686120189300146  0.67983504132142325  0.70460182197420085
  0.72093209082238408  0.73746472594261359  0.74987131875099633  0.75885799690513223
  0.76480676670362091  0.77371983140874334  0.79413004311228919  0.81973738009208463
  0.84336697385905079  0.85752931590191972  0.86998013454422785  0.88295191821881081
  0.89443145547762959  0.90504855011592844  0.91392832664007417  0.91912525184688698
  0.92247679864688659  0.92894381712442076  0.93375511172628656  0.93506994047464920
  0.93622081288262693  0.93737252227277623  0.93900171261310750  0.94256504531242502
  0.94648555907379905  0.95049222421774593  0.95504515893503750  0.95966861764023925
  0.96705332428671442  0.97343736086572141  0.97947608325844970  0.98338662303404634
  0.98742565986750752  0.99135701018817091  0.99515828858154887  1.00000000000000000
 -0.00670151142227781  0.02168355902372884  0.04165377727568040  0.06270403358819014
  0.08966867628990580  0.12508932996715449  0.13715348735745972  0.14653260216616301
  0.15623840340273254  0.16594665527776423  0.17560232736109266  0.18557874874943184
  0.19717766052092423  0.20957757442439587  0.22994677280365250  0.24864328111401568
  0.26072583758705659  0.26348487316478691  0.26676148756344359  0.26981685003564310
  0.27154468222681644  0.27230138241641316  0.27309353778196838  0.27389699213774316
  0.27437014054619341  0.27486598330632384  0.27592448395936903  0.27708371428845868
  0.27861117903380095  0.28356748178222468  0.28780415082715155  0.29241980499807452
  0.29886004969405755  0.30326080441196829  0.30676466954906167  0.30948056369872051
  0.31088191472367083  0.31179025674124045  0.31310480688669950  0.31452833805950986
  0.31666606833936378  0.31892922336701363  0.32162299363320901  0.32964262244894960
  0.33994271867870601  0.35030094896738184  0.35510677401694873  0.35724813848580139
  0.36259466000036450  0.37704210093983903  0.40000058520027110  0.41147155117408235
  0.42190454757342688  0.42645603507984331  0.43100752258625968  0.43503157145125049
  0.43897597085787815  0.44499062664848393  0.45210644901315095  0.45714840865160650
  0.46214911975283268  0.46711466540425195  0.47532305614208503  0.49393481017571467
  0.53238495185231627  0.55517744635602706  0.56740917064838892  0.57960453428337333
  0.59170400336888007  0.60351163637001126  0.61409284626676741  0.62697559969252259
  0.65562588373582453  0.69744968108016581  0.71136692699930948  0.72257615356235072
  0.73068135913540178  0.73730738563728626  0.74368797871095516  0.74928338224023960
  0.75687526185297027  0.76944667837551872  0.78309213312874426  0.79734905630454256
  0.81283431989954624  0.82909767059987771  0.84234668595122852  0.86168590092021879
  0.88637177347622820  0.90026040569379917  0.91694462990833780  0.93646096858141170
  0.95376406458455365  0.96962090177088944  0.98539569170125230  1.00000000000000000
 -0.00017059552272527  0.01682624336151486  0.02809896982254778  0.04199808979797358
  0.05318561796692720  0.06271464877158085  0.07503612201728614  0.08528281866628493
  0.11153031881805163  0.15117816126799261  0.16638074883112861  0.17923971241906314
  0.18961244073535721  0.19931887661821968  0.21577929421254410  0.23683686118627384
  0.25360318283554506  0.26731186550918823  0.27997995811276316  0.30113171172219394
  0.32289563115339981  0.33955261125328601  0.34550631332583942  0.35089322786113814
  0.35700401190516140  0.36496146599951479  0.37251461609938319  0.37644522582062995
  0.37877853920316107  0.38059023696654687  0.38242136086529072  0.38614164776930576
  0.39236576910852383  0.40186015187882640  0.41006118576748279  0.41638210461896447
  0.42413803273217021  0.45223002927823869  0.49489088642385332  0.50807550782210431
  0.51338386554595694  0.51527085240490511  0.51722581935358103  0.52086270745372110
  0.52449959555386128  0.52785898867191372  0.53118137633338325  0.53409165124830127
  0.53592277478866213  0.53763610292728548  0.54025184445790198  0.54223986200552154
  0.54759014717447607  0.55271493486460643  0.55976450878735917  0.56246475913578975
  0.56820052727435988  0.57643420866465533  0.58676092025106574  0.59320874497737763
  0.59618438426621989  0.59871233902531396  0.60105037747163448  0.60414803683915330
  0.62277414914416673  0.64780400697293938  0.66999310415687408  0.69141121733234800
  0.71148169661118288  0.72886715960808257  0.74377902601982393  0.75393293273188244
  0.75981314047096105  0.76301254825877463  0.76771292603138319  0.77190068109576315
  0.77575657474332627  0.77842227976449774  0.78091155534487922  0.78361081148425249
  0.78789814146135428  0.79226464977422761  0.79689448676070085  0.80092074197872809
  0.80441823900974152  0.80784103701968202  0.82320404649316004  0.86225913688380307
  0.90480354923650719  0.93205318135704529  0.94678258043125219  0.95707155758540419
  0.96616403943209461  0.97580639739247133  0.98703974802569161  1.00000000000000000
 -0.00470077871566153  0.02449296355336209  0.04065443987854208  0.04756035229551414
  0.05158313008767094  0.05315261578238285  0.05406768123021669  0.05499992194570846
  0.05601541650973232  0.05689738282070374  0.05743127874723952  0.05816108915919822
  0.06029207504714431  0.06360010950406587  0.06952534987613287  0.07353346462742741
  0.07748988014108703  0.08123825590191251  0.08490102508575298  0.08826153115877886
  0.09174481312984110  0.09663037575363176  0.09929178176931362  0.10803871346863925
  0.12491491395679886  0.14040840727591855  0.15370347527542097  0.16476705453850468
  0.17943294600809595  0.19682958495494507  0.20832229590266535  0.21949955900676085
  0.23877465334486989  0.26565199678331286  0.28510411151403914  0.29576424618357822
  0.30319696656017031  0.30775769769462191  0.31649061333006201  0.32418373859770599
  0.33549403562627433  0.34939412473383374  0.36605659950960406  0.38643709951999772
  0.40611456640142851  0.43044359539385557  0.44884075505749699  0.46639534346245065
  0.47929355576935645  0.48948716590191366  0.49612475358117392  0.50073930296889546
  0.50457441137656989  0.50839935016009008  0.51222211332115852  0.51692531340610526
  0.52184867886504238  0.53590698337644005  0.54449417390967381  0.54964980996979174
  0.55444122339561042  0.56122713550148373  0.56845763927329307  0.58061551410683776
  0.59379727499844703  0.60282642756168736  0.60590748857053056  0.60895963385730145
  0.61188282963550589  0.61480602541371032  0.61885858794240667  0.62309092837930902
  0.62999525078504659  0.64088156003716135  0.65312527322160763  0.66576401975396293
  0.67847982368889348  0.70124547789732750  0.72824497223886786  0.73862180443540570
  0.74723504559270426  0.75521582103222451  0.76374276174706501  0.77741057435827410
  0.79930104122198609  0.83021872861816293  0.87029932982434155  0.91009290510603091
  0.93944838928446750  0.95323831009503190  0.95815587290057669  0.96628882937113258
  0.97333388989003167  0.98181232119227047  0.99174629406914216  1.00000000000000000
  0.00252756929810413  0.01163404542033402  0.01688649708636592  0.02267693531515205
  0.03121932435180972  0.03618315720783096  0.03973266041702519  0.04151320901898522
  0.04269544265314981  0.04383430265919536  0.04512011285745535  0.04746788508565246
  0.05406535873295260  0.06185803503070411  0.08879463991782752  0.12351411450801605
  0.15971390317583462  0.18678026980594387  0.21086961048872188  0.23387047172280989
  0.25672005821682681  0.27589156944311272  0.29155957566769242  0.31094756092360848
  0.33153919882011174  0.34186902926718654  0.35062284015471079  0.35544026674022910
  0.36174349147775164  0.36695008616287911  0.37210209516258586  0.37490927697728754
  0.37785997444115588  0.38006200344656071  0.38158592509977390  0.38523273332144792
  0.39252754691513048  0.40217045771945331  0.41291682965583409  0.42279182007549382
  0.43187816291388487  0.43921554085812642  0.44742064177047880  0.45851601793911867
  0.48653826511843618  0.50239806549702382  0.51791889950897507  0.54162579567001745
  0.57439667962971319  0.60394599937368543  0.61658288115089965  0.61980513086152245
  0.62135606624977646  0.62290155752376875  0.62444737118740890  0.62599391874477417
  0.62907149744229496  0.63112124801028613  0.63238034017887490  0.63367042252796069
  0.63495996686114786  0.63764969074506506  0.64018966187542337  0.64322245213957763
  0.64591049766872688  0.64824125274707001  0.65060937416466313  0.66446595332887193
  0.67849880114215178  0.69669183955566460  0.72409982301047038  0.74082836897685922
  0.75095832913361926  0.76091371611176883  0.77186366215264923  0.78291694294525682
  0.79135233619355150  0.79554918968878330  0.79882312853086668  0.80268353797270930
  0.81175733832255981  0.82635315059731140  0.83414798181366756  0.84025613594702731
  0.85371152781040716  0.86805137966043877  0.88333246598465698  0.89763085252533936
  0.90839384872234819  0.91587142688885437  0.92199800625668338  0.93121018999325467
  0.94196538510967676  0.95820578694168779  0.97910289347084389  1.00000000000000000
 -0.00758957657029515  0.03354586960670067  0.06601067128336001  0.08486529621381045
  0.09949374579655294  0.11120044434156387  0.12176499926963459  0.13882349180264444
  0.15728796416183527  0.17649048513964957  0.19917690636984173  0.22308375718943568
  0.24426616463051948  0.26345018196891395  0.28074043959218981  0.29441207285335508
  0.30464197881283017  0.31789156991526030  0.33904236650530978  0.36070599728548480
  0.37804847121908308  0.40072975254734505  0.41180681241427125  0.42435075312064646
  0.44401024081526730  0.46516362588701271  0.48631701095875818  0.50572247675815429
  0.52510271985065127  0.53970752143826628  0.55309197532119891  0.57188408330351104
  0.58869644218618555  0.60980455358332231  0.63002672166595264  0.64745055685062647
  0.65413511195180851  0.65847081354945081  0.66211700803970164  0.66554962947349960
  0.66804045394677480  0.67112140552105659  0.67594661838608494  0.68140077258888732
  0.68676794056216317  0.70009347249976772  0.72179798258588623  0.72982879036482218
  0.73594548468453358  0.73966886910829421  0.74327369637913987  0.74794422724761034
  0.75335206183228354  0.75819136245286267  0.76284696635357530  0.76771491622804822
  0.77269214837272626  0.77786448384679585  0.78065096756535046  0.78204479452232611
  0.78361323150643558  0.78546112255524980  0.78734928299370610  0.78918432685106932
  0.79091492019597498  0.79220374072250732  0.79317140678722731  0.79407143192001750
  0.79543401475452780  0.79792440237998807  0.80321749034017720  0.80841307710195298
  0.81501148846984972  0.82496805302347787  0.83780342522137419  0.84640145154631796
  0.85109311898301221  0.85988718400474651  0.87110206465125406  0.87547009338916482
  0.87759149189250596  0.88084042695630582  0.88723577717040070  0.89431848545657133
  0.89751892949550105  0.90155281636021889  0.90968432374660035  0.91752927838790266
  0.92393997197321243  0.93022530690064831  0.93932556055098115  0.94749547472167683
  0.95557952820481362  0.96830515515136351  0.98259011898822934  1.00000000000000000
 -0.00168521918444215  0.00978810396248677  0.01700488612127088  0.02391104295527192
  0.03116229170137451  0.03980003345568120  0.04975191131427908  0.06162487843510073
  0.07066507090442203  0.07654543658974791  0.08064152603344668  0.08763580859175628
  0.09386244254092034  0.09718005538040672  0.09905038800973368  0.10123594228535680
  0.10337999369631763  0.11028881723838688  0.12040741194132469  0.13035600618571738
  0.14150479615453343  0.15256512829335322  0.16104606730518506  0.16876505093655370
  0.17513580650256932  0.17974161172174224  0.18455009479915319  0.19696335812780760
  0.21381920840702451  0.23628263588319362  0.26236364498620829  0.28622505610481846
  0.29705040767577146  0.31041782912357879  0.32124872998167686  0.33330003038669348
  0.34865712442709190  0.35861562889088611  0.37075377769936435  0.38652997176005577
  0.41094738180027401  0.44212189943907904  0.45607507523004309  0.47015155357581356
  0.48290961220604950  0.49144062573589176  0.49940803851439119  0.50710719485259292
  0.52031166356368663  0.53471790965018184  0.55125431600054431  0.56379809772018830
  0.59886334622119930  0.63975710744611702  0.65805549450319023  0.66960105416540949
  0.67623944155073001  0.68315411444987328  0.69104703653025146  0.70037960051614834
  0.71211342996340676  0.73269914607568665  0.75769855179880707  0.77674148109327978
  0.78743860192878523  0.79722394869266755  0.80719693489944766  0.81721655020030681
  0.82727031361896752  0.83733894174819079  0.84745560089612548  0.85800350043566387
  0.87020523851048903  0.87357206832855183  0.87821696519199755  0.88318523024313944
  0.88579789812211673  0.88762316109883410  0.89014620230725672  0.89316942761841400
  0.89645583117780436  0.90001780026702971  0.90419496861786763  0.90968809383760885
  0.91436725059238322  0.91859042079806830  0.92462656378003583  0.93608018744163246
  0.94730528638070977  0.95273810600001951  0.95788283460857115  0.96297347781000919
  0.96948130757651740  0.97877429475914357  0.98930795006765648  1.00000000000000000
 -0.00194747400576743  0.00947496401855263  0.02016769100521415  0.02776864946626742
  0.03479430705421892  0.04146715746149967  0.05143930673971209  0.06201333219832757
  0.07756422456798716  0.09522285309606099  0.12213715923654182  0.15277654508531968
  0.17726221979268691  0.19340852447645149  0.20523787113902489  0.21455608939525059
  0.22194564082802445  0.22872333552333182  0.23535818027771277  0.24440733546754106
  0.26277361724672649  0.27204438564364530  0.28403105939181594  0.29535417872454406
  0.30639326593853783  0.31909288757656784  0.34313293903110920  0.37695505116226757
  0.42019720122128085  0.46831380365943720  0.51910287599551797  0.55130982167280362
  0.57319294784698660  0.58094944363646261  0.58618754552155716  0.58812956974531927
  0.59007159396908127  0.59192155458961870  0.59374452687895451  0.59533320814763580
  0.59674593587442604  0.59898409543833486  0.60168986536817759  0.60556933004339664
  0.61260321790516858  0.61758056070280754  0.62153190413672976  0.62502238965010970
  0.62665306083970995  0.62749841199898260  0.62781206485971319  0.62828964464955606
  0.62853579528544168  0.62876558279864003  0.62900981577623549  0.62939830977126210
  0.63033456391383791  0.63177062492359004  0.63501747798413555  0.63855038586217339
  0.64182757961587467  0.64510477336957595  0.66563469769295258  0.68732739180425240
  0.70945320484495489  0.73167134069182260  0.76077125502396536  0.79500622625364625
  0.84188830336162135  0.87267772476224414  0.88628583698501950  0.89086693049654919
  0.89510368913328187  0.89972771618378133  0.90487143288231564  0.91198765430293383
  0.91651041968205116  0.92025438537558335  0.92298582166382470  0.92552682467936775
  0.92762819663658769  0.92864047532173588  0.92976861285260592  0.93214356608798443
  0.93508436201130718  0.93748482880683015  0.94226334176128324  0.95380610464633397
  0.96038353150588229  0.96630053153707929  0.97110021891915199  0.97416767411672456
  0.97698228657920871  0.97949877208878366  0.98875842173925144  1.00000000000000000
 -0.01292673206668790  0.38640347248939177  0.47259805965857182  0.50613811810941023
  0.53003809531796209  0.54535736261811785  0.55844462277490070  0.57147843982757107
  0.58415686742583506  0.59418564169896859  0.59941467352362321  0.60516889451185329
  0.61044295897442868  0.61519725373112566  0.61937209705462160  0.62269545816183958
  0.62795668091853596  0.63485605455374350  0.64319359227754347  0.65154339192878075
  0.65990839989850603  0.67057657860459297  0.68554521200930141  0.71668530440257494
  0.74115744661445393  0.75659572599884894  0.76588365543045422  0.77550498805658186
  0.78536637770953321  0.78976086854060834  0.79332435230999987  0.79549509392946804
  0.79819401601490902  0.80199328675568182  0.80297335323629027  0.80398409292641704
  0.80491992419506819  0.80579747675747493  0.80703692023668816  0.80783660486518871
  0.80860024176910661  0.80935388066378056  0.80999081741632339  0.81050070513314998
  0.81162925474482206  0.81339210276909224  0.81878160701435221  0.82031230239804698
  0.82100565830237648  0.82155666200689792  0.82221639872675012  0.82408321723393774
  0.82534247300283103  0.82639521614247380  0.82759538465648674  0.82859457374010081
  0.82983096719622351  0.83105896621067565  0.83221107514882198  0.83373309941078455
  0.83655631911654516  0.83911044993973605  0.84286891853941692  0.84485374949496983
  0.84552092237598220  0.84615937446128731  0.84674865683628886  0.84721458890186607
  0.84751469790420486  0.84787905073908110  0.84819983031452950  0.84848444881124296
  0.84882810330297054  0.84917173433846094  0.84952600150351176  0.85074119744779575
  0.85357483616826568  0.85950196342612750  0.86363118612431833  0.86722156867553912
  0.87034276732718507  0.87208540251872091  0.87382803771025674  0.87580174673920785
  0.87789201028943642  0.87970718945181425  0.88134797811006127  0.88298876676830840
  0.88518718762060744  0.88770547531448418  0.89073184143458461  0.89580037347318942
  0.90086890551179410  0.91408478479091759  0.93725942835689546  1.00000000000000000
 -0.02903623231798091  0.17530478222825049  0.21265334995180582  0.23691170791387231
  0.26214990030864777  0.27938021996444107  0.29653178432472782  0.31869237674714729
  0.33795359523172824  0.35455807749009027  0.36202146006302455  0.36522092582594656
  0.36970681631793806  0.37178059372893324  0.37384939092943736  0.37590271087413984
  0.37792127793459085  0.38077987927197821  0.38386883195840837  0.38535460019184414
  0.38668549319644496  0.38801595585654758  0.38934870627739859  0.39129012805617081
  0.39338788012526527  0.39552886177712732  0.39817633642835765  0.40077414609451034
  0.40563637645850231  0.41086965033591560  0.41706752049903822  0.42180068290707962
  0.42474653716238442  0.42764551626359631  0.43040146407733015  0.43315741189106405
  0.43741852002633785  0.44185640555150174  0.44787979287356144  0.45656654284505599
  0.46813031513597675  0.48182170748020975  0.49680113456436464  0.50814062124281389
  0.51769031630308115  0.52492799972585724  0.53064839457239610  0.53371663122646185
  0.53544707468956310  0.53744413963430626  0.53918669110784734  0.54146137147285145
  0.54349970975277939  0.54515904727794973  0.54768316718037147  0.55066712085648162
  0.55412555196634994  0.55859104573926388  0.56320077099597876  0.56800804512376357
  0.57390497266716434  0.58140084016105587  0.59179046716685613  0.60339542262290036
  0.60981165616675925  0.61625138619515196  0.62750030041138416  0.63438053155642704
  0.64097216692856795  0.64779537308696278  0.65438206792204778  0.66040564300636750
  0.66840470781593242  0.68620740507907996  0.70384247049951454  0.72126496180697997
  0.73101042215516632  0.73798208797963383  0.74460754379408578  0.75300164078647625
  0.75956774139790539  0.76399603664617899  0.76460696518137194  0.76507734192192167
  0.76540049343197158  0.76579728417555182  0.76652358287138933  0.76959716753360463
  0.77279077934958607  0.77559021678522744  0.77837740516822373  0.78443314072788595
  0.80172672174596404  0.83617908969549393  0.88440430848298235  1.00000000000000000
   2.0046970116035034E-021  -1.0000000000000000     
 T F F F F F F F F F F F F F F F F F F F T F F F T F F F F F F F F F F F T F F F T F F F F F F F F F F F F F F F F F F F T F F F F F F F F F F F F F F F F F F F F F F F F F F F F F F F F F F F F F F F F F F F F F F F F F F F F F F F F F F F F F F F F F F F F F F F F F F F F F F F F F F F F F F F F F F F F F F F F F F F F F F F F F F F F F F F F F F F F F F F F F F F F F F F F F F F T F F F F F F F F F F F F F F F F F F F T F F F T F F F F F F F F F F F T F F F T F F F F F F F F F F F F F F F F F F F T F F F T F F F F F F F F F F F F F F F F F F F T F F F T F F F F F F F F F F F T F F F T F F F F F F F F F F F F F F F F F F F T F F F F F F F F F F F F F F F F F F F F F F F F F F F F F F F F F F F F F F F F F F F F F F F F F F F F F F F F F F F F F F F F F F F F F F F F F F F F F F F F F F F F F F F F F F F F F F F F F F F F F F F F F F F F F F F F F F F F F F F F F F F F F F F F F F F T F F F F F F F F F F F F F F F F F F F T F F F T F F F F F F F F F F F T F F F T F F F F F F F F F F F F F F F F F F F T F F F
  <DiscreteSampler_grid>
  grouped_processes
  1 # 1 for a reference and 2 for a running grid.
  10 # Attribute 'min_bin_probing_points' of the grid.
  1 # Attribute 'grid_mode' of the grid. 1=='default',2=='initialization'
  0.0000000000000000 # Attribute 'small_contrib_threshold' of the grid.
  0.5000000000000000 # Attribute 'damping_power' of the grid.
 # binID   n_entries weight   weight_sqr   abs_weight
    16   10   3.228074781240092E-020   3.617868062244866E-039   3.228074781240092E-020
    17   10   3.228074781240141E-020   3.617868062244985E-039   3.228074781240141E-020
    19   10   8.063660696165826E-020   2.834858901104365E-038   8.063660696165826E-020
    20   10   8.063660696165690E-020   2.834858901104270E-038   8.063660696165690E-020
    22   10   1.693358294080670E-019   1.205566141688319E-037   1.693358294080670E-019
    23   10   1.693358294080634E-019   1.205566141688267E-037   1.693358294080634E-019
    28   10   3.228074781240093E-020   3.617868062244869E-039   3.228074781240093E-020
    29   10   3.228074781240135E-020   3.617868062244975E-039   3.228074781240135E-020
    31   10   8.063660696165838E-020   2.834858901104375E-038   8.063660696165838E-020
    32   10   8.063660696165690E-020   2.834858901104272E-038   8.063660696165690E-020
    34   10   1.693358294080669E-019   1.205566141688317E-037   1.693358294080669E-019
    35   10   1.693358294080639E-019   1.205566141688278E-037   1.693358294080639E-019
    40   10   2.097264307768917E-020   2.030859567227492E-039   2.097264307768917E-020
    41   10   2.097264307768853E-020   2.030859567227357E-039   2.097264307768853E-020
    43   10   1.279886173730917E-019   1.295857076243283E-037   1.279886173730917E-019
    44   10   1.279886173730915E-019   1.295857076243274E-037   1.279886173730915E-019
    46   10   1.682204977662533E-019   1.269113617475254E-037   1.682204977662533E-019
    47   10   1.682204977662526E-019   1.269113617475241E-037   1.682204977662526E-019
    52   10   2.097264307768912E-020   2.030859567227485E-039   2.097264307768912E-020
    53   10   2.097264307768854E-020   2.030859567227363E-039   2.097264307768854E-020
    55   10   1.279886173730916E-019   1.295857076243282E-037   1.279886173730916E-019
    56   10   1.279886173730917E-019   1.295857076243280E-037   1.279886173730917E-019
    58   10   1.682204977662531E-019   1.269113617475249E-037   1.682204977662531E-019
    59   10   1.682204977662524E-019   1.269113617475240E-037   1.682204977662524E-019
    64   10   3.228074781240092E-020   3.617868062244866E-039   3.228074781240092E-020
    65   10   3.228074781240138E-020   3.617868062244979E-039   3.228074781240138E-020
    67   10   8.063660696165826E-020   2.834858901104366E-038   8.063660696165826E-020
    68   10   8.063660696165690E-020   2.834858901104270E-038   8.063660696165690E-020
    70   10   1.693358294080670E-019   1.205566141688318E-037   1.693358294080670E-019
    71   10   1.693358294080637E-019   1.205566141688272E-037   1.693358294080637E-019
    76   10   3.228074781240090E-020   3.617868062244863E-039   3.228074781240090E-020
    77   10   3.228074781240140E-020   3.617868062244981E-039   3.228074781240140E-020
    79   10   8.063660696165836E-020   2.834858901104372E-038   8.063660696165836E-020
    80   10   8.063660696165690E-020   2.834858901104271E-038   8.063660696165690E-020
    82   10   1.693358294080670E-019   1.205566141688319E-037   1.693358294080670E-019
    83   10   1.693358294080637E-019   1.205566141688274E-037   1.693358294080637E-019
    88   10   2.097264307768921E-020   2.030859567227505E-039   2.097264307768921E-020
    89   10   2.097264307768855E-020   2.030859567227362E-039   2.097264307768855E-020
    91   10   1.279886173730915E-019   1.295857076243282E-037   1.279886173730915E-019
    92   10   1.279886173730917E-019   1.295857076243280E-037   1.279886173730917E-019
    94   10   1.682204977662535E-019   1.269113617475255E-037   1.682204977662535E-019
    95   10   1.682204977662527E-019   1.269113617475244E-037   1.682204977662527E-019
    100   10   2.097264307768911E-020   2.030859567227483E-039   2.097264307768911E-020
    101   10   2.097264307768855E-020   2.030859567227364E-039   2.097264307768855E-020
    103   10   1.279886173730914E-019   1.295857076243275E-037   1.279886173730914E-019
    104   10   1.279886173730916E-019   1.295857076243276E-037   1.279886173730916E-019
    106   10   1.682204977662527E-019   1.269113617475243E-037   1.682204977662527E-019
    107   10   1.682204977662522E-019   1.269113617475237E-037   1.682204977662522E-019
  </DiscreteSampler_grid>
