  0.01805910171722643  0.04884659669711274  0.06713428010117800  0.08028610497440732
  0.09042425749261807  0.09712022743689870  0.10381865598460738  0.10885943372201326
  0.11435772681087446  0.11906765174179375  0.12426219668331336  0.12834276839343478
  0.13217826019579598  0.13579095070506003  0.14616113049990853  0.15627331362462923
  0.16247536361058068  0.16901424410968469  0.17669193609209408  0.18572050428647113
  0.19530258325330996  0.20622557168615679  0.21887897273486662  0.23337496353768852
  0.24610846536157496  0.25574235232376508  0.26387325939183487  0.27204659103448403
  0.28090166052656862  0.29093741550353736  0.30292849355154572  0.31386532128863642
  0.32565060161776960  0.33657378133362470  0.34673579891340295  0.35581039916873425
  0.36630551344233120  0.37292795058733719  0.37651224173726783  0.38031750436038969
  0.38585112129320026  0.39590907867678765  0.40544651004358745  0.41325089441911850
  0.42062820361784115  0.43045289183484109  0.44065594819436504  0.45161948385320327
  0.46299092954961485  0.47373644202779808  0.48432343199294314  0.49387451852152409
  0.50172818065618874  0.50883672410576464  0.51583204649552439  0.52333162237688446
  0.53218689114093487  0.54121477049730171  0.55237256613833574  0.56315483098967256
  0.57396125390294161  0.58461033313653421  0.59539089851892291  0.60609064358523723
  0.61799388094936436  0.63027444863832516  0.64253542369929328  0.65613880286732384
  0.67082106104928785  0.68484750318426268  0.69766819438110361  0.71049215783085828
  0.72355147968881117  0.73805726905630764  0.75143856739540815  0.76143396615866632
  0.77061882716965602  0.77980022954882544  0.78888979992818165  0.79740354743402220
  0.80505873162314157  0.81174679787717474  0.81989696242659260  0.83091952432044969
  0.84319852306717424  0.85787051698561823  0.87643923920353151  0.89544527154476372
  0.90843050625280686  0.92068766682971159  0.93212439049337104  0.94314883796690774
  0.95190085384870182  0.96193732709508273  0.97225102230207205  1.00000000000000000
  0.02776402760084925  0.02784868674281207  0.02794063509314057  0.02804070052561508
  0.02815717479101743  0.02827816403426398  0.02839981426234713  0.02851261361364240
  0.02861244277961768  0.02871069211094895  0.02877742355512121  0.02884356672064825
  0.02891211047179085  0.02897475967875262  0.02904107452040897  0.02912119836795124
  0.02920944082985690  0.02930211455406288  0.02939674347728603  0.02948189828510725
  0.02955279934092514  0.02962592953778260  0.02970197406456021  0.02978882600237169
  0.02992565953483929  0.03002260767837911  0.03012537255530373  0.03022790004677959
  0.03033694573409020  0.03045307308547785  0.03058984731360309  0.03074965096763623
  0.03093715253785570  0.03112580968207386  0.03129553114162350  0.03146082306116698
  0.03164281800261545  0.03181471012796527  0.03202137883224270  0.03220226808518140
  0.03237602222646253  0.03256550452936963  0.03278258869086311  0.03300407066557458
  0.03320481699743728  0.03340614021017546  0.03361930213712862  0.03383135541894422
  0.03403335580407524  0.03423897677095979  0.03439370272886393  0.03456434839193082
  0.03474343179766703  0.03492867768767296  0.03511973956553552  0.03536348498047098
  0.03567121538864193  0.03596735425086629  0.03621123750848288  0.03642500958316604
  0.03659147028624987  0.03675004460764091  0.03689532629194820  0.03700453235833769
  0.03715715091976846  0.03744109134725290  0.03782367204212317  0.03832064603588337
  0.03881674589351709  0.03935678581560730  0.03981556549287589  0.04014504954478772
  0.04042544167118485  0.04069637016551433  0.04099333979858213  0.04132526543741784
  0.04166059535267796  0.04202492214435478  0.04241309515322227  0.04281014291077480
  0.04319039644567013  0.04374157588624675  0.04448902455222536  0.04528697144442381
  0.04612674128335807  0.04706929524534101  0.04788417508568758  0.04863708092958886
  0.04955198399310558  0.05088678439408328  0.05217305689551646  0.05346757781018902
  0.05501213872693107  0.05718044971713735  0.06157335049802320  1.00000000000000000
  0.93644676751661071  0.93877931680454529  0.94016677342798627  0.94115800982365383
  0.94201738517892653  0.94251399874503683  0.94299510118400642  0.94346139002921892
  0.94406171390452176  0.94470132099279069  0.94556835861706257  0.94632219199475620
  0.94696093851870888  0.94751354155965661  0.94809758833148228  0.94860149268361005
  0.94911349170570203  0.94962065071644330  0.95005310685553568  0.95042026845595873
  0.95077573628242318  0.95115376664710227  0.95160852384269201  0.95210422462410471
  0.95247983503529954  0.95283947153751813  0.95322274156916886  0.95361693695411587
  0.95404229917221162  0.95441316046146496  0.95469590031184826  0.95497234203019099
  0.95522764925547798  0.95550330823943297  0.95580715390937787  0.95609045162471196
  0.95634608494942863  0.95657896083652416  0.95678003944637757  0.95705267089948853
  0.95731158511486325  0.95756115963315713  0.95785790657455894  0.95821232745415141
  0.95855875871476037  0.95888455989149790  0.95918342567993675  0.95942648811699915
  0.95968275036376183  0.95997214243349316  0.96018214162412152  0.96035631811740163
  0.96056673553505612  0.96079905459152093  0.96103948202425205  0.96124946519008769
  0.96145122125205895  0.96164364313917849  0.96180560287399208  0.96198858784183916
  0.96220002793233750  0.96240795053781603  0.96261668050297222  0.96282823649700533
  0.96304045632411583  0.96324780063649640  0.96340148552958083  0.96353318981850666
  0.96366510910591718  0.96380701026416471  0.96401891493025260  0.96418371493837407
  0.96431730231067214  0.96444040000810261  0.96456094029584838  0.96467748107119100
  0.96480009943755929  0.96500015975360542  0.96526462016304804  0.96552096126003040
  0.96579001540283282  0.96607466828446742  0.96636033347684347  0.96663877169652379
  0.96689209273392174  0.96714903231617699  0.96738929197165735  0.96763134575238574
  0.96787375837343870  0.96813630843369680  0.96841314187310923  0.96870343264281977
  0.96901280224630071  0.96930295345482465  0.96945494281035149  1.00000000000000000
  0.00314186572826004  0.00378670129428826  0.00408264372191660  0.00423992157235855
  0.00433262134604334  0.00441033347615421  0.00448810621350787  0.00456755451585787
  0.00466309243025123  0.00477182097998382  0.00486417537499103  0.00494276337646765
  0.00502095294069846  0.00509569342978408  0.00517315085397638  0.00525326507126289
  0.00534940409349327  0.00545881765567670  0.00555351174517569  0.00564001836766231
  0.00572971678674101  0.00581017352558114  0.00587968652980094  0.00594515823606117
  0.00600647055055760  0.00607018019222491  0.00613200531755512  0.00620327178787326
  0.00628001836591723  0.00635029688431039  0.00642343314372738  0.00650310358491328
  0.00657739978667996  0.00664121435802845  0.00670625634172997  0.00678379911689430
  0.00686697581155875  0.00692325045764490  0.00696795078264563  0.00701505007409757
  0.00706031570269868  0.00711857618882868  0.00719177191854420  0.00726910789059898
  0.00734958961150254  0.00744209980255899  0.00755788920655637  0.00767998606560005
  0.00778979072327380  0.00789077456179192  0.00800111824181824  0.00811873386089237
  0.00823882982621201  0.00836677038114785  0.00850071264823649  0.00863478299599863
  0.00877251494384715  0.00891558869761117  0.00906648201388708  0.00921247936849115
  0.00935429032725671  0.00948381885415575  0.00959814628098149  0.00971915850965050
  0.00985323490219240  0.00999883303157997  0.01016067541162372  0.01035092034617374
  0.01061066414141031  0.01091636157567208  0.01128953195914045  0.01182279125955415
  0.01241616917662574  0.01302096168063899  0.01361053086942237  0.01416487104845855
  0.01470443125037432  0.01522346781410836  0.01577637897021352  0.01619713485811031
  0.01656260759801716  0.01698275145597490  0.01744907964880485  0.01795431898255743
  0.01875950796367138  0.02004979577688999  0.02154002630440856  0.02305267537976334
  0.02473718696722446  0.02676013789778777  0.02932688936901106  0.03169522388620522
  0.03432342582515682  0.03958862121319585  0.30379908803243710  1.00000000000000000
  0.00294187109776284  0.00495217823831343  0.00597978925722722  0.00654095789524163
  0.00696478703349860  0.00744118462373914  0.00807815325884571  0.00870294723512230
  0.00921863650193314  0.00968272546983860  0.01017369609722052  0.01064984664423403
  0.01109458034634251  0.01150796988378105  0.01189970349689299  0.01235619214735362
  0.01281878973703866  0.01319576353106630  0.01366861438404575  0.01424306053732705
  0.01468258336060601  0.01510675155183208  0.01551236537142743  0.01577902056216849
  0.01601607334162954  0.01626547616003235  0.01657351812550280  0.01698206757484462
  0.01757969133466234  0.01824421385145586  0.01874315842022366  0.01911707401503575
  0.01953059602099267  0.01992887535871412  0.02034262432400072  0.02076526986688929
  0.02117187147328368  0.02160396990124511  0.02210736762112184  0.02268552084922993
  0.02333942762333180  0.02420911442819769  0.02501446018236013  0.02559119172378273
  0.02614829909687418  0.02682000274003186  0.02744208441374229  0.02811392254232180
  0.02894152973092373  0.02965973048654888  0.03028793695753511  0.03089311333269694
  0.03146199207385246  0.03207364383236814  0.03277321495153711  0.03346494771351287
  0.03409247303131678  0.03483658443489283  0.03581474825134408  0.03688619429016240
  0.03799426297974182  0.03901276436755223  0.04011553701359552  0.04105433163489394
  0.04187632977308394  0.04268668494305771  0.04346729299172845  0.04449734159356550
  0.04580620935364555  0.04719668235456558  0.04877020160894659  0.05056541926071729
  0.05213336764010371  0.05345761786874708  0.05470251337565456  0.05602858024435394
  0.05754992841344243  0.05988873779528003  0.06454624904002804  0.06817931606427768
  0.07136772081844589  0.07325571953635901  0.07492452861402579  0.07642265816904512
  0.07815137734669926  0.08017880642107211  0.08227859678002467  0.08474818576226298
  0.08823506230947899  0.09200368082319182  0.09577001643425925  0.09988787193098898
  0.10468848428286950  0.12179703111268321  0.70757479678604862  1.00000000000000000
 -0.00094672440228773  0.00469142457722343  0.00871649547818625  0.01333734891275633
  0.01929341770638562  0.02736901441936669  0.03514901994261482  0.04122373679133213
  0.04907676524322881  0.05832518288712218  0.06547990999984567  0.07221726617015137
  0.07866500817728823  0.08646360474044128  0.09348389453966098  0.09990872660164805
  0.10723227068836967  0.11366249873506934  0.11984128810489596  0.12757679305717412
  0.13919468246767619  0.14887042382299548  0.15505767552853372  0.16126946324187674
  0.16881377142482068  0.17771864867835674  0.18727099111236623  0.19469610577451388
  0.20336200997397014  0.21363076241841666  0.22649234947832966  0.24131464328695496
  0.25537808654707950  0.26602800707140067  0.27550318284014391  0.28476622685400099
  0.29231553097257323  0.29980976463607256  0.30802353049278386  0.31783374013118115
  0.32730808018550339  0.33622347857666052  0.34993498209578894  0.36178991716649606
  0.37441185428388363  0.38578925645527889  0.39993409350194814  0.41828431980924652
  0.43800038394807683  0.45325450902560632  0.46320258261758435  0.47233735340116711
  0.48058848127545561  0.48888077436850963  0.49664935598417115  0.50694360056985754
  0.51652632258862585  0.52335635930583901  0.52838486854040823  0.53378992398607050
  0.54048931520355303  0.54973553876331449  0.55943778396786270  0.57104153280015135
  0.58322071641213180  0.59582508356631581  0.60567642227685703  0.61552408074442277
  0.62860710466531722  0.64524607107786391  0.66402981123020288  0.68398410391640696
  0.70543773166442525  0.72815852402375425  0.74862948848004407  0.76555643103653359
  0.78093180789885996  0.79552896105769444  0.80990743067202520  0.82335203508695354
  0.83491061058843452  0.84380325047876015  0.85181174396877890  0.86220676329647838
  0.87382739220264116  0.88308837343711621  0.89143383675728260  0.89938525205083453
  0.90726276145480833  0.91762682361684222  0.92736436844280579  0.93843010665462023
  0.95055982705786057  0.96522049051727155  0.98192278761041729  1.00000000000000000
 -0.00162650394619183  0.00663601128769946  0.01700512441838688  0.02745004361070425
  0.03726720631387242  0.04677832797997183  0.05638653738277266  0.06541288332737974
  0.07618321662921868  0.08657201354013933  0.09716956237018549  0.10864192128469771
  0.12016303287664323  0.13104053162074608  0.14184745615892422  0.15154246441969768
  0.15826259628041467  0.16453655812661178  0.17027857235051722  0.17747787696987899
  0.18453574503907563  0.19709748877663086  0.21147520305062803  0.22429971233732199
  0.23465575576069178  0.24346264054164418  0.25309384667244195  0.26373895982596635
  0.27607703543772028  0.28586977425219307  0.29567146967749991  0.30904603908131933
  0.32220158971289153  0.33360949494321224  0.34300230081010807  0.35068510582078077
  0.35852178942329932  0.36834699574966295  0.37868578910772327  0.38885060355593210
  0.39909241262834977  0.40996838429108312  0.42217885778821512  0.43424865087806747
  0.44516573261004722  0.45673772118746014  0.46661719613543262  0.47701073216065853
  0.48844740062697678  0.50070672087911428  0.51220580839225271  0.52240963976901145
  0.53331262969133364  0.54438117022700516  0.55598438639975722  0.56894027696650418
  0.58151682273404159  0.59164353293061889  0.59977349818290548  0.60662998375733190
  0.61369898870950146  0.62216492656016187  0.63305418972397409  0.64219753916162325
  0.65013165981792598  0.65870020437840626  0.66801478656550506  0.67844491943808138
  0.69052300286268697  0.70323285043347461  0.71949705667112940  0.73823552127765657
  0.75660801203568462  0.77094998110596547  0.78407820162522024  0.79636921421224893
  0.80515390771833828  0.81563569621794574  0.82724230551405697  0.83793598450817308
  0.84623472818682000  0.85351469509540157  0.86353739538376217  0.87340995857088244
  0.88369835747700709  0.89494259908420926  0.90917117353290011  0.92217412311382652
  0.93358982779816702  0.94357403589466460  0.95262600136944553  0.96185053521546093
  0.97215931147076218  0.98171514652083569  0.98962104995785150  1.00000000000000000
 -0.00292421897867180  0.01008778882286957  0.02353000089650809  0.03398622528568264
  0.04522406660571006  0.05593370880684877  0.06513964794741550  0.07472236454590347
  0.08448560202437012  0.09566794281096057  0.10753999696350362  0.11877387424502500
  0.12730638447281045  0.13571252758707167  0.14660942526277071  0.15843286347088545
  0.17064586303454371  0.18291350429350467  0.19456004411912176  0.20838017313933804
  0.22440291697600417  0.24098487990397974  0.25756414673114980  0.27175916307017206
  0.28769646402486987  0.30332804889435361  0.31564740668663449  0.32439043377255561
  0.33171187708994671  0.33824662168857866  0.34611228896423468  0.35385665931852894
  0.36105394385851697  0.36814410919106383  0.37904432926922199  0.39334984478268259
  0.40976837020992185  0.42741118030430636  0.44436273986879976  0.45896938860165315
  0.47212098021362592  0.48302739956359253  0.49041538240199661  0.49676369648770530
  0.50261934267670239  0.50798594143053677  0.51654054316940967  0.52460467828510526
  0.53018716715041436  0.53554016614177458  0.54252945283705667  0.55398188704415430
  0.56329826997552046  0.57527826790462799  0.59056094898299405  0.60365601995711982
  0.61558287477936358  0.62720006989895960  0.63910873187330364  0.64886132649574702
  0.65668227842258553  0.66570599969916666  0.67588167784933384  0.68607370022349856
  0.69772497550333068  0.71325637379679185  0.72747238242054912  0.73765368316726165
  0.74550195113126938  0.75419570608456998  0.76366177466689344  0.77374865858590591
  0.78457661318693217  0.79654942170580190  0.80652569013890862  0.81528515564720661
  0.82386448680941360  0.83260469338844323  0.84085232632714524  0.84853369301107773
  0.85614590937797175  0.86481767393428033  0.87432131560638626  0.88320661650552357
  0.89089411772187299  0.90009694094550363  0.90968068269040625  0.91841939056080246
  0.92696731733285576  0.93659330526561402  0.94806413155546010  0.95953399903199188
  0.97008098545023136  0.97997426056011894  0.98982006099582143  1.00000000000000000
 -0.00242860885625641  0.00778138670753397  0.01793490850103965  0.02933645899175039
  0.04083104366703624  0.05137964717689417  0.06065884834753352  0.07041943202645379
  0.08127786299582490  0.08818508267994966  0.09318987007810876  0.09885105922950707
  0.10573599609749405  0.11305061114647123  0.12225545093305669  0.13210131230590944
  0.14141355462732805  0.15456146839370491  0.17132546530626080  0.18792806776994270
  0.20223576033416102  0.21532934347061158  0.22616595067375136  0.23671081670814015
  0.24478040816525437  0.25308271636114488  0.26240470708806996  0.27318830224160301
  0.28443119585006538  0.29581437163647545  0.30677921422695065  0.31856363988165864
  0.33311331764987018  0.34470477835702690  0.35502914336427921  0.36600854302185659
  0.37885407606764904  0.39353489290933924  0.40722585494129676  0.42044430334886346
  0.43379661113217616  0.44537433823094591  0.45361497592107974  0.46024137205632154
  0.46751192033574762  0.47628797463670236  0.48647116069732665  0.49773717713980653
  0.50919388309279046  0.51933172621615875  0.52812003539957975  0.53745446632978278
  0.54622468661600321  0.55624553530058618  0.56720285277422366  0.57608992188167685
  0.58349060196845581  0.59240612676610704  0.60310827892479280  0.61189628232960236
  0.61904323621053781  0.62665552190614637  0.63522547181185118  0.64559195570738515
  0.65897581940918404  0.67152126796812173  0.68394923058137014  0.69671612177315578
  0.70781401959124579  0.71783521938678241  0.72708251002476521  0.73591609559054338
  0.74521082139548134  0.75295239588324625  0.75993525610474622  0.76909062431456743
  0.78069547113286053  0.79353200456412687  0.80495499175216889  0.81281766243884990
  0.82029985558709551  0.83082404797176035  0.84123835494163690  0.85057823536773647
  0.85945864240881631  0.86863015664126686  0.87914613280456999  0.89051029507302037
  0.90534651183948534  0.92262976993952350  0.93760288849649087  0.94870541806691433
  0.95859370556752133  0.96894965477810402  0.98262999227935821  1.00000000000000000
 -0.00461345414674798  0.01291874631519372  0.02290327608678018  0.02864590600219268
  0.03378171276081128  0.03968135432121760  0.04590059636813183  0.05573734329414241
  0.06963035706908159  0.08312099201988027  0.09667449782968014  0.11088826580223947
  0.12272541773693914  0.13104657937171454  0.13771451626973452  0.14380099371697497
  0.15146079644999463  0.16170549582636251  0.17307590906119791  0.18653755248066839
  0.20051809072074542  0.21380922802977659  0.22792265440473558  0.24180946675310724
  0.25558009729968001  0.27004289910052992  0.28380644928174886  0.29681944643860952
  0.31002025728680166  0.32522284727048401  0.34301716020141326  0.35807182202707344
  0.36498745473440103  0.37090059617171600  0.37801629842768580  0.38470330537689801
  0.39142153666527879  0.39775578459933508  0.40413832081524736  0.41213682249035827
  0.42145288295633154  0.43121659034145521  0.44095744746975429  0.44910500666503295
  0.45799037771080464  0.46680895700444053  0.47529053865457010  0.48230288273218713
  0.48937889480866764  0.49757724127607195  0.50511537387498606  0.51224546435551233
  0.52174842977294833  0.53330890067476133  0.54579904454040329  0.55359979214374555
  0.56213384505283615  0.57055726993389333  0.57865743900286637  0.58729772256235679
  0.59809192064354200  0.61128786194905771  0.62694454772687969  0.64439745864917353
  0.66187148100101201  0.67741542204830618  0.69034659820586008  0.70256120133669975
  0.71509383416655758  0.72734134641804449  0.73653990385838863  0.74335723094236406
  0.74925724115821446  0.75404615356145432  0.76102703021116547  0.77174703499370534
  0.78295994150794535  0.79301249940765695  0.80166009709377317  0.81016717157845997
  0.81984334503846090  0.83036627967194976  0.84008241629482516  0.84986818676754516
  0.85945424402297088  0.86869433014453523  0.88473523112678898  0.90156095241057732
  0.91868211646899345  0.93440552581415848  0.94814040230031815  0.95858495345311689
  0.96661420573416768  0.97664554248237401  0.98708130901244928  1.00000000000000000
 -0.00421073957891613  0.01425824218147102  0.03203325807707008  0.05130744508148514
  0.06786119830290811  0.08158792338225840  0.09366749728899676  0.10450132337088364
  0.11573571402547420  0.12990994595684524  0.14545783687221170  0.15964613073720849
  0.17352419303589586  0.18600691365382638  0.19984107448540198  0.21097261820538846
  0.21827909243024779  0.22318584289655241  0.22769260168903088  0.23313487044154246
  0.24070840851966352  0.25047640787904785  0.26174443418563370  0.27263706089428108
  0.28412213768312861  0.29637229142692983  0.30798451446792013  0.31883665618231188
  0.32908509993328044  0.34031025459344733  0.35627258332066708  0.37292298611155156
  0.38629830989482961  0.39602796914839983  0.40483129032677917  0.41355273985706253
  0.42293741637789117  0.43141179465015117  0.43900690550947008  0.44633511739146392
  0.45446754626015690  0.46306896099168221  0.47104003313594006  0.47946210180624665
  0.49017268142435844  0.50148759970367573  0.51098155779470444  0.51824535335310806
  0.52882148259352257  0.54571913354341284  0.55992493295881096  0.57482870067756531
  0.58234802022291676  0.58862095880789922  0.59627174195194355  0.60447670048526114
  0.61174535566139521  0.61772279501867877  0.62571401099956481  0.63248145684224055
  0.64035380412630349  0.64984515028906453  0.66065397123559311  0.67301087205667331
  0.68586139031249416  0.69959711879589737  0.71272328973852295  0.72686891914766327
  0.74041170706056181  0.75480904986928909  0.76846337676953558  0.77857894527737548
  0.78688467739289303  0.79345936113868154  0.79998974914055554  0.80724090153980688
  0.81479292819437465  0.82253083398235294  0.83122194504144609  0.83965722234177298
  0.84769688354328787  0.85612825185154495  0.86374860603364079  0.87213118346620011
  0.88172758353811564  0.89180978835773517  0.90218990486061257  0.91086378448310679
  0.91884052633525048  0.92797821610636211  0.93675037431943564  0.95032767113714922
  0.96237187547655290  0.97509233614668933  0.98633220292655910  1.00000000000000000
 -0.00406981235469586  0.01535502727058938  0.02871457587870037  0.04201428974301952
  0.05687987737859738  0.07038683036741475  0.08460636941486971  0.10009043945754448
  0.11379578813811815  0.12721400265469740  0.14180746195347965  0.15790244888668392
  0.17341378694794285  0.18560289074195527  0.19618783920668328  0.20636546449915838
  0.21623256626602516  0.22640196164960344  0.23685809074047470  0.24743251398580976
  0.26026124366184428  0.27607954939885365  0.29009423105282084  0.30267711981643597
  0.31577495886787538  0.33103721860399909  0.34652541787675256  0.35277605342824347
  0.36037851891016520  0.36651493051822082  0.37274958971209571  0.38214700734397644
  0.39544263141695801  0.40561119558258579  0.41500595435955817  0.42666983763939170
  0.43967836675552607  0.45144630099867994  0.46092908139120109  0.46863225296326322
  0.47673168581432929  0.48751591221680329  0.50127369433059210  0.51382218440493221
  0.52407657085204895  0.53294058488432927  0.54154501775379671  0.55039546319571842
  0.56061540555980927  0.56889024441764424  0.58250086760830599  0.59025600483940788
  0.59571760488831504  0.60255206074798706  0.61091378124388107  0.61813538114481337
  0.62521917735291277  0.63553939369954704  0.64823127743072817  0.65867315270085092
  0.66717275358701478  0.67759725458180375  0.68630519455079930  0.69251809981161905
  0.69738637700768746  0.70363479737758339  0.71113372304316003  0.72305367400138065
  0.73590364274156161  0.75165772913502438  0.75985748763615146  0.76846598333258465
  0.77541991900314711  0.78173294211746480  0.79052142500508127  0.79968056880209426
  0.80974335043181733  0.82149058803942010  0.83383632904591631  0.84529431985020242
  0.85511054394008212  0.86378076891657984  0.87208601088352100  0.88089674434611764
  0.89207096678567510  0.90395063116896202  0.91406571321050811  0.92447171657586036
  0.93389473931877931  0.94287598481948665  0.95255785890191591  0.96262930281837689
  0.97144732008552537  0.97801131039555078  0.98842338318292422  1.00000000000000000
 -0.00258403665712143  0.00820940719475224  0.01708493482634009  0.02874365256137582
  0.03858818794193206  0.04716921859382064  0.05536660172908697  0.06329436897462093
  0.07324987926183409  0.08303419939676238  0.09317887718165399  0.10311139993234658
  0.11372874593771982  0.12564658803222337  0.14199656381393083  0.15609379370302173
  0.16753532678988359  0.17779905447351285  0.18751401761177935  0.19487604286581228
  0.20282515024551453  0.21090059010594667  0.22121198013411450  0.23615529659513748
  0.24995493888401574  0.26268589223617628  0.27600677431799731  0.28956825433002381
  0.29991421058236828  0.30851213631710478  0.31578840361171778  0.32414148344649057
  0.33298618325411067  0.34301409024840107  0.35266289894329422  0.36234666946469807
  0.37230829682409239  0.38325964893582976  0.39583547702409499  0.40968762315121521
  0.42443833616173843  0.43980469220843754  0.45291238811715484  0.46605595123353449
  0.47780580460078770  0.48677221263075887  0.49384365592026036  0.50164609750164102
  0.51024393307439819  0.51893960430530539  0.52886582312893571  0.54148256044713738
  0.55585332866611059  0.56593622689479439  0.57390138274785485  0.58267199605063413
  0.59183082603193105  0.60190222603379673  0.61214296748682828  0.62168642606020952
  0.63386058122071021  0.64735664501709544  0.66076592678598445  0.67288840010361073
  0.68395605823676375  0.69612116296881499  0.71100143008204986  0.72770249511194007
  0.74357042214789237  0.75678200277897067  0.76762852980581853  0.78009700520225400
  0.79102694230733617  0.79769373236811114  0.80306917956312629  0.80816821021551644
  0.81320821558488476  0.81856087137370348  0.82797598096726399  0.83911142932896410
  0.84862017628224007  0.85867889268575515  0.86893660508047743  0.87827875471991512
  0.88901878731893180  0.89760471315292745  0.90517517377408374  0.91328881235542769
  0.92103154628721018  0.92843537791442543  0.93688982872037807  0.94659383449390488
  0.95623868695107994  0.97027514570095819  0.98508296714787980  1.00000000000000000
 -0.00205934256305397  0.00779885212439562  0.01800678479469827  0.02573728765109527
  0.03604438588243896  0.04774836592784652  0.05856369383558114  0.06836061067309546
  0.07842982570547606  0.08964333021033857  0.10394804008157138  0.11859801716730425
  0.13339471198829952  0.14636434275966370  0.15763437828850907  0.16650091467517014
  0.17431755746984032  0.18180774705243813  0.18840192631931363  0.19507687728753323
  0.20187424260575568  0.20951856999157104  0.22339726397226511  0.23016214469914034
  0.23526230562048775  0.24002478334686886  0.24610653197282739  0.25194164505086286
  0.25781049076168355  0.26779692430829877  0.28377624498007786  0.29585018384652090
  0.30694283659424371  0.32043741971502115  0.33418421492007272  0.34817086503502231
  0.36330580494768183  0.37845321168327412  0.39112539993899992  0.40133084936482716
  0.41157182604818371  0.42400308755316679  0.43750434072195066  0.44806050225282701
  0.45560677493187801  0.46425380789706094  0.47208323067122127  0.47905218360350965
  0.48545995110703699  0.49314325715038676  0.50489054535376088  0.51756867156709363
  0.52683124755918154  0.53622244603525471  0.54423024992860136  0.55399988407518141
  0.56566400154537011  0.57855986118259206  0.58936373959677268  0.59928061059132842
  0.61224353825909761  0.62820013881582182  0.64285115969903761  0.65540983383631213
  0.67007657133886511  0.68439216589889740  0.69778321472524596  0.71064190189081877
  0.72447429030266275  0.73969606244539077  0.75979382308970911  0.77982459465559573
  0.79497275549237023  0.80487180917542378  0.81500750591823712  0.82514179465446924
  0.83417978571845053  0.84261360396023499  0.85155605459415262  0.86424183714524361
  0.87772624327494919  0.88993587200793844  0.90093072984657530  0.91139865662005648
  0.91927222026939437  0.92506397323002176  0.93008626611619338  0.93553933844431736
  0.94165088910446337  0.94646861220650180  0.95199140688671890  0.95877463986538547
  0.96704155740298003  0.97751899547488241  0.98862241506035764  1.00000000000000000
 -0.00346279396067584  0.01289608460413047  0.02568450563436891  0.03795959317180497
  0.04720358366403421  0.05417320454935860  0.05958858674512072  0.06482979643050996
  0.06972315462402291  0.07467887762069177  0.08228157159205786  0.08999399604858666
  0.09886721182042534  0.10898875000234876  0.12248275484162297  0.13712018593478695
  0.15070953624888841  0.16298318088272643  0.17545656900949458  0.18800325240626653
  0.19858722468289786  0.20785378209854583  0.21746710652059481  0.22730942303103366
  0.23714349864873105  0.25007840555342326  0.26627706131787787  0.28203222937510253
  0.29829725810514213  0.31383473554404523  0.32891785301523968  0.34331618372558403
  0.35672887032920042  0.36853477121277817  0.37871929994514791  0.38716343969489886
  0.39568498407569991  0.40371639756633515  0.41195745261428951  0.42391079573125368
  0.43704234672383752  0.44992593578615303  0.46535712129429613  0.48276099325383759
  0.50048820241425152  0.51720800941286582  0.53221400604158120  0.54222392042139944
  0.55210719304037814  0.56188143941128221  0.57191205667936962  0.58272889580761023
  0.59541044841329238  0.61096649074292131  0.62557853941168595  0.63796686657742152
  0.64910784087482631  0.65968491759528436  0.66997607361748557  0.68058866158914078
  0.69004624431078787  0.70006127878769353  0.71258293204774803  0.72473683343925055
  0.73332223810289687  0.74192173326044053  0.75054680810090191  0.75944217872203323
  0.76919437041078809  0.77976358521349487  0.79086587682409204  0.80352581012187640
  0.81633925904208438  0.82721043989429544  0.83642300325279662  0.84271273173117323
  0.84932724161034923  0.85577581575068051  0.86250265914777258  0.86955422641533830
  0.87997149709464462  0.89094070257828117  0.90140504135581645  0.91638128260690932
  0.92799417159041397  0.93651972010950013  0.94353976689969365  0.94917514168983042
  0.95500801480532926  0.96155114459388824  0.96820905356067588  0.97421082333404019
  0.98043055113363442  0.98703279950493350  0.99287723417186968  1.00000000000000000
 -0.00143730065475340  0.01267008946430965  0.02129322106886041  0.03212297559881788
  0.04168651939800317  0.04918593377396269  0.05667428940537671  0.06438720187186840
  0.07289166289607896  0.08154238385444641  0.08803221598157289  0.09249895129945221
  0.09699180739781346  0.10200244377391414  0.10600845476589021  0.11117426703826767
  0.11686903728833971  0.12278593654796134  0.13143276546243882  0.14236840293662908
  0.15589610346494170  0.16901043460800641  0.18140617610713536  0.19254887840897505
  0.20276153594923330  0.21534715184275399  0.22876655924464087  0.24044067857191520
  0.25222040039419813  0.26537810141774121  0.27879204218977749  0.29116692155124080
  0.30357809562862348  0.31772046965834333  0.32758816569066074  0.33673113141658695
  0.34484815070698194  0.35395046697695831  0.36320144046693659  0.37223575662827540
  0.38297823274210530  0.39458498395826724  0.40801481310714827  0.42277507731805819
  0.43824696911504946  0.45601368632696782  0.47211233633531785  0.48676567611901556
  0.49916234229610001  0.50949809106571364  0.51989539170710908  0.53204950675931206
  0.54541559093860414  0.55823591712784115  0.57118667306604809  0.58590745090411978
  0.60434065871029274  0.62743706322928616  0.64913935806065093  0.66381718222725206
  0.67524024187461584  0.68395985192422759  0.69334031050844580  0.70410096856185667
  0.71584124405472849  0.72828635796786323  0.74322042742480843  0.75858687366392574
  0.77341313633781750  0.78435464803885802  0.79178697305642742  0.79578510090020438
  0.80006131131410008  0.80581057503320108  0.81468465026082737  0.82316199013906355
  0.82994616327661164  0.83667724712694980  0.84408569365478525  0.85213051773330306
  0.86171034599041019  0.87325767625000350  0.88480032806358211  0.89479368464740994
  0.90299035857835042  0.90943197746883220  0.91695278614445341  0.92438584918232647
  0.93251449932364228  0.94295906848913147  0.95463063084704880  0.96499483284980170
  0.97437030144168846  0.98308019072271324  0.99129559966876513  1.00000000000000000
 -0.00560296964089144  0.01801159662545424  0.03797819441788754  0.05426035804115915
  0.06798250412594731  0.07956667884526729  0.09065658977685723  0.10137706600325472
  0.11010439091648223  0.11735083093060170  0.12483251242393263  0.13421140667843287
  0.14427212745276893  0.15501689294857757  0.16608039129845259  0.18118339889767085
  0.19602231629712635  0.20836435888700527  0.21890324233829597  0.22960904435789656
  0.24074132664124998  0.25243836549477283  0.26784281075151189  0.27935001500170725
  0.28947947679819591  0.29942912079238032  0.30820708384403955  0.31895342548026634
  0.33201135384516062  0.34480595974278955  0.35453685924915157  0.36303451179253715
  0.37088780480793360  0.38105335363966203  0.39080790835700163  0.40068270425373570
  0.41040239975597892  0.41764264530927031  0.42677139280062898  0.43798161516871642
  0.44811739776980836  0.45883681347261612  0.46877098180209947  0.47937935891991795
  0.49019616171115660  0.49939082121284001  0.50435837874883349  0.51032882624850096
  0.51790697458130341  0.52545099973790654  0.53258735875487861  0.54299847895611519
  0.55185689321023590  0.56097452850367957  0.57370289124250284  0.58389767348227817
  0.59362294477543209  0.60309681076847310  0.61246191366605907  0.62246075321786831
  0.62985645012554836  0.63569560424509208  0.64095115640596523  0.64680744719942396
  0.65434760493227972  0.66400269658011457  0.67518356608991492  0.68853238095074132
  0.70379749124842350  0.71897092427658249  0.73337868668860140  0.74604336002926241
  0.75773193587494780  0.76940153848168613  0.77875065140264854  0.78625856064208977
  0.79302535064954249  0.79930516578124422  0.80711061395533268  0.81713376223716594
  0.83007509858213058  0.84404781554621489  0.85646596388368157  0.86582813853700824
  0.87334852649655892  0.88165074855769388  0.89221137403121720  0.90357641691843360
  0.91346109606546999  0.92335972352822848  0.93339159750448586  0.94537059672417822
  0.95963799764248325  0.97400893859525717  0.98777169399220599  1.00000000000000000
 -0.06090568303998309  0.47892374690313866  0.55791753374887498  0.60161912800631767
  0.63025002191259971  0.65522830034909751  0.67732425295337917  0.69704598599805478
  0.71593150908258785  0.73270398130273429  0.74679053044302601  0.75658768846220603
  0.76391289818186847  0.76985520742395208  0.77488020877683306  0.77972240607300947
  0.78488377814310328  0.78984975779950684  0.79447502374130086  0.79986612644478028
  0.80555413082960836  0.81061273716756566  0.81437473621806644  0.81746632348168902
  0.82151733692309448  0.82577890358301487  0.82932493184674383  0.83264384478494757
  0.83534276610111213  0.83797100665760915  0.84053171254209547  0.84343714294385874
  0.84667132198478978  0.84937069879551086  0.85164227781149360  0.85376373765212865
  0.85604960861656165  0.85889696483334821  0.86162958008484103  0.86456980671834249
  0.86700317469750110  0.86899435531265179  0.87080881243704977  0.87280956031779300
  0.87543296737374987  0.87790559765907050  0.88024838288002272  0.88245151596084248
  0.88439885298634369  0.88619864585934949  0.88818425229532938  0.89029636663309042
  0.89222122869815812  0.89410591913075799  0.89619610871015498  0.89844019006908815
  0.90067052007655946  0.90293037306498081  0.90543954784884484  0.90833172054638234
  0.91038899581252941  0.91223723001873758  0.91433137361127681  0.91660975757118879
  0.91912788760570263  0.92165237724120663  0.92474630071666786  0.92815605069083018
  0.93115425890088166  0.93373113622203974  0.93606199649273980  0.93837956647700071
  0.94055548363629149  0.94221252381616116  0.94368810655423641  0.94481026055942074
  0.94575938962671113  0.94669526600585174  0.94763082756259109  0.94872941818558076
  0.95004337741374123  0.95139728923661959  0.95268288330933415  0.95401451472515786
  0.95580798818625845  0.95792299224215138  0.95979442408542237  0.96160017495501116
  0.96387646788417147  0.96607657869789276  0.96847447408354237  0.97150883912443908
  0.97541945383742723  0.98063754217404087  0.98818921225402356  1.00000000000000000
 -0.03673603453416172  0.18096367324265009  0.23926842142429483  0.27329286822608578
  0.30134647838856798  0.32206154694106981  0.33741213438026502  0.35219276093029728
  0.36533539063887049  0.37707014646804365  0.38767307574744192  0.39661788225757633
  0.40692447495074702  0.41625603790654764  0.42461412190588216  0.43326995188371520
  0.43656093461175499  0.43967300245972302  0.44229199692888282  0.44514647051209494
  0.44899468483542104  0.45510700305849938  0.46115223021662938  0.46552888500673451
  0.46961317362527727  0.47448829321655561  0.48043445566130977  0.48693822066121545
  0.49256803829175688  0.49747205872886324  0.50290445442314258  0.50925896209371369
  0.51555062742843250  0.52151321953437735  0.52715331438194879  0.53217879847757832
  0.53730010585575283  0.54260460976701241  0.54819148434949672  0.55409611592464303
  0.55983632108944004  0.56571582942503029  0.57198346641331799  0.57858805632535082
  0.58426175879734887  0.58914299694913186  0.59334364497213665  0.59772008229156637
  0.60286431888529624  0.60679432885324336  0.61051388284259245  0.61409937158267303
  0.61798035865899281  0.62377893572690379  0.63026772276340826  0.63615356639149478
  0.64153483068952988  0.64589896846405281  0.64982167838925786  0.65340681752728091
  0.65685196132156043  0.65987424087255808  0.66253560061186678  0.66496792642953839
  0.66829690049889656  0.67233423069375542  0.67665285306083267  0.68065176160882102
  0.68503739544675279  0.68994661624884623  0.69534164077280292  0.69913751003064806
  0.70280379413745409  0.70546553638801746  0.70741252076607875  0.70994367867226249
  0.71299601502955134  0.71643665651699640  0.72009699058957066  0.72486433559504360
  0.73056268074769504  0.73701686791962717  0.74394438161865861  0.75081896068431131
  0.75812745465368692  0.76613816375062704  0.77483617782333036  0.78547301261345470
  0.79779210268990441  0.81224265761714087  0.82700930855664467  0.84460982936111662
  0.86091064266225659  0.87644841664935447  0.89775380438068186  1.00000000000000000
   5.2904893382031071E-021  -1.0000000000000000     
 T F F F F F F F F F F F F F F F F F F F T F F F T F F F F F F F F F F F T F F F T F F F F F F F F F F F F F F F F F F F T F F F F F F F F F F F F F F F F F F F F F F F F F F F F F F F F F F F F F F F F F F F F F F F F F F F F F F F F F F F F F F F F F F F F F F F F F F F F F F F F F F F F F F F F F F F F F F F F F F F F F F F F F F F F F F F F F F F F F F F F F F F F F F F F F F F T F F F F F F F F F F F F F F F F F F F T F F F T F F F F F F F F F F F T F F F T F F F F F F F F F F F F F F F F F F F T F F F T F F F F F F F F F F F F F F F F F F F T F F F T F F F F F F F F F F F T F F F T F F F F F F F F F F F F F F F F F F F T F F F F F F F F F F F F F F F F F F F F F F F F F F F F F F F F F F F F F F F F F F F F F F F F F F F F F F F F F F F F F F F F F F F F F F F F F F F F F F F F F F F F F F F F F F F F F F F F F F F F F F F F F F F F F F F F F F F F F F F F F F F F F F F F F F F T F F F F F F F F F F F F F F F F F F F T F F F T F F F F F F F F F F F T F F F T F F F F F F F F F F F F F F F F F F F T F F F
  <DiscreteSampler_grid>
  grouped_processes
  1 # 1 for a reference and 2 for a running grid.
  10 # Attribute 'min_bin_probing_points' of the grid.
  1 # Attribute 'grid_mode' of the grid. 1=='default',2=='initialization'
  0.0000000000000000 # Attribute 'small_contrib_threshold' of the grid.
  0.5000000000000000 # Attribute 'damping_power' of the grid.
 # binID   n_entries weight   weight_sqr   abs_weight
    16   10   5.048899041010340E-020   8.137252181321974E-039   5.048899041010340E-020
    17   10   5.048899041010292E-020   8.137252181321808E-039   5.048899041010292E-020
    19   10   2.084210884362080E-019   1.998383446640494E-037   2.084210884362080E-019
    20   10   2.084210884362081E-019   1.998383446640492E-037   2.084210884362081E-019
    22   10   2.573835226602220E-019   3.018065324186953E-037   2.573835226602220E-019
    23   10   2.573835226602219E-019   3.018065324186960E-037   2.573835226602219E-019
    28   10   4.594085157854810E-020   9.132785457381360E-039   4.594085157854810E-020
    29   10   4.594085157854799E-020   9.132785457381329E-039   4.594085157854799E-020
    31   10   7.235158154009436E-020   2.179913887320720E-038   7.235158154009436E-020
    32   10   7.235158154009589E-020   2.179913887320849E-038   7.235158154009589E-020
    34   10   1.563518286185006E-019   5.326181703656537E-038   1.563518286185006E-019
    35   10   1.563518286185022E-019   5.326181703656737E-038   1.563518286185022E-019
    40   10   3.168473383615373E-020   4.009452719185413E-039   3.168473383615373E-020
    41   10   3.168473383615394E-020   4.009452719185460E-039   3.168473383615394E-020
    43   10   6.501040151154095E-020   1.725596035119942E-038   6.501040151154095E-020
    44   10   6.501040151154023E-020   1.725596035119887E-038   6.501040151154023E-020
    46   10   2.334362623746552E-019   2.635690195098568E-037   2.334362623746552E-019
    47   10   2.334362623746540E-019   2.635690195098539E-037   2.334362623746540E-019
    52   10   8.424251511216802E-020   2.853243568968190E-038   8.424251511216802E-020
    53   10   8.424251511216618E-020   2.853243568968045E-038   8.424251511216618E-020
    55   10   8.658115706032459E-020   3.167564129767540E-038   8.658115706032459E-020
    56   10   8.658115706032584E-020   3.167564129767593E-038   8.658115706032584E-020
    58   10   1.325559901190398E-019   5.890266989296271E-038   1.325559901190398E-019
    59   10   1.325559901190416E-019   5.890266989296358E-038   1.325559901190416E-019
    64   10   5.048899041010343E-020   8.137252181321982E-039   5.048899041010343E-020
    65   10   5.048899041010279E-020   8.137252181321756E-039   5.048899041010279E-020
    67   10   2.084210884362083E-019   1.998383446640502E-037   2.084210884362083E-019
    68   10   2.084210884362084E-019   1.998383446640499E-037   2.084210884362084E-019
    70   10   2.573835226602221E-019   3.018065324186959E-037   2.573835226602221E-019
    71   10   2.573835226602223E-019   3.018065324186968E-037   2.573835226602223E-019
    76   10   4.594085157854809E-020   9.132785457381343E-039   4.594085157854809E-020
    77   10   4.594085157854807E-020   9.132785457381355E-039   4.594085157854807E-020
    79   10   7.235158154009451E-020   2.179913887320727E-038   7.235158154009451E-020
    80   10   7.235158154009615E-020   2.179913887320873E-038   7.235158154009615E-020
    82   10   1.563518286185008E-019   5.326181703656553E-038   1.563518286185008E-019
    83   10   1.563518286185026E-019   5.326181703656775E-038   1.563518286185026E-019
    88   10   3.168473383615379E-020   4.009452719185433E-039   3.168473383615379E-020
    89   10   3.168473383615394E-020   4.009452719185457E-039   3.168473383615394E-020
    91   10   6.501040151154136E-020   1.725596035119985E-038   6.501040151154136E-020
    92   10   6.501040151154059E-020   1.725596035119918E-038   6.501040151154059E-020
    94   10   2.334362623746555E-019   2.635690195098572E-037   2.334362623746555E-019
    95   10   2.334362623746539E-019   2.635690195098530E-037   2.334362623746539E-019
    100   10   8.424251511216816E-020   2.853243568968202E-038   8.424251511216816E-020
    101   10   8.424251511216611E-020   2.853243568968039E-038   8.424251511216611E-020
    103   10   8.658115706032466E-020   3.167564129767545E-038   8.658115706032466E-020
    104   10   8.658115706032613E-020   3.167564129767626E-038   8.658115706032613E-020
    106   10   1.325559901190399E-019   5.890266989296279E-038   1.325559901190399E-019
    107   10   1.325559901190419E-019   5.890266989296412E-038   1.325559901190419E-019
    112   10   5.048899041010328E-020   8.137252181321924E-039   5.048899041010328E-020
    113   10   5.048899041010281E-020   8.137252181321767E-039   5.048899041010281E-020
    115   10   2.084210884362076E-019   1.998383446640484E-037   2.084210884362076E-019
    116   10   2.084210884362089E-019   1.998383446640508E-037   2.084210884362089E-019
    118   10   2.573835226602215E-019   3.018065324186937E-037   2.573835226602215E-019
    119   10   2.573835226602229E-019   3.018065324186983E-037   2.573835226602229E-019
    124   10   4.594085157854794E-020   9.132785457381266E-039   4.594085157854794E-020
    125   10   4.594085157854783E-020   9.132785457381261E-039   4.594085157854783E-020
    127   10   7.235158154009408E-020   2.179913887320692E-038   7.235158154009408E-020
    128   10   7.235158154009617E-020   2.179913887320869E-038   7.235158154009617E-020
    130   10   1.563518286185002E-019   5.326181703656492E-038   1.563518286185002E-019
    131   10   1.563518286185028E-019   5.326181703656784E-038   1.563518286185028E-019
    136   10   3.168473383615403E-020   4.009452719185523E-039   3.168473383615403E-020
    137   10   3.168473383615412E-020   4.009452719185523E-039   3.168473383615412E-020
    139   10   6.501040151154062E-020   1.725596035119915E-038   6.501040151154062E-020
    140   10   6.501040151154080E-020   1.725596035119926E-038   6.501040151154080E-020
    142   10   2.334362623746548E-019   2.635690195098563E-037   2.334362623746548E-019
    143   10   2.334362623746542E-019   2.635690195098532E-037   2.334362623746542E-019
    148   10   8.424251511216814E-020   2.853243568968197E-038   8.424251511216814E-020
    149   10   8.424251511216554E-020   2.853243568967993E-038   8.424251511216554E-020
    151   10   8.658115706032394E-020   3.167564129767475E-038   8.658115706032394E-020
    152   10   8.658115706032546E-020   3.167564129767558E-038   8.658115706032546E-020
    154   10   1.325559901190392E-019   5.890266989296189E-038   1.325559901190392E-019
    155   10   1.325559901190410E-019   5.890266989296284E-038   1.325559901190410E-019
    160   10   5.048899041010326E-020   8.137252181321919E-039   5.048899041010326E-020
    161   10   5.048899041010277E-020   8.137252181321752E-039   5.048899041010277E-020
    163   10   2.084210884362077E-019   1.998383446640487E-037   2.084210884362077E-019
    164   10   2.084210884362088E-019   1.998383446640508E-037   2.084210884362088E-019
    166   10   2.573835226602216E-019   3.018065324186939E-037   2.573835226602216E-019
    167   10   2.573835226602229E-019   3.018065324186985E-037   2.573835226602229E-019
    172   10   4.594085157854793E-020   9.132785457381256E-039   4.594085157854793E-020
    173   10   4.594085157854792E-020   9.132785457381292E-039   4.594085157854792E-020
    175   10   7.235158154009411E-020   2.179913887320693E-038   7.235158154009411E-020
    176   10   7.235158154009633E-020   2.179913887320885E-038   7.235158154009633E-020
    178   10   1.563518286185002E-019   5.326181703656499E-038   1.563518286185002E-019
    179   10   1.563518286185029E-019   5.326181703656800E-038   1.563518286185029E-019
    184   10   3.168473383615399E-020   4.009452719185502E-039   3.168473383615399E-020
    185   10   3.168473383615424E-020   4.009452719185575E-039   3.168473383615424E-020
    187   10   6.501040151154100E-020   1.725596035119946E-038   6.501040151154100E-020
    188   10   6.501040151154058E-020   1.725596035119909E-038   6.501040151154058E-020
    190   10   2.334362623746551E-019   2.635690195098565E-037   2.334362623746551E-019
    191   10   2.334362623746539E-019   2.635690195098526E-037   2.334362623746539E-019
    196   10   8.424251511216824E-020   2.853243568968204E-038   8.424251511216824E-020
    197   10   8.424251511216541E-020   2.853243568967983E-038   8.424251511216541E-020
    199   10   8.658115706032383E-020   3.167564129767460E-038   8.658115706032383E-020
    200   10   8.658115706032561E-020   3.167564129767572E-038   8.658115706032561E-020
    202   10   1.325559901190391E-019   5.890266989296166E-038   1.325559901190391E-019
    203   10   1.325559901190411E-019   5.890266989296303E-038   1.325559901190411E-019
  </DiscreteSampler_grid>
