 -0.00000000462156948  0.00000003140966753  0.00000008257416638  0.00000015607597582
  0.00000023704757535  0.00000033381476827  0.00000052462732243  0.00000062244021436
  0.00000067455639041  0.00000072772556796  0.00000080084650011  0.00000088686928876
  0.00000097435296869  0.00000103591910047  0.00000110131909709  0.00000117515253920
  0.00000126588905377  0.00000138082145578  0.00000149236875499  0.00000162466131078
  0.00000173240039597  0.00000181386724241  0.00000192002853507  0.00000205164991100
  0.00000220479333823  0.00000232764107909  0.00000241468914178  0.00000249091869431
  0.00000256947079312  0.00000266305840978  0.00000278320844069  0.00000296618929831
  0.00000323095013645  0.00000348182004020  0.00000361876639563  0.00000367248029877
  0.00000372625740971  0.00000378052149255  0.00000383459896693  0.00000388626536665
  0.00000394175295190  0.00000409083787233  0.00000422892596028  0.00000434957950917
  0.00000456825859077  0.00000476855965606  0.00000491678000983  0.00000505890129159
  0.00000518299066361  0.00000526474030921  0.00000533741327436  0.00000542161296350
  0.00000551021647519  0.00000559204896159  0.00000566971097905  0.00000582668102614
  0.00000608028119877  0.00000631073542794  0.00000654153230957  0.00000679439968969
  0.00000700366916122  0.00000719955884702  0.00000742289882738  0.00000770059634551
  0.00000806556763614  0.00000839096953226  0.00000872123114190  0.00000902593688372
  0.00000929160486002  0.00000955664443817  0.00000984678106433  0.00001013258484045
  0.00001038433421653  0.00001057737622597  0.00001081475819817  0.00001098418115256
  0.00001117136557000  0.00001145306441353  0.00001178179099007  0.00001211459899257
  0.00001244484898892  0.00001284393559988  0.00001335370997762  0.00001394815753765
  0.00001449885489612  0.00001490608418150  0.00001535460751037  0.00001580347727622
  0.00001620465724889  0.00001663076004868  0.00001719888479147  0.00001808974876579
  0.00001984096922379  0.00002278428214977  0.00002807837471794  1.00000000000000000
 -0.00000034721834197  0.00000371144097683  0.00000498445982879  0.00000590602640602
  0.00000665964751558  0.00000705603847348  0.00000733788404544  0.00000758457942681
  0.00000781818971070  0.00000805175989530  0.00000829335554762  0.00000858916947454
  0.00000876358260397  0.00000890212048144  0.00000901592856348  0.00000929971155818
  0.00000984132829187  0.00001009815833280  0.00001047531791754  0.00001101940191200
  0.00001139049036485  0.00001165090711080  0.00001186776822160  0.00001203369505171
  0.00001227005959649  0.00001259466931993  0.00001290059864067  0.00001318734738340
  0.00001343590904848  0.00001357591206430  0.00001372448120553  0.00001386666375787
  0.00001402113007177  0.00001420353080858  0.00001437701142781  0.00001465113951871
  0.00001493745914051  0.00001528430649739  0.00001562349020012  0.00001595231155853
  0.00001610694154244  0.00001618669168905  0.00001625242405689  0.00001633540126279
  0.00001642371751362  0.00001653232015567  0.00001665535777942  0.00001680938553702
  0.00001709789400677  0.00001749543699330  0.00001800152951651  0.00001831505419503
  0.00001860918588797  0.00001887928404477  0.00001907245314544  0.00001918530509322
  0.00001929761518825  0.00001940867924040  0.00001951923532571  0.00001962701690409
  0.00001973669991884  0.00002005874620872  0.00002059753978965  0.00002110665811451
  0.00002150702619632  0.00002184768772970  0.00002217020537495  0.00002253559944950
  0.00002280964993550  0.00002314059478378  0.00002333176892293  0.00002349031445002
  0.00002367181503406  0.00002385938573286  0.00002404730181636  0.00002423531282267
  0.00002454511818081  0.00002498409771370  0.00002546268548287  0.00002597350278228
  0.00002646135174593  0.00002690756502883  0.00002740765986359  0.00002797773220115
  0.00002883822499829  0.00002947293019603  0.00003003609636095  0.00003054210590381
  0.00003107570577062  0.00003175508863328  0.00003262787724350  0.00003364881493505
  0.00003552910860005  0.00003829991278216  0.00004140426479991  1.00000000000000000
  0.02434494668139351  0.03663822019813593  0.05044430926769877  0.06748046015547776
  0.09712597203567228  0.12704931233260763  0.14028373120805909  0.14934189227982086
  0.15825622293655187  0.16473659738621105  0.17182001497001123  0.17894924169888485
  0.18523406624786048  0.19225309203619773  0.20084241830328656  0.21183871642644092
  0.22713734457071666  0.24667558522164820  0.25419309321676481  0.25962326937569963
  0.26454988816805536  0.26906679646302795  0.27383422887306325  0.27939248998970123
  0.28495075110633916  0.30138413679560194  0.31653734066169698  0.32902652760264667
  0.33814440151807079  0.34303144865029384  0.34546123998686201  0.34786674637830367
  0.35113798010244690  0.35423153694035348  0.35688090514401954  0.36146121577806134
  0.36787873483169981  0.37574788426315797  0.38357186913855862  0.39066722998051223
  0.39788110281675731  0.40815181471631878  0.42063327088911201  0.43174202137049839
  0.44938654647635368  0.47848379724494600  0.49673281530318614  0.50556721739299659
  0.51582380707168696  0.52529343880793167  0.53255253693973181  0.53899707381092588
  0.54579898940400540  0.55424700577839237  0.56314683954594957  0.56937270128806361
  0.57574501520448573  0.58290570282362464  0.59331096102261982  0.60487908763767428
  0.61371113901940544  0.61888799906106473  0.62401571041516568  0.62894699039216628
  0.63383545256897833  0.63727638228687311  0.64071731200476778  0.64839370403406082
  0.65764775284543919  0.66805015979863513  0.67433285875225391  0.68075695685467430
  0.68786843801881892  0.69745064526784184  0.70674112365474562  0.71595424111072448
  0.72970703514867596  0.75355853747346480  0.78204431552772902  0.80471218348025608
  0.81552776371975622  0.82445396387357073  0.83694571435545029  0.85134317480416755
  0.86473576149051901  0.87699493450377086  0.88897183327520257  0.90609234131725280
  0.91829332741471081  0.92855228913148680  0.93873953055558601  0.94735091491954582
  0.95557709987061368  0.96526324715069112  0.97123774365233884  1.00000000000000000
  0.00003158300335300  0.00009612123421331  0.00016148852114238  0.00021588948569529
  0.00025247125471833  0.00027670183242676  0.00029947251671214  0.00031799736058253
  0.00034215581152028  0.00036938329191384  0.00040166712258240  0.00044002374898144
  0.00048104390348360  0.00052665768845256  0.00056975918505661  0.00061593566858477
  0.00067738609892878  0.00073726894318842  0.00079530872066610  0.00085604717955315
  0.00092808678842284  0.00101227195783876  0.00109165486227384  0.00114496593825601
  0.00117168629869403  0.00119586121944972  0.00122155068358841  0.00125347252864775
  0.00129678811202528  0.00137704273677873  0.00146155279053691  0.00151945347941169
  0.00158976921632264  0.00166533062411376  0.00177575202725554  0.00187122648183155
  0.00193555329300769  0.00198709299931633  0.00203716321438952  0.00205071031457853
  0.00207102278206486  0.00208342534852656  0.00209960190381389  0.00212571662663470
  0.00214942754123787  0.00219737482204777  0.00224436005801802  0.00229045949852250
  0.00233584230876603  0.00237732963972655  0.00242159074303637  0.00246546011243614
  0.00250902651179208  0.00254475292622862  0.00257576475786253  0.00261519704099580
  0.00267655551345897  0.00278000769178797  0.00282907846588833  0.00287399316443694
  0.00292005046283221  0.00296674439259872  0.00302950350314724  0.00312433539970718
  0.00322254784782336  0.00336854914747289  0.00352937010211813  0.00373461230190291
  0.00394243185349397  0.00415377333619353  0.00429467452501437  0.00437779760017750
  0.00446092067534062  0.00454346893515116  0.00462536696868851  0.00470726500222585
  0.00478861425337238  0.00486914440441469  0.00494967455545700  0.00508482778415681
  0.00535110127879956  0.00563396082147405  0.00592013093981705  0.00620633479108396
  0.00649931414817397  0.00689142618922606  0.00728353823027814  0.00764541149608838
  0.00783302295358817  0.00802063441108795  0.00829984979189947  0.00878657904394253
  0.00924273505450112  0.00968201422991183  0.01032538567126566  1.00000000000000000
  0.00014749002675591  0.00041516522967922  0.00057311814502273  0.00069168785325029
  0.00077010016570688  0.00082839226272899  0.00088361215135168  0.00096531460933343
  0.00107501729355847  0.00118300248877571  0.00130848219782227  0.00146872277738802
  0.00165737271934604  0.00184429789017747  0.00202507901631425  0.00218194066224937
  0.00234269993624018  0.00253169289001981  0.00272713932579702  0.00286833040461442
  0.00301754435996239  0.00318302305377593  0.00331631138496074  0.00339916177991970
  0.00346931961744284  0.00353050630114323  0.00362452435463785  0.00371423847105428
  0.00377444450244328  0.00383387149286888  0.00389824064629993  0.00398585211666237
  0.00406259328179454  0.00420919577605254  0.00444248614902439  0.00469143863557555
  0.00504518570632236  0.00538952893439014  0.00556453926203835  0.00569758678616003
  0.00579635399061164  0.00586915587031496  0.00592388555829890  0.00598143620373263
  0.00603757910841619  0.00608839551463085  0.00621213398605703  0.00633846102394382
  0.00650907320072690  0.00668096776174904  0.00688932167750012  0.00702454067900273
  0.00715869273583420  0.00739602731870307  0.00774686079006364  0.00818473493593448
  0.00875026323053737  0.00918442318766050  0.00954885975080538  0.00988487792764059
  0.01022352342607909  0.01048768637182840  0.01067679959515616  0.01087351235566325
  0.01120431519493777  0.01147983824709812  0.01160549315109067  0.01227913673474377
  0.01297322706425172  0.01365016074968920  0.01460185969424420  0.01523546261847881
  0.01578968253983239  0.01645187892722003  0.01677585131005264  0.01690307867187786
  0.01703030603370308  0.01715753339552830  0.01728476075735352  0.01741198811917874
  0.01753921548100397  0.01766644284282919  0.01779367020465441  0.01844381551010061
  0.01928110947267512  0.02011840343524962  0.02095569739782413  0.02179299136039863
  0.02263028532297313  0.02346757928554764  0.02430487324812215  0.02514216721069665
  0.02597946117327115  0.02681675513584566  0.02900757799985401  1.00000000000000000
 -0.00023639654972536  0.00297477287162033  0.00678845001091267  0.00859882907149406
  0.01102118823739937  0.02031103091057374  0.02633996361137483  0.03149651273073805
  0.04507470974021460  0.05588946017466800  0.06728883934204433  0.08328012954512259
  0.10461830204611097  0.12395878623972320  0.13129263256538551  0.13812197805631354
  0.14483379145429945  0.15077635609869988  0.15652294281794785  0.16343529094573372
  0.16606069063465012  0.16864511146738986  0.17081966313702410  0.17280824285998111
  0.17479682258293811  0.17679259994209121  0.17879343819653412  0.18079427645097704
  0.18312824937772165  0.18578821161611109  0.18930486625035645  0.19528486493073782
  0.20157408414672984  0.20634540919382424  0.21074266799304614  0.21868677477186568
  0.22722318197000754  0.23767281283564462  0.24857062991777132  0.25999128126462057
  0.27322028714116836  0.28831124238492467  0.30625998421908157  0.32991136166287111
  0.34151947251290382  0.35370814761539204  0.36654515450466174  0.38281425398324720
  0.39912416582767218  0.41427953160700642  0.42620794127988998  0.43547617242049047
  0.44338063939319905  0.45209408440906274  0.46421290826513162  0.47864563983018865
  0.50015674540121524  0.51837284939361272  0.52856349709598582  0.53762281930633704
  0.54923403860440900  0.56429844416832620  0.58279031711756768  0.60426672454535879
  0.61721625525264390  0.62747615857263050  0.63403585746973956  0.64522889187122212
  0.65381672897947962  0.66299785185561244  0.67226867078167052  0.69053950749958148
  0.71026997664678693  0.72704352366347780  0.74406911402815967  0.76118571772300758
  0.77744084854153683  0.79076173979952169  0.80315763251419137  0.81849202614514005
  0.84451334080524099  0.86807097531797583  0.88326596873801622  0.89597251931671340
  0.90731605156721895  0.91947491494156242  0.93181849379711479  0.94525143089305885
  0.96119393278728193  0.97319087386667846  0.98280700349730354  0.98894632740526311
  0.99188400253002718  0.99490512182170265  0.99756624542533678  1.00000000000000000
 -0.00657540999582517  0.02047050318042044  0.04150785604388112  0.05985798301926804
  0.07378560406494150  0.08528431788639540  0.09850229928646113  0.12305234291289177
  0.15482894651797488  0.18539108849099134  0.20756990058206190  0.22611318767749014
  0.23831896415519035  0.24835567657661028  0.25862378088985699  0.26979134029786628
  0.28456069623698521  0.29752252957938669  0.31067107570373054  0.32525692914070059
  0.34396097600349906  0.36014993591252009  0.37060495671216337  0.37745583953943634
  0.38445382946690132  0.39359267653558022  0.40276483355778220  0.41322589887255262
  0.41660646998195688  0.42034300633599070  0.42405422255465464  0.42832140348296294
  0.43651211049417754  0.44654750965548035  0.45515449023302079  0.45926037292570021
  0.46075194420763538  0.46234816933231726  0.46420037228789263  0.46600573864174538
  0.46754156004786351  0.46907738145398165  0.47322885665012093  0.47495622255268627
  0.47668358845525161  0.47854729170457883  0.48041165046041873  0.48269178853332290
  0.48504620674492632  0.48843545895520157  0.49220909558045295  0.49597153338643574
  0.50004468112931866  0.50636758372423274  0.51278302279460575  0.51811934112247227
  0.53180736022191344  0.54584178684219431  0.55495149259291521  0.56126174316598776
  0.56753807801344336  0.57354446650685220  0.57970618654281181  0.58684837963892378
  0.59538459427045942  0.60538308867419421  0.61566307648623986  0.62670194318585037
  0.64069264780656610  0.65835352668559377  0.66997492407909975  0.67899596849610599
  0.68940567442077472  0.70043672674512558  0.71262752452266698  0.72290902111415889
  0.73572234389730462  0.74870111497127534  0.76046267511036858  0.76765353911094658
  0.77621513779612883  0.78508985309726131  0.80428359193887500  0.82910558740167406
  0.85795345758843722  0.88281762582435275  0.90001484032067192  0.91085165148085900
  0.91854643065438601  0.92633880344621367  0.93579937842575389  0.94580685733649450
  0.95811305671828151  0.97146180104761881  0.98571804288898746  1.00000000000000000
 -0.00119656532821090  0.00764248031247774  0.01813000857001214  0.02755079207931894
  0.03154314282089572  0.03394011953283162  0.03642638424580071  0.03895847913548928
  0.04199666979783856  0.04550759063424960  0.05355156179267271  0.06630917867723739
  0.07050455117221967  0.07469992366720195  0.08105730097707763  0.08758420142388693
  0.09662762084677939  0.10726295429441331  0.11920082388517043  0.13425145291986909
  0.14794088191636379  0.16207697653010220  0.17612304043382745  0.18930626442677398
  0.20464921145730505  0.22061066657565756  0.23258529849439105  0.24812151571510985
  0.26579258054745264  0.28399515772602746  0.29757924106496580  0.30768728295764308
  0.31579165912898910  0.32674947038640267  0.33995770755090465  0.34808332389471369
  0.35243769707039330  0.35650513793276339  0.36050239428905967  0.36455669140969316
  0.37362926582861467  0.38513557413896354  0.40609554010014981  0.43521629494106961
  0.46588923366518054  0.48488990925545755  0.49259965008079071  0.49740352390555925
  0.50098508810378717  0.50490487490672509  0.50916396908831107  0.51381852847324627
  0.52263582518490148  0.52940987051724653  0.53502796690548826  0.53936220506802546
  0.54425836874435185  0.54987615142642887  0.55630620121495455  0.56492198405383864
  0.57357836929058281  0.58150104941798841  0.59078923790151239  0.60221459798231280
  0.61709287542096469  0.63126057865750418  0.64399987080293120  0.65468431756536505
  0.66756633449260661  0.68212389371829663  0.69746979604704462  0.71373048528465355
  0.72940038968287724  0.74250116328205085  0.75292131908853099  0.76281275879733557
  0.77444806452964488  0.78012120516531358  0.78683716437806028  0.79458053374004189
  0.80887909954190695  0.82336361329849872  0.83730179798460203  0.85374662944783053
  0.87453466206930597  0.88641467758147185  0.89934536004102084  0.91266557246991287
  0.92015415102634490  0.92767910557938171  0.93788134322653660  0.94787035053482893
  0.95580896381100422  0.96404097148568901  0.97955195677242501  1.00000000000000000
 -0.00323967630848246  0.01782576099163899  0.03143149238755168  0.04145117550874321
  0.05273435569246005  0.06450354819706514  0.07324824868440923  0.08120547122566976
  0.09045527257828048  0.09663134173212770  0.10448178778480763  0.11496197149338086
  0.12269957890224663  0.13067334269993289  0.13848930346887806  0.15271416035243537
  0.16913219688005568  0.19014647642680937  0.21189246865611625  0.23381670929961079
  0.26243443529630101  0.29278622528168197  0.31924245472891921  0.34648367946174125
  0.36552537643470157  0.38541103850329278  0.40312532006410740  0.41663579296007003
  0.43086506941931024  0.44471609119469413  0.45741196091134306  0.46862491680621371
  0.47681802756753705  0.48524382394920967  0.49341855359063069  0.49753073188974478
  0.50388372953732397  0.51228415985309839  0.52059461480545077  0.52987267188047282
  0.53980401002683909  0.55116270263119549  0.56245767267068170  0.56900078658774522
  0.57382440084395991  0.58005894627437682  0.58736385238574673  0.59462313563460145
  0.60747732316929792  0.62008201954652353  0.63385316575133277  0.64830601504123930
  0.65977265715284317  0.67028885493918444  0.67743690280773483  0.68320256153229331
  0.68953613013074166  0.70036116752061939  0.71353728602981714  0.72157674608696531
  0.72811085956525678  0.73529687561775603  0.74505068491015491  0.75480449420255369
  0.76250220399225532  0.76901769429043487  0.77549804008738366  0.78061002267519486
  0.78309957130266772  0.78502010732024352  0.78938031429143074  0.79373785126253726
  0.79809224941821078  0.80760377435090036  0.81686302444233527  0.82241785637642861
  0.82618853489686295  0.83178410736873176  0.83799264679982455  0.84721202946318575
  0.85772893893141033  0.86735961575731602  0.87750866704621988  0.88846690701073705
  0.89942514697525422  0.91059061575200229  0.92178893146930541  0.93313437406010047
  0.94478623056817068  0.95586457847373829  0.96372227056837911  0.97073462898266183
  0.97773501266444196  0.98496844100685799  0.99236912226384599  1.00000000000000000
 -0.00151086209414594  0.00576047315549901  0.01594991805236231  0.02546849357744208
  0.03398212702229034  0.04223725174247673  0.04778156077112493  0.05474899393647127
  0.07101150979607450  0.08174694660366577  0.09015417287057405  0.09708228164216326
  0.10372360672434316  0.11167741113454194  0.12029799244707781  0.13142715321554141
  0.14800627993786672  0.17041867314325171  0.19416963856103142  0.21147707875328348
  0.22281860430323894  0.22919330856948905  0.23316355006256556  0.23591664497545758
  0.23853782696583004  0.24110149417709378  0.24401705236488830  0.24898606775808579
  0.25808995004395568  0.26184348868744961  0.26575593029251399  0.27010199585086070
  0.27476680940477444  0.28051388704077146  0.28915129754160690  0.30444855029301793
  0.31271538965270401  0.32319875656228303  0.33306361362351877  0.34040326938689541
  0.34828097995849422  0.35926678210401031  0.36877224409956927  0.37872578707217225
  0.38892374527950047  0.39901748280609772  0.41721304121762570  0.44335779480843396
  0.46217481988006037  0.47871739466780028  0.49358799869997771  0.50740070735503429
  0.52462622831184957  0.53651169757398953  0.55138967894788393  0.56712336876796976
  0.58329442426650380  0.60413575881564019  0.62626922320209044  0.64070872594458872
  0.65760730756838648  0.67201156009764751  0.68490587862798513  0.69578130764355939
  0.70583566600587599  0.71915965557692130  0.73432098313745520  0.74768721984469144
  0.76392498777792928  0.77757676445574742  0.79432278523571742  0.80599563455090872
  0.82107903523763848  0.83652369352630895  0.84943525520022811  0.85843163120717247
  0.86842963927440620  0.87829314268277903  0.88538943519667035  0.89009090076641439
  0.89493372510170144  0.90016456216400687  0.90537720164007052  0.91016747866008640
  0.91601148881368588  0.92677713031074915  0.94180326432758410  0.95545638130527666
  0.96388045516477872  0.96760953818817530  0.97133862121157200  0.97674932043789198
  0.98221052432481371  0.98803811709993505  0.99401905854996742  1.00000000000000000
 -0.00280930757740684  0.00832864183740756  0.02202747160649120  0.03814304079961009
  0.04283671702126978  0.04880246907661470  0.05668810540674704  0.06684248277335615
  0.07996542706729877  0.09350192845171665  0.10754457476703183  0.12038489198858637
  0.13321468342852461  0.14618199054113953  0.15959999006948036  0.17483386862462835
  0.18855805976041201  0.20026004209855447  0.21085495707885613  0.22086195151028409
  0.22987988568464948  0.24055749630477621  0.25659060500078174  0.27532514940758790
  0.28410937016805743  0.29267667576747125  0.30539735509286242  0.31747087918703287
  0.33550867969636256  0.35941305695917258  0.37379810645595629  0.38658682114643633
  0.40122907175449746  0.41873678827403510  0.43671516399506949  0.45457893667868460
  0.46423429066767419  0.47435245347048599  0.48791653190117107  0.49892849385886545
  0.50856299126786475  0.51740219996312242  0.52774364120859230  0.53990704716157401
  0.55148609343657751  0.56559237606556301  0.58248753780989115  0.59777009629583788
  0.60956660290442244  0.61969392799079204  0.62756655064322397  0.63456855007698532
  0.64053804506652712  0.64789152191432409  0.65823482209524353  0.67130197549739934
  0.68293156457132942  0.69369650260842441  0.70209734430355208  0.71204819519202356
  0.72563679477609011  0.73987416671150874  0.74680557308133988  0.75250751622865897
  0.75820945937597806  0.76210262035777787  0.76500489905225888  0.76790717774674000
  0.77085110134049861  0.77384462469224990  0.77683814804400120  0.78265858473297245
  0.79052074316596666  0.79603567778784801  0.80215762977812588  0.80769159645188804
  0.81243267868121205  0.81747136832847200  0.82268697989795636  0.82732040557076536
  0.83355566293470007  0.84160704916180307  0.84669478107081586  0.85176962024095537
  0.85722195012996105  0.86734479856978497  0.88508913377408260  0.90734810563686064
  0.91984628030588822  0.93000120165692146  0.94074586812124894  0.95386602101650453
  0.97163220667791395  0.98471714999238402  0.99209190811906456  1.00000000000000000
 -0.00221116648999361  0.00848800101578056  0.01656917739284306  0.02499691854188118
  0.03095918902211928  0.03717910143258893  0.04364119998131136  0.04920196470578359
  0.05688245713287676  0.06458732323873388  0.07166583916076072  0.07735510281350982
  0.08327608780991394  0.09174694194296137  0.10503758299370244  0.11939715478717634
  0.13212433596693859  0.14699689398828658  0.16794103875777922  0.18268957961707497
  0.18942889250747380  0.19259522110260374  0.19541928484636567  0.19779337639100580
  0.20004123193436063  0.20202175656801627  0.20581413839510806  0.21649647818858472
  0.22768212894559239  0.24329089900733519  0.26016529393138416  0.27271657950097117
  0.28424626185342100  0.29624490352744720  0.31214467652032135  0.32941179544397353
  0.34724182954949312  0.36426589841679574  0.37784054695596619  0.38712623553354059
  0.39446329133609126  0.40088919318023436  0.40682725652454443  0.41229117879809868
  0.41969042633957554  0.42492845340211188  0.43175317739652164  0.44565665231269241
  0.46409488740980442  0.49401109831419254  0.51959972604823956  0.53919207307360906
  0.56136076730173512  0.57263858413254032  0.58354964594317937  0.59704395889850648
  0.60916794729697443  0.61907353307314861  0.62981282178043896  0.65406533893880447
  0.67260826953343866  0.69151875476853808  0.71259658376974266  0.73154704883410870
  0.74570913016392659  0.75688569917189730  0.76784812537993241  0.77876994650411169
  0.79207904239411375  0.81359265985383833  0.82449904305830979  0.83136590716852832
  0.84036851884694652  0.85097787050989115  0.86109118916854199  0.86780954588148673
  0.87741622956694543  0.88595915422852201  0.89167453162157151  0.89590753613423968
  0.90036918789766440  0.90514272495905113  0.91012134239998121  0.91600361465823477
  0.92188588691648832  0.93090474756839270  0.94193526516878168  0.95347074017904265
  0.96132820933985841  0.96826475401435752  0.97404152956904344  0.97813195575568035
  0.98352940104095909  0.98720307240763194  0.99473062295959613  1.00000000000000000
 -0.00171093819133588  0.00747496311231569  0.01813640676399728  0.02925446859889382
  0.03870379138986310  0.05053907042797157  0.06306741030199857  0.07616296797978586
  0.09056059733624951  0.10642139651165566  0.12781803008491194  0.14559454177946449
  0.16406155253600779  0.18633843275127912  0.20117158825158118  0.20584396973979358
  0.21044227709952762  0.21478983612423400  0.21913739514894037  0.22294254710019287
  0.22673819018925326  0.23593430466693585  0.24635389160609175  0.25530019550013483
  0.27013451536290251  0.28663927988520155  0.29739518102431922  0.30360767032550623
  0.30812387035906985  0.31249894456884081  0.31677932085368010  0.31962153202421340
  0.32179506177128259  0.32506810207544712  0.33138462122393925  0.34081509770190266
  0.35891023847378972  0.37858794177338134  0.38555620470527646  0.39246836865723383
  0.39728880523672627  0.40210924181621871  0.40612562289566212  0.41011191934364388
  0.42252437807528620  0.43835378480069487  0.44838673282392316  0.45523061279368326
  0.46030377358658869  0.46723046515928829  0.47440967903855941  0.47998910125047434
  0.48545053318506354  0.49080846422208402  0.49727662218903285  0.51081955812931090
  0.52477627453130182  0.53141464161011975  0.53631468715934238  0.54208868552552281
  0.55118797883143678  0.56598573518437112  0.58408128524913594  0.60225038895429328
  0.62318908714409815  0.64475053673026750  0.65964421858609545  0.67317631701955238
  0.68825835904076538  0.70222280525493908  0.71433160753424463  0.72322503881554545
  0.73497540912845816  0.74389924657285489  0.74943752123936958  0.75924894643017871
  0.76711821656895829  0.77408104738531769  0.78161962384964245  0.78679628342799734
  0.79302115818834817  0.80135468969700041  0.81044032498517227  0.82131976410032259
  0.83463997795568590  0.85422074021703576  0.88061439920986828  0.90729019936018718
  0.92796664888954294  0.94145759082479241  0.95000846903337410  0.95718023981413680
  0.96333901130013500  0.97315179576777222  0.98412076855759389  1.00000000000000000
 -0.00219451228866986  0.00629275680224472  0.01514937679375303  0.02688328972498955
  0.03850610945528714  0.04943947367336507  0.05876910768179723  0.06700779319036400
  0.07572972300384093  0.08696787117719668  0.10358446722553416  0.11599620862307214
  0.12894635336968674  0.14105700028457097  0.14849394507013147  0.15258962431877324
  0.15672019602525400  0.16094766357389939  0.16519503114349648  0.16973031921821247
  0.17426560729292845  0.18638002336783976  0.19398433395199527  0.20275866987980509
  0.21203962215758679  0.22235508020394071  0.23568688778094440  0.25044582819836742
  0.26361919982243459  0.27344098542126022  0.28750274937091069  0.30537555182334525
  0.33301837609072288  0.35850341230450833  0.36951858376948471  0.37290047142344401
  0.37647395880473150  0.38197872604709032  0.39234461716537389  0.40007118174556078
  0.40703694301339699  0.41303636775463010  0.41895611199251526  0.42903382523368727
  0.44256825259350108  0.45368734314084069  0.46509320530491599  0.47038351623753549
  0.47416346500045709  0.47830655567440766  0.48272859722148176  0.48770662032560080
  0.49378733673475272  0.50065558004814592  0.51334038848237484  0.52418597510367437
  0.53562814853137097  0.55177430004863948  0.56555330951088889  0.57592041531847127
  0.58548739105707426  0.59627463245760171  0.60902989283143338  0.61870255242128969
  0.62717507155425656  0.63781261607401918  0.64479626957539715  0.65233933424394408
  0.65853906480257662  0.66231716607012170  0.66909515173942480  0.67500194316202489
  0.68081367088013056  0.68630087511032489  0.69715122282767827  0.71024589664708970
  0.72015720050692222  0.72569480796863306  0.73202815586205261  0.74020038448483072
  0.75086873816217803  0.78277735487001165  0.80139588993892463  0.81444794834218559
  0.82549633980794512  0.83576550851917841  0.84970508471037021  0.86779299357609385
  0.88092856439595435  0.89450804356976910  0.91149052718063839  0.93468407911057794
  0.95645766767253726  0.97267951063023583  0.98607867564034435  1.00000000000000000
 -0.00078853604498904  0.00540661414237205  0.01160249938015932  0.02290217786132279
  0.02796250025686375  0.03302282265240471  0.03996105222352973  0.04726090614152482
  0.05594513718887362  0.06577313337602134  0.07566053075647601  0.09547482023560014
  0.11315912204370898  0.12880422737654604  0.14869686662569020  0.16715010558888949
  0.18684801530277625  0.20425952684470705  0.21144878620933905  0.21352031086482140
  0.21663374652091019  0.22080465515876602  0.22619606494750269  0.23273364632737137
  0.24025927578546175  0.24451665116171634  0.24934349333051847  0.25540109983655634
  0.26032027615071490  0.26599961821154239  0.27010096250655891  0.27520821480396551
  0.27834389536512771  0.28256749348545568  0.28738046798720346  0.29279295610579781
  0.29984628903372190  0.31144033908053165  0.33124139946877201  0.35050712196355427
  0.36441432240630500  0.37974020541867393  0.39487640893078263  0.41367568798350440
  0.43243409828718238  0.44387334678984192  0.45247965649178529  0.45983822956359371
  0.46761545019665113  0.48297640489497057  0.49409531581020366  0.50859895137121269
  0.52477446300188291  0.54513329791072973  0.56479301195328768  0.58119218688157626
  0.59603591053136906  0.60971469765770414  0.62446092364122052  0.64126428317809792
  0.66302003879953553  0.68892087164941784  0.71894301344617573  0.74047989633289568
  0.75584714148091448  0.76571648382641200  0.76980600804917065  0.77380551821294907
  0.77764202686762673  0.78148494805603930  0.78534519753280330  0.79084199963851032
  0.80366379840402313  0.82153321830217851  0.84486673400073919  0.85700167462192189
  0.86287404272656498  0.86570358758477206  0.86842108733751777  0.87186966891616646
  0.87640492323289731  0.88099089588185997  0.88375518390746755  0.88705078265655868
  0.89445723619761131  0.90720367326356399  0.91928116372817070  0.93195213127073917
  0.94627279954899690  0.95767395733792515  0.96803573152327649  0.97784874684521395
  0.98721401829571476  0.99183446507369466  0.99594590362828705  1.00000000000000000
 -0.00568295216151245  0.00355284643028729  0.01266475323583944  0.02177666004139160
  0.02642612417445539  0.03041241129489787  0.03488447142677569  0.04056450852853104
  0.04358728496867478  0.04614364677478013  0.04958525960038863  0.05786104395245267
  0.06542067124693129  0.07068707830979928  0.07585377623852296  0.08138635006262712
  0.08844563486690603  0.09278737242252787  0.09933062310134157  0.10848099988866199
  0.12302835700045964  0.13576257776304268  0.15085625081795301  0.16447654077265642
  0.18092280459511470  0.19731664737225962  0.21225354560619564  0.22689022089065372
  0.24065143271946901  0.25426311889244724  0.26663587786366938  0.27505230296635202
  0.28128078643646559  0.28751245180747775  0.29374765370439659  0.29999996625372910
  0.30862901242274865  0.32623204450676313  0.34577794976677972  0.36507398969676230
  0.38182970304712605  0.39448805947199594  0.40815520429196445  0.42279435634836476
  0.44001375935700709  0.45472147473809382  0.46538128271862894  0.47384482470760625
  0.47995301853930916  0.48578210408618805  0.49341291438668694  0.50414348064664416
  0.51702984144394959  0.53170065424105195  0.55560465088568400  0.57922926929548335
  0.60167523766059905  0.62205768741471101  0.64226638353226073  0.65916961605266700
  0.67376197815503980  0.68553350200676466  0.70125558120598408  0.71623149950663723
  0.72509606139817562  0.73323850290726689  0.74271447243425948  0.75084124482551595
  0.76013024620795666  0.77313649101172022  0.78243092477283149  0.79068298415425753
  0.80090653316114746  0.81175664949305348  0.82009173950968228  0.82845152816511980
  0.83770104426190561  0.84702084093517516  0.85491624858600701  0.86472668055608393
  0.87667928277770302  0.88670612855883102  0.89795042929079893  0.90894659551967738
  0.91489196709867326  0.92012516177418102  0.92519634719485222  0.93048845247096157
  0.93741200857728590  0.94491463373019546  0.95178120922089926  0.95958877190429215
  0.96739633458768493  0.97782926116645597  0.98891463058322804  1.00000000000000000
 -0.00073706438189931  0.00623103606163718  0.01483795407220283  0.02492244773008536
  0.03855133220664225  0.05940218961610512  0.07164870938969091  0.08389522916327670
  0.09374033037580452  0.10353318130205182  0.11205761521362793  0.11819173829951551
  0.12432586138540311  0.13422253986588858  0.14650297308311730  0.16135340992214883
  0.17233289819962061  0.18533276770210233  0.19879925784031177  0.21217639164945229
  0.22385361315243998  0.23364575910347382  0.24018170243887987  0.24693475428116138
  0.25581466798098895  0.26984238124822379  0.28639644575326584  0.30474863040390909
  0.32888674574783439  0.34979616264916352  0.36562112577135336  0.37622533739014674
  0.38135705851737917  0.38482684257728000  0.38719953955085645  0.38880771079262999
  0.39035241840787233  0.39181479126453872  0.39368307550512627  0.39682933177699703
  0.40098253290468977  0.40757693207494100  0.41396902444478428  0.42191910751445499
  0.43010392518653201  0.43684749196886530  0.44242947676956473  0.44724544996443200
  0.45108998064813993  0.45467913586165953  0.46305240533054237  0.46836756511397165
  0.47169226800666536  0.47498156041485362  0.47909880659133863  0.48461207142617552
  0.49860107363794542  0.51250543316767794  0.52220877967894153  0.53024806955587123
  0.53813832950136375  0.54642058987843434  0.55413024882586448  0.56037554267801137
  0.57091890921391186  0.58060950509401543  0.59125157691412644  0.60482101204911498
  0.61756689649800212  0.63174323228726270  0.64533014220711760  0.65966230909289758
  0.67592178764415434  0.69557789043714080  0.71672822859587304  0.73894093155186436
  0.75720079255820361  0.76715249541714925  0.77730371118285657  0.78866294383733049
  0.80429363056982928  0.82638552616046701  0.84562620040811409  0.86294866031708406
  0.87550905662992040  0.88359107333560749  0.89147122310854743  0.89859766804281238
  0.90296244151313065  0.91212452155485435  0.92116365815282930  0.93062972263367016
  0.94126753904007165  0.96003851438017251  0.98031366300475786  1.00000000000000000
 -0.03758569569512585  0.78208502960723525  0.81745491809047877  0.83734070543344441
  0.85446472287187336  0.87181780376755136  0.88149816162022843  0.88945662221351440
  0.89565698809283201  0.90128283514235252  0.90749294950883808  0.91466501123058874
  0.91998296704893778  0.92409304739765752  0.92768536714601380  0.93039630173426113
  0.93234575246231366  0.93459101110870835  0.93729535927051943  0.94009325459543847
  0.94268332520226539  0.94536049428778934  0.94810068869727204  0.95044447839993096
  0.95269369537404969  0.95494984447540709  0.95688607773982604  0.95858458035713301
  0.95962171253505946  0.96056369633157568  0.96163492588404942  0.96320467905072338
  0.96470603414439060  0.96602816093227817  0.96703253510467446  0.96756332914577836
  0.96793126887061431  0.96825949020933977  0.96855485776208494  0.96882036582346953
  0.96913540610238835  0.96978391307806311  0.97085293940260153  0.97218348097203877
  0.97347536590626038  0.97473013587602686  0.97581625180476317  0.97680198727094181
  0.97770262686266896  0.97859112116855995  0.97926927851871481  0.97992585993629544
  0.98061243880076876  0.98132515670528553  0.98175206836783580  0.98208343433558676
  0.98238233616457227  0.98265132256607601  0.98293053285601040  0.98331095719475936
  0.98359813612152092  0.98388706212486787  0.98416294077016730  0.98457172411556992
  0.98498072048501595  0.98536073279853997  0.98574158213895613  0.98613969924021150
  0.98659219007484700  0.98722786057155743  0.98785302115059603  0.98847705583009127
  0.98903395115298964  0.98934915240940979  0.98956910736556769  0.98976240546727834
  0.98996398725862644  0.99014932307086667  0.99035161800708382  0.99063226266026860
  0.99094065295084177  0.99129501630439565  0.99173578902775039  0.99218652755406189
  0.99233697780842156  0.99246631897731352  0.99259566014620548  0.99283182620038468
  0.99336016595643750  0.99388850571249021  0.99441684546854292  0.99502325852217643
  0.99567936307419846  0.99633546762622061  0.99699157217824275  1.00000000000000000
 -0.04236908494968290  0.21410101707880133  0.25896451603283643  0.28003366516262579
  0.29396122853282386  0.31132826864831492  0.32823652954030835  0.33916670787463760
  0.34735434446604102  0.35674691426186067  0.36699022074277465  0.37345136813897611
  0.37879109558797264  0.38345753389877368  0.38997401579933816  0.40319279835185301
  0.41675381761348046  0.42494310968170607  0.43120862466271520  0.43653384308760795
  0.44145419299260824  0.44746100865945515  0.45411584517356884  0.45993125871528512
  0.46437753558289013  0.47003342961892364  0.47600982573974249  0.48283288665808805
  0.49327171176282153  0.50329407190458098  0.51161008592339385  0.51892933909491434
  0.52814647929914316  0.53641939401072125  0.54208225399293408  0.54699085526694058
  0.55160087638942523  0.55596296953640501  0.56259540554479848  0.57199398876801189
  0.58502209339757327  0.59858506344225915  0.61036727941932967  0.61984196882859777
  0.62685414728176458  0.63341456826668496  0.63893629678994490  0.64417138328075541
  0.64737968952718683  0.65016286629374354  0.65338757364364630  0.65701048141811091
  0.66029759465576920  0.66287806530347004  0.66575143023842309  0.67079487607816279
  0.67336761175840298  0.67594034743864317  0.67829521129735726  0.68059524485864498
  0.68272918135094918  0.68471976682134505  0.68867680208738680  0.69613100223790958
  0.69930616191649841  0.70198528351834932  0.70439006878846522  0.70650910178922011
  0.71007454690746452  0.71344771286843511  0.71749888479858437  0.72148350578287357
  0.72536183976076574  0.72902028297143318  0.73299371594255902  0.73809011689600235
  0.74570270876583322  0.75222675121874860  0.75544372836261076  0.76042414398945413
  0.76483939967342340  0.76794373710756081  0.77142302770277693  0.77733301693992551
  0.79039519048068807  0.80461427963193854  0.81638927341919199  0.82660521189439440
  0.83078006888035993  0.83523490473011330  0.84142226219242366  0.84805753613675949
  0.85998220683017335  0.87234411469895068  0.90947626893958744  1.00000000000000000
   5.9374319635455942E-024  -1.0000000000000000     
 T F F F F F F F F F F F F F F F F F F F T F F F T F F F F F F F F F F F T F F F T F F F F F F F F F F F F F F F F F F F T F F F F F F F F F F F F F F F F F F F F F F F F F F F F F F F F F F F F F F F F F F F F F F F F F F F F F F F F F F F F F F F F F F F F F F F F F F F F F F F F F F F F F F F F F F F F F F F F F F F F F F F F F F F F F F F F F F F F F F F F F F F F F F F F F F F T F F F F F F F F F F F F F F F F F F F T F F F T F F F F F F F F F F F T F F F T F F F F F F F F F F F F F F F F F F F T F F F T F F F F F F F F F F F F F F F F F F F T F F F T F F F F F F F F F F F T F F F T F F F F F F F F F F F F F F F F F F F T F F F F F F F F F F F F F F F F F F F F F F F F F F F F F F F F F F F F F F F F F F F F F F F F F F F F F F F F F F F F F F F F F F F F F F F F F F F F F F F F F F F F F F F F F F F F F F F F F F F F F F F F F F F F F F F F F F F F F F F F F F F F F F F F F F F T F F F F F F F F F F F F F F F F F F F T F F F T F F F F F F F F F F F T F F F T F F F F F F F F F F F F F F F F F F F T F F F
  <DiscreteSampler_grid>
  grouped_processes
  1 # 1 for a reference and 2 for a running grid.
  10 # Attribute 'min_bin_probing_points' of the grid.
  1 # Attribute 'grid_mode' of the grid. 1=='default',2=='initialization'
  0.0000000000000000 # Attribute 'small_contrib_threshold' of the grid.
  0.5000000000000000 # Attribute 'damping_power' of the grid.
 # binID   n_entries weight   weight_sqr   abs_weight
    16   10   1.558918544246052E-028   1.523850422288886E-055   1.558918544246052E-028
    17   10   1.558918544246331E-028   1.523850422289544E-055   1.558918544246331E-028
    19   10   1.827231493380888E-028   2.763504373344857E-055   1.827231493380888E-028
    20   10   1.827231493381281E-028   2.763504373346158E-055   1.827231493381281E-028
    22   10   1.831736433637182E-028   2.780797869801450E-055   1.831736433637182E-028
    23   10   1.831736433637576E-028   2.780797869802756E-055   1.831736433637576E-028
    28   10   2.723165245043749E-022   7.091291448428622E-043   2.723165245043749E-022
    29   10   2.723165245044436E-022   7.091291448432285E-043   2.723165245044436E-022
    31   10   9.654284376955480E-022   9.228395274196507E-042   9.654284376955480E-022
    32   10   9.654284376957930E-022   9.228395274201215E-042   9.654284376957930E-022
    34   10   1.047872451925063E-021   1.087653587767732E-041   1.047872451925063E-021
    35   10   1.047872451925311E-021   1.087653587768250E-041   1.047872451925311E-021
    40   10   1.558918544246052E-028   1.523850422288887E-055   1.558918544246052E-028
    41   10   1.558918544246332E-028   1.523850422289545E-055   1.558918544246332E-028
    43   10   1.827231493380888E-028   2.763504373344856E-055   1.827231493380888E-028
    44   10   1.827231493381281E-028   2.763504373346158E-055   1.827231493381281E-028
    46   10   1.831736433637181E-028   2.780797869801449E-055   1.831736433637181E-028
    47   10   1.831736433637575E-028   2.780797869802755E-055   1.831736433637575E-028
    52   10   2.723165245043750E-022   7.091291448428628E-043   2.723165245043750E-022
    53   10   2.723165245044432E-022   7.091291448432258E-043   2.723165245044432E-022
    55   10   9.654284376955468E-022   9.228395274196486E-042   9.654284376955468E-022
    56   10   9.654284376957930E-022   9.228395274201212E-042   9.654284376957930E-022
    58   10   1.047872451925063E-021   1.087653587767732E-041   1.047872451925063E-021
    59   10   1.047872451925311E-021   1.087653587768249E-041   1.047872451925311E-021
    64   10   1.558918544246052E-028   1.523850422288888E-055   1.558918544246052E-028
    65   10   1.558918544246332E-028   1.523850422289547E-055   1.558918544246332E-028
    67   10   1.827231493380886E-028   2.763504373344852E-055   1.827231493380886E-028
    68   10   1.827231493381279E-028   2.763504373346152E-055   1.827231493381279E-028
    70   10   1.831736433637180E-028   2.780797869801445E-055   1.831736433637180E-028
    71   10   1.831736433637573E-028   2.780797869802748E-055   1.831736433637573E-028
    76   10   2.723165245043750E-022   7.091291448428628E-043   2.723165245043750E-022
    77   10   2.723165245044439E-022   7.091291448432299E-043   2.723165245044439E-022
    79   10   9.654284376955470E-022   9.228395274196488E-042   9.654284376955470E-022
    80   10   9.654284376957942E-022   9.228395274201235E-042   9.654284376957942E-022
    82   10   1.047872451925062E-021   1.087653587767730E-041   1.047872451925062E-021
    83   10   1.047872451925312E-021   1.087653587768251E-041   1.047872451925312E-021
    88   10   1.558918544246052E-028   1.523850422288887E-055   1.558918544246052E-028
    89   10   1.558918544246332E-028   1.523850422289546E-055   1.558918544246332E-028
    91   10   1.827231493380887E-028   2.763504373344853E-055   1.827231493380887E-028
    92   10   1.827231493381279E-028   2.763504373346153E-055   1.827231493381279E-028
    94   10   1.831736433637180E-028   2.780797869801446E-055   1.831736433637180E-028
    95   10   1.831736433637575E-028   2.780797869802753E-055   1.831736433637575E-028
    100   10   2.723165245043750E-022   7.091291448428632E-043   2.723165245043750E-022
    101   10   2.723165245044436E-022   7.091291448432276E-043   2.723165245044436E-022
    103   10   9.654284376955470E-022   9.228395274196488E-042   9.654284376955470E-022
    104   10   9.654284376957949E-022   9.228395274201249E-042   9.654284376957949E-022
    106   10   1.047872451925063E-021   1.087653587767731E-041   1.047872451925063E-021
    107   10   1.047872451925313E-021   1.087653587768253E-041   1.047872451925313E-021
    112   10   1.614809761708182E-022   2.318445726220123E-043   1.614809761708182E-022
    113   10   1.614809761708546E-022   2.318445726221232E-043   1.614809761708546E-022
    115   10   2.518618448013292E-022   5.731548101585360E-043   2.518618448013292E-022
    116   10   2.518618448013875E-022   5.731548101588150E-043   2.518618448013875E-022
    118   10   1.249883777095142E-022   1.262758820354948E-043   1.249883777095142E-022
    119   10   1.249883777095427E-022   1.262758820355587E-043   1.249883777095427E-022
    124   10   4.697088881092910E-028   1.432815108229059E-054   4.697088881092910E-028
    125   10   4.697088881093148E-028   1.432815108229109E-054   4.697088881093148E-028
    127   10   5.162630471278605E-028   1.666800398145271E-054   5.162630471278605E-028
    128   10   5.162630471278897E-028   1.666800398145346E-054   5.162630471278897E-028
    130   10   4.950200757118085E-028   1.621177997073268E-054   4.950200757118085E-028
    131   10   4.950200757118324E-028   1.621177997073317E-054   4.950200757118324E-028
    136   10   1.614809761708184E-022   2.318445726220128E-043   1.614809761708184E-022
    137   10   1.614809761708546E-022   2.318445726221234E-043   1.614809761708546E-022
    139   10   2.518618448013294E-022   5.731548101585368E-043   2.518618448013294E-022
    140   10   2.518618448013876E-022   5.731548101588156E-043   2.518618448013876E-022
    142   10   1.249883777095143E-022   1.262758820354950E-043   1.249883777095143E-022
    143   10   1.249883777095428E-022   1.262758820355588E-043   1.249883777095428E-022
    148   10   4.697088881092917E-028   1.432815108229063E-054   4.697088881092917E-028
    149   10   4.697088881093154E-028   1.432815108229113E-054   4.697088881093154E-028
    151   10   5.162630471278595E-028   1.666800398145263E-054   5.162630471278595E-028
    152   10   5.162630471278889E-028   1.666800398145340E-054   5.162630471278889E-028
    154   10   4.950200757118075E-028   1.621177997073259E-054   4.950200757118075E-028
    155   10   4.950200757118317E-028   1.621177997073312E-054   4.950200757118317E-028
    160   10   1.614809761708182E-022   2.318445726220123E-043   1.614809761708182E-022
    161   10   1.614809761708546E-022   2.318445726221234E-043   1.614809761708546E-022
    163   10   2.518618448013292E-022   5.731548101585360E-043   2.518618448013292E-022
    164   10   2.518618448013874E-022   5.731548101588147E-043   2.518618448013874E-022
    166   10   1.249883777095142E-022   1.262758820354948E-043   1.249883777095142E-022
    167   10   1.249883777095427E-022   1.262758820355587E-043   1.249883777095427E-022
    172   10   4.697088881092919E-028   1.432815108229065E-054   4.697088881092919E-028
    173   10   4.697088881093154E-028   1.432815108229113E-054   4.697088881093154E-028
    175   10   5.162630471278607E-028   1.666800398145272E-054   5.162630471278607E-028
    176   10   5.162630471278897E-028   1.666800398145346E-054   5.162630471278897E-028
    178   10   4.950200757118085E-028   1.621177997073268E-054   4.950200757118085E-028
    179   10   4.950200757118326E-028   1.621177997073319E-054   4.950200757118326E-028
    184   10   1.614809761708183E-022   2.318445726220127E-043   1.614809761708183E-022
    185   10   1.614809761708546E-022   2.318445726221233E-043   1.614809761708546E-022
    187   10   2.518618448013294E-022   5.731548101585371E-043   2.518618448013294E-022
    188   10   2.518618448013876E-022   5.731548101588152E-043   2.518618448013876E-022
    190   10   1.249883777095143E-022   1.262758820354951E-043   1.249883777095143E-022
    191   10   1.249883777095428E-022   1.262758820355588E-043   1.249883777095428E-022
    196   10   4.697088881092925E-028   1.432815108229069E-054   4.697088881092925E-028
    197   10   4.697088881093157E-028   1.432815108229115E-054   4.697088881093157E-028
    199   10   5.162630471278597E-028   1.666800398145265E-054   5.162630471278597E-028
    200   10   5.162630471278887E-028   1.666800398145337E-054   5.162630471278887E-028
    202   10   4.950200757118075E-028   1.621177997073261E-054   4.950200757118075E-028
    203   10   4.950200757118312E-028   1.621177997073308E-054   4.950200757118312E-028
  </DiscreteSampler_grid>
