  0.02378657630836807  0.03888611057541583  0.04586641125712868  0.05295340964392679
  0.06634837081844831  0.09570549238476420  0.12146196464607645  0.13434630695716185
  0.14574245318696785  0.15309386937511993  0.16033953159523448  0.16720617029495821
  0.17777969590389850  0.19782812360098706  0.21604601913440596  0.22851747347326057
  0.24246078166207805  0.25898525089017732  0.27323650163427399  0.28469081558177434
  0.30162094024125619  0.31479270705544282  0.32168210439925898  0.32773996423192375
  0.33436867471196891  0.34380604174107965  0.36085117701657993  0.37816650878847669
  0.38971301879379916  0.40350033803487079  0.41996516021476937  0.42379918960794521
  0.42593053404521197  0.42770467326297124  0.42904282436823116  0.43038103333425681
  0.43172247803788139  0.43306392274150596  0.43841361880226654  0.44818052767754396
  0.47100859690466335  0.48703909387034688  0.50243178615885298  0.51825957509428677
  0.53452161990459091  0.55438672445851767  0.57484347553479931  0.59673097445941292
  0.61880279339590627  0.63575774676031027  0.64448154479845077  0.64966311087590489
  0.65676939278992752  0.66133263936186726  0.66568138641636343  0.67052519509982844
  0.67631423571656335  0.68151068765650280  0.69690340394809747  0.70945327480974307
  0.71322130958787344  0.71518319180475642  0.71714507402163941  0.71910695623852239
  0.72090675648704972  0.72268967947106089  0.72447260245507217  0.72626690694746843
  0.72849913149470069  0.73073135604193284  0.73296358058916511  0.73631982793425321
  0.74651008346755299  0.75684684718576645  0.76401094963247673  0.77255857925201366
  0.78512187354346774  0.80241365859168579  0.82299583213114247  0.83731726457097277
  0.84725090927083868  0.85290997594153239  0.85843467552770014  0.86309558138421105
  0.87081675065258857  0.88177747952866736  0.89206470428680917  0.90437574845460811
  0.91164022287706881  0.91833954511877736  0.93494305111458698  0.94548808102712611
  0.95523467983898402  0.96500293005056315  0.97129381874996668  1.00000000000000000
  0.02854542277052276  0.04041404968394080  0.04497184109673812  0.04952963250953543
  0.05377009363972693  0.05715914348195604  0.06054819332418515  0.06391070246700931
  0.06714534367911608  0.07037998489122287  0.07422910847093513  0.08529658771510276
  0.09504906946549986  0.10527563913930785  0.11869398309422559  0.12770703769806188
  0.13451001293858222  0.13980067931563550  0.14496870212513058  0.14951151508191968
  0.15388956004749729  0.15917102390271634  0.16321139694973461  0.16712249084477895
  0.17356195984727218  0.19865793078801378  0.24433364397199164  0.29836039631974998
  0.33701069049224153  0.34939253684663590  0.36062648601013281  0.37022713097761417
  0.38296723620789752  0.39366876441963555  0.40109056938689275  0.41078648144957347
  0.41773998764519232  0.42152417198127912  0.42338561543887215  0.42524705889646525
  0.42710850235405828  0.42842153856400206  0.42956853595021627  0.43071553333643053
  0.43185597817959825  0.43281051170575163  0.43376504523190501  0.43471957875805839
  0.43680018987960478  0.44206592275488704  0.45040331934390404  0.46685075893714012
  0.48950589275891315  0.50008065901535037  0.50831224629562877  0.51491287926730389
  0.52779924528878996  0.53352952492527683  0.53849788834421464  0.54289516975844121
  0.54789363623798992  0.55383619268547324  0.56102307553254782  0.57185820948602706
  0.58655240002118114  0.61733811719877063  0.63580310578248278  0.65288851657386682
  0.67122535221586366  0.69326833978653557  0.71259745446245015  0.72921467258911199
  0.74811169403904132  0.75872360941973260  0.76850697768101883  0.77616883238644363
  0.78185929240729590  0.78776622845870681  0.79391682111699313  0.80140511819858962
  0.80964052620607985  0.82024380398352847  0.83363051092223683  0.84896762402922399
  0.87304477655600188  0.88838254434166553  0.89543405286690303  0.90304039899380217
  0.91244685958738814  0.92202280530643388  0.92832750547270249  0.93345984405523330
  0.94109835319941249  0.95438068607157356  0.97180692441241356  1.00000000000000000
  0.03004694317786814  0.03033575608585683  0.03062456899384552  0.03096880380404789
  0.03133805424894814  0.03170730469384839  0.03209261810203853  0.03247801293367855
  0.03299417376897145  0.03355841532057997  0.03485804662183153  0.03590104689069501
  0.03667177508510464  0.03735814196814696  0.03798556726029537  0.03864900167027673
  0.03927286123239401  0.03969859242427784  0.03989157497065036  0.04004684848043590
  0.04022543140884235  0.04040045996691194  0.04057070844347040  0.04081837569016204
  0.04125551362868130  0.04190697397992389  0.04264157571050663  0.04332175981049010
  0.04387798729632319  0.04450096092860877  0.04514066300434603  0.04603064602575373
  0.04684718692703018  0.04803461172679210  0.04983704103064261  0.05150767174082161
  0.05193833175908313  0.05220269646929212  0.05246706117950110  0.05271935914914520
  0.05288276341397474  0.05304616767880427  0.05320957194363381  0.05333929751046250
  0.05340865916927236  0.05347802082808223  0.05354738248689210  0.05377406599894793
  0.05409885114272798  0.05442608869123587  0.05481744911205242  0.05527150329806182
  0.05568824347619655  0.05611924179990702  0.05666228147937789  0.05748891840183306
  0.05791653305875460  0.05836927065544337  0.05886653872107334  0.05936777619960422
  0.05987148094134244  0.06120224638462594  0.06208024421343407  0.06266697111791975
  0.06332863894572568  0.06423115078994808  0.06554996123341642  0.06751310538825943
  0.06915534618363597  0.07132703848091104  0.07320079240895980  0.07572003245189891
  0.07795222065636877  0.07933964349034953  0.08005183618864786  0.08060904837236549
  0.08106885960127674  0.08154099390543793  0.08193068640366455  0.08229365892375087
  0.08296813714243709  0.08391189182443060  0.08537814775695934  0.08671810071916825
  0.08830735323537844  0.09093846732383168  0.09787056313989687  0.10239671409314394
  0.10603292384930584  0.10983348845830840  0.11753577582325249  0.13329784549606802
  0.15303657725586900  0.19864394877858896  0.68047010603290770  1.00000000000000000
  0.02285445930506443  0.03891372863682155  0.05764236080370010  0.08864169166966095
  0.11159604370495338  0.14080001923563609  0.16099329783774169  0.17315328509014161
  0.18278351940846685  0.19946019188241013  0.21424639678387528  0.22922020964020468
  0.24276308880473060  0.25507757317855390  0.26587107171160790  0.27683328126302803
  0.28995126767950707  0.29714474876905844  0.30256613447007347  0.30945320192664982
  0.31775252599650877  0.32352202207189701  0.32916602549411622  0.33881287842436347
  0.37496444141920160  0.39547013451803043  0.41015523214090222  0.42545395101321581
  0.44041079400943911  0.45847737162979640  0.47027811097737759  0.47908356339181773
  0.48713995859778159  0.49327546469598788  0.49755946931259948  0.50198333769780512
  0.50779827588465365  0.51537431705049030  0.51889091270062881  0.52168345969020691
  0.52528279230300734  0.53519786225541810  0.54317037410005120  0.54622437313212080
  0.54847813710829141  0.55035834437201148  0.55330867303794629  0.55649719365332950
  0.56277639752320707  0.56497002126506035  0.56716364500691363  0.56935726874876702
  0.57162309079316209  0.57392480070496510  0.57622651061676811  0.57870554692856579
  0.58207861767934665  0.58545168843012751  0.58882475918090837  0.61663677208358625
  0.62787591266692577  0.63822700287393508  0.64611189986908446  0.65338834715012439
  0.65966395032560710  0.66898063740579117  0.67938617212828933  0.68722932023088412
  0.69480733161139074  0.70218575164545993  0.70954246687218525  0.71589180496854576
  0.72221275602692159  0.73210215946634150  0.74192802391506230  0.75927419906079907
  0.78160906212125003  0.79346509300531631  0.80942261795004544  0.82523541376873077
  0.83704044103888331  0.85242695057205797  0.87003534059211374  0.88403156174473208
  0.89571900877636690  0.90686022803697841  0.91237098520576487  0.91788174237455145
  0.92320329577656335  0.92819526751352810  0.93318723925049285  0.93920690516517524
  0.94544403590301185  0.95747043168787238  0.97146058057638096  1.00000000000000000
  0.00002697630228395  0.00009719833354704  0.00013481694616774  0.00017223333309157
  0.00022286530633256  0.00027206069216961  0.00032121129348895  0.00036345537186208
  0.00041692208565485  0.00047794676201321  0.00056206539000559  0.00060307892617370
  0.00063954964648806  0.00069101603312898  0.00072878459586687  0.00076969186201337
  0.00081644549434807  0.00094814578372696  0.00109656370586368  0.00115537181879281
  0.00121072745421010  0.00127625745998189  0.00137866168284553  0.00147340753746707
  0.00162531921205161  0.00184828278239295  0.00200708150059687  0.00205763714007278
  0.00210819277954870  0.00215874841902461  0.00223142396352855  0.00230673031909402
  0.00238203667465949  0.00247087417163142  0.00257230252000062  0.00267373086836982
  0.00281232780430352  0.00313986780437464  0.00340276974017303  0.00364321257331657
  0.00379674145961866  0.00394531867399660  0.00407996857096600  0.00415518241183442
  0.00423039625270283  0.00431210127852662  0.00440318111053800  0.00449426094254939
  0.00459364590062725  0.00470411182685399  0.00481457775308072  0.00497141161331524
  0.00516963221760994  0.00575093859336374  0.00616040175987835  0.00664490599478863
  0.00710507427778385  0.00754660920187792  0.00798722050381524  0.00824420276316649
  0.00850254458996203  0.00876477762513862  0.00902701066031522  0.00940172904166251
  0.00977752394901910  0.01097336700711929  0.01242225468328488  0.01343792996875265
  0.01426612101403068  0.01514349633286030  0.01574834705686276  0.01638269529436994
  0.01697235439337235  0.01760961328352091  0.01839073896366799  0.01925326664091922
  0.02086935497009939  0.02210280978083529  0.02369887839954566  0.02470991360137043
  0.02578842679558721  0.02648457530622446  0.02705048801040179  0.02741485475536864
  0.02772434131366181  0.02802119685773105  0.02827760222468902  0.02856216696909333
  0.02887732186683615  0.02924096452970920  0.03006137774920679  0.03072263597185730
  0.03140293655108920  0.03189774715999715  0.03381828411760524  1.00000000000000000
 -0.00322742326692933  0.01865668598387214  0.02419713178675537  0.03195556129987831
  0.03956022026029495  0.04791592575310025  0.05476100990963614  0.06425021315856035
  0.07277085599558375  0.07878606829809931  0.08507829671703161  0.09112581583632463
  0.09739486622532670  0.10560434383355116  0.11052749098912441  0.11348769589225954
  0.11860239279635816  0.13056305739555527  0.14754517610231299  0.15915975178735153
  0.16112483451625909  0.16231155118588861  0.16354772073976701  0.16447176615847534
  0.16545387932542990  0.16664424418313309  0.17354096779128558  0.18337972259507918
  0.19996668778526616  0.21721418944719742  0.22773531577510669  0.23230037951445023
  0.23655814558418015  0.24049419671385108  0.24354728003444798  0.24561813419009482
  0.24768898834574163  0.24975984250138844  0.25266147610674383  0.25721016660436552
  0.26175885710198721  0.26630754759960895  0.27095592541666347  0.27566975810611066
  0.28038359079555791  0.28509742348500511  0.31246591289831754  0.32881065822562849
  0.33739896878751752  0.34131587541885589  0.34523278205019425  0.34914733765665262
  0.35305979592074771  0.35697225418484280  0.36358043513660510  0.37144432365548263
  0.37930821217436017  0.41211985623307706  0.43217814116182240  0.44246921909462023
  0.44946519282694675  0.45659057856988666  0.46425323098049120  0.47204996355546458
  0.48023995455808560  0.49406222582687020  0.51444012585042809  0.53481820812353797
  0.55350751764366146  0.56747973318613487  0.57719776600371564  0.58683895834836930
  0.59441424710363477  0.60152993045866854  0.61227356634482566  0.62168892344351767
  0.63005980213869461  0.64115079429618005  0.65536685412641937  0.67523883077845304
  0.70727854906798460  0.73639293049456889  0.75049547625257751  0.76090649174548552
  0.77211897057630774  0.78707748011877432  0.80825226174742182  0.82639605747299660
  0.84519218811610131  0.86500836479652965  0.87907518319386035  0.89658205887795361
  0.91786086328360272  0.93961030812269464  0.97062390348170757  1.00000000000000000
 -0.00187184669126889  0.01009144700934697  0.02215931790610078  0.03346451187883538
  0.04035532473828578  0.04356727829546005  0.04738621131549710  0.05153091218805432
  0.05504219945175882  0.05794116956759332  0.06126443387765076  0.06548427120338622
  0.07045913219182488  0.08238468280122581  0.10930243647782706  0.13886051800918028
  0.16251834794510120  0.18183961758258060  0.19767628112197633  0.20890127743273046
  0.22295229939479053  0.23796293520731049  0.25305454586271725  0.26739215138520689
  0.27497003062242664  0.27979482256500177  0.28283250070825694  0.28622320285460084
  0.29292615422299123  0.30355408835405745  0.30844142078778769  0.31294116173700615
  0.31885546632419293  0.32169230313426200  0.32438339010724404  0.32668296514786621
  0.32851944753096501  0.33035592991406382  0.33112899904628695  0.33184407664091681
  0.33581324781344024  0.34727020843372369  0.35879391585411957  0.37443113938765149
  0.39305084426764592  0.41290358886545914  0.42870596247699533  0.44642360022636318
  0.45747390625454137  0.46377720748392126  0.46935307107458873  0.47473805467217139
  0.48362914948353763  0.50618206734297622  0.53343864052634538  0.55300228620410963
  0.56946451695260647  0.58405182086335028  0.59798083305565375  0.60683814672392755
  0.61589894547622970  0.62539112416132170  0.63675074533778264  0.64993177136418656
  0.67394963242078965  0.69481495165999596  0.71577718694196590  0.74012417801180730
  0.75881949222772160  0.77448905951809455  0.78402063079174522  0.78856526303274432
  0.79298202021221798  0.79695578313800053  0.80143483241904367  0.80638477664161379
  0.81681433204789389  0.83575504265728984  0.85823657469482806  0.86718305305494348
  0.87159303459788973  0.87600301614083609  0.88041299768378234  0.88474911718900573
  0.88907911694268071  0.89340911669635570  0.89770541315002794  0.90176129017359974
  0.90581716719717142  0.90987304422074322  0.91571046239983223  0.92657921647747676
  0.93652559912672795  0.95136150194308600  0.96924201345727545  1.00000000000000000
 -0.00165526101351647  0.00708469835861557  0.01391773499892343  0.02018643674101369
  0.02675671550006541  0.03444404779299894  0.03713610957203713  0.03954190590757700
  0.04149294481210073  0.04318818556208176  0.04487207827880975  0.04801015462744401
  0.05178082007787204  0.05530204021345729  0.05855009827533809  0.06207977655090049
  0.06718871257551597  0.06950122219944999  0.07156493190692577  0.07325094728901367
  0.07467923788408715  0.07606125925606726  0.07757260756849767  0.08307516119072827
  0.09045816281331812  0.09493752320844678  0.09890756970870396  0.10308186982660399
  0.10930635461573129  0.11642400790529976  0.12542014636028695  0.13155854371054379
  0.13666636718262418  0.14122125913436026  0.14438465240948417  0.14751317640235950
  0.15063041884588910  0.15409205461907743  0.16338447932837846  0.18601204183226616
  0.20899837391857282  0.22981846070332387  0.26314197428344288  0.29438074409455389
  0.31740823178403882  0.34072420355747873  0.36263582133356315  0.38105203035778734
  0.42118791935640348  0.49453360364412968  0.52585393343330045  0.53826257827920798
  0.55827795317139517  0.57103692764228209  0.57956863918107948  0.58825198838036774
  0.60178996201920476  0.62781550907829375  0.65371613766639081  0.69945912660743148
  0.73709036186537258  0.77215688328080756  0.79750485439368846  0.82199983782406350
  0.84630802319562592  0.86441190906546850  0.87388940963783612  0.87927987034293187
  0.88467033104802761  0.89086193422852566  0.89787996845604812  0.90489800268357046
  0.91103682071529879  0.91573278517961287  0.92042874964392685  0.92726672871533422
  0.93809530564295684  0.94735731825971869  0.95567636428197933  0.95998018835604537
  0.96120367657735628  0.96242716479866708  0.96363572692597765  0.96454055714750142
  0.96544538736902530  0.96635021759054907  0.96725784247886826  0.96816690940889505
  0.96907597633892184  0.97069629003358460  0.97459080293697020  0.97919808867122249
  0.98488925889059187  0.99099936763134466  0.99572300681212034  1.00000000000000000
 -0.00295583455746077  0.00817642001014203  0.02085474984030542  0.02927841434794818
  0.04526114312497707  0.07911612536921753  0.10711237058304561  0.13224782955686651
  0.15380259610272407  0.17365333776288960  0.18791380015184694  0.19712785139159747
  0.20577774514228084  0.21380651253540009  0.22081331900402468  0.23118198128464096
  0.24632333584719196  0.26660574521205438  0.27920325691561970  0.28385173048056700
  0.28623667803428077  0.28862162558799448  0.29100657314170825  0.29336763174319780
  0.29572035797864171  0.29807308421408557  0.30042581044952943  0.30284508567590090
  0.30529064824062740  0.30773621080535396  0.31018177337008052  0.31390220401963836
  0.31820448011739583  0.32250675621515323  0.32693385068512104  0.33136109567896876
  0.33562223539595432  0.33953212706813768  0.34344201874032099  0.35077304783161467
  0.36009631721673518  0.36995510602071852  0.37931094997107045  0.38540422442307609
  0.39357581584434809  0.40675991818029950  0.41800549049949565  0.42880301564036205
  0.43648453691069045  0.44451712871089116  0.45551206022437696  0.46642787073771008
  0.47542283310012762  0.48026038201355381  0.48228646248656604  0.48515767986087133
  0.48863449704266265  0.49307939223544522  0.49874856147928381  0.50508254877679915
  0.51266806479977067  0.53407678842600936  0.55543679159971215  0.57144545196060470
  0.58596740887394694  0.59755135923096891  0.60627022206412562  0.61379852897302190
  0.62278831040706850  0.64002603534499114  0.65191286306297314  0.66374046771708728
  0.67270245546633611  0.67791864704756244  0.68176873974681618  0.68560140178537055
  0.69463551596867135  0.70746903540149186  0.72845927854390657  0.76137645169973600
  0.78274322845549693  0.80586331448605109  0.81818913756298839  0.82610838697220357
  0.83566436652192388  0.84260286827580300  0.84766126705886602  0.85452395561193306
  0.86384285077436473  0.87340613138456280  0.88399537626030333  0.89550362417335549
  0.91079609556036245  0.93619107217602027  0.97107985308309830  1.00000000000000000
 -0.00275041158473739  0.00929089359874978  0.02084401971646066  0.03341040573248493
  0.05092393453149261  0.05922728336171681  0.06666339472711816  0.07408240344523696
  0.08022009335755093  0.08639575209022288  0.09346643021113020  0.09956156441698551
  0.10748079766319614  0.12631963303061750  0.14613343888455066  0.16408389677086563
  0.17775249014925992  0.18979378429365243  0.19647949950323759  0.20450987405005097
  0.21651323639890505  0.22941365072169853  0.23756055292803405  0.24385126415574271
  0.24964829163654301  0.25552697604454100  0.26165071925780381  0.27286343886234304
  0.28628557241017172  0.29681183010418061  0.30363618800369746  0.31169800989370650
  0.32107932347533641  0.33096501451682725  0.34970164210218557  0.35988189301802004
  0.36777632598955817  0.37752762306430188  0.38649360728583060  0.39309089347505988
  0.39942531635088946  0.40793203716628595  0.41598024811209977  0.42645781408830952
  0.43614454941665820  0.44162043034834092  0.44503598372711284  0.45066294778235694
  0.45819034845574774  0.46911241925497843  0.48069165323989699  0.48960523988815718
  0.49478313301621557  0.49854179469897097  0.50714578839597557  0.52468303689533169
  0.54233420983072966  0.55774436925607018  0.57823875460895036  0.60108837947297233
  0.61341199093703103  0.62062392380160103  0.62725046028614240  0.63387699677068365
  0.64063640705706937  0.64857487379210643  0.65651334052714361  0.66402518344170280
  0.66928112309559429  0.67453706274948577  0.68446996729511134  0.70159703100646120
  0.72576861939392501  0.75596238702003982  0.79114551451002979  0.82082978558054587
  0.82671197533409524  0.83257526943576077  0.83842850455575646  0.84407273348519896
  0.85035850614455144  0.85946014018222239  0.87121398927595195  0.87643112011565527
  0.88145764197624332  0.88648416383683137  0.89151880820330187  0.89658970545331873
  0.90166060270333559  0.90673149995335234  0.91183955613649548  0.91698900266728611
  0.92213844919807664  0.92728789572886727  0.95216235359102419  1.00000000000000000
 -0.00425862083215499  0.01735828864374507  0.03820932049568179  0.04351507184779264
  0.04754649445109774  0.05161631590999061  0.05821786207734534  0.06512548139175363
  0.07175970398310258  0.07835499893506558  0.08497061457110357  0.10974597639696772
  0.12751642843779543  0.13082937060325817  0.13331821613751851  0.13638439314877809
  0.13908617559373118  0.14151414673492338  0.14435369365115480  0.14736243044494748
  0.15059263104147824  0.15502792251456252  0.16127035303242143  0.17040659604280217
  0.18265610319454617  0.19650105507373516  0.22121460882208627  0.24546893132911934
  0.26261645742304002  0.27773656424352733  0.28505978208372101  0.29043415945886875
  0.29580853683401648  0.30224800633607130  0.30877070113791644  0.31527041760435842
  0.32139995618871892  0.32752949477307947  0.33659714617096992  0.35032419230926098
  0.35546185133704244  0.36059951036482391  0.36565964192710032  0.36983560352761596
  0.37401156512813166  0.37818752672864731  0.38169794321661532  0.38488665573313857
  0.38807536824966188  0.39423992567361776  0.40684403557830551  0.41553283080537418
  0.42393815792794765  0.43313903644747137  0.44097890938449857  0.44965972050408182
  0.46168972521129009  0.48612806569333911  0.50370670211332746  0.51749238944666376
  0.52860392354500085  0.54619277491040741  0.56073155006957598  0.57821573446237340
  0.59694379880162007  0.61645830400344470  0.63220513310757998  0.64357032192620600
  0.65594831496108075  0.67248594121918071  0.69004343203757301  0.70039428850462815
  0.71162324083968742  0.72570257810142058  0.74250512810626723  0.75951987779180219
  0.77734373820433056  0.79727543368213816  0.81180143633079527  0.82795830510211532
  0.84196321584369949  0.85821042847080065  0.87575262587895042  0.88818396941736166
  0.90078633301956357  0.90760348389921353  0.91344475145589699  0.91988735440858760
  0.92709028496382762  0.92969499160367119  0.93229131746907479  0.93488309668044578
  0.94171383894541605  0.95149665311162246  0.97771425326179362  1.00000000000000000
 -0.00546191243726470  0.04220982796690893  0.05896066753535890  0.06977180216254536
  0.07952654967215747  0.08964026890622945  0.10057806317071759  0.12759419034162839
  0.13843920765948653  0.14217028425365347  0.14590136084782043  0.14963243744198737
  0.15397209574239504  0.15841442953263407  0.16285676332287313  0.16729909711311217
  0.17157914111218528  0.17584047555435500  0.18010180999652470  0.18436314443869442
  0.19744176445428277  0.20455792535750489  0.21142571031382684  0.22017443118086488
  0.23658716464276849  0.24506790841550324  0.24714415955969710  0.24941444014862846
  0.25221542034527866  0.25535530992933320  0.25908836408728819  0.26365992450939196
  0.27430778168579639  0.29416869112569383  0.31576337228199519  0.33444157395875385
  0.35501260762554909  0.36418041010939334  0.37325434788284068  0.38555667187428599
  0.39630243133373572  0.40493577605422004  0.41498352595393656  0.42647184681376177
  0.43759691858659083  0.45362548718679285  0.46989303685375650  0.48404280528911442
  0.49095954158168870  0.49718485830066322  0.50254612815872646  0.50717091587267993
  0.51050897638377624  0.51308784803443530  0.51568434075800418  0.52001033915826200
  0.52480977385770289  0.53490409076777945  0.54475503419101190  0.55616201906622520
  0.56973310140633693  0.58264470694757342  0.59162063248407792  0.60081886889866520
  0.61071269199402056  0.62135034882499951  0.63523357887687459  0.64630350028167416
  0.65528089892733254  0.66438120377708065  0.67492194282629159  0.68546268187550241
  0.69411728998465494  0.70102938596124909  0.70794148193784323  0.71715303641692840
  0.72695396882659113  0.73695119488793448  0.74210681334177919  0.74726223314789031
  0.75368613298017073  0.75801564935893784  0.76231676594165121  0.78721129300774073
  0.82013820372429247  0.84127719155441283  0.85928044847701024  0.87015561837672639
  0.87920745088240637  0.88863254362566102  0.90076957051288931  0.91386905595695711
  0.92903727827993121  0.94822816923326037  0.97134308652542900  1.00000000000000000
 -0.00510980315130101  0.02581283734208715  0.03381177696118542  0.03952614692816108
  0.04487466842490640  0.05129439192592449  0.05623515547287504  0.06284041903127977
  0.07036707337366890  0.07751886630470181  0.09342927352269781  0.10916127731930765
  0.11591699912075604  0.11955093765465884  0.12355354490453219  0.12928612036229992
  0.13429841271614279  0.13957929010202874  0.14682342137150994  0.15559086300849834
  0.16861510266579449  0.18066442723924622  0.19381440221566232  0.20756927517513421
  0.21419580681895875  0.21873355270705230  0.22891877338422609  0.23529844870859606
  0.24232804884009190  0.25167268689194994  0.27447369522159665  0.28608716487278579
  0.28922232320956065  0.29235748154633545  0.29549164940613482  0.29860276031360927
  0.30171387122108367  0.30482498212855813  0.30811400308845804  0.31160648224960147
  0.31509896141074484  0.31859144057188826  0.35301138733923387  0.39229140089463510
  0.42373268305431683  0.44616070869558866  0.45757796483895513  0.46404721283090333
  0.47035934694912895  0.47647814315554760  0.48009863345278464  0.48500657516881718
  0.49136744350526385  0.49565130970439925  0.49890190130837070  0.50213252123407359
  0.50563097102642940  0.51076834572140528  0.51667868740184486  0.52140720026294229
  0.52597975849188816  0.54632432919951446  0.56618687384216915  0.58233812294125120
  0.59385379989987641  0.60547981544747731  0.61959138446069006  0.63014026926055855
  0.63879489979446169  0.64669293444614762  0.65203552553211230  0.65609722776078694
  0.66411497793592378  0.67791782886065188  0.68783546658650485  0.69937716130797245
  0.71432692855918967  0.73805695766701118  0.75637201691403089  0.77524957647252213
  0.79263553297509592  0.81877081011260999  0.84974162321111624  0.87370749628776112
  0.88788952949662081  0.90242979147235824  0.91897546672850028  0.93515523891239516
  0.94461413367454494  0.95407302843669473  0.96337439130799862  0.97263640492325709
  0.98139314436957059  0.98759542957971369  0.99379771478985679  1.00000000000000000
 -0.00438462296107142  0.03207157064172919  0.05714000250048355  0.06217737935490724
  0.06721475620933093  0.07225213306375461  0.07707760537670411  0.08177858889538316
  0.08647957241406221  0.09129614037077520  0.09652631060462327  0.10175648083847134
  0.10698665107231942  0.12767238885895391  0.14440444810720091  0.16043444657453237
  0.18192524225280671  0.21063912872322813  0.22664393875605734  0.24239017335333715
  0.25965243446954367  0.27938296569689253  0.29986461561603667  0.31893708016500566
  0.33561820093996675  0.35423328780588431  0.37372620114653404  0.38391158269773301
  0.39081770261371429  0.39761838015639361  0.40363831183068360  0.40624871292161696
  0.40885911401255026  0.41142610348492548  0.41387796373602087  0.41632982398711632
  0.41808180058312905  0.41922715743220174  0.42037251428127437  0.42598438314603659
  0.43694543056301438  0.46295727040031409  0.47463802840338831  0.48157207090120097
  0.48631520177380672  0.48862580473094497  0.49127160424648453  0.49551593127354909
  0.49937353592756833  0.50204154587159056  0.50577746372722865  0.51380603998561503
  0.52893334876009668  0.54939380363171308  0.56522970545086870  0.57665455397096632
  0.58734446424538078  0.60170394775669889  0.61305774147696213  0.62309800235277280
  0.63549257946767645  0.64783489633627100  0.65236293462247918  0.65806960922369861
  0.67052285498344411  0.68462045676043071  0.69968189453649110  0.72354138101724697
  0.74200885705744568  0.75668744222933371  0.76988127228816694  0.78619653271716938
  0.79555952858191781  0.80219468559989582  0.80859888134133795  0.81800603403162842
  0.82756658036835029  0.83983593821118041  0.85041022431151947  0.85917016764237519
  0.86855421401639943  0.87861473750347330  0.89334984094999548  0.91050150237909133
  0.92713323507165579  0.94190061467255226  0.95628676881221930  0.96790144146183421
  0.97508338393574456  0.97977231383970642  0.98501197190997336  0.98777370665758935
  0.99007590720912730  0.99230942726367155  0.99478221853188187  1.00000000000000000
 -0.00352043038999505  0.01897752150115239  0.03954502542667618  0.06335740801327069
  0.07650824956095580  0.08884021668099996  0.10079191736886045  0.11486489325355477
  0.12963407395009913  0.14493108412792130  0.16076197725811647  0.17631293654626665
  0.18920956407995287  0.20041903886180804  0.21046409030612923  0.22306872730452892
  0.23879687426059495  0.24725972538069155  0.25536680456454508  0.26326033193809195
  0.27008270211039742  0.27584724681779671  0.28039921933359846  0.28586095679024665
  0.29746832658455058  0.32103340809334274  0.34621836372088333  0.36436497714717331
  0.37643013176691398  0.38384703246480678  0.39239569832983218  0.40173015358660313
  0.41101028041276610  0.42094906253817455  0.44414568490102585  0.46744643023602461
  0.48842152023040847  0.50400396000087688  0.51598186193650852  0.53123733444366583
  0.54168596651060585  0.54734621257434424  0.55271006020302826  0.56200340343085120
  0.56837980817366285  0.57294680981327162  0.58050172501623676  0.58812100851890892
  0.59670197265064917  0.60235551227470951  0.60678313406459383  0.61147290768597795
  0.61666095588240744  0.62184900407883692  0.62703705227526640  0.63240721667209876
  0.63843630595455481  0.64446539523701096  0.65049448451946712  0.65660429638734230
  0.66374798433037341  0.67089167227340452  0.67803536021643562  0.68941433497151905
  0.70574324283886336  0.71452262999420124  0.72002014741409481  0.72559159725060385
  0.73440916285648161  0.74322672846235927  0.75083741585583241  0.75631599055820631
  0.76179456526058009  0.77409512919771462  0.78447096059792198  0.79252458317199270
  0.79775648099319452  0.80427265623685984  0.81310944848031885  0.81894273977868248
  0.82381679978421607  0.82859219985902366  0.83289313604309012  0.83728004677501167
  0.84644777941453941  0.86650156848893778  0.88427156032091481  0.89597544668882678
  0.90601607238315729  0.91882649262917937  0.92801447562610795  0.94650614924450316
  0.96126916977643884  0.97543704424305266  0.98863640991769253  1.00000000000000000
 -0.00224929104417526  0.00954544899478978  0.02170676660213315  0.03756916497257728
  0.06653154779582693  0.08292416175848663  0.09419889176002887  0.10408949687424886
  0.11135703016547112  0.11708059883180851  0.12475299304364541  0.13598016794701209
  0.14087103089839942  0.14664165197967025  0.15620780828663361  0.16012353313056185
  0.16403925797449007  0.16795498281841831  0.17169022005684356  0.17529720901735135
  0.17890419797785914  0.18251118693836693  0.18609700566543813  0.18968155555440233
  0.19326610544336650  0.20742847861191080  0.24524938949973152  0.25626794445556222
  0.26246302849945191  0.27037037119719026  0.28063214434955158  0.29038410572899126
  0.29937503590207248  0.31198163519825584  0.36608936798697961  0.40457654932109133
  0.42383383153560167  0.43641083902343247  0.45221286918829379  0.46487197005813563
  0.48081595240225045  0.49779388972680683  0.50710491187701423  0.51637078590478591
  0.52547785019291415  0.53425234656681897  0.54150192428896105  0.54872799538208195
  0.55583727020292717  0.56320885775572815  0.57087501449216949  0.57831824245642605
  0.58566175376712204  0.59770313194980496  0.61766223065971626  0.63808623975510137
  0.65759269149578325  0.67687919055269374  0.69861125666997259  0.70631353197314173
  0.71401580727631087  0.72274026012473636  0.73200968882131834  0.74116316508366398
  0.74740838183648417  0.75365359858930447  0.76201873926242003  0.77449168120037404
  0.78160720699188513  0.79098871501422674  0.79630489921488889  0.80234667070627341
  0.81000176792784195  0.82768884188066516  0.83951910652049011  0.84672200046107082
  0.85411595398301787  0.86765359518598306  0.87725481907246428  0.88517773822128298
  0.89250705645939554  0.89951206324858035  0.90858291586767581  0.92014923619346278
  0.93549743287477460  0.94636751811349540  0.95099305509849763  0.95529857922786865
  0.95826232236263442  0.96109312729924290  0.96415378095013837  0.96843074482976543
  0.97227368557029814  0.97856117357918504  0.98860329744098729  1.00000000000000000
 -0.00335496278628632  0.01757042922520186  0.03642011138725832  0.06529772836509561
  0.09636856785988147  0.12240990997067502  0.14504794949821784  0.16556076931770922
  0.18028550633910090  0.19292403293124111  0.20699034701669194  0.21725671393717558
  0.22799261975210461  0.23712232719329515  0.24994878772501250  0.26682690366545730
  0.27831101953259535  0.28805851500463359  0.29513187943735741  0.30503014369031750
  0.31242758811409682  0.31886892338321404  0.32502466351648923  0.33323451399787002
  0.34799243575169841  0.35881334973414120  0.36534806349148902  0.37155832471132555
  0.37857097981643861  0.38925333669821927  0.39569297287869326  0.39941977119368910
  0.40285663213426187  0.40619438800921198  0.40954264701110682  0.41321678663118389
  0.42301989318758104  0.43813621465171554  0.45780308249785712  0.48197646034002611
  0.51033275824912383  0.53192478459638304  0.54656482105855542  0.56220544269372885
  0.59026660154058563  0.60360660084249163  0.61197548419033965  0.61790388130914375
  0.62199861295896053  0.62703777896064672  0.63479572028130637  0.64439578187448643
  0.66146303021376129  0.67601311185579882  0.68670955871146744  0.69759028511389820
  0.71077109923884130  0.71947886502225389  0.72864472504746658  0.74654378936085841
  0.76151705198166475  0.76656914731969616  0.76915107109011083  0.77173299486052549
  0.77431624834231072  0.77718132516567195  0.78004640198903308  0.78291147881239431
  0.78585440308857391  0.78902427888178439  0.79219415467499477  0.79536403046820525
  0.80720735238635211  0.82385566100589169  0.83753818673886726  0.84961807061569761
  0.85327508650028561  0.85693210238487372  0.86058911826946172  0.86546850473635173
  0.87036744124400456  0.87526637775165750  0.88006063104980703  0.88484731960697838
  0.88963400816414973  0.90311399239732315  0.91740086199928572  0.92887387159650914
  0.93804362838692934  0.94556941836936570  0.95161921444434805  0.96074228287168051
  0.97029714558888447  0.97882929368142568  0.98877332922545103  1.00000000000000000
  0.08400728208532723  0.23268613888868891  0.28160138789266459  0.33250328716595667
  0.37337974959277276  0.40278162084486585  0.42511819944041551  0.44786699660890283
  0.48436128759727415  0.50824095895490240  0.52880343530098928  0.54968383742656157
  0.56677085026434704  0.58111363271893568  0.59032832288716930  0.59364686071332373
  0.59709904246350531  0.59982529735515933  0.60249138080535836  0.60517621478857953
  0.60777537663184600  0.61046251623327519  0.61216495293561934  0.61332415440354004
  0.61460180090205652  0.61695640061113632  0.61931100032021613  0.62295196414661236
  0.62800267070507443  0.63305337726353639  0.63715059129435425  0.64109860906145233
  0.64504662682855052  0.64879348837991191  0.65177457405148642  0.65475565972306093
  0.65773674539463545  0.66057141710604006  0.66330241214315711  0.66603340718027404
  0.66876440221739109  0.68018607002262610  0.69184708619409196  0.69895729297153197
  0.70844635803612932  0.71900080094901120  0.72645612515402780  0.73563403831202401
  0.74313542469866278  0.75233822397552974  0.76377165004104919  0.77396573331092500
  0.78321365251258146  0.79168542313862744  0.79735664352601610  0.80059698610108165
  0.80341348982815397  0.80549308738420888  0.80752222682854580  0.80954979856334153
  0.81157727957915415  0.81437685351209232  0.81908177832332874  0.82210444509306613
  0.82389380778475740  0.82543849523154067  0.82723352089472102  0.82935122306037912
  0.83138483821682008  0.83344451970212097  0.83456240256442638  0.83561922185475834
  0.83636791886954776  0.83712201971258193  0.83788588989382184  0.83933363845008047
  0.84100370853972850  0.84306543746073059  0.84560311193716220  0.84775809859078177
  0.84926338223026776  0.85058049647255685  0.85243774320363319  0.85380687667749500
  0.85532083728172548  0.85746202166757335  0.86087023004377428  0.86561651137684748
  0.86967423294588808  0.87309067246819749  0.87688967553930397  0.88131351541209413
  0.88793517704117597  0.89561923732286131  0.91524896994527305  1.00000000000000000
 -0.01453499608905325  0.08040317848310757  0.10833909958546717  0.11988474861074738
  0.14209285491950108  0.17151498105457388  0.19802939536362249  0.22292853594804365
  0.23639065254107169  0.24553334872243188  0.26086938925831743  0.27499716350602771
  0.28968675816832246  0.30834546377656119  0.33144523306449508  0.36122955311020638
  0.38002521541631235  0.39750908894304388  0.40920028415636323  0.41777078782967736
  0.42463076974173630  0.43049401692471706  0.43547633715575634  0.43886321845862319
  0.44225009976149010  0.44563698106435701  0.44893997797648455  0.45211626774538638
  0.45529255751428827  0.45846884728319015  0.46046501413362689  0.46210453597900647
  0.46374405782438605  0.46617124016098177  0.47186140232737434  0.47719476015349349
  0.48235724188144496  0.48807158014830854  0.49730117253153305  0.51177358503108505
  0.52882523268649062  0.53735944913619738  0.54684896743359068  0.56003992606486064
  0.56853533640546994  0.57580058646498467  0.58337370009291190  0.58885721064989116
  0.59159708798623412  0.59342128841199193  0.59524548883774975  0.59706559188443575
  0.59888474267706593  0.60070389346969622  0.60260746046627778  0.60452135403353446
  0.60662589605670014  0.61460458160075804  0.62512525900027827  0.63486165009675199
  0.64384202549109193  0.64989916945093384  0.65651270337569956  0.65796359866870346
  0.65957248483679431  0.66105034859164080  0.66239351698914528  0.66354673281306553
  0.66461831327888932  0.66650323650989773  0.67399936431326402  0.68230947278000809
  0.68675649500386804  0.68923611377791161  0.69082411306526836  0.69239488681977923
  0.69393876847891556  0.69563430596480069  0.69751045964276892  0.70157189258320052
  0.70891055310163786  0.72267942618129877  0.74174880467185855  0.76232653993361166
  0.78165266851467519  0.79676585760274976  0.80564209965645806  0.81481215448548516
  0.82228245856197191  0.83072172299150437  0.84294549036803978  0.85621164299134034
  0.86793373978816013  0.88752036465648920  0.91069886255879706  1.00000000000000000
   1.8756170446879115E-016  -1.0000000000000000     
 T F F F F F F F F F F F F F F F F F F F T F F F T F F F F F F F F F F F T F F F T F F F F F F F F F F F F F F F F F F F T F F F F F F F F F F F F F F F F F F F F F F F F F F F F F F F F F F F F F F F F F F F F F F F F F F F F F F F F F F F F F F F F F F F F F F F F F F F F F F F F F F F F F F F F F F F F F F F F F F F F F F F F F F F F F F F F F F F F F F F F F F F F F F F F F F F T F F F F F F F F F F F F F F F F F F F T F F F T F F F F F F F F F F F T F F F T F F F F F F F F F F F F F F F F F F F T F F F T F F F F F F F F F F F F F F F F F F F T F F F T F F F F F F F F F F F T F F F T F F F F F F F F F F F F F F F F F F F T F F F F F F F F F F F F F F F F F F F F F F F F F F F F F F F F F F F F F F F F F F F F F F F F F F F F F F F F F F F F F F F F F F F F F F F F F F F F F F F F F F F F F F F F F F F F F F F F F F F F F F F F F F F F F F F F F F F F F F F F F F F F F F F F F F F T F F F F F F F F F F F F F F F F F F F T F F F T F F F F F F F F F F F T F F F T F F F F F F F F F F F F F F F F F F F T F F F
  <DiscreteSampler_grid>
  grouped_processes
  1 # 1 for a reference and 2 for a running grid.
  10 # Attribute 'min_bin_probing_points' of the grid.
  1 # Attribute 'grid_mode' of the grid. 1=='default',2=='initialization'
  0.0000000000000000 # Attribute 'small_contrib_threshold' of the grid.
  0.5000000000000000 # Attribute 'damping_power' of the grid.
 # binID   n_entries weight   weight_sqr   abs_weight
    16   10   1.019230961195850E-012   8.958416780821153E-024   1.019230961195850E-012
    17   10   1.019230961195938E-012   8.958416780822866E-024   1.019230961195938E-012
    19   10   1.878575635776697E-012   2.848592656837518E-023   1.878575635776697E-012
    20   10   1.878575635776890E-012   2.848592656838167E-023   1.878575635776890E-012
    22   10   1.210737391387241E-012   9.840032104156849E-024   1.210737391387241E-012
    23   10   1.210737391387350E-012   9.840032104159044E-024   1.210737391387350E-012
    28   10   3.957661329966839E-013   1.189437211468899E-024   3.957661329966839E-013
    29   10   3.957661329966512E-013   1.189437211468691E-024   3.957661329966512E-013
    31   10   5.722605268429714E-013   2.705466489332221E-024   5.722605268429714E-013
    32   10   5.722605268428913E-013   2.705466489331344E-024   5.722605268428913E-013
    34   10   1.133486836223227E-012   7.022785902476354E-024   1.133486836223227E-012
    35   10   1.133486836223133E-012   7.022785902474701E-024   1.133486836223133E-012
    40   10   1.019230961195843E-012   8.958416780821021E-024   1.019230961195843E-012
    41   10   1.019230961195931E-012   8.958416780822725E-024   1.019230961195931E-012
    43   10   1.878575635776706E-012   2.848592656837543E-023   1.878575635776706E-012
    44   10   1.878575635776890E-012   2.848592656838170E-023   1.878575635776890E-012
    46   10   1.210737391387247E-012   9.840032104156963E-024   1.210737391387247E-012
    47   10   1.210737391387349E-012   9.840032104159023E-024   1.210737391387349E-012
    52   10   3.957661329966839E-013   1.189437211468899E-024   3.957661329966839E-013
    53   10   3.957661329966510E-013   1.189437211468689E-024   3.957661329966510E-013
    55   10   5.722605268429709E-013   2.705466489332214E-024   5.722605268429709E-013
    56   10   5.722605268428904E-013   2.705466489331333E-024   5.722605268428904E-013
    58   10   1.133486836223226E-012   7.022785902476346E-024   1.133486836223226E-012
    59   10   1.133486836223131E-012   7.022785902474674E-024   1.133486836223131E-012
    64   10   1.019230961195844E-012   8.958416780821025E-024   1.019230961195844E-012
    65   10   1.019230961195922E-012   8.958416780822570E-024   1.019230961195922E-012
    67   10   1.878575635776684E-012   2.848592656837466E-023   1.878575635776684E-012
    68   10   1.878575635776861E-012   2.848592656838072E-023   1.878575635776861E-012
    70   10   1.210737391387234E-012   9.840032104156690E-024   1.210737391387234E-012
    71   10   1.210737391387327E-012   9.840032104158663E-024   1.210737391387327E-012
    76   10   1.019230961195840E-012   8.958416780820955E-024   1.019230961195840E-012
    77   10   1.019230961195920E-012   8.958416780822524E-024   1.019230961195920E-012
    79   10   1.878575635776679E-012   2.848592656837450E-023   1.878575635776679E-012
    80   10   1.878575635776872E-012   2.848592656838111E-023   1.878575635776872E-012
    82   10   1.210737391387230E-012   9.840032104156623E-024   1.210737391387230E-012
    83   10   1.210737391387336E-012   9.840032104158832E-024   1.210737391387336E-012
    88   10   3.957661329966825E-013   1.189437211468892E-024   3.957661329966825E-013
    89   10   3.957661329966509E-013   1.189437211468686E-024   3.957661329966509E-013
    91   10   5.722605268429694E-013   2.705466489332197E-024   5.722605268429694E-013
    92   10   5.722605268428893E-013   2.705466489331317E-024   5.722605268428893E-013
    94   10   1.133486836223223E-012   7.022785902476305E-024   1.133486836223223E-012
    95   10   1.133486836223128E-012   7.022785902474639E-024   1.133486836223128E-012
    100   10   3.957661329966830E-013   1.189437211468895E-024   3.957661329966830E-013
    101   10   3.957661329966503E-013   1.189437211468683E-024   3.957661329966503E-013
    103   10   5.722605268429684E-013   2.705466489332186E-024   5.722605268429684E-013
    104   10   5.722605268428889E-013   2.705466489331313E-024   5.722605268428889E-013
    106   10   1.133486836223223E-012   7.022785902476289E-024   1.133486836223223E-012
    107   10   1.133486836223127E-012   7.022785902474639E-024   1.133486836223127E-012
  </DiscreteSampler_grid>
