  0.02553906915760187  0.02721456481195780  0.02790575500822433  0.02870897956012941
  0.02949347986178209  0.02984175397737115  0.02990732991040115  0.02997290584343116
  0.03003848177646116  0.03010405770949116  0.03021051180258109  0.03031937535905786
  0.03042823891553462  0.03053710247201138  0.03064270777535545  0.03074599573866718
  0.03084928370197891  0.03095257166529064  0.03108876104360312  0.03136636682307840
  0.03153572906198055  0.03158608674184455  0.03163644442170855  0.03168681089367467
  0.03173719252322053  0.03178757415276640  0.03184197392759451  0.03191126282941464
  0.03198055173123476  0.03205763968194943  0.03231724535828969  0.03257983151433679
  0.03289247607496559  0.03329229288814503  0.03383388395174986  0.03410633361138557
  0.03425611622786381  0.03440591254137954  0.03467530762799059  0.03508025787100454
  0.03712659302320113  0.03951823993704574  0.04192456719833688  0.04467060221366211
  0.04723942866487763  0.05696575814955602  0.05821434925529886  0.05975941654357811
  0.06067331440209690  0.06142874677778843  0.06247646506092235  0.06373602439033697
  0.06579079765513279  0.06715836730781501  0.06805216621662574  0.06832244371885735
  0.06857517590748533  0.06869945005655326  0.06882167101878850  0.06888477114561407
  0.06894787127243965  0.06913715592741393  0.06939251081162590  0.07012251337123694
  0.07073737790331704  0.07105754391454032  0.07141948124266947  0.07238631008959909
  0.07557490553639636  0.07908128241996178  0.08322810315971844  0.08895771517762353
  0.09069943003318759  0.09252511637315478  0.09344947823398360  0.09437384009481241
  0.09528580070167496  0.09619266745670296  0.09709952799197120  0.09800627513925891
  0.09891302228654664  0.10042373432221081  0.10270633538941766  0.10463180968434914
  0.10624263648533451  0.10786143187884134  0.11068765404179313  0.11471969158278120
  0.11752512509765416  0.14882995131632887  0.19934281788438937  0.28012601369755208
  0.40517746008680960  0.55695294452359001  0.62445179925620986  1.00000000000000000
  0.00002956711262845  0.00003280546213833  0.00003525003580718  0.00003663867416393
  0.00003681967338079  0.00003711464581688  0.00003757693148258  0.00003800834228820
  0.00003825033603631  0.00003834422698710  0.00003837844872205  0.00003838349353212
  0.00003839023706001  0.00003839995435479  0.00003840904942164  0.00003841458758969
  0.00003842414614866  0.00003843827533309  0.00003844780881875  0.00003845061599954
  0.00003845250166329  0.00003845391732291  0.00003845809913252  0.00003846650009800
  0.00003847042911484  0.00003850818073856  0.00003865006157235  0.00003872747482042
  0.00003875130406223  0.00003875801004133  0.00003876471602043  0.00003876984247291
  0.00003877326790369  0.00003877669333446  0.00003878011885501  0.00003878354466608
  0.00003878697047715  0.00003879039628822  0.00003881399340474  0.00003883679476742
  0.00003888303369205  0.00003902293566068  0.00003908195221093  0.00003913273474818
  0.00003924706805916  0.00003936405093581  0.00003946664982280  0.00003948140672565
  0.00003949616362850  0.00003951092053135  0.00003952567743420  0.00003953992308816
  0.00003955388415321  0.00003956784521825  0.00003958180628329  0.00003959576754057
  0.00003960972942518  0.00003962369130980  0.00003963765319441  0.00003965161507902
  0.00003967980650681  0.00003971097503218  0.00003974105423348  0.00003977099562707
  0.00003980093870538  0.00003983088188753  0.00004007102282393  0.00004023297398102
  0.00004029902644320  0.00004035214175869  0.00004040525742866  0.00004045775597697
  0.00004052217985992  0.00004055497401149  0.00004058795307313  0.00004062180447911
  0.00004065567348208  0.00004068957209663  0.00004075109293447  0.00004083983725897
  0.00004090013928235  0.00004092821890979  0.00004095661273157  0.00004098576372407
  0.00004101490958750  0.00004104401954333  0.00004107312949916  0.00004117167700531
  0.00004129017211169  0.00004175527375984  0.00004290043572992  0.00004375278990732
  0.00004444372970828  0.00004509032392809  0.00004603836113968  1.00000000000000000
  0.69478518939561673  0.93952316973500694  0.94044408102434018  0.94157180277607666
  0.94265097353053595  0.94357242805370700  0.94444765344511561  0.94539347337496193
  0.94648887652001812  0.94839778744921510  0.95043567891393410  0.95141620285965867
  0.95234219749711735  0.95317585466934474  0.95408040286275453  0.95483084722046863
  0.95529690956380631  0.95572405744493238  0.95610152807464788  0.95625469983712108
  0.95640787159959439  0.95656104336206760  0.95671421512454091  0.95686738688701412
  0.95708430407549083  0.95731450466130985  0.95754470524712898  0.95777490583294811
  0.95800510641876713  0.95818459574453163  0.95830565616600771  0.95842671658748391
  0.95854777700895999  0.95866883743043618  0.95900030150889881  0.95971625443928177
  0.96023609196922799  0.96063145418450757  0.96098848950497961  0.96128606467641520
  0.96154374744398163  0.96159164212976045  0.96163953681553915  0.96167004154934543
  0.96170002675764987  0.96173001196595431  0.96175397620852054  0.96177398584270135
  0.96179399547688216  0.96181205136426384  0.96182378058545548  0.96183550980664723
  0.96184723902783886  0.96186024786410118  0.96187180614221224  0.96188562091978536
  0.96190050783513292  0.96190895195687343  0.96191349697485418  0.96191752596377678
  0.96192227985387302  0.96193095822432673  0.96194056008281514  0.96199389087165721
  0.96214255542220817  0.96227929014722313  0.96247569346623185  0.96328223843880323
  0.96428411921746215  0.96468169384732283  0.96491862058708999  0.96502813955868894
  0.96508256377428270  0.96512825300230121  0.96518291602858974  0.96526400165362503
  0.96537599922240158  0.96547112727441864  0.96555155343978072  0.96572734418862616
  0.96595699095639243  0.96615201237034998  0.96632102658312291  0.96643920828245200
  0.96655322920471631  0.96666703140189214  0.96680147097620950  0.96703264069000117
  0.96719537021426649  0.96727107259649558  0.96752579040010644  0.96802923758300430
  0.96860099438542957  0.96922369758423854  0.97008653043204185  1.00000000000000000
  0.00005225192187459  0.00013242573526515  0.00017108742262488  0.00019895345749528
  0.00027782194437277  0.00043724254560654  0.00048798628928730  0.00050194690481174
  0.00051141379668019  0.00051766294172152  0.00052958888506809  0.00054349350094429
  0.00055542977547426  0.00056837820978270  0.00058261771824829  0.00062963600503865
  0.00082830877376589  0.00104041695088307  0.00128569313710365  0.00135150184270139
  0.00135923880460485  0.00136805523093153  0.00138296092613238  0.00143811310511605
  0.00144525539656499  0.00145239768801393  0.00145953997946286  0.00146626038889144
  0.00147137371851664  0.00147648704814184  0.00148160037776704  0.00148669574773546
  0.00149173495886988  0.00149677417000431  0.00150181338113874  0.00151124757040304
  0.00152746218494609  0.00153842636032254  0.00154969472335941  0.00156429674382831
  0.00157888844418405  0.00160060334546800  0.00168447917312461  0.00173955608027944
  0.00176268927866615  0.00177520364130494  0.00178995433121777  0.00180936864864733
  0.00182866032538564  0.00184781407201367  0.00186923457112288  0.00189629402057982
  0.00198776529454150  0.00284655688200275  0.00313167775983180  0.00321745627110747
  0.00330338595106289  0.00338947303488284  0.00347549961643834  0.00357759684729098
  0.00373159169549991  0.00390208048743499  0.00440229329742427  0.00498284482240339
  0.00539073809631949  0.00549365475307676  0.00559657140983403  0.00569948806659130
  0.00580240472334857  0.00590555891792689  0.00600872649710410  0.00611189407628131
  0.00621506165545852  0.00631761919472714  0.00641970214622291  0.00652178509771868
  0.00662386804921445  0.00673494538884630  0.00690535244545729  0.00707575950206828
  0.00721820330948312  0.00733003107409846  0.00744185883871380  0.00752541480202098
  0.00760290174174119  0.00773019667103066  0.00795749718184002  0.00813308172996581
  0.00830315831819437  0.00846060911051912  0.00860597076776344  0.00875082348289767
  0.00889788939475335  0.00905362354280728  0.00973305634264410  1.00000000000000000
  0.00017509698954552  0.00135618313743845  0.00169029207585351  0.00180487294801598
  0.00225798147927425  0.00270491714496527  0.00319665951716195  0.00374347474798511
  0.00420678844235919  0.00447807222120926  0.00449644959295175  0.00453925324681468
  0.00459560474610868  0.00465812324265156  0.00468498162318989  0.00469737733398528
  0.00470072381636568  0.00470329610520107  0.00470583689151446  0.00471368203945856
  0.00472578421508439  0.00473408253556930  0.00474212232140790  0.00475337151658330
  0.00476425681644541  0.00483951831294710  0.00489823333550308  0.00493980356287063
  0.00503667233424298  0.00509339742166571  0.00515264219788021  0.00517575736872587
  0.00517919012207130  0.00518262287541673  0.00518605562876216  0.00518948838210759
  0.00519374224909125  0.00519823351374528  0.00520272477839932  0.00520721604305335
  0.00521161322769176  0.00521568880345437  0.00521976437921697  0.00522383995497958
  0.00522791553074218  0.00526247746992072  0.00527283700850427  0.00527560609344454
  0.00527873592636568  0.00528211372001847  0.00528837606802474  0.00533137911740551
  0.00562373408918514  0.00600601259427575  0.00636334440126298  0.00665266225942722
  0.00693875433371141  0.00723864501172370  0.00771217478724706  0.00839342726283252
  0.00903772349715999  0.00942836654426466  0.00982067307523781  0.01022563983424430
  0.01062804376324261  0.01102052221502575  0.01148773686222376  0.01221316335470985
  0.01304460901184782  0.01437523890196409  0.01565727907863711  0.01595452434184541
  0.01625176960505373  0.01654901486826203  0.01684626013147034  0.01712967615179469
  0.01740008771034272  0.01767049926889076  0.01794091082743879  0.01821132238598682
  0.01847954113795086  0.01874599512313085  0.01901244910831084  0.01927890309349083
  0.01954535707867082  0.01987677443934738  0.02026837459702950  0.02065997475471162
  0.02105540513007214  0.02148811008359836  0.02192081503712458  0.02275055327235260
  0.02461456237959648  0.02647857148684036  0.02934558109450361  1.00000000000000000
 -0.00046157627765652  0.00738631108851003  0.01286549654838656  0.01387872574295474
  0.01402850810357314  0.01410975304791146  0.01421622081607707  0.01433251831696699
  0.01441880859537848  0.01450509887378996  0.01460616926045566  0.01479169293486986
  0.01497721660928407  0.01517350879895929  0.01540232126375820  0.01563113372855712
  0.01671960310517823  0.03050227613972279  0.03959644679793135  0.04785733637663712
  0.05226089143598134  0.05851212205283390  0.06591658975667869  0.09141879754741991
  0.12193420333558075  0.15011928238475777  0.15378893346754771  0.15712340687773008
  0.16053196451288762  0.16278075652425578  0.16467022127941078  0.16583896693747807
  0.16801988588103203  0.17167032756071873  0.18920392173475778  0.23325288211692533
  0.29337745779447894  0.35871074121811736  0.39952714699972042  0.43146681726712482
  0.45996865080027655  0.46435116056992404  0.46529341593495116  0.46623567129997834
  0.46717792666500546  0.46812018203003264  0.46906248870649980  0.47000502565558100
  0.47094756260466214  0.47189009955374334  0.47283263650282448  0.47377517345190562
  0.47432798736771686  0.47485280541379937  0.47537762345988194  0.47590244150596445
  0.47642725955204696  0.47985005225367094  0.48429558559531910  0.48801144058925944
  0.49116576991816696  0.49439078553653371  0.49848722655601901  0.50137949144560712
  0.50417038070906772  0.50743058018106835  0.50883987586230539  0.51025192734152791
  0.51167041888567266  0.51308855400081910  0.51450629764027933  0.51721835640855363
  0.52141197449864751  0.53896098505217183  0.56593505561339486  0.59021726069325642
  0.63283688640511160  0.67896370245155302  0.70021296132377975  0.71309407677798531
  0.72493264217296893  0.73914590238364730  0.75476119233744732  0.76852184503636212
  0.77969375959578424  0.79080453640132464  0.80825996576484616  0.81552586125869542
  0.81892392904947398  0.82432015086168120  0.83093769877954438  0.83453670478855857
  0.83717190319139834  0.84022456874886486  0.84703752537343868  1.00000000000000000
 -0.00657141337025268  0.07628227521360749  0.08698240115935270  0.09335940222191939
  0.09643036598590488  0.09756526535740694  0.09863806121074985  0.09952708439917420
  0.10041615525987892  0.10130891962776602  0.10220168399565312  0.10415137593089155
  0.10947483061732885  0.11444453392556091  0.11727072786277754  0.12053215883667200
  0.12191340802394510  0.12318557624352332  0.12414378338449902  0.12521031319877782
  0.12646673217073567  0.12946281718716252  0.13524871497535051  0.13729759375824710
  0.13765511393688287  0.13813598617160283  0.13863353743499826  0.13909962125763597
  0.13961182792093793  0.14011582893537838  0.14043466739894725  0.14068448735153241
  0.14099276791346799  0.14357439650409326  0.14491564090330056  0.14600879011200113
  0.14717730287307262  0.14836990854238227  0.15500144619229053  0.16515046616912876
  0.20060783791736347  0.29625414508470643  0.44379384117635146  0.59834579793130727
  0.67615664396098252  0.76033302716530171  0.83513666420861210  0.83854986673214471
  0.84060366820957455  0.84232489975962199  0.84383384656943972  0.84673174213485414
  0.84994071330682919  0.85193802362302684  0.85506454886017491  0.86091677253207766
  0.86199628762049763  0.86241196718768554  0.86255542349070125  0.86268551403957650
  0.86278159316849024  0.86288654109470897  0.86301719006751432  0.86309985192022542
  0.86318251377293642  0.86326517562564753  0.86396990212231606  0.86472900830898114
  0.86548811449564622  0.86643658395020995  0.86757116923453392  0.86870575451885790
  0.87005999717941251  0.87537658007102093  0.87625022762200677  0.87979258737807242
  0.88463720486305653  0.88739120880596833  0.88978189202606450  0.89217854251710116
  0.89384259815129297  0.89450741443704118  0.89517223072278940  0.89583704700853761
  0.89650186329428583  0.90119654458246345  0.90782112049428110  0.91444569640609874
  0.92107027231791638  0.92769484822973403  0.93428909749312394  0.94088183626355948
  0.94747457503399513  0.95406731380443077  0.96689048421339308  1.00000000000000000
 -0.02670324673561857  0.07998957464570687  0.19070282972751212  0.23415525598507575
  0.26351398258963166  0.28516754940567574  0.30746745948289872  0.32417243194226752
  0.33399570928629646  0.34251462668716043  0.35489230783024911  0.36732808525680255
  0.37976399860210003  0.39222110653216702  0.40467821446223401  0.41713609069900509
  0.42959417044162002  0.47131088295489848  0.53536848832146933  0.54879689332651538
  0.56222529833156143  0.57565370333660737  0.58395185008005146  0.59010796502212770
  0.59626407996420394  0.60234694139846023  0.60389498697323629  0.60544303254801235
  0.60699107812278852  0.60889523528387213  0.61164177175110568  0.61566375815465968
  0.62459375243046900  0.62875110297755255  0.63334666291332453  0.63964044704424838
  0.64416418359269667  0.64770050256097289  0.65164244142591465  0.65565870712301055
  0.65619911027382583  0.65710398271114412  0.65784621346245764  0.65825268995729935
  0.65859378286641790  0.65874413176576352  0.65889597067955874  0.65907748512974174
  0.65925899957992462  0.65999546124606912  0.66052748972574626  0.66058951199856009
  0.66063255781763208  0.66065385607881844  0.66068148335149424  0.66071294687488136
  0.66073763575465272  0.66075622328512140  0.66077275233505184  0.66080021858008120
  0.66103583071774452  0.66144397462884152  0.66179085519842562  0.66190054977877388
  0.66191578987888433  0.66193102997899467  0.66194627007910511  0.66196151017921545
  0.66197820489345327  0.66199670062417360  0.66201519635489381  0.66203369208561413
  0.66205218781633446  0.66207734469940260  0.66211049919969733  0.66214365369999206
  0.66217680820028679  0.66220996270058152  0.66237162155807860  0.66270221629040926
  0.66298100103821533  0.66504920926564137  0.66880726844992489  0.67856885857262361
  0.70635061762114970  0.73785235025520757  0.76487438900122040  0.79012145790596833
  0.81427619994482736  0.83688379990241279  0.85831700980221015  0.88137907207216459
  0.91201000759570450  0.94227818572202204  0.97113909286101086  1.00000000000000000
 -0.01176174481318092  0.02345444082885679  0.05134458316295459  0.06157810748224882
  0.06814063495084405  0.07534106287086605  0.08108460594295047  0.08734811606981514
  0.09361164061594582  0.09752157831857264  0.10082154711013251  0.10547271273195476
  0.11253264882871392  0.12209395487391252  0.12829482082943400  0.13454420306381423
  0.15388860860876852  0.20052277459780760  0.22443174182208553  0.22904874378034656
  0.23366574573860757  0.23828274769686858  0.24289974965512962  0.24751675161339062
  0.25730789905383600  0.26870730733911202  0.28010671562438805  0.29150612390966413
  0.30290553219494015  0.31326182675904446  0.31969362697551396  0.32612542719198334
  0.33255722740845278  0.33898902762492222  0.34542082784139166  0.35185262805786111
  0.35828442827433055  0.36328021636185415  0.36827250044119070  0.37326478452052719
  0.37825706859986374  0.38678855470814344  0.39634448777422093  0.40590042084029843
  0.41545635390637586  0.46240176369338076  0.50028983613998756  0.51635068946782026
  0.55543894352877332  0.72197111930617763  0.74456866946503131  0.76197275635723982
  0.77934828190826755  0.79387667851839350  0.80398933338454504  0.80947165069902316
  0.81296701439688457  0.81531793443479461  0.81645464328275152  0.81990283867953495
  0.82374581396585533  0.82794805874386801  0.84150501048334947  0.85362708598439085
  0.86552861241122259  0.87563470224623974  0.88894383141465050  0.89917093680462823
  0.91325950573933945  0.92982641205565686  0.93610572928272517  0.94071722018763670
  0.94415956725583439  0.94615919609652610  0.94843430793218642  0.95205354775607243
  0.95528993635475368  0.95985345790282972  0.96305240643567414  0.96371724630042965
  0.96440812014510779  0.96528134186068049  0.96632807563742951  0.96750616010651891
  0.96906793289789606  0.97007839005853269  0.97085763251581203  0.97162110122180723
  0.97384800836956842  0.97441922113343238  0.97509069251853897  0.97585348266031868
  0.98454264608903685  0.99197526295942717  0.99682518022466537  1.00000000000000000
 -0.00185128488351075  0.01655016275410846  0.02376266141293852  0.02720929587323769
  0.03150590283015585  0.04205132936048281  0.04862800633064884  0.05045328561176302
  0.05258607691399923  0.05467062805408833  0.05702316542776947  0.05868829512209284
  0.05971243181171790  0.06062973854520549  0.06170626257675355  0.06241711411461797
  0.06267073755892381  0.06292436100322965  0.06317798383706728  0.06343160624310309
  0.06368522864913891  0.06406701547021054  0.06460010983264575  0.06513320419508095
  0.06669306034446937  0.07381746196422527  0.08895521970682899  0.10129142882682447
  0.11165293001975572  0.12268270027609898  0.13669669940068274  0.15379102127268687
  0.17279331102933249  0.18912303771029809  0.19349758575281811  0.19552719599591192
  0.19755680623900576  0.19958641648209957  0.20161602672519341  0.20405726910956951
  0.20656860248071693  0.20907993585186435  0.21159126922301177  0.21410260259415922
  0.21552927787417767  0.21686425384422109  0.21819922981426451  0.21953420578430793
  0.22086918175435136  0.22183630500487106  0.22371767940323700  0.22597430652195100
  0.23852804078145154  0.30041542116083197  0.31250201914158615  0.32458861712234033
  0.33335131174384514  0.33912317776904638  0.34489504379424757  0.35066724619394879
  0.35643956448932540  0.36221188278470207  0.37624586855226233  0.39753914706385662
  0.41301359919782343  0.42628976310984484  0.43919730000046897  0.44939850765202716
  0.47352476594377202  0.49457636274079964  0.50398518122581837  0.50851039671195342
  0.51472959510725413  0.51822786791280129  0.52023167227005995  0.52211587315367236
  0.52371610520144896  0.52439247166822878  0.52594405928637566  0.52983685176143014
  0.53291534007576336  0.53608293217410141  0.53827228930057802  0.54073060610844992
  0.54489835586194990  0.56443593328598074  0.56623950767348352  0.60892742889655793
  0.67315574018268431  0.75659711331922197  0.85847723196792780  0.89287193513639418
  0.92726663830486056  0.95306181411256863  0.97653090705628398  1.00000000000000000
 -0.01682166219840892  0.02001114090607679  0.03893307061792957  0.05785500032978235
  0.07677693004163513  0.09534630845100520  0.11058991915886177  0.12583352986671831
  0.14107714057457488  0.15670356835953517  0.17665741566106918  0.21099939556029437
  0.27886041219187196  0.30863849306802071  0.31702401264763791  0.32403090706425697
  0.32516942439941166  0.32600498472155914  0.32684080263164617  0.32767671745196114
  0.32851241213658816  0.32934790772616390  0.33224183340492025  0.34141332120496815
  0.34901472178559489  0.35510536672003623  0.36128851800840917  0.36873843089274344
  0.37454795286304543  0.37594933884190995  0.37735075400097440  0.37875262066181203
  0.38015448732264967  0.38240482916686436  0.38470440663918337  0.39952338794058173
  0.41198289986168968  0.42024847524042624  0.42510162161348292  0.42701043812025713
  0.42871833167153495  0.43030799348265542  0.43173845428628060  0.43316515337322981
  0.43531666764086252  0.43810389659758286  0.43986048817367956  0.44160600534389721
  0.44837420322477745  0.45261425195699950  0.45732594094473950  0.46264895248646587
  0.46754961271254464  0.47101894251064869  0.47443860538932486  0.47898042923963807
  0.48399664680169197  0.49002437900596452  0.49984636649453862  0.50497269444596515
  0.50681338949853949  0.50873896742544367  0.51280281034768072  0.51887820884322511
  0.52649269380492814  0.53057386619429991  0.53550492252634529  0.53975415850629760
  0.54469611642459392  0.54737656184634331  0.55289830960527653  0.55392775941386574
  0.55459862393984738  0.55505915688573959  0.55526927778747270  0.55553141094922953
  0.55568664507182797  0.55582444555579780  0.55607786455621411  0.55691878534515538
  0.55791258407758682  0.55905641655654637  0.56020024903550591  0.56134408151446546
  0.56248791399342501  0.58086108043534179  0.61460266726694934  0.64834425409855689
  0.68208584093016444  0.71582742776177211  0.73612686010518502  0.75310394811482317
  0.77008103612446133  0.78705812413409948  0.81609090158076403  1.00000000000000000
 -0.01891593796064245  0.06334861759848621  0.17215093350102770  0.25620287261738411
  0.30288429739966988  0.32499405408205828  0.33715353990561825  0.34867040010853434
  0.35597318815877582  0.36271576925406029  0.36743398161377139  0.37217205323937047
  0.37878219168875543  0.38308459181945975  0.38388628915058243  0.38591115266979392
  0.38898330049475183  0.39237782420797063  0.39551388000964660  0.39902292190604244
  0.40238833555068310  0.40383655514878219  0.40444323048002501  0.40489690163528469
  0.40509542592358705  0.40529395021188941  0.40566054081219322  0.40602920588853586
  0.40671072328926772  0.40757657992481611  0.40879483449994569  0.41044806269608247
  0.41129969145489254  0.41171272606352050  0.41413990245696092  0.41834542292576254
  0.42248098405369439  0.42657592153596241  0.43881175920741411  0.46168916402969479
  0.48555537342953020  0.50892090256091227  0.54166381334800695  0.57405860890500537
  0.61297653093163706  0.69113172090516461  0.77082814706744851  0.79456509596136848
  0.79734748236981268  0.79978600016148960  0.80264129140074458  0.80632873194456667
  0.81035120355976731  0.81103720177320493  0.81172781481829748  0.81419808951466244
  0.81851166410082654  0.82106902978635687  0.82124996832436525  0.82140850475246197
  0.82157265485656306  0.82163576290035600  0.82166733363213684  0.82169890436391768
  0.82173047509569852  0.82176204582747936  0.82180346220230460  0.82184603503618447
  0.82188860787006424  0.82193118070394411  0.82199253211495105  0.82282484996112459
  0.82365716780729825  0.82448948565347191  0.82532180349964557  0.82646803003749281
  0.83021589891774350  0.83396618850576176  0.83969174509299482  0.84406939818696836
  0.85412681871370810  0.86839007755761299  0.87847470873926159  0.88855237703851664
  0.89861894262337205  0.90872464144955833  0.91890452966348857  0.93682924828574676
  0.95053394406029079  0.95643602770747993  0.96233811135466918  0.96870287198467431
  0.97652715398850576  0.98435143599233710  0.99217571799616855  1.00000000000000000
 -0.00590447225438507  0.06335002800981653  0.06679751644877283  0.06732560791282383
  0.06785369937687484  0.06838179084092584  0.06890922778299628  0.06943443322208534
  0.06995963866117438  0.07048484410026344  0.07100829739937717  0.07149983564751812
  0.07199137389565909  0.07248291214380004  0.07297445039194100  0.07684489016511550
  0.08041560700854590  0.08278965681388692  0.08517414338393806  0.09006185307130125
  0.09746690051589342  0.10357546801966996  0.10848240977851005  0.11505061932293241
  0.12618995452495191  0.14884641334601939  0.15195099467740972  0.15558470381072198
  0.15823402456642269  0.16077160016229924  0.16307879042509935  0.16478727483846795
  0.16610329039830815  0.16715371143488486  0.16784743298665211  0.16892155011096954
  0.17064913151798802  0.17353545799316403  0.19304163974448835  0.24038202061703132
  0.28373621886726252  0.32441259893391838  0.33732882016177690  0.34187076176570719
  0.35126981243248306  0.35475992591891248  0.36155941496951116  0.37057547982536249
  0.37743045051465429  0.38561416942393151  0.38808709064006525  0.38982454064043137
  0.39156199064079750  0.39329944064116362  0.39867958218090560  0.40972944155948898
  0.42077930093807231  0.43182916031665569  0.44287901969523902  0.46423049046976322
  0.48729643550105567  0.51036238053234817  0.53342832556364062  0.55052742751870343
  0.55489208809002788  0.55925055971974569  0.56068659642882712  0.56165905090528989
  0.56265202301614681  0.56364827639484438  0.56545479037262636  0.56737490289354309
  0.57860323237646882  0.58642478673875553  0.59197664979860098  0.59701802616940625
  0.60210799534041459  0.62115328212579424  0.63810936215496361  0.64934894219055250
  0.66059613324250577  0.67184332277099490  0.68309000462852021  0.69348292181211590
  0.70299538597682865  0.71251021331170183  0.72202816700806649  0.72984134753459917
  0.73475002632069386  0.74397667957460334  0.75918198034094209  0.76973317047676970
  0.77956858741475976  0.79528203945923759  0.85650025374608374  1.00000000000000000
 -0.01124204317065506  0.02136110668678937  0.04230433745405571  0.06207863099172144
  0.07547970301803744  0.08888077504435345  0.12881696174939655  0.17359242875949563
  0.19603301196929213  0.21887371600483635  0.24433729508972465  0.26980087417461296
  0.28877154669471822  0.30725811315061163  0.33134775404322031  0.35149827908137621
  0.35811063729960346  0.35859016183594977  0.35937817014273526  0.36009587586968811
  0.36077187246401204  0.36134787071075880  0.36208938333463653  0.36245394330380626
  0.36273685977636583  0.36304945683226325  0.36366369744675636  0.36419270883557681
  0.36425658177864662  0.36433560573670803  0.36446204115028108  0.36502495482065045
  0.37151604734205490  0.37716176556253606  0.37969777244599573  0.38190480310777780
  0.38345482282901239  0.38496774677231282  0.38631303945944501  0.38754076409329064
  0.39285613802385294  0.40388807425340117  0.40476056176268871  0.40513587498960879
  0.40569877248296560  0.40600132196870803  0.40630387145445052  0.40660642094019295
  0.40800585400291600  0.40985893964197301  0.41171202528103001  0.41380123962010640
  0.41654714462425224  0.41929304962839814  0.42203895463254398  0.42801692248998202
  0.43471299507205102  0.44140906765412002  0.44810514023618903  0.45480121281825803
  0.46843450649955892  0.48337143296562129  0.49830835943168367  0.51324528589774598
  0.52818221236380836  0.54745007696548553  0.56745713262905761  0.58746418829262981
  0.60747124395620200  0.62747829961977419  0.65980573715315050  0.69154336576770359
  0.69934910446431453  0.70631746049122579  0.71179969726909809  0.72507631322424104
  0.73827115927136799  0.74474333198011211  0.75202773650956922  0.75692524306833298
  0.75902952296791448  0.75974098421662550  0.76082770657951360  0.76358256217840015
  0.76863918092330108  0.77376609442489275  0.77883688565840847  0.78398842397604618
  0.78893743163705921  0.79348717322887863  0.79836445317829186  0.80380058338545546
  0.80989626095726563  0.81998136670532518  0.84683082159315703  1.00000000000000000
  0.00125800392847192  0.03090184811252498  0.03721113650238855  0.04159293705138917
  0.04412402586011634  0.04510724558591152  0.04545991292724919  0.04644055567257511
  0.04727166365740149  0.04816403152568841  0.04882719579622784  0.04910020715891420
  0.04936718336167711  0.04963074843157424  0.04989431267147727  0.05015787639237963
  0.05114590139814739  0.05217304240291094  0.05335810624355243  0.05495953732373911
  0.05799580147847336  0.06647353682957560  0.07269677384707894  0.07793361170188040
  0.08084281950549949  0.08209166365811722  0.08257114241464140  0.08325395354657343
  0.08463427414512606  0.08621222347639190  0.08710314432897792  0.08800908556460599
  0.08881659611647819  0.08942411514882657  0.09008612743265315  0.09134132178538563
  0.09302840015677467  0.09419488229853243  0.09542837327883542  0.09704809248995191
  0.10210869912874072  0.11232295440572541  0.12625288615831168  0.14568545938227309
  0.15807264990656444  0.16682363476527484  0.17601625028383566  0.18486215704872466
  0.19456786537437187  0.20850120572778014  0.25846601751071502  0.32358740762997074
  0.39569357768830798  0.46720563027383871  0.51625459483506986  0.54949428060142569
  0.57778291038872842  0.59478265666865415  0.60412993999862974  0.61347722332860533
  0.62282450665858102  0.63217178998855661  0.64179258382653848  0.65167047676345347
  0.66154836970036845  0.67142626263728344  0.68130415557419832  0.69076426471316854
  0.69990425035199522  0.70904423599082189  0.71818422162964846  0.72732420726847513
  0.73660520313060318  0.74639408715916999  0.75615178137298211  0.75789579616324620
  0.75963981095351019  0.76411684528821056  0.76582589673743517  0.76616066186737142
  0.76649542699730766  0.76683050565528132  0.76716669265684356  0.76750287965840569
  0.76783906665996782  0.76815481609821690  0.76846320764419440  0.76877159919017191
  0.76949212989773230  0.77087845094740814  0.77202999072488276  0.77333624195424389
  0.79172456177905992  0.85400829079587448  0.93572816291583805  1.00000000000000000
 -0.04505299569348938  0.25088351011038024  0.35248065196268996  0.38055297158962781
  0.39886469630672844  0.41717642102382907  0.43548814574092964  0.44501599757573757
  0.45410118532186738  0.46318637306799720  0.46995487322032459  0.47275781103800085
  0.47556074885567712  0.47836368667335338  0.48222761400876507  0.48749805172585559
  0.50129637101482127  0.51726307232099811  0.53202810941755008  0.56518446626089525
  0.58878287296539034  0.59955561961153903  0.60051060750677343  0.60124358467581984
  0.60283839164782382  0.60373668019656856  0.60444224744516151  0.60540063264466037
  0.60623979106543924  0.60740822159579544  0.60833881286296365  0.60919698436389358
  0.61021921759646847  0.61139887857427899  0.61287268020833818  0.62124946549245530
  0.63069288807171220  0.64043452627073383  0.65149887897488279  0.66061149009774311
  0.66584881271477780  0.67051173337215197  0.67610709293723281  0.68180490107110925
  0.68593142092516257  0.68943908724686442  0.69385191486632236  0.69630931719109246
  0.69876671951586244  0.70056336393331597  0.70219624342837683  0.70319430309122299
  0.70380728972992035  0.70442027636861781  0.70590078563750758  0.70772827942120597
  0.70892607167699229  0.70949026594552822  0.71037208467147350  0.71153870382061180
  0.71246645930973562  0.71333599423581240  0.71438029478081078  0.71590683762262808
  0.71790334491982577  0.72418937717304566  0.72839798699721603  0.72902646495687840
  0.73006064063321496  0.73114404951139822  0.73223847762789829  0.73340899047773833
  0.73456419730039491  0.73564557769696237  0.73680937417393955  0.73797241113083623
  0.74149003537569025  0.74892602091534588  0.76758316111129554  0.78810985415482582
  0.80863654719835609  0.82916324024188637  0.84968993328541664  0.86253500912490189
  0.86645342301317729  0.87037183690145281  0.87429025078972822  0.87820866467800374
  0.87954342349415371  0.88035814571351989  0.88117286793288607  0.88198759015225225
  0.88398964064925090  0.92154414620945002  0.96250992696554150  1.00000000000000000
  0.00003533368186157  0.02330101402901103  0.02973040139972077  0.03255845102690102
  0.03351976201007546  0.03390892889389876  0.03420045270236749  0.03449214001736094
  0.03478402942081880  0.03508113471329320  0.03548789440425035  0.03589465409520752
  0.03863001037303868  0.04821608533191717  0.05561676354862478  0.05671167812578744
  0.05737939991644258  0.05874006906146684  0.06150080509586632  0.06471826413811872
  0.07187236559873475  0.09652985763492979  0.11528056631998465  0.12108917082748226
  0.12689777533497990  0.13800854985355693  0.15387172257290457  0.16997278594777568
  0.19038621810283288  0.21079965025789005  0.22366769817299509  0.23070185143651739
  0.23773600470003967  0.24477015796356194  0.25180431122708424  0.25883846449060649
  0.26567323994216890  0.27093510924774428  0.27619697855331965  0.28145884785889502
  0.28672071716447040  0.29198258647004577  0.29724445577562114  0.30233030785298520
  0.30732617978551102  0.31232205171803690  0.31731792365056272  0.32231379558308854
  0.32730966751561441  0.33401813724287838  0.34793404252317112  0.36548657413517732
  0.38953179045414116  0.42267540347745103  0.44506837269971045  0.44869192285502602
  0.45188824918481185  0.45457709331516588  0.45735169855378915  0.45983187599984071
  0.46303338213788725  0.46694518120828615  0.46900560313540846  0.47006143108333925
  0.47112068386044614  0.47239048407549733  0.47875432939098395  0.49255428125552564
  0.52024609551314471  0.54400275794408770  0.54615925594459425  0.54782748574511253
  0.54926550205153035  0.55301248340104792  0.55569922544507488  0.55865802024502564
  0.56367384639860429  0.56856315414711978  0.57094387586121831  0.57287155345150309
  0.57550855241433585  0.57653020022557677  0.57692274673198030  0.57743067807853210
  0.57804128582950776  0.57981209010759005  0.58091180194723790  0.58183461179980434
  0.58347464712615138  0.59664894507039412  0.61323793554933448  0.62702384404791611
  0.65700360977165140  0.71875557736322249  0.82565235649016255  1.00000000000000000
  0.36107967960250908  0.86909538217244342  0.88646084618996202  0.90868963959862747
  0.95306697726481249  0.96209332165854489  0.96481204306206014  0.96736090018736109
  0.96998872960383953  0.97299093254263536  0.97561944191756333  0.97821095566236760
  0.98037163720955645  0.98137927597555874  0.98239266685744520  0.98345373783457168
  0.98422909265809999  0.98457823548813217  0.98486383585392034  0.98520377024902650
  0.98555514153964985  0.98602555381272861  0.98652442807773721  0.98739597527478951
  0.98771896544791293  0.98798071350671346  0.98807908870587557  0.98815025316267202
  0.98819743759678091  0.98824082362331855  0.98829985880356575  0.98846598895346305
  0.98870735408632504  0.98911496972747248  0.98972719528399555  0.99047799969343608
  0.99057943816142580  0.99066046778873562  0.99074149741604534  0.99082252704335516
  0.99090355667066499  0.99107125821281583  0.99125090806234162  0.99143055791186740
  0.99161020776139308  0.99178985761091887  0.99192651087714945  0.99205255097992329
  0.99217859108269701  0.99230463118547074  0.99243067128824458  0.99259254521770768
  0.99275399786670804  0.99284285561010377  0.99290123366293448  0.99293937352201445
  0.99299523830924141  0.99306355249877776  0.99319303341344645  0.99328071203537516
  0.99330414247488830  0.99332081772689873  0.99333640498309428  0.99335355844309459
  0.99338568164455909  0.99341207402002973  0.99343030950443589  0.99344682992354749
  0.99346580266327666  0.99349744749486069  0.99351722415660637  0.99353422108346245
  0.99354568023226009  0.99355067756770654  0.99355567490315300  0.99356343196412222
  0.99360181635709399  0.99364020075006587  0.99367858514303764  0.99372236859009511
  0.99376842398130161  0.99381447937250811  0.99398959316565216  0.99425007845599866
  0.99443864554763206  0.99457616828143036  0.99465088371485477  0.99472730875281634
  0.99480834358700443  0.99488558964987717  0.99493134261540528  0.99497709558093339
  0.99515756866964422  0.99538416130581120  0.99560522521513473  1.00000000000000000
 -0.07253420419421108  0.25227402349662953  0.37718815132466510  0.43375459754547235
  0.48094837886800196  0.52805989688295285  0.57504903168810362  0.61688282189102372
  0.62350349396401050  0.63012416603699728  0.63597383199832036  0.63988251504946736
  0.64179939941702224  0.64252447716346239  0.64356192264823542  0.64379315256419278
  0.64400630075483833  0.64416609418553072  0.64433389025630439  0.64451263265771375
  0.64487721828806632  0.64567337837286753  0.64642861837397947  0.64699760256404726
  0.64708439509076121  0.64713204736947516  0.64717969964818922  0.64722735192690317
  0.64727500420561712  0.64731956074529817  0.64736348115036557  0.64740740155543297
  0.64745132196050037  0.64749524236556777  0.64754092959606591  0.64758724861977857
  0.64763356764349123  0.64767988666720389  0.64772620569091643  0.64803707682692435
  0.64867188279709587  0.64938949414798031  0.64988260199107550  0.65018608965668845
  0.65046289932362955  0.65148579658862404  0.65346993122277119  0.65628949870898223
  0.65910906619519327  0.66204132066447596  0.66523078865315610  0.66842025664183624
  0.67160969783911961  0.67479748379174742  0.67798526974437512  0.68117305569700293
  0.68849748989589787  0.69792893224744790  0.70752184238515459  0.71180435011345777
  0.71365562149997697  0.71769584616670123  0.72150333545618317  0.72557691110446054
  0.72745611442274494  0.72782886002884484  0.72802708897013579  0.72826723543570304
  0.72848453321520057  0.72872701710255172  0.72892236470007077  0.72897338855476324
  0.72900872355663293  0.72905503036733832  0.72909251424377353  0.72913574746824783
  0.72917525882914280  0.72921862846231478  0.72924286116031312  0.72935381479012940
  0.73128278967188864  0.73452711501278023  0.73646479318115043  0.73885973723211895
  0.74090433797311372  0.74108321968565860  0.74126213704378585  0.74144128497167427
  0.74162368394456757  0.74185161202318828  0.74207954010180899  0.74313265172467802
  0.74410777496814773  0.74509957308587593  0.75427420644128906  1.00000000000000000
   3.4366810399191669E-028  -1.0000000000000000     
 T F F F F F F F F F F F F F F F F F F F T F F F T F F F F F F F F F F F T F F F T F F F F F F F F F F F F F F F F F F F T F F F F F F F F F F F F F F F F F F F F F F F F F F F F F F F F F F F F F F F F F F F F F F F F F F F F F F F F F F F F F F F F F F F F F F F F F F F F F F F F F F F F F F F F F F F F F F F F F F F F F F F F F F F F F F F F F F F F F F F F F F F F F F F F F F F T F F F F F F F F F F F F F F F F F F F T F F F T F F F F F F F F F F F T F F F T F F F F F F F F F F F F F F F F F F F T F F F T F F F F F F F F F F F F F F F F F F F T F F F T F F F F F F F F F F F T F F F T F F F F F F F F F F F F F F F F F F F T F F F F F F F F F F F F F F F F F F F F F F F F F F F F F F F F F F F F F F F F F F F F F F F F F F F F F F F F F F F F F F F F F F F F F F F F F F F F F F F F F F F F F F F F F F F F F F F F F F F F F F F F F F F F F F F F F F F F F F F F F F F F F F F F F F F T F F F F F F F F F F F F F F F F F F F T F F F T F F F F F F F F F F F T F F F T F F F F F F F F F F F F F F F F F F F T F F F
  <DiscreteSampler_grid>
  grouped_processes
  1 # 1 for a reference and 2 for a running grid.
  10 # Attribute 'min_bin_probing_points' of the grid.
  1 # Attribute 'grid_mode' of the grid. 1=='default',2=='initialization'
  0.0000000000000000 # Attribute 'small_contrib_threshold' of the grid.
  0.5000000000000000 # Attribute 'damping_power' of the grid.
 # binID   n_entries weight   weight_sqr   abs_weight
    16   7   1.497199396736338E-019   1.546623498169196E-037   1.497199396736338E-019
    17   7   1.497199396736283E-019   1.546623498169081E-037   1.497199396736283E-019
    19   7   1.772258772487797E-019   2.159294953776042E-037   1.772258772487797E-019
    20   7   1.772258772487733E-019   2.159294953775884E-037   1.772258772487733E-019
    22   7   1.698229249891492E-019   1.985310158415774E-037   1.698229249891492E-019
    23   7   1.698229249891430E-019   1.985310158415627E-037   1.698229249891430E-019
    28   7   1.497199396736338E-019   1.546623498169196E-037   1.497199396736338E-019
    29   7   1.497199396736283E-019   1.546623498169080E-037   1.497199396736283E-019
    31   7   1.772258772487797E-019   2.159294953776042E-037   1.772258772487797E-019
    32   7   1.772258772487731E-019   2.159294953775880E-037   1.772258772487731E-019
    34   7   1.698229249891491E-019   1.985310158415772E-037   1.698229249891491E-019
    35   7   1.698229249891429E-019   1.985310158415626E-037   1.698229249891429E-019
    40   7   1.497199396736338E-019   1.546623498169196E-037   1.497199396736338E-019
    41   7   1.497199396736283E-019   1.546623498169080E-037   1.497199396736283E-019
    43   7   1.772258772487796E-019   2.159294953776040E-037   1.772258772487796E-019
    44   7   1.772258772487733E-019   2.159294953775885E-037   1.772258772487733E-019
    46   7   1.698229249891491E-019   1.985310158415772E-037   1.698229249891491E-019
    47   7   1.698229249891431E-019   1.985310158415630E-037   1.698229249891431E-019
    52   7   1.497199396736339E-019   1.546623498169197E-037   1.497199396736339E-019
    53   7   1.497199396736282E-019   1.546623498169079E-037   1.497199396736282E-019
    55   7   1.772258772487796E-019   2.159294953776040E-037   1.772258772487796E-019
    56   7   1.772258772487733E-019   2.159294953775885E-037   1.772258772487733E-019
    58   7   1.698229249891491E-019   1.985310158415771E-037   1.698229249891491E-019
    59   7   1.698229249891430E-019   1.985310158415629E-037   1.698229249891430E-019
    64   7   9.321238643461644E-019   6.067929405680600E-036   9.321238643461644E-019
    65   7   9.321238643461393E-019   6.067929405680272E-036   9.321238643461393E-019
    67   7   4.937633708266132E-018   1.705334401177167E-034   4.937633708266132E-018
    68   7   4.937633708266009E-018   1.705334401177083E-034   4.937633708266009E-018
    70   7   4.940715253869830E-018   1.707351768127463E-034   4.940715253869830E-018
    71   7   4.940715253869709E-018   1.707351768127379E-034   4.940715253869709E-018
    76   7   9.321238643461636E-019   6.067929405680589E-036   9.321238643461636E-019
    77   7   9.321238643461391E-019   6.067929405680271E-036   9.321238643461391E-019
    79   7   4.937633708266126E-018   1.705334401177164E-034   4.937633708266126E-018
    80   7   4.937633708266009E-018   1.705334401177083E-034   4.937633708266009E-018
    82   7   4.940715253869830E-018   1.707351768127463E-034   4.940715253869830E-018
    83   7   4.940715253869711E-018   1.707351768127381E-034   4.940715253869711E-018
    88   7   9.321238643461647E-019   6.067929405680604E-036   9.321238643461647E-019
    89   7   9.321238643461391E-019   6.067929405680271E-036   9.321238643461391E-019
    91   7   4.937633708266135E-018   1.705334401177170E-034   4.937633708266135E-018
    92   7   4.937633708266012E-018   1.705334401177085E-034   4.937633708266012E-018
    94   7   4.940715253869834E-018   1.707351768127466E-034   4.940715253869834E-018
    95   7   4.940715253869712E-018   1.707351768127382E-034   4.940715253869712E-018
    100   7   9.321238643461644E-019   6.067929405680600E-036   9.321238643461644E-019
    101   7   9.321238643461397E-019   6.067929405680278E-036   9.321238643461397E-019
    103   7   4.937633708266126E-018   1.705334401177164E-034   4.937633708266126E-018
    104   7   4.937633708266009E-018   1.705334401177083E-034   4.937633708266009E-018
    106   7   4.940715253869830E-018   1.707351768127463E-034   4.940715253869830E-018
    107   7   4.940715253869713E-018   1.707351768127382E-034   4.940715253869713E-018
  </DiscreteSampler_grid>
