  0.02299667406309220  0.03729688087440751  0.05224250425199636  0.06595391107978758
  0.07716939997212641  0.08769994028536963  0.09816294143248853  0.10900498635396132
  0.11803162142774079  0.12698947608343986  0.13464752250595535  0.14401202832672375
  0.15293021948546529  0.16184496216754338  0.17205485375635385  0.18401285399929340
  0.19402966401384050  0.20363311105433249  0.21300509401266854  0.22227598088787401
  0.23220708928772660  0.24140738346690144  0.25090697213802243  0.26382508762546758
  0.27604822510866456  0.29058301464112096  0.30513529430194769  0.32209522201583962
  0.33927897831264175  0.35424395344539528  0.36701181518076015  0.37772087396790832
  0.38782462850792837  0.39765396535186620  0.40719285271003453  0.42016924685189017
  0.43096520163683566  0.44131363499390719  0.45195136786640200  0.46481373971434364
  0.47713832417627300  0.48897996277482675  0.49867349515043652  0.50852908130219088
  0.51879040439517388  0.53055621712333523  0.54307076435567669  0.55026529474389774
  0.55553296990816659  0.56111946140073221  0.56740315501909366  0.57337060044088639
  0.58047940871238046  0.58986610902873915  0.59871443312281292  0.60965941303434701
  0.62208589550269389  0.63160694295653586  0.64004292308596988  0.64874584099373811
  0.65864728979256715  0.66755569027166972  0.67264837572121061  0.67843148617715554
  0.68528730938650173  0.69362000512039290  0.70139627469437216  0.70951404841050636
  0.71992484967896730  0.72938526508101797  0.73880582517959270  0.74743395442032112
  0.75693535797383649  0.76691635428251692  0.77732438718998054  0.78674453726796822
  0.79472201897308048  0.80129045889008677  0.80715374155291530  0.81315135497306013
  0.82070840601387884  0.82939599609845815  0.83992826166598533  0.85497029375812272
  0.87280644308164745  0.88774683824680423  0.90134164857871157  0.91277407777701103
  0.92276303150798067  0.93227299266081431  0.94388697392277132  0.95281443571927915
  0.96044778892195792  0.96585193560778282  0.97074607420240577  1.00000000000000000
  0.00003354658279325  0.00011538720720103  0.00015273006775407  0.00018402564310756
  0.00021317157361207  0.00024191125317100  0.00030353951913176  0.00039175417260808
  0.00046783892368520  0.00053747654272150  0.00062004032719921  0.00073415530939967
  0.00081767803647365  0.00086392834775651  0.00091042195226711  0.00096209575562145
  0.00102027206412998  0.00112169982118961  0.00129489759038017  0.00142460385036286
  0.00153248228265940  0.00162609174668900  0.00170346404297871  0.00181643361933970
  0.00194181280885909  0.00206074336322539  0.00220706099660872  0.00237088832190294
  0.00254431033062628  0.00271554877830393  0.00289659472441411  0.00317812509573202
  0.00342569703276128  0.00366132599065704  0.00391633865591603  0.00410826201223272
  0.00429514808307827  0.00449934930313966  0.00469461865506227  0.00491448556663531
  0.00508188177363616  0.00525524837890454  0.00543387481176924  0.00562343121456522
  0.00588646329885480  0.00614182677314159  0.00637379492401222  0.00657512043781598
  0.00675677584505442  0.00699422064686873  0.00727916824737513  0.00758592324151780
  0.00791768441452917  0.00825979153219578  0.00858988039255668  0.00886497374112358
  0.00908494402996252  0.00931152467855539  0.00953754085601466  0.00972791137036651
  0.00988502434568528  0.01004498557805683  0.01021048224238004  0.01041231726122722
  0.01066040923762788  0.01090239726512274  0.01117678533296215  0.01147825065049366
  0.01175063996531609  0.01202461732219988  0.01225261792869221  0.01246994809403471
  0.01270222483125364  0.01292233747597734  0.01315844989288480  0.01345567892040449
  0.01380833541047486  0.01416117037396660  0.01448008874991306  0.01480631795813728
  0.01513388125731372  0.01540039601620781  0.01562147703633736  0.01593082858479657
  0.01629247298867400  0.01667856979334855  0.01708293360451757  0.01756963136205154
  0.01820534693289316  0.01884336041994944  0.01946441628248143  0.02013963689557276
  0.02102553712639121  0.02260189305833893  0.02601441084148705  1.00000000000000000
  0.02286411537589982  0.03654957019522841  0.04701929387981311  0.05557153904126746
  0.06520432447726277  0.07440657379392385  0.08237471545351907  0.08960837081944245
  0.09798102502996085  0.10981427910661327  0.12208169349071540  0.13420276572259590
  0.14579351979052024  0.15543306929615733  0.16427987118143439  0.17397546396566391
  0.18321037444680946  0.19294246892626027  0.20478523427926534  0.21675239049807313
  0.23003397468077047  0.24246340495085647  0.25596104244728729  0.26994510109297604
  0.28703785204246124  0.30344894173056630  0.31772752312306390  0.33069477151243243
  0.34302735905744342  0.35457436156954075  0.36571486470832876  0.37841768336334358
  0.39177503333870944  0.40630191937824223  0.41913098353429395  0.42908160954108926
  0.43822438577622369  0.44783765779731283  0.45633949530606860  0.46344907064371466
  0.47278966238184672  0.48269803397233407  0.49382496658105995  0.50562413788337146
  0.51555010053434969  0.52589277138787049  0.53355032898779198  0.54074956222086035
  0.54645413740685644  0.55268036667035192  0.55915730513935358  0.56696218248401420
  0.57712458194185656  0.58826237068525711  0.59993734849436742  0.60821972009333980
  0.61537369755737203  0.62485546824863558  0.63447635120194501  0.64249961186311422
  0.64960557356443449  0.65670189495425857  0.66442942276220729  0.67526428526348958
  0.68791490229118679  0.69997235233399369  0.71113527506698071  0.72235879191794505
  0.73464419864219765  0.74641911045150600  0.75450468337951915  0.76120627492379800
  0.76772858874232686  0.77443054583252313  0.78322460145511719  0.79159855317623840
  0.79996580053708854  0.80759335498004881  0.81584528568153381  0.82481212717207486
  0.83239676544143870  0.84003701518856722  0.84888877118667172  0.85836833938671886
  0.86647340678643137  0.87386769902528205  0.88365451488662672  0.89444961097849629
  0.90674525952853913  0.92028303585956661  0.93486389118077651  0.94672082960245441
  0.95600660214139588  0.96417424546334207  0.97116497459220763  1.00000000000000000
  0.03044058266220375  0.03046916828368194  0.03051552864452259  0.03057588374382999
  0.03064673728994804  0.03071853432275294  0.03079899267870126  0.03088244032330023
  0.03098739345775659  0.03110654768753603  0.03122021461467710  0.03133460305288866
  0.03145410339839289  0.03158246053893578  0.03172409056644668  0.03189134879853660
  0.03206754486540868  0.03224496451483375  0.03243104476377261  0.03263304563802631
  0.03282031120248165  0.03297583223101470  0.03311559629048310  0.03324343621629237
  0.03337860328322827  0.03354327276287579  0.03373061445460278  0.03395326691183932
  0.03421132710865585  0.03439297463948856  0.03458218278415053  0.03474115271348643
  0.03487429604416068  0.03499613600691868  0.03511664459479296  0.03523023900946343
  0.03535745193328532  0.03551951281833676  0.03570245080101537  0.03585878863909123
  0.03602395491174390  0.03620040878991953  0.03637316546224863  0.03654475485263406
  0.03676218658707008  0.03698298400013708  0.03720787584309342  0.03743145783433353
  0.03761932473608005  0.03782492174167833  0.03807178356106964  0.03835520797459250
  0.03864732142899422  0.03889598059862764  0.03911967533244695  0.03931812289692810
  0.03950755796475523  0.03969167454131296  0.03982494724321577  0.03995734316887951
  0.04009242088077627  0.04025933827324081  0.04043545186273256  0.04058475947739370
  0.04073943316967556  0.04091673926296970  0.04122433017994129  0.04154679142157462
  0.04196836536495822  0.04240299979800017  0.04283740057467206  0.04327056265914505
  0.04370012529943848  0.04418375599406108  0.04473559451865635  0.04526448872771095
  0.04582057882642439  0.04631257295541368  0.04679227360154558  0.04727751175463222
  0.04782833517689325  0.04858874804460746  0.04947085536536757  0.05027641688791648
  0.05098545628762222  0.05169919817176623  0.05246702296800770  0.05324980909702229
  0.05411363935171212  0.05499277958429733  0.05603181820943576  0.05713240006720358
  0.05841962619860845  0.06025677208462405  0.06269720135620216  1.00000000000000000
  0.93634432007560808  0.93937830586641979  0.94065501742338231  0.94176631924174736
  0.94249986837696254  0.94318036596252119  0.94380005906130870  0.94458272537678301
  0.94518475995888773  0.94556456302358505  0.94571404697114003  0.94583642664302170
  0.94594914594796164  0.94605760210897860  0.94617394748674688  0.94630081571135150
  0.94642961205883436  0.94655824663541688  0.94667566642026790  0.94704824327414239
  0.94754937015220764  0.94824506923483720  0.94882386930363816  0.94928316294164328
  0.94966164077072590  0.95006371219228847  0.95042250094349179  0.95076110129711056
  0.95110274401862638  0.95145317582058064  0.95183890635674584  0.95222446174687347
  0.95257038791284454  0.95292325898403551  0.95326679266605907  0.95359393990845087
  0.95393695258535049  0.95422175593227088  0.95445587775364693  0.95469512455061678
  0.95494453697999060  0.95522153851685920  0.95550072538898123  0.95577546039558592
  0.95608073638514202  0.95646392782144862  0.95689266073532009  0.95727864676594665
  0.95755779237904470  0.95778253980169259  0.95799478156609286  0.95815473046732913
  0.95834446425704867  0.95857818308529508  0.95886956176717386  0.95919380741008864
  0.95949249955004179  0.95979950186579333  0.96011035247262899  0.96040957660772686
  0.96067484409880033  0.96091538968442947  0.96117876139585201  0.96149627549911088
  0.96187197824660420  0.96221844648665933  0.96244093896574401  0.96263498989510066
  0.96281341612088411  0.96299153640297919  0.96320521155256023  0.96347229636428022
  0.96375204493929068  0.96400361515596844  0.96422192413622798  0.96441919662523079
  0.96460995108351666  0.96480801613398115  0.96503255052385128  0.96526577769171751
  0.96550581401919899  0.96578320149242314  0.96602877857554037  0.96626754794725256
  0.96652222308791746  0.96678909672943147  0.96701054457330005  0.96722675064544050
  0.96742137568157893  0.96761658916100357  0.96782118974548281  0.96807796362420306
  0.96835991476718486  0.96860879338508488  0.96872874302011358  1.00000000000000000
 -0.00206236850538453  0.01019912846769501  0.01691339113967132  0.02145833127892528
  0.02525883289221848  0.03009158231594117  0.03565173576297757  0.04050608055437693
  0.04690347248159940  0.05394266443536994  0.06136585091572647  0.06865030407436254
  0.07706922906027329  0.08479202759735940  0.09456285189119989  0.10120855861413409
  0.10908561748118976  0.11748985973576249  0.12419920709313824  0.13025576501207328
  0.13618651825108544  0.14117497566135292  0.14708024005728890  0.15348333895397717
  0.16057457040689477  0.17046119701334589  0.18151208022756332  0.19053560229827862
  0.19767614389695715  0.20546807813789411  0.21256334495799642  0.21980321807262065
  0.22720573236127839  0.23668571251440132  0.24773161246158409  0.26026766711756227
  0.26936815095892519  0.27721261505478634  0.28455448965139662  0.29110374965684499
  0.29789664408523858  0.30849377505447328  0.32208312934902034  0.33519935922826877
  0.34622474119481012  0.35602268043878288  0.36507996367516138  0.37426851738446743
  0.38352047264275740  0.39428928604461266  0.40809300970236601  0.42494067677422126
  0.44389416155629685  0.46010883785894630  0.47117893114936893  0.48251023196394111
  0.49560877852671342  0.50751777757326222  0.51946243872553377  0.53111554341256484
  0.54209711631317370  0.55390548249073301  0.56779540023890251  0.58444059925769609
  0.59377972363543829  0.60173187847062404  0.61100788325060018  0.61948911121909189
  0.62878562173617525  0.63773293751997717  0.64726569206529760  0.65517623329784724
  0.66768588404970652  0.68429635941661071  0.69904711285824628  0.71150747194817132
  0.72277367541464432  0.73326404622224550  0.74696640754692434  0.75871350675985394
  0.77054731850320046  0.78394648860992378  0.80350425623412247  0.81999555770038712
  0.83214100617740339  0.84226395695092704  0.85108810097649690  0.86016444466604314
  0.86971277459384866  0.88207689280483970  0.89264864844265257  0.90318824136999420
  0.91460654400616237  0.93491807308682784  0.96236647421472743  1.00000000000000000
 -0.00328995616018308  0.01424509156491852  0.02411284114903618  0.03116867636121973
  0.03992659519231650  0.04777360351089002  0.05855202422993497  0.06862225007659445
  0.07782341081383418  0.08659859923578175  0.09480961384711439  0.10277999267361046
  0.11158575928411521  0.12039356300808191  0.13400645996288901  0.14905708673534834
  0.16263965559857096  0.17374560108873363  0.18384493523572565  0.19407618606864391
  0.20291655842492537  0.21180107491555117  0.22266904627694095  0.23318980228778149
  0.24398292165311491  0.25625477068988767  0.26735447290550773  0.27729646024364235
  0.28678593150163056  0.29580177207961694  0.30851251811216596  0.32206166674308551
  0.33900038609428157  0.35168089843251898  0.36200583756124577  0.37040034603868871
  0.37756855053230182  0.38380569829516759  0.39031226733424351  0.39888242428430365
  0.40751376997777988  0.41641893420147624  0.42728583444672430  0.44250548755321373
  0.45409716147138729  0.46389087408039315  0.47358669946899196  0.48212176134261758
  0.49355483338747680  0.50507410998022928  0.51790381863159951  0.52976876086428126
  0.54077837879309321  0.55138202314074058  0.56149936822860080  0.57206883290849497
  0.58224302484653001  0.59149813798408701  0.60147181516349368  0.61342815509936655
  0.62574385109143138  0.63718296164953492  0.64792668526589725  0.65677699176333548
  0.66562502338694807  0.67776234680617353  0.69097542637556042  0.70555898367948067
  0.72163552367476380  0.73712220858602817  0.75459508817348842  0.77377992823707509
  0.79204662129298875  0.80319725528562425  0.81291079529615051  0.82141953065965068
  0.82933942128043669  0.83632406563453821  0.84284677427934007  0.84987711792174192
  0.85888751709262645  0.87190525200375468  0.88632776666714097  0.89713551510255851
  0.90539807297799224  0.91235110691714316  0.91931293299269545  0.92890915765927029
  0.93872072756952729  0.94911751693664737  0.95856234653939132  0.96841741130330994
  0.97643500850869236  0.98352825912736641  0.99141794480313417  1.00000000000000000
 -0.00418859568768802  0.00838318423617885  0.02091999784240653  0.03339211262212703
  0.04410753175692637  0.05444488318468560  0.06282700667709179  0.06955445302307786
  0.07565754549246141  0.08294695691230783  0.08949158519464476  0.09615993188728428
  0.10360261654391595  0.11453196573331913  0.12586617544680956  0.13551862748693103
  0.14508047765610183  0.15409219529751714  0.16382804760052197  0.17608742415950648
  0.19247195161884606  0.21052876051887254  0.22714338386939645  0.24226403003726768
  0.25570534221800384  0.26798205946999210  0.27754503243743694  0.28863817914747331
  0.30095205140548570  0.31433994154239148  0.32839443104668986  0.34096702884008873
  0.35204126112148754  0.36248196372385283  0.37599999993617961  0.39502504953155859
  0.41614194942463983  0.43495799253593598  0.45040254447374994  0.46424031609619532
  0.47852443104790138  0.49315866315897122  0.50548164172552001  0.51592281556104247
  0.52726932809917804  0.53986513631009414  0.55334397043286510  0.56620188949756056
  0.57755993048255494  0.58672995711535825  0.59557653956494161  0.60647107488231555
  0.61909667637978727  0.62975775054095207  0.64081231346506340  0.65179498249356127
  0.66187811095939553  0.67028070745203039  0.67747666859359257  0.68390255417771173
  0.69052229040734647  0.69916264393759986  0.70792065416759364  0.71856848017514108
  0.73011204650784056  0.74116247076215114  0.75234431117376754  0.76294056159264512
  0.77401697150515714  0.78409126566103160  0.79486127531681472  0.80360739601927433
  0.81050823549007922  0.81719920618780961  0.82571632126364414  0.83557768445310876
  0.84634823450330454  0.85770389012739690  0.86882067582733946  0.87943151125181318
  0.88937907204721123  0.89813772250341539  0.90658832506112697  0.91398988821029792
  0.92094048620764524  0.92737010797421349  0.93512972402527939  0.94133787269644664
  0.94708292713278652  0.95286107212257976  0.95886129452443924  0.96594060907115176
  0.97525072529959789  0.98368864279486812  0.99129520117465553  1.00000000000000000
 -0.00343254628130622  0.01199864285335662  0.02588777721259729  0.03679802953846197
  0.04542332155150653  0.05414346037923860  0.06242917559816571  0.06942691374035102
  0.07845919218846245  0.09493946743727820  0.11250477563683535  0.12938457162508360
  0.14496594058458231  0.15765913157856445  0.16818165195480453  0.17752995368644842
  0.18700403328512447  0.19715657965657948  0.20682917566608736  0.21511342842702819
  0.22272966050092069  0.23174145355100079  0.24403107838967894  0.25782782346041527
  0.27198126246263804  0.28007778288945112  0.28650605779857430  0.29516560309119028
  0.30540047882281929  0.31316398825970188  0.32085667301740495  0.33046496989000840
  0.34198779324641682  0.35383092442834280  0.36563371173477094  0.38006862444272532
  0.39717507781960548  0.41000606796971401  0.41983108074537551  0.42955339124782682
  0.44224917558389293  0.45573082256075270  0.46808750715932257  0.47993120572484105
  0.49127173630458826  0.50142913075373818  0.51250458534037180  0.52262158758144772
  0.53184482514509390  0.53985239597838974  0.54849894201387817  0.55590691913951207
  0.56184249846201906  0.56817047818035848  0.57503086317946928  0.58403407969927468
  0.59358343834040350  0.60259138665812684  0.61084146330342992  0.61989250161393961
  0.62975826693726733  0.63930883659711135  0.64674900567150695  0.65362609231225777
  0.66033682427768514  0.66771807957707141  0.67519721638568331  0.68477487627949551
  0.69434015368969437  0.70258892825206354  0.71163755797780015  0.71942142563939071
  0.72716551317909661  0.73618683078920311  0.74986397833162421  0.76370179498524093
  0.77685929226879524  0.79013061407765695  0.80378085866494020  0.81731767338430295
  0.82903441859028359  0.83816096590578015  0.84925923277711068  0.86186267959272389
  0.87778881610649706  0.89047478641980093  0.90137766289521370  0.91118814202424903
  0.91921441260106507  0.92816859972415033  0.93907740022368102  0.95069042183091901
  0.96302718422277322  0.97742360097941128  0.98926962827840415  1.00000000000000000
 -0.00267710587490095  0.00952099371049131  0.02119963786509497  0.03204367840277814
  0.04343196074728021  0.05531609067805821  0.06615205370787502  0.07706084175899237
  0.08452575316743352  0.09117287489016480  0.09839254808142188  0.10949536896041463
  0.12520351907288224  0.14378696574734595  0.16153329575146466  0.17681682570753243
  0.18878134932951293  0.19830158775147000  0.20824001242610796  0.21975843623701261
  0.23053594827168775  0.24003983023507833  0.25115508426911276  0.26447306754239241
  0.27319986388377954  0.28086406101474592  0.28990580483299500  0.30250953996692520
  0.31655313833914100  0.33211120189354426  0.34699069133918942  0.35845563835195982
  0.36768081693133448  0.37619868772889509  0.38495399986824841  0.39454745670321584
  0.40472186559364637  0.41468228369971238  0.42446381713728415  0.43407749584480498
  0.44172371169974223  0.44909510221450116  0.45653681323966860  0.46341404511642320
  0.47321616671819683  0.48306950814452926  0.49174983466306721  0.49994605929268021
  0.50897749411177973  0.51980903484237451  0.53044203519811717  0.54066562230253279
  0.54960188914828456  0.55848999256478837  0.56617144456664503  0.57335439845091773
  0.58117123302219931  0.58847677292539680  0.59657166731627687  0.60494519619587794
  0.61419906987619655  0.62554276644814122  0.63688483459518519  0.64939351815862134
  0.66227855318927886  0.67532344846525905  0.68939153772587947  0.70458336728143300
  0.72124884732823280  0.73936809232007261  0.75422109582512920  0.76387340795696568
  0.77027387549521853  0.77616864831257437  0.78186741919131841  0.78780701062146097
  0.79553992813177199  0.80405577673377782  0.81639054051218840  0.83046420991848846
  0.84167371751522357  0.85115153942311883  0.85819555640316270  0.86575552144488455
  0.87337420133751043  0.88263935129787185  0.89169965793343786  0.90136643154529239
  0.91357499981271317  0.92668208228716797  0.94016683401360523  0.95176066183689456
  0.96274997142108021  0.97424176482357727  0.98633615927250284  1.00000000000000000
 -0.00215502220075548  0.00316569110772418  0.00848629701030252  0.01348385188402973
  0.01993304286678450  0.03096021718172372  0.03935287519328021  0.05226966173659771
  0.06675658118305482  0.08103024931911257  0.09729431751838385  0.11382438259787929
  0.13008165725359716  0.14365170178154529  0.15294581479328950  0.16121745393481682
  0.17073323360851111  0.18128749280710085  0.18933850527255575  0.19731417118927674
  0.20584493172886395  0.21541676641097840  0.22413399150166738  0.23374876410493722
  0.24500105777357481  0.25903873101836800  0.27837762261797561  0.29631464833738874
  0.31090217867601588  0.32557422941408959  0.34009114339878860  0.35047483161552395
  0.36117725344592461  0.37169664453130247  0.38119204788122613  0.38838687914910519
  0.39644896513757244  0.40479400662042264  0.41209014639526914  0.42052488032925239
  0.42992267284814778  0.43806084145259538  0.44552516815362531  0.45373069312718867
  0.46251312944224143  0.47197913335034442  0.48203374149504569  0.49271660533596795
  0.50366547035783926  0.51495180088956694  0.52796572043594414  0.54152291800225283
  0.55506555759079901  0.56710047552225817  0.57898450809242619  0.58998088483680977
  0.60037579454984369  0.60910363502027098  0.61630168749012493  0.62536194915997090
  0.63858497925491475  0.65624701135958730  0.66990664983643311  0.68366725541179973
  0.69521167881985568  0.70502744995207611  0.71262008200283034  0.71967114441990820
  0.72669510057172082  0.73287647076542284  0.73906724740140883  0.74673478089449963
  0.75553648186374200  0.76256122093310641  0.76966129982602760  0.77969291002813523
  0.79052385590209984  0.80031202022299697  0.81078776004333786  0.82264942312593647
  0.83679168780618263  0.84984352457027545  0.86232621228947526  0.87157768826889948
  0.87979566147327071  0.88719107707802181  0.89384241663457098  0.90186526576003501
  0.91173212695922357  0.92296155709801753  0.93462945746226422  0.94705044464776511
  0.96109841822923781  0.97406635907000005  0.98684031737158495  1.00000000000000000
 -0.00282003783586118  0.01196953852195697  0.02278284505496419  0.03210235670093918
  0.04181200295826499  0.05120719441083389  0.06103467665670268  0.07331854908702766
  0.08558044400563750  0.09790603056928240  0.11025366889735991  0.11936054558224973
  0.12501513514018212  0.13084499389580123  0.13820010489678078  0.14836489454248503
  0.16226731210430712  0.17459091699642590  0.18549498370943257  0.19796057621188690
  0.21291069825857489  0.22533866476783845  0.23525057668277272  0.24358254791588180
  0.25189300778299212  0.26106237448093017  0.27514765472246705  0.29108055817013645
  0.30202553812162403  0.31344578778747112  0.32839872207617304  0.34436360336418081
  0.35879042502079700  0.36789006451031386  0.37566766078048136  0.38283060815487863
  0.38941544021753238  0.39606242884088039  0.40386487797381437  0.41126370341255186
  0.42796156463057239  0.44182577506543219  0.45425838495514692  0.46832898234406739
  0.48152074392406474  0.49144890907735622  0.50702045749424907  0.53446394240656780
  0.55488017413630497  0.56998368549030243  0.58587837618213234  0.60197244755564339
  0.61456341595636621  0.62518108886478918  0.63620495891172935  0.64390876530600971
  0.65199789986817724  0.66148583140366080  0.67327518832137057  0.68726381974467043
  0.69943874595179800  0.70869901637352151  0.71659062171009003  0.72431837496647722
  0.73155108194584584  0.73852443469082940  0.74547065578829730  0.75459180230303102
  0.76575318699476191  0.77603190277267498  0.78527977608152522  0.79545974165245692
  0.80696347686338310  0.82040010991030976  0.83187542045811491  0.84122936713919683
  0.84884548324614340  0.85536478672578453  0.86055184776282223  0.86597620983037749
  0.87230343146466816  0.87958555002460348  0.88754710576100804  0.89653535985890809
  0.90562199209724914  0.91353327449199639  0.92137627865381122  0.92947651597120695
  0.93772749475564665  0.94830575292506758  0.95933742685286283  0.96916444755662501
  0.97773052417690354  0.98542741352368834  0.99272347972968689  1.00000000000000000
 -0.00329629028921078  0.01701929816594446  0.02937771893774227  0.04147963774961945
  0.05311944412146328  0.06263396300781333  0.07216173865525996  0.08169813897178922
  0.08744094079528045  0.09374578608665660  0.10244358539296047  0.11209441183259598
  0.12219718558798860  0.13010171086514055  0.13700569985413630  0.14668923330414077
  0.15939877485864096  0.17326385308020573  0.18689117525078194  0.20102620677053137
  0.21483775785496617  0.22781226011635192  0.23972240366751893  0.24901504491824916
  0.25640516515087808  0.26361779717703920  0.27136961825055317  0.28110178842221406
  0.29183451757389306  0.30468471843026046  0.31653914966549340  0.32708770029411099
  0.33814033406086907  0.34522764204836071  0.35371055485565212  0.36501626442544172
  0.37566087846626961  0.38465367900883207  0.39337442158157304  0.40273985715690735
  0.41134536287390261  0.42326445760604542  0.43650180997125854  0.44947664980528734
  0.46260560644028964  0.47430609930290007  0.48373199881405271  0.49135639913251911
  0.49853914006425731  0.50617492742334813  0.51557981163435884  0.52544245992213157
  0.53445397053946386  0.54392760256647898  0.55376267291875803  0.56509087661034918
  0.57019296427729982  0.57556219484732762  0.58151193937349621  0.58908190663249194
  0.59716717626430549  0.60903108754983271  0.62126740140873205  0.63232986620087117
  0.64220239962337256  0.65083267170768810  0.65876363147429828  0.66619457074617805
  0.67384866478868399  0.68108042366544308  0.68868978701420203  0.69729073627464500
  0.70753150414817190  0.72092543359842021  0.73535723782636253  0.74823380418795160
  0.76047856401242353  0.77281590007669976  0.78663790742506579  0.79744576436341064
  0.80817194492037581  0.81757171312101840  0.82827643294548126  0.84506949333000470
  0.86433301812610897  0.88217579203006069  0.89885435413404513  0.91494447003786572
  0.92916259181526251  0.94151893081215454  0.95132426847569806  0.96018280918409016
  0.96983096970756733  0.97707851821000324  0.98709069802118499  1.00000000000000000
 -0.00300657709577480  0.00621816845223772  0.01454203118365953  0.02138532574384130
  0.03092952374515263  0.03986579903572272  0.04784268383663792  0.05623476329814686
  0.06690726544205214  0.07882816543897540  0.08975075898125107  0.09838669339731695
  0.10508464101920234  0.11155269039014068  0.11919082984560561  0.12827807554032242
  0.13527084553855381  0.14219416660055459  0.15083915687391308  0.16540079046212611
  0.18288996223824361  0.19933809075703157  0.21109483851528751  0.22208679853636926
  0.23365656494619352  0.24634947882633923  0.26112848539690708  0.27002545321254018
  0.27863930516805507  0.28686758143564123  0.29670851058221503  0.31011563799649572
  0.32279457907353443  0.33707082176943759  0.35173259344772589  0.36692929477151465
  0.38039445392412508  0.39233254066612655  0.40325655582580500  0.41387654744321217
  0.42466070502462228  0.43629093024092613  0.44759700074400349  0.45802606634761550
  0.46814857065960641  0.48000454224201178  0.49223110403619807  0.50207196003722654
  0.51399866731875299  0.52673717212402671  0.53958967279545123  0.55052469522589520
  0.56012457761128576  0.56642932968878723  0.57362269259287291  0.58335731974187521
  0.59603918940361134  0.61131695927881091  0.62304910576900807  0.63563308858491474
  0.64682881851084262  0.65663641810555573  0.66564163374851870  0.67489046145683385
  0.68516978744162071  0.69537729586690911  0.70556286438286786  0.71496331221953169
  0.72513224812777533  0.73450730731953706  0.74161507898339973  0.74823992685382856
  0.75571027282334968  0.76280727374712642  0.76999998613075538  0.77794066239341075
  0.78586294601500362  0.79490290089101912  0.80572986123537482  0.81550293326965861
  0.82542327261405124  0.83493260016971105  0.84656617098046538  0.86130387452043411
  0.87605940682881844  0.88611602447344973  0.89599733462789366  0.90529516715321812
  0.91654451135661685  0.92736115591301937  0.93649916630032770  0.94676037760594678
  0.95772532961500578  0.97053719773214042  0.98451272354154085  1.00000000000000000
 -0.00192290680250444  0.00639178781502811  0.01470133591117702  0.02234596820770772
  0.02987011056187008  0.04003484550827427  0.05477059339734158  0.07109434533564729
  0.08548103416860048  0.09491873807871627  0.10382496482385213  0.11038714320742068
  0.11636296175881107  0.12267673031870753  0.13194005450147475  0.14709299344788163
  0.16227281404060492  0.17219422135641219  0.18175112743009142  0.19164697313590795
  0.20036547096425325  0.20918527657204561  0.21887420482383685  0.23051524505604076
  0.24377494492526150  0.25455928094895242  0.26297210306604857  0.27250037715628028
  0.28525278339474441  0.29956784272845827  0.31449664376675118  0.32709136551197460
  0.33731317210346157  0.34762450509054510  0.35965085008844322  0.37305746774380838
  0.38712511046911247  0.39764082224588987  0.40540107648226076  0.41340918776678870
  0.42121824674762148  0.43043186360731184  0.44005596556680660  0.44751747671975262
  0.45548727455656757  0.46413352188762869  0.47408806746373433  0.48502677260345689
  0.49472729457857556  0.50442229320342935  0.51700375521394881  0.53051159852191032
  0.54319834384059895  0.55489105960647100  0.56249517901317014  0.56957757757004712
  0.57644732141060939  0.58370068242710926  0.59526839941033760  0.60542887360439612
  0.61529057167777146  0.62455324739972040  0.63538786706943451  0.64452886626543127
  0.65227944288476924  0.66074576029537468  0.67089704784880366  0.67895258966167549
  0.68759861806116973  0.69873336603033509  0.70922664934682045  0.72078090924054228
  0.73011646732615709  0.73886431960791732  0.74664468047401511  0.75495575685372796
  0.76314924930933903  0.77136529032003742  0.77979726741792788  0.78874561811819854
  0.79763358338232615  0.80732003898746885  0.81742475295802930  0.82828647910059205
  0.84079505364662566  0.85511232261039161  0.86774650669222020  0.88371232389575383
  0.90068536314553971  0.91712094157106228  0.93306529638636815  0.94948904244681298
  0.96263321455082385  0.97514744743472659  0.98716020445657771  1.00000000000000000
 -0.00097160856858006  0.00594881082276280  0.01179904543947191  0.01787335968044317
  0.02465237592232201  0.03183133605244300  0.03836795782668047  0.04919805649837579
  0.06227336634435370  0.07474418798880003  0.08414572409476326  0.08991815313828160
  0.09557395205343745  0.10114154034765374  0.10664744471975346  0.11466472132612296
  0.12270518961097431  0.13031762311389913  0.13857531771921697  0.14612114755453678
  0.15351925635900529  0.16096638940554506  0.16898714380336319  0.17854376733106492
  0.18882510929220478  0.20013017151542925  0.20859482591018552  0.21524319857105642
  0.22203740089012530  0.23037034012602825  0.24167661678934158  0.25647215393876394
  0.26918494031464896  0.27934538994640318  0.29125855594157163  0.30298008572838236
  0.31005288543159087  0.31413817831851315  0.31956415004690447  0.32502127122409574
  0.33051390801076103  0.34112347736971138  0.35431781461040956  0.36912415820383260
  0.38192188633496466  0.39455763974405311  0.40713335059879707  0.42091909442674175
  0.43520560027370003  0.45040113656916808  0.46644952463578149  0.48452382587538784
  0.49472315760624985  0.50570135364462665  0.51515621277371548  0.52203932840984557
  0.53000688014720576  0.53862683603809103  0.55551141192163200  0.57154124506329318
  0.58235851329151178  0.59188693753687016  0.60096406884774511  0.61244301209823448
  0.62530607656566006  0.63938651552959158  0.65441149531423026  0.67093871707493746
  0.68888062740192091  0.70855145816635035  0.72702608161024984  0.74489398404837981
  0.76183387045251461  0.77563905683311807  0.78351360152230398  0.79129491436187027
  0.79909900921621491  0.80512160936020150  0.81354392015765942  0.82339498407059997
  0.83324634365990302  0.84361005303919734  0.85331298559662971  0.86258283354386023
  0.87309191037744183  0.88797138365999717  0.90757603782664775  0.92338784327525314
  0.93351137197409106  0.94247068710072790  0.95154760312024000  0.96206190737979691
  0.97275193082046796  0.98213637044782953  0.99107414234033175  1.00000000000000000
 -0.00410095272497764  0.01213753289061888  0.02554948750132806  0.03902510900787010
  0.05246461857758666  0.06440100698388282  0.07472514189715922  0.08374722965998214
  0.09399740444825677  0.10853137913910227  0.12226811742038599  0.13247608364318544
  0.14080904993701818  0.14710194452205497  0.15194181324039940  0.15760662538703768
  0.16299774935915975  0.16928262467347732  0.17874044625858301  0.18926540341935455
  0.20035900752945479  0.21223928022393546  0.22374429537452467  0.23897176913613380
  0.25877509907465851  0.27502201199171750  0.28634102158563157  0.29472644777545909
  0.30148752012014318  0.30975682085178163  0.31951066363408992  0.32648847374563100
  0.33281950895051404  0.33995998674629369  0.34941108482067684  0.36080604439770547
  0.37185577855898494  0.38069313972304253  0.38854092728869655  0.39547639604671109
  0.40223779691652689  0.41038061613580257  0.42092503398446163  0.43031270793397602
  0.43849585281224546  0.44652143162574598  0.45585129726743046  0.46477845127927686
  0.47869756489190296  0.49571104932472043  0.51173058597224097  0.52705464067251240
  0.53837334169114193  0.54912593722497460  0.55940070140534703  0.56972455977416669
  0.58049105340005058  0.58827775521289249  0.59505671710619712  0.60123552200243036
  0.60793941113654959  0.61645679280231469  0.62454259731094364  0.63164280599898548
  0.64148439781989530  0.65298529621199075  0.66683049760944502  0.68227541543818293
  0.69919974165376608  0.71714264292157570  0.73503911246827025  0.75119965682736090
  0.76218789699204903  0.77410234336211770  0.78367872557040374  0.79453717862522288
  0.80900072519983879  0.82394150087738960  0.83488801535327406  0.84641833408020506
  0.85678430620030432  0.86753295565456656  0.87814536363566531  0.88486130221777604
  0.89148799730539052  0.90006812860756891  0.91214534132254832  0.92404041943841908
  0.93322476600179394  0.94161388689814307  0.95018885426745259  0.96257950489376454
  0.97548186550022131  0.98433765501774317  0.99241970423622949  1.00000000000000000
  0.01524862952731855  0.10577614338763483  0.13940445854049169  0.16132463927070415
  0.18089582188168299  0.19782980255964364  0.21051096625785493  0.22047887790193640
  0.22930990555048905  0.23845463155866992  0.24737199285124861  0.25613614169616877
  0.26483233366892289  0.27369904511020177  0.28203921226223194  0.28901247649061718
  0.29389354536527396  0.29791140464527271  0.30164976764317492  0.30528182809224141
  0.30881018464492671  0.31270040545770750  0.31785884530357489  0.32355161218442124
  0.33004617497001987  0.33634179644336515  0.34189149095976334  0.34629049571801551
  0.35052207882385206  0.35419406862574848  0.35745091844045612  0.36119506632921805
  0.36516406537493118  0.36933830013378999  0.37364768086376693  0.37739722498327927
  0.38185095346584969  0.38756908986545124  0.39286052122267967  0.39843156568331567
  0.40373504881796601  0.40860613747810831  0.41345860329773437  0.41796117372244446
  0.42322937148790191  0.42882913580368370  0.43453582603118074  0.43917654915258914
  0.44364713710595244  0.44825019294523694  0.45276491896331328  0.45767366602846460
  0.46389609596184889  0.46949306949613284  0.47555406358632962  0.48140751124879366
  0.48703755090782019  0.49252773438558178  0.49811448567847899  0.50394329717602804
  0.50964067134141611  0.51477341783299868  0.51861121858789372  0.52182785715264557
  0.52516580454245443  0.52799195560782841  0.53124913726348122  0.53594868149710406
  0.54176340416582536  0.54810613545735987  0.55655043272604376  0.56350542132952797
  0.56923289668548138  0.57446851587156411  0.57983186457134528  0.58533128243379939
  0.59099324168516543  0.59782195602382948  0.60638284862493752  0.61696247715135255
  0.63056218207243542  0.64280227752836416  0.65576568540261837  0.66588444926225732
  0.67117222229511542  0.67651144758924830  0.68306041379757287  0.69469873320787512
  0.71370202954735074  0.73283039432618746  0.74673603901888186  0.76223596671399352
  0.78027693400875886  0.81235685369511956  0.86799722060866391  1.00000000000000000
 -0.02837416672035045  0.17066991314131602  0.23301106719564993  0.25807997429944557
  0.27318843756031846  0.28813340688593869  0.30326397260665877  0.31760613155959477
  0.32981981955021000  0.34207115967158919  0.35263271995635820  0.36248577103720836
  0.37323388708195571  0.38335173279175744  0.39417820878055077  0.40526363004123439
  0.41554002183344324  0.42470890115104937  0.43199937812129269  0.43979952640119424
  0.44714953571872673  0.45521936384996975  0.46402656655426816  0.47218836696676991
  0.47939083068050392  0.48631746774402240  0.49341020430047366  0.50041076469182155
  0.50845357066004249  0.51643384579990526  0.52213775467971968  0.52714437357979504
  0.53193615718563769  0.53661281754003420  0.54199065557284243  0.54682188183872282
  0.55274918729129496  0.55936636835224385  0.56459632606065413  0.56904362432144906
  0.57324307561302512  0.57719190072703863  0.58110000915208870  0.58515474210715834
  0.58906916518688135  0.59315485471194940  0.59689662893439610  0.60071043026908755
  0.60568625886604921  0.61065974386178024  0.61532293655276504  0.62001856892296636
  0.62456352123075343  0.62900205688473299  0.63357047208454020  0.63855660795168290
  0.64410277863249310  0.64911388518794155  0.65288661221369715  0.65628473530512388
  0.65953546568957699  0.66261261308382835  0.66772219646024900  0.67512517244597370
  0.68151068150359795  0.68650937681398239  0.69150352440962914  0.69667274370294330
  0.70250004663598908  0.70788618815260795  0.71226556584185474  0.71720726789496902
  0.72295264960656902  0.72936027248767488  0.73629653364276137  0.74099676652780033
  0.74525844085558057  0.74937589055977849  0.75412116534578821  0.75973838891285150
  0.76605443279808694  0.77338046411245998  0.78054739205524271  0.78956678977839312
  0.79978382045500440  0.80982423477718546  0.81836433861595370  0.82767826606162354
  0.83984576300923142  0.85737855440964450  0.86403935238508323  0.87028272982161736
  0.87623585769109047  0.88538411410403806  0.90210167346544834  1.00000000000000000
   8.0731052446975829E-017  -1.0000000000000000     
 T F F F F F F F F F F F F F F F F F F F T F F F T F F F F F F F F F F F T F F F T F F F F F F F F F F F F F F F F F F F T F F F F F F F F F F F F F F F F F F F F F F F F F F F F F F F F F F F F F F F F F F F F F F F F F F F F F F F F F F F F F F F F F F F F F F F F F F F F F F F F F F F F F F F F F F F F F F F F F F F F F F F F F F F F F F F F F F F F F F F F F F F F F F F F F F F T F F F F F F F F F F F F F F F F F F F T F F F T F F F F F F F F F F F T F F F T F F F F F F F F F F F F F F F F F F F T F F F T F F F F F F F F F F F F F F F F F F F T F F F T F F F F F F F F F F F T F F F T F F F F F F F F F F F F F F F F F F F T F F F F F F F F F F F F F F F F F F F F F F F F F F F F F F F F F F F F F F F F F F F F F F F F F F F F F F F F F F F F F F F F F F F F F F F F F F F F F F F F F F F F F F F F F F F F F F F F F F F F F F F F F F F F F F F F F F F F F F F F F F F F F F F F F F F T F F F F F F F F F F F F F F F F F F F T F F F T F F F F F F F F F F F T F F F T F F F F F F F F F F F F F F F F F F F T F F F
  <DiscreteSampler_grid>
  grouped_processes
  1 # 1 for a reference and 2 for a running grid.
  10 # Attribute 'min_bin_probing_points' of the grid.
  1 # Attribute 'grid_mode' of the grid. 1=='default',2=='initialization'
  0.0000000000000000 # Attribute 'small_contrib_threshold' of the grid.
  0.5000000000000000 # Attribute 'damping_power' of the grid.
 # binID   n_entries weight   weight_sqr   abs_weight
    16   10   1.374834816337450E-011   1.778761671556695E-021   1.374834816337450E-011
    17   10   1.374834816337441E-011   1.778761671556672E-021   1.374834816337441E-011
    19   10   2.096167886621368E-011   4.191150827431155E-021   2.096167886621368E-011
    20   10   2.096167886621372E-011   4.191150827431172E-021   2.096167886621372E-011
    22   10   2.149729501186219E-011   4.409694416873294E-021   2.149729501186219E-011
    23   10   2.149729501186226E-011   4.409694416873324E-021   2.149729501186226E-011
    28   10   6.918279691187525E-012   4.291462860187451E-022   6.918279691187525E-012
    29   10   6.918279691187400E-012   4.291462860187291E-022   6.918279691187400E-012
    31   10   7.224780745840257E-012   4.521098516102514E-022   7.224780745840257E-012
    32   10   7.224780745840272E-012   4.521098516102525E-022   7.224780745840272E-012
    34   10   7.225966585506514E-012   4.503810040674539E-022   7.225966585506514E-012
    35   10   7.225966585506523E-012   4.503810040674544E-022   7.225966585506523E-012
    40   10   1.374834816337449E-011   1.778761671556694E-021   1.374834816337449E-011
    41   10   1.374834816337440E-011   1.778761671556670E-021   1.374834816337440E-011
    43   10   2.096167886621368E-011   4.191150827431158E-021   2.096167886621368E-011
    44   10   2.096167886621370E-011   4.191150827431165E-021   2.096167886621370E-011
    46   10   2.149729501186219E-011   4.409694416873294E-021   2.149729501186219E-011
    47   10   2.149729501186224E-011   4.409694416873315E-021   2.149729501186224E-011
    52   10   6.918279691187525E-012   4.291462860187451E-022   6.918279691187525E-012
    53   10   6.918279691187400E-012   4.291462860187289E-022   6.918279691187400E-012
    55   10   7.224780745840259E-012   4.521098516102515E-022   7.224780745840259E-012
    56   10   7.224780745840269E-012   4.521098516102521E-022   7.224780745840269E-012
    58   10   7.225966585506518E-012   4.503810040674544E-022   7.225966585506518E-012
    59   10   7.225966585506520E-012   4.503810040674541E-022   7.225966585506520E-012
    64   10   1.374834816337449E-011   1.778761671556695E-021   1.374834816337449E-011
    65   10   1.374834816337439E-011   1.778761671556668E-021   1.374834816337439E-011
    67   10   2.096167886621367E-011   4.191150827431154E-021   2.096167886621367E-011
    68   10   2.096167886621369E-011   4.191150827431163E-021   2.096167886621369E-011
    70   10   2.149729501186218E-011   4.409694416873289E-021   2.149729501186218E-011
    71   10   2.149729501186222E-011   4.409694416873311E-021   2.149729501186222E-011
    76   10   1.374834816337451E-011   1.778761671556698E-021   1.374834816337451E-011
    77   10   1.374834816337439E-011   1.778761671556668E-021   1.374834816337439E-011
    79   10   2.096167886621368E-011   4.191150827431157E-021   2.096167886621368E-011
    80   10   2.096167886621369E-011   4.191150827431161E-021   2.096167886621369E-011
    82   10   2.149729501186219E-011   4.409694416873293E-021   2.149729501186219E-011
    83   10   2.149729501186222E-011   4.409694416873310E-021   2.149729501186222E-011
    88   10   6.918279691187514E-012   4.291462860187438E-022   6.918279691187514E-012
    89   10   6.918279691187388E-012   4.291462860187274E-022   6.918279691187388E-012
    91   10   7.224780745840246E-012   4.521098516102498E-022   7.224780745840246E-012
    92   10   7.224780745840261E-012   4.521098516102511E-022   7.224780745840261E-012
    94   10   7.225966585506503E-012   4.503810040674524E-022   7.225966585506503E-012
    95   10   7.225966585506509E-012   4.503810040674527E-022   7.225966585506509E-012
    100   10   6.918279691187516E-012   4.291462860187439E-022   6.918279691187516E-012
    101   10   6.918279691187392E-012   4.291462860187279E-022   6.918279691187392E-012
    103   10   7.224780745840248E-012   4.521098516102502E-022   7.224780745840248E-012
    104   10   7.224780745840259E-012   4.521098516102507E-022   7.224780745840259E-012
    106   10   7.225966585506507E-012   4.503810040674528E-022   7.225966585506507E-012
    107   10   7.225966585506511E-012   4.503810040674530E-022   7.225966585506511E-012
  </DiscreteSampler_grid>
