  0.02188439485297144  0.03965261864050522  0.05510321856183152  0.07061577988969599
  0.08379625156673970  0.09388256736843634  0.10191309229710510  0.10687889586922128
  0.11142227915791317  0.11891642613821905  0.12622502757733084  0.13142883395937455
  0.13613591633634520  0.14040076301690579  0.14417204491231020  0.14752455839016052
  0.15379433888394889  0.16177449231127591  0.16954903137993160  0.17615125029518966
  0.18687832036981122  0.19340321608935027  0.19637611092060606  0.19972941055957683
  0.20319882545311271  0.21018897143428014  0.23422425885265075  0.26217385517183966
  0.27791260339400226  0.28966988789336123  0.30390205140338677  0.31729549087562531
  0.32633298424384216  0.33181411040642361  0.33658157349340934  0.34922411995692937
  0.35817423319507213  0.36407391088313729  0.37248321933931716  0.38597545911508008
  0.39806855368347388  0.40954410197113117  0.42243184666227768  0.43915769556168943
  0.45295493613252436  0.46414026339705883  0.48032950584459327  0.50051979129371493
  0.51780169110512886  0.53398906581523820  0.54300840242944659  0.55089532822742016
  0.55596445023680641  0.56207064328745127  0.56920273823016942  0.57883630967929056
  0.58668637926266998  0.59203215671456022  0.59902353014441589  0.60543263739278386
  0.60949091923036924  0.61363316667097656  0.61791570662639306  0.62164525516183733
  0.62746240729114311  0.63448057631972199  0.63899873246905636  0.64565013350997946
  0.65703209115904926  0.67110168875284859  0.68476998983787341  0.70302155076222650
  0.72741626964897033  0.75457860978223823  0.77860751980177090  0.79756735542913904
  0.81425010183844893  0.82965933340451115  0.85116492608313066  0.87036330239084980
  0.88857728888820775  0.90062215778898402  0.91036415232548928  0.91682274469608638
  0.92229437430146233  0.92672094557789031  0.93039298437110074  0.93369598955842559
  0.93639968533227069  0.93977850071966518  0.94438023070447819  0.94845463426057142
  0.95230587294227942  0.95757245081378595  0.97234829077285201  1.00000000000000000
  0.02683392563201589  0.04356965824788545  0.05626584846783399  0.06794094870121210
  0.08026410719894710  0.10021711685629212  0.12475473805575193  0.14422471480271867
  0.15942871203718478  0.17165559337054834  0.18344776362614701  0.19282852221285621
  0.19952645100283881  0.20816093337161751  0.21728652758860248  0.22696419639942519
  0.23952200448881522  0.25358618389606985  0.26873008092163120  0.28153157868321677
  0.29619058170019325  0.30939003911221175  0.32016063137759193  0.32910040842646737
  0.33777620253036628  0.34821900389396038  0.35705493335976007  0.36210689411540936
  0.37103292536367349  0.38013147654286217  0.38517560437002601  0.39035565412760537
  0.40162692792972071  0.41497818082742488  0.42228641640113518  0.42805549352558514
  0.43550027985859613  0.44521954995043300  0.45812332488111374  0.46621579990237444
  0.47367994278936110  0.47815772848589710  0.48155569802574505  0.48580933143422061
  0.49063287449184595  0.50191031669217967  0.51393712124212487  0.52399842529967067
  0.53395798257614546  0.54526425629848851  0.55450242066770505  0.56237196067834105
  0.56980375849567166  0.57901901486860197  0.58346276735715319  0.58937499964802664
  0.59571493149601484  0.59980598697875853  0.60286172181958297  0.60556822607994487
  0.60779717962518987  0.61071699555557912  0.61350374960291720  0.61728301150217402
  0.62072491360802851  0.62568654202853102  0.63487380652328929  0.64421963118133463
  0.65434231099504403  0.66472639038619397  0.67818529928499383  0.68997325746790017
  0.69848394968807082  0.70403470039943750  0.70814657931653546  0.71112135473121574
  0.72290821884190093  0.73179296447440001  0.73844292780794318  0.74666468489360083
  0.76302561919169254  0.78239531648196781  0.79546861160786442  0.80508194394123356
  0.81813255731534584  0.84067136003069465  0.85418142265728625  0.86522917173655789
  0.87567771398957617  0.88739575936641724  0.90427963033198522  0.91817015663537294
  0.93164952503086462  0.95169442223827239  0.97124998495650228  1.00000000000000000
  0.02146268782147822  0.02180508050868362  0.02214045078848811  0.02246367708484797
  0.02271492579196015  0.02290794984279019  0.02311942727937433  0.02336053980014860
  0.02361482074132543  0.02393564229909913  0.02425646385687284  0.02463146940845409
  0.02502684312997063  0.02547146736046198  0.02582502303565044  0.02612052145934066
  0.02637881997235100  0.02663775312377501  0.02712868037045255  0.02769742560291635
  0.02821506543705275  0.02858742463186822  0.02871177945025889  0.02883020095441623
  0.02894392034768760  0.02904341059098132  0.02919662250915324  0.02940581362143924
  0.02967682358792821  0.03004198281859162  0.03051193257628429  0.03087995311027231
  0.03116083783489269  0.03133931489789091  0.03150969751897321  0.03174764600953184
  0.03203890165027352  0.03233343262099832  0.03262967058705945  0.03288309050050810
  0.03318506076963215  0.03359070387948034  0.03399634698932854  0.03440538049286412
  0.03481476382716354  0.03530861972945468  0.03588372648125034  0.03650807932971376
  0.03706062177349903  0.03760876395558587  0.03802985011930628  0.03841716019345058
  0.03884556585894205  0.03929200965080585  0.03976162741757962  0.04067736464336493
  0.04146069796080349  0.04211564818249466  0.04271859006924238  0.04333778078983948
  0.04386121118673506  0.04453779222897001  0.04581929116149899  0.04721049263918093
  0.04832755499522697  0.04923773120305219  0.04995915237237838  0.05031896665967793
  0.05067679187606246  0.05102367091380315  0.05127632225026472  0.05162231409054874
  0.05237477070076484  0.05345880731895582  0.05477104579850581  0.05570454166833400
  0.05678000204268887  0.05768286966760934  0.05916590968984536  0.06169463320911002
  0.06529836865260771  0.06911011798053983  0.07231041734893999  0.07407819167864085
  0.07660090899127521  0.07995415814118584  0.08158843728898853  0.08408937301637423
  0.08615383039565425  0.08780393774254443  0.09007213181859064  0.09628889583365850
  0.10459171773470953  0.11511475703019562  0.86304236974860693  1.00000000000000000
 -0.00000010348615460  0.00000119053364269  0.00000244274022051  0.00000527170978364
  0.00000666268801905  0.00000797753292511  0.00000937688217142  0.00001062470534109
  0.00001151645395588  0.00001256905933332  0.00001371509514381  0.00001482590576328
  0.00001578895518660  0.00001671235311578  0.00001708241929395  0.00001739516174764
  0.00001753805171516  0.00001788721367858  0.00001834640574595  0.00001875949969052
  0.00001910757766226  0.00001947599525858  0.00002016540839058  0.00002084206053294
  0.00002137483103000  0.00002177937729031  0.00002207270344738  0.00002241823060621
  0.00002269913002833  0.00002286734224319  0.00002305408953860  0.00002327504339983
  0.00002348797393432  0.00002368197398674  0.00002389358248608  0.00002417885838322
  0.00002451193877638  0.00002500780239720  0.00002573554994427  0.00002645592500637
  0.00002698889254942  0.00002733036365228  0.00002761068361482  0.00002788325712416
  0.00002897227574621  0.00004347793461616  0.00004739875565139  0.00004865843598160
  0.00004958063406623  0.00005051082198603  0.00005142376450037  0.00005231480943213
  0.00005317923871069  0.00005405542548785  0.00005496449460519  0.00005549289949105
  0.00005600172185111  0.00005640311110436  0.00005656639605260  0.00005672959639728
  0.00005689237593050  0.00005705551411202  0.00005721945581249  0.00005749360899658
  0.00005790990035926  0.00005879607207054  0.00006032345706475  0.00006223458371706
  0.00006450793690198  0.00006675814013217  0.00006910873746469  0.00007092858669478
  0.00007302547907881  0.00007531932427220  0.00007700012002696  0.00007903677408257
  0.00008090083827634  0.00008383734685590  0.00008793633039744  0.00009205829639226
  0.00009618011782185  0.00010628566164355  0.00011715944642684  0.00012745809311088
  0.00013754248464253  0.00015336540408786  0.00017421483663501  0.00019587708040859
  0.00022049366954264  0.00025197447451572  0.00038381244258516  0.00086640707757406
  0.00154648446842556  0.12212985660373782  0.32988159505856046  1.00000000000000000
 -0.00001366045792472  0.00006580810598677  0.00010282129176757  0.00014886971156177
  0.00022746253346521  0.00030590514121659  0.00040832755820173  0.00051424688184001
  0.00062359900862750  0.00074787684486287  0.00088101002280337  0.00105808200214447
  0.00115081662980320  0.00121266293562482  0.00126789544699189  0.00132851460264143
  0.00140190424257852  0.00151345406405250  0.00176871672476607  0.00209193895283076
  0.00227720311292546  0.00243405318036152  0.00278321755683864  0.00338178105607451
  0.00389626418466885  0.00424397437086240  0.00454353583609544  0.00477755555424603
  0.00505022244230684  0.00546032376739324  0.00571637001244837  0.00609789523292335
  0.00648706713200216  0.00710157665088768  0.00796508706612575  0.00836947027080170
  0.00856676846989200  0.00903142340649200  0.00955302006393654  0.01015424203228934
  0.01085321981528492  0.01152052434720916  0.01211208947504218  0.01246923573070428
  0.01278157395814235  0.01311014727373955  0.01355629408562809  0.01424046188397085
  0.01460880817779362  0.01497715447161638  0.01565843482460611  0.01634280227133329
  0.01686388486388246  0.01737335944839698  0.01775000502879579  0.01819988686005063
  0.01858344459081527  0.01882379327779232  0.01898127173155898  0.01905702536992749
  0.01913277900829599  0.01920267511563427  0.01926841945937494  0.01933416380311561
  0.01939366480610713  0.01945057441362481  0.01950748402114249  0.01958602726576235
  0.01967591620401566  0.01976662529326562  0.01982837096908734  0.01987858270203816
  0.01992363787226201  0.01996705940379049  0.02000484941150995  0.02003981149656519
  0.02007722151090030  0.02011386414288999  0.02015048553975265  0.02018819616286283
  0.02022756112782589  0.02027640143109948  0.02031248081450812  0.02035105013357596
  0.02043056766136917  0.02056007035205567  0.02069075366748852  0.02078370759718555
  0.02088859321781330  0.02099075919432711  0.02109303315845783  0.02141203983138144
  0.02199747358310379  0.02252793120429498  0.02938192990695188  1.00000000000000000
 -0.00359836082269927  0.01648266718494161  0.01948590712071865  0.02071368247560090
  0.02255139690304166  0.02474157617440537  0.02880067462180992  0.03413818894395303
  0.04019460709985963  0.04843997525014083  0.05622954801815331  0.06249710253259896
  0.06795009410789732  0.07271845914607696  0.08079317653916171  0.09428038246485942
  0.10140511969398427  0.10509669661964456  0.10785673486707319  0.11114262978284130
  0.11475819821850024  0.11770370019943552  0.12372946162734019  0.13109844208323579
  0.13910907117678509  0.14697288478446405  0.15424719175220056  0.16446569673300238
  0.17805877796879355  0.18833597570531627  0.19997109891842269  0.20695267354768329
  0.21155826616757556  0.21847143342432915  0.22878137347574215  0.24153625136896020
  0.25148673921165871  0.25773364560525697  0.26529081597592202  0.27436894865669326
  0.28602303947377511  0.30276395215418900  0.31935915476871557  0.33531319780674174
  0.35603509152425639  0.38147364954487067  0.40156009169020856  0.41668388593389649
  0.43344377187113009  0.45410975655147973  0.47215264271618174  0.48661841175359172
  0.50011922025933297  0.51682694065496404  0.52990436007594333  0.54090743756015358
  0.55057559539691570  0.56090539396299732  0.56931072922267389  0.57246776789606046
  0.57637682057767559  0.58349129270182276  0.59043014146053718  0.59598072945826808
  0.60153131745599908  0.61093396989986715  0.62162932297126683  0.63592291134354306
  0.64644210985839756  0.65761820522021053  0.66852185750217485  0.68035040953545667
  0.69816775880716631  0.71038169792755579  0.72356006555706809  0.73819415152190393
  0.75460673937486411  0.77968310719248757  0.79842641900230582  0.82219205896664971
  0.83614156036652199  0.84736311598773539  0.85859507103584187  0.86632696496710748
  0.87339980527167760  0.88008413519272766  0.88420650516848698  0.88910647474361293
  0.89493354150877591  0.90071926030843330  0.90932738176022154  0.92219186570841449
  0.93298075481481269  0.94856433456142075  0.97478540654054213  1.00000000000000000
 -0.00698514289738476  0.01339898663622106  0.03245850626475226  0.04814522728429406
  0.07448997949480377  0.09887603953585004  0.12147845400766140  0.13921884783608379
  0.15101237766061357  0.15654207771050324  0.16027690480842594  0.16381161013086121
  0.16807917754261426  0.17540656408943747  0.18507423648718854  0.19991202146618881
  0.21520097964122320  0.23334777725710218  0.24678290564336189  0.25796426728703425
  0.26548669143204107  0.27183600132860936  0.27804129599084365  0.28434002615366771
  0.28998354328275205  0.29431729884365715  0.29896070956825155  0.30459047907006831
  0.31000425992600705  0.31393275846362417  0.31880575003381206  0.32617305583075884
  0.33506363757606616  0.34287830209325021  0.35032231298142980  0.36532719742999897
  0.37425889889390906  0.38345784067154903  0.39641136526619974  0.40657496310450780
  0.41536586261505298  0.42111515089429358  0.42684797459134327  0.43211240561415937
  0.43650472611596125  0.44089704661776308  0.44481532287469228  0.44856683763806271
  0.45952964752050640  0.47750678212409203  0.49458492861015235  0.51007975155438579
  0.52079629482362166  0.53181838694021655  0.55179707443590553  0.57498392480138483
  0.59119266336917708  0.60021670145940764  0.60632749968842325  0.61335314240306871
  0.62180763808038986  0.63031452053528647  0.63895577066004294  0.64985158620022865
  0.67140918526824023  0.69225124928278869  0.70924262440104380  0.72265919474062135
  0.73410909708428052  0.74719074096573401  0.75447663437197665  0.75965903411004243
  0.76438523990746965  0.76969849560641868  0.77578469340237854  0.78416012476838415
  0.79259020761887156  0.80681303688242401  0.83451124049628933  0.85823546188319344
  0.86984130273388471  0.88021820757155578  0.88499292000639773  0.88974343671327394
  0.89437270197453489  0.89891211449696551  0.90500756156865791  0.91058609868806717
  0.91548019207034692  0.92470665825008891  0.94282400928796184  0.95649759727000438
  0.97043409418011572  0.98104608226501577  0.99046230405412983  1.00000000000000000
 -0.00099425713773620  0.00602331039895473  0.01254414618430284  0.01736162701344297
  0.01939368341460498  0.02105139715469371  0.02278416457027621  0.02642959472407424
  0.02899541313864816  0.03539709047069069  0.04903331453506117  0.07132331663498256
  0.10102931768344758  0.11403500068887430  0.12552881533912602  0.13590577289394362
  0.14959351579097524  0.16083333033416830  0.17125601785746372  0.17893089590199021
  0.18766534620028302  0.19878397113292673  0.21106811136188527  0.22498900097026939
  0.23971226248759056  0.25534401696637110  0.27001008108539171  0.28067231179093971
  0.28561702266591810  0.29067877802864528  0.29614103184846641  0.29997113253116620
  0.30440984297575074  0.31044877703980100  0.31753263187185904  0.33598416131221148
  0.35478629019678548  0.36781522792234561  0.37760123818044988  0.38808136530666881
  0.39810909084424234  0.40850376311658915  0.41887830024836153  0.43217092265114021
  0.44607100447306924  0.46194162140392570  0.48168253033132119  0.49774668141609935
  0.51349675000861872  0.52751360330682184  0.54297826496081614  0.55494619766820041
  0.56713095870381980  0.58092755715061706  0.59183771287849185  0.60574945601173247
  0.62047899235089765  0.64186605918212269  0.66233795750318292  0.67441202316682325
  0.68165632649779240  0.68904925591541399  0.69757475470410013  0.70600985174164888
  0.71351243612143778  0.71883370713470940  0.72630190172847531  0.73518169171643777
  0.74364129797305001  0.75447917550255539  0.76260511096477390  0.77248079333996023
  0.78680774144234999  0.79392409554106014  0.79887344979233132  0.80386612665409951
  0.80887647405882390  0.81296341310076614  0.81641140808090373  0.81985940306104133
  0.82466780243306348  0.82983393525669569  0.83569640542561019  0.84173074023109840
  0.85751909949255556  0.88183539728591109  0.89259855951817058  0.90143906491983883
  0.90763000501560609  0.91356203068885622  0.91982358168841150  0.93211143114809103
  0.94467298053322990  0.95807602030970185  0.98073886541935817  1.00000000000000000
 -0.00779104378478409  0.03154631022229572  0.05396547126233320  0.07258543443864025
  0.08746932306671237  0.09417813553613665  0.09938623244990891  0.10519248510874157
  0.11285642681729045  0.12455272251667997  0.13875710540479505  0.14850034868291737
  0.15570103316417830  0.15843758878629260  0.16117414440840688  0.16379338605198870
  0.16626914004349802  0.16874489403500731  0.17075324742995471  0.17269236708036403
  0.17672790425418808  0.18044953960863902  0.18380495791301901  0.19190020916005507
  0.20560838958262165  0.21606584813146601  0.22945716126130247  0.25013348126058566
  0.26199391408131351  0.26939460062756071  0.27806155426950174  0.29094982243124190
  0.30137624761853976  0.30984913484726700  0.32358146459587472  0.34656972686531051
  0.37116863979024750  0.37856877022610852  0.38180617195415445  0.38446986579080361
  0.38703538700892925  0.38929336628562927  0.39050458538922883  0.39159012920829389
  0.39316196801969250  0.40000691133560556  0.41386540070765510  0.42759710686696800
  0.44217567759011195  0.45897714076198881  0.47637185479021754  0.49278701066143282
  0.50717214884316142  0.51418264580774775  0.51876894947601238  0.52458386483985964
  0.53098908707992298  0.53964821052708090  0.54954307071985042  0.56853109197444074
  0.59434311069504231  0.61825989188523811  0.63912797215513528  0.65555657224938346
  0.66911879538319918  0.68249922985371803  0.69470572380405815  0.70824116211270349
  0.71693970332315826  0.72161426490590019  0.72483401753909615  0.72999152515747379
  0.73650434580929769  0.74228118759875239  0.74756187627797666  0.75299948544197293
  0.75853231975123103  0.76658774794270046  0.78007412500095141  0.79755002296519073
  0.81064905547290078  0.82624437404117212  0.84205782261514173  0.86063100545660187
  0.88737725163036174  0.91463995724126157  0.93354975465029588  0.94446732836784086
  0.94946886811156839  0.95359578736013839  0.95808575562833032  0.96268968503267327
  0.96737562505379882  0.97675313306882494  0.98844378926613807  1.00000000000000000
 -0.00275348871888943  0.00337187318998759  0.00885584253901794  0.01528078038334755
  0.02268896414113438  0.02954629085534683  0.03554686981528322  0.04312790715627225
  0.05596277553131437  0.07016793410734737  0.08971036919954699  0.10721121820844536
  0.11525765950932068  0.12338954138057733  0.13165987373907895  0.13993020609758058
  0.15050342533425110  0.16126601116226105  0.17379023995838411  0.18828329148343209
  0.21080846193813241  0.22133621824019487  0.22953156084460549  0.23517412217825631
  0.24265169258140223  0.25799520093728101  0.27195284526977992  0.28762477655730406
  0.29892792758745484  0.30984339178037423  0.32082654712520858  0.33108576768456971
  0.34177948841381628  0.35315815316808175  0.36180950825969849  0.37182160312610801
  0.38033389032756243  0.38948195916855038  0.40461924761373680  0.42663894481433512
  0.44586045453957024  0.45603163177042982  0.46564104255719713  0.47269961829576762
  0.47960261148129724  0.48452236300014828  0.49153463957487797  0.49960966318039213
  0.51057410916064438  0.52223354646444264  0.54329574242744150  0.56275006284149520
  0.57394893463380781  0.58361112930621439  0.60118663521216531  0.61342386016479422
  0.62061045144486959  0.62703181786740392  0.63336859137847923  0.63698224933213798
  0.64410511062368803  0.65342160914401992  0.66615159222792597  0.68491959645358713
  0.70843301259137048  0.72414691627260086  0.74030894112295853  0.75388810431448317
  0.76761862269692238  0.78248787378548845  0.79782619901218910  0.80582552042460098
  0.81228350136140370  0.81776680300075888  0.82252719392026974  0.82615517078973355
  0.82952824705525230  0.83331972782213526  0.83856991434353745  0.84405209114329072
  0.85092240059113100  0.85783621917116315  0.86532640112592651  0.88003017443512277
  0.89547613218717959  0.91115659928154180  0.92657044659452847  0.93161035285800264
  0.93380320853156262  0.93719365751557149  0.93972662200990864  0.94348093942847211
  0.94947803748802373  0.95928748673060515  0.97546967934602569  1.00000000000000000
 -0.00334218613503343  0.01843206293155129  0.02869438925300230  0.03945494746496233
  0.04749696155571998  0.05895759900767217  0.07616511065757055  0.09076461907995532
  0.10535374351349888  0.12439077332140402  0.14043262651780986  0.15110867718216467
  0.15909820477907019  0.16542746906606681  0.17308574126929205  0.19467246768389546
  0.21740413149114410  0.23332056826389549  0.24319957500986558  0.25152745993103814
  0.25831857702398126  0.26463655465115848  0.27276103865799201  0.28662258833501192
  0.30065925291840129  0.30767086601805094  0.31441488440310644  0.32186722672620571
  0.32954711807817844  0.33864280369133792  0.34759463096253396  0.35809858955240637
  0.37000631751236968  0.38149004134906234  0.39241340304223449  0.40352737980509656
  0.41473596719781947  0.42577167402688842  0.43613898694491798  0.44574706274101233
  0.45677444765081276  0.46965121504425583  0.47449743939157096  0.47693016951703154
  0.48133173506866966  0.48883530019613425  0.49202798207355303  0.49581813413514275
  0.50090286579970533  0.51111864508798743  0.52493841619713411  0.54041975886706639
  0.55964018537992766  0.58005845099945197  0.60391215324832082  0.63100957053286666
  0.64617916727861546  0.65188736275850601  0.65815026163789925  0.66782153455888138
  0.68170087530665768  0.69196543548867362  0.70152443837519574  0.71057275863139735
  0.71786763670582698  0.72555062587266361  0.73657565830435290  0.74152826693164353
  0.74554697693160843  0.74888797192714773  0.75209174849493898  0.75367078076637650
  0.75517066045948844  0.75684143527087422  0.75851733322232839  0.76029298065877882
  0.76207916059226666  0.76576656705974344  0.78835618098988569  0.80513567192650348
  0.82188648676810416  0.82946377127297399  0.83675311507509975  0.84158316261057997
  0.84632245561660036  0.85622797056752742  0.86215944987976467  0.86826741024057352
  0.87628140210206185  0.88432312337763075  0.89257557962985012  0.90434586516781268
  0.92577980410467053  0.93959223068756947  0.95712576949586436  1.00000000000000000
 -0.00833700173673482  0.03257881115482648  0.04564594988825251  0.05628134988332033
  0.06531945490147935  0.07292547477599207  0.08866244044175091  0.11554767022949669
  0.13933304041930430  0.15763091908160112  0.16810704058501408  0.18119045509994855
  0.19474297988172029  0.20670514220618333  0.22444538677818116  0.24092161052806133
  0.25614763792600859  0.26668874963067840  0.27356695698053679  0.27923600467075471
  0.28494586547269896  0.29119122310303680  0.29628483260206623  0.30052399984857353
  0.30751954397391829  0.31709610563850260  0.32640075619585535  0.33413437347140790
  0.34610635528846068  0.36365276304938726  0.37864241499115869  0.38924351578210503
  0.39879206885594393  0.41035563711940309  0.42599604890366100  0.43959340653678586
  0.44785364644470566  0.45267158184092077  0.45695232076475301  0.46299127857798211
  0.47484300101283206  0.48547952278957196  0.49252469308899877  0.50045764268751425
  0.50925048009578999  0.52781587643796590  0.54777220896141221  0.57039584837456103
  0.59226594339130934  0.61164753277255102  0.62811993198134008  0.63852595968852421
  0.65591062336836914  0.66865436784038645  0.67830584767085711  0.68562544124608260
  0.69102944767526098  0.69631065226883826  0.70137385729342305  0.70334571090196740
  0.70687419226625603  0.70999296706660719  0.71308947850636517  0.71653487299405350
  0.72070175060714459  0.72692466267230893  0.73441993921043169  0.74374974028967356
  0.75659312856866634  0.76441335412206690  0.77318067158917370  0.78384003021069260
  0.79235501839974587  0.79820857605263884  0.80631348038062545  0.82512899224640379
  0.84783813799422780  0.85979311059939190  0.87030716996124569  0.87800097359580931
  0.88133937925459027  0.88557910417607522  0.89429219545804162  0.90244810824687194
  0.90672889953558566  0.91161636520621192  0.92141453018787689  0.92906166740282004
  0.94605560011009282  0.95898088055766884  0.96918383449118206  0.97692511834247531
  0.98289956896884501  0.98770241662638203  0.99156210201614403  1.00000000000000000
 -0.00197269778033038  0.00840827434396248  0.01849816713902752  0.02490099930180029
  0.03089111955611108  0.03875943053868946  0.04759721360462920  0.05586555502605382
  0.06319388134730806  0.07052220766856232  0.07740936743182397  0.08329589869386633
  0.08874394944826663  0.09897328630116752  0.11625843183320102  0.12752617363075661
  0.13538747226978551  0.14202065169933403  0.14906186315016789  0.16508385366156109
  0.19370126532315166  0.21626604698513099  0.23322139564939265  0.24747378093848077
  0.26151625313811588  0.27788813989176087  0.29495201766299939  0.31768429904557749
  0.34684025241311367  0.36799734233144582  0.37924078797136074  0.39247815891939902
  0.40614200029335185  0.41750867129131691  0.42950156305691617  0.44073841012796289
  0.44755558393718692  0.45360842024145642  0.45899068358282386  0.46165642336144630
  0.46668532151316938  0.47465128779816529  0.48155463135595888  0.48819007970748096
  0.49363174889164885  0.50070737499428031  0.50862853717551904  0.51540860566245161
  0.52068444918500789  0.52545531636246923  0.53168424839288431  0.54306241863262228
  0.55448064739293357  0.56466055282725724  0.57215882126177409  0.58083250961754385
  0.59301905629573126  0.61131081609133686  0.62736586550640105  0.63806138520873601
  0.64534476013257414  0.65582348315014660  0.66758003511967434  0.68432515888747125
  0.69783664860525918  0.70913728540054100  0.72097947334591761  0.73074069863400171
  0.74283845657289693  0.75462457835421026  0.77056643103869582  0.78651258835897531
  0.80224529135865408  0.80964294688985317  0.81663783069499185  0.82274977626430512
  0.82858686243363455  0.83453418113451472  0.84088410093013477  0.84723402072575482
  0.85671404223920311  0.86762129760866458  0.88443618971441496  0.90165024773931646
  0.91894929990063101  0.92813840409883841  0.93891377406326793  0.94638838707854811
  0.95118983204884722  0.95876768009916891  0.96961246210731156  0.97529353415216646
  0.97866507419686843  0.98323895898812441  0.99168051585526062  1.00000000000000000
 -0.00350314649438733  0.01401715833045735  0.02387211624435985  0.02966512001522194
  0.03348687370743940  0.03775900522891405  0.04820876187480002  0.05898039885955290
  0.06684029927224730  0.07479217133575707  0.08185523059868474  0.08743660152626903
  0.09278185415501117  0.09738707327093495  0.10418998906796331  0.11369625039011795
  0.13393017858593945  0.15406250754671566  0.16453522592618122  0.16958145136756750
  0.17518438175811468  0.18218308579419357  0.19147146043358598  0.20302267651581699
  0.20888358767384477  0.21730792926837211  0.22404139162453995  0.22983556888348011
  0.23560815738305979  0.24353407085044854  0.25126232271935878  0.26360161203639371
  0.27629946486848289  0.28847354915428519  0.30229313367138899  0.31437997194816908
  0.32359411963343720  0.33258345092372948  0.34128137508522277  0.34788006975828845
  0.35638452781665786  0.36714785788738086  0.37722868499912598  0.38626656052806646
  0.39235590769590234  0.39843066575918834  0.40443097365376263  0.40792513563743082
  0.41096549863622822  0.41542194445581032  0.42009053784481631  0.42482169644688156
  0.42959292000150506  0.43546154920587576  0.44353300692870684  0.45587174424473137
  0.46909537904515547  0.47795609096711089  0.48579855371842806  0.49617832349043062
  0.50709457525734158  0.51723470111223246  0.52540027970301251  0.53372525947397631
  0.54283385851153343  0.55263684509107125  0.57525312730466560  0.60051399389984450
  0.62677285623101175  0.64616955263515352  0.66469946851841877  0.67921633524877145
  0.69263399282051408  0.70418574917663701  0.70952751768227329  0.71271592811299211
  0.71635924144035767  0.72021043097865967  0.72572604183415479  0.73224780535653400
  0.74819376171465857  0.77002168951069683  0.78445623553210897  0.79427767179106923
  0.80155776174073023  0.80958245614409874  0.82353972776812856  0.84171693992698249
  0.86629812704492870  0.89333618766043199  0.90994619096526419  0.92533675096251267
  0.93758264291890914  0.95061179124842765  0.97530589562421355  1.00000000000000000
 -0.00428396360993503  0.01375488872005855  0.02897557485205835  0.04152981923098809
  0.05457204281151173  0.07104253148947558  0.07863831099103447  0.08311713811956188
  0.08713245922098352  0.09105690775675720  0.09490454779436373  0.10180621982111630
  0.10909203616348073  0.11947405191021515  0.12694722629901944  0.13285418124573148
  0.14712118693441295  0.16831418214677371  0.18095402805485605  0.19062657934707977
  0.19805302544930767  0.20382742881440735  0.20944529312164781  0.21493781781258750
  0.22039846501865254  0.22576510914949541  0.23106441297364685  0.23860156184888937
  0.24924368383265388  0.25711296003292800  0.26531457186758406  0.27627403813906626
  0.29748292471467630  0.32626951900153434  0.33030136942917704  0.33433321985681980
  0.33816011430729737  0.34198401585630162  0.34812020480794670  0.35444709199465541
  0.36752552774633590  0.38282889703423834  0.39326086713724878  0.40464706099610892
  0.41648559941519631  0.43012033185499532  0.44485128838197041  0.46202687662507791
  0.47240188432848723  0.48077617843463127  0.48791047893717626  0.51018388354252397
  0.52187926340354218  0.52997083585253724  0.53891746378641447  0.54438167432657825
  0.55512514693495385  0.57127336347549518  0.58395265060291890  0.59749631224221755
  0.61366136928425896  0.63001709430498232  0.63864003810772629  0.64200361467163891
  0.64604324564294480  0.65300735693260858  0.66434760281769156  0.68017856547539723
  0.70528431427356930  0.73861694142495660  0.77010151277040106  0.79206312121115141
  0.80595922680236143  0.81304154899376746  0.81796174058397586  0.82235606191131727
  0.82832001912120312  0.83384060439371877  0.84062319208525116  0.85396221920118920
  0.86304297370837801  0.87162302583970153  0.88031555886569091  0.89223631433073314
  0.90421542344888906  0.91739655739962500  0.92212209342117613  0.92600804719296059
  0.92963906142735719  0.93259840322352994  0.93558078783078702  0.93933871757379717
  0.94643429406415425  0.96180378726830518  0.98152919823420037  1.00000000000000000
 -0.00582348733958456  0.02108604444685636  0.03847323057614964  0.05288560508996329
  0.06230103288934166  0.06970758612825581  0.07792981948477887  0.08685970362049715
  0.09506232531044757  0.10202564342947473  0.10875081487348813  0.11486597986133598
  0.12001326715650447  0.12314565933299522  0.12550580553349058  0.12740764403771079
  0.13095214618079698  0.13762025557628965  0.14606079876508193  0.15287859094988412
  0.15774801047483622  0.16215098740122227  0.16860546477080826  0.17577304730387544
  0.18449826254798429  0.20037350125558792  0.21451157763776216  0.22729106520010797
  0.23734857088061492  0.24631037345177809  0.25369022236098837  0.26026929204375693
  0.27054552928109377  0.28054931058897015  0.28976842806537068  0.29947890891630297
  0.31135062266835339  0.32270419582812127  0.33258735754572938  0.34842883312134948
  0.35695682677673196  0.36247471905376272  0.36718028479971332  0.37585300643559671
  0.38483855020503727  0.40518283074904898  0.44061214902820733  0.47642567002277963
  0.50438681725170353  0.52806709549437403  0.54267472878106848  0.55610262075012418
  0.56465165438965359  0.57348239691064007  0.58243624617198031  0.59130974147734117
  0.60425555580545265  0.61407013387791487  0.62047278477559908  0.62482823182647462
  0.62876831140277289  0.63263377556009148  0.63818470842130381  0.64986712381624478
  0.66399623231461813  0.68033996863102686  0.70265957758988784  0.72079804186125840
  0.73501956014142045  0.74163877732825456  0.74989822654851890  0.76100665788739907
  0.77009973420538080  0.77645044144628572  0.78238617304432978  0.78732561999860140
  0.79509885481560016  0.81150324202125046  0.82879037242057685  0.84053885674232542
  0.85151812044615105  0.86128732815448328  0.87122201557730095  0.88244523362322658
  0.89347787596970474  0.90549108306076009  0.91899751200595747  0.93170290846835691
  0.94186646097813165  0.94969827180268862  0.95679636643532295  0.96654188482677561
  0.97768045450123431  0.98773979102126874  0.99446208209510178  1.00000000000000000
 -0.00271447124511748  0.00924950876835186  0.02308112599917442  0.03013226078412407
  0.03517842638769790  0.04193836858214180  0.05405549080667610  0.06111629674833603
  0.06513062152742626  0.06863518411753657  0.07155492212821186  0.07557855304897047
  0.08345064892623304  0.09982490286067482  0.10663011763308509  0.11424179536663029
  0.12284074869023789  0.13567949772754878  0.15243376527297517  0.17532063570372305
  0.19299665392699358  0.20761696275484764  0.22255657952671110  0.23722691750364952
  0.24675421795128086  0.26300624385656801  0.28072796668700761  0.30030942743969219
  0.32491496936521408  0.34330123169145499  0.35450798687744256  0.36223303845121502
  0.36889463164351249  0.37617281057183855  0.38766634323920629  0.40050668396481570
  0.40781369999250378  0.41375059393636476  0.41981020703093991  0.42595945647229444
  0.43196959801552531  0.43678336254117966  0.44208980966828693  0.44878259378682311
  0.45595803734797108  0.46337134519405626  0.47282351411960644  0.48509532936746319
  0.50214028065275718  0.51738839920345503  0.52987699814383771  0.53482896265693447
  0.54094646362161147  0.54741137235383563  0.55563793924358296  0.56792670481107210
  0.58175077780303353  0.58985577970460301  0.59476442031050136  0.59976566057574399
  0.60292811872635732  0.60608009119405659  0.61331146568442696  0.62618595369579211
  0.63430989889411404  0.64056037192279525  0.64681268920979229  0.65215458724455644
  0.66303486467175188  0.67397760464290513  0.68096740130687683  0.68539590995789346
  0.69155320262806708  0.69849798053479062  0.70622528632852266  0.71426007975665473
  0.72660694595446462  0.74078430015558028  0.75840666606475704  0.78290226882118341
  0.80683354552699671  0.83657142569183673  0.86433339463299852  0.87928938859421624
  0.88844076275242201  0.89852522043734040  0.91151162904427252  0.91871366667148369
  0.92560804848662626  0.93238516778575220  0.93909436957934322  0.94659629180742810
  0.95632239605373059  0.96604850030003309  0.98242470228725287  1.00000000000000000
  0.03672295010129905  0.35409727837354593  0.42656077827772859  0.46480871911921340
  0.48875870663925980  0.50467520544894418  0.51496935170378777  0.52580121890395859
  0.53316035999917444  0.54255851172386460  0.55299979871591032  0.56623046489295192
  0.58080257486938380  0.59763195735310204  0.61779348987921157  0.63047245627142112
  0.63940049844986957  0.64714145326401695  0.65292860048019208  0.65772699474302243
  0.66694229353627976  0.67648113020077405  0.68642059731689897  0.70269377357885066
  0.71191778104139847  0.71956406242314430  0.72470566572761441  0.73018873427200603
  0.73514971830340192  0.73895322043119638  0.74275672255899083  0.74753881188099036
  0.75234639467170084  0.75715851617492924  0.76197077970517202  0.77335756700652236
  0.78564998826410304  0.79639676216945310  0.80126919609668035  0.80331076591632133
  0.80514025572708880  0.80717503622645226  0.80925546260357473  0.81066379263523791
  0.81171141799984459  0.81280332197960825  0.81386676337881891  0.81482606055435824
  0.81634016879938764  0.81877607035330313  0.82132167803903067  0.82429998028857698
  0.82706411404670122  0.82982269345886750  0.83326142828953176  0.83705197100956374
  0.84169174602936037  0.84562470327206685  0.84948700728480320  0.85364536128183943
  0.85678178597237697  0.85953078457368348  0.86272336352793288  0.86569205319516296
  0.86877337749385519  0.87215268482926844  0.87601557378756234  0.87949545795832118
  0.88225130212805025  0.88373802543755331  0.88507515321508201  0.88691638287061447
  0.88928725448965307  0.89226334858694112  0.89664551307073270  0.90093989637330463
  0.90331777299868843  0.90513844217525197  0.90631974195954013  0.90764355915395722
  0.90879932880890946  0.90959635386566429  0.91066603839609472  0.91184814062695196
  0.91242362517583031  0.91447442848141747  0.91708741253734127  0.91986377695959975
  0.92277171272943248  0.92527878546101705  0.92713251230054683  0.93052259925367031
  0.93578870766133193  0.94094954888673399  0.94917570144921881  1.00000000000000000
 -0.03919354826781860  0.14484141250712829  0.22006700139782362  0.25424255370173504
  0.27556660018676327  0.29146587684240843  0.30222441926334581  0.30823557265023777
  0.31693878965192462  0.32957698601528668  0.34321208824049343  0.36034768960216090
  0.38083865113795978  0.40112236952820601  0.41877849512975318  0.42677834980919999
  0.42968751687145618  0.43178378503961057  0.43379240008035508  0.43580101512109959
  0.43783936824349456  0.43988094634203129  0.44176194589539047  0.44350735489873994
  0.44534394555205481  0.44779402156493803  0.45013680224593916  0.45238015342616422
  0.45619949399145682  0.46355506431346621  0.47224990039509462  0.47829806907828110
  0.48427100873232076  0.49523185653313206  0.50794841482382136  0.51827931025846896
  0.52280039773253839  0.52551263121425229  0.52846249133753864  0.53211358440807199
  0.53755990771423523  0.54738333580366594  0.55955716604067018  0.57219131125335787
  0.58427569339588314  0.59472229660122811  0.60123335442907999  0.60640895346807755
  0.60984206742679825  0.61191402613749180  0.61341089546358418  0.61486612255489337
  0.61649907219154998  0.61821651467721239  0.62019876199472135  0.62229857330166616
  0.62481808095386038  0.62828966839286482  0.63093197934693424  0.63330966897119712
  0.63640860834572288  0.63963503610594175  0.64454878267321503  0.65031520901245221
  0.65451564264243767  0.65918620428273322  0.66191824809776978  0.66345075181169266
  0.66503719973450859  0.66648258459750509  0.66854827992176336  0.67203513998051445
  0.67549849227153191  0.67997559832632160  0.68333225741540959  0.68613900578831222
  0.68811259475432895  0.69051985710037955  0.69508766740307448  0.70020601640236013
  0.70444425393955368  0.70683754287333966  0.70951812992246299  0.71251046433503507
  0.71542234806349059  0.71823827179274147  0.72208631327338113  0.72777396239288583
  0.73550403216992932  0.74490595065138132  0.75861618382540097  0.77713863682445861
  0.80281965864031146  0.83537585717539919  0.86849225866065682  1.00000000000000000
   3.4410256312610149E-016  -1.0000000000000000     
 T F F F F F F F F F F F F F F F F F F F T F F F T F F F F F F F F F F F T F F F T F F F F F F F F F F F F F F F F F F F T F F F F F F F F F F F F F F F F F F F F F F F F F F F F F F F F F F F F F F F F F F F F F F F F F F F F F F F F F F F F F F F F F F F F F F F F F F F F F F F F F F F F F F F F F F F F F F F F F F F F F F F F F F F F F F F F F F F F F F F F F F F F F F F F F F F T F F F F F F F F F F F F F F F F F F F T F F F T F F F F F F F F F F F T F F F T F F F F F F F F F F F F F F F F F F F T F F F T F F F F F F F F F F F F F F F F F F F T F F F T F F F F F F F F F F F T F F F T F F F F F F F F F F F F F F F F F F F T F F F F F F F F F F F F F F F F F F F F F F F F F F F F F F F F F F F F F F F F F F F F F F F F F F F F F F F F F F F F F F F F F F F F F F F F F F F F F F F F F F F F F F F F F F F F F F F F F F F F F F F F F F F F F F F F F F F F F F F F F F F F F F F F F F F T F F F F F F F F F F F F F F F F F F F T F F F T F F F F F F F F F F F T F F F T F F F F F F F F F F F F F F F F F F F T F F F
  <DiscreteSampler_grid>
  grouped_processes
  1 # 1 for a reference and 2 for a running grid.
  10 # Attribute 'min_bin_probing_points' of the grid.
  1 # Attribute 'grid_mode' of the grid. 1=='default',2=='initialization'
  0.0000000000000000 # Attribute 'small_contrib_threshold' of the grid.
  0.5000000000000000 # Attribute 'damping_power' of the grid.
 # binID   n_entries weight   weight_sqr   abs_weight
    16   10   2.231328163685824E-015   3.576991928657910E-029   2.231328163685824E-015
    17   10   2.231328163685457E-015   3.576991928656376E-029   2.231328163685457E-015
    19   10   2.808632670991015E-015   3.518533251473424E-029   2.808632670991015E-015
    20   10   2.808632670990812E-015   3.518533251472511E-029   2.808632670990812E-015
    22   10   8.370391608468692E-015   3.299069715936737E-028   8.370391608468692E-015
    23   10   8.370391608468392E-015   3.299069715936633E-028   8.370391608468392E-015
    28   10   1.940854491147699E-015   2.406792944219555E-029   1.940854491147699E-015
    29   10   1.940854491147166E-015   2.406792944217904E-029   1.940854491147166E-015
    31   10   2.890251176021521E-015   4.512600493659703E-029   2.890251176021521E-015
    32   10   2.890251176020925E-015   4.512600493656833E-029   2.890251176020925E-015
    34   10   6.881630666910666E-015   2.187469651908995E-028   6.881630666910666E-015
    35   10   6.881630666909815E-015   2.187469651908562E-028   6.881630666909815E-015
    40   10   2.231328163685825E-015   3.576991928657915E-029   2.231328163685825E-015
    41   10   2.231328163685455E-015   3.576991928656368E-029   2.231328163685455E-015
    43   10   2.808632670991019E-015   3.518533251473432E-029   2.808632670991019E-015
    44   10   2.808632670990811E-015   3.518533251472509E-029   2.808632670990811E-015
    46   10   8.370391608468689E-015   3.299069715936735E-028   8.370391608468689E-015
    47   10   8.370391608468388E-015   3.299069715936632E-028   8.370391608468388E-015
    52   10   1.940854491147696E-015   2.406792944219551E-029   1.940854491147696E-015
    53   10   1.940854491147168E-015   2.406792944217903E-029   1.940854491147168E-015
    55   10   2.890251176021521E-015   4.512600493659704E-029   2.890251176021521E-015
    56   10   2.890251176020923E-015   4.512600493656832E-029   2.890251176020923E-015
    58   10   6.881630666910666E-015   2.187469651908995E-028   6.881630666910666E-015
    59   10   6.881630666909841E-015   2.187469651908583E-028   6.881630666909841E-015
    64   10   1.940854491147698E-015   2.406792944219550E-029   1.940854491147698E-015
    65   10   1.940854491147157E-015   2.406792944217893E-029   1.940854491147157E-015
    67   10   2.890251176021538E-015   4.512600493659725E-029   2.890251176021538E-015
    68   10   2.890251176020934E-015   4.512600493656846E-029   2.890251176020934E-015
    70   10   6.881630666910613E-015   2.187469651908956E-028   6.881630666910613E-015
    71   10   6.881630666909800E-015   2.187469651908549E-028   6.881630666909800E-015
    76   10   2.231328163685825E-015   3.576991928657912E-029   2.231328163685825E-015
    77   10   2.231328163685457E-015   3.576991928656376E-029   2.231328163685457E-015
    79   10   2.808632670991021E-015   3.518533251473436E-029   2.808632670991021E-015
    80   10   2.808632670990813E-015   3.518533251472511E-029   2.808632670990813E-015
    82   10   8.370391608468690E-015   3.299069715936742E-028   8.370391608468690E-015
    83   10   8.370391608468386E-015   3.299069715936633E-028   8.370391608468386E-015
    88   10   1.940854491147694E-015   2.406792944219546E-029   1.940854491147694E-015
    89   10   1.940854491147158E-015   2.406792944217896E-029   1.940854491147158E-015
    91   10   2.890251176021534E-015   4.512600493659722E-029   2.890251176021534E-015
    92   10   2.890251176020935E-015   4.512600493656850E-029   2.890251176020935E-015
    94   10   6.881630666910614E-015   2.187469651908956E-028   6.881630666910614E-015
    95   10   6.881630666909822E-015   2.187469651908567E-028   6.881630666909822E-015
    100   10   2.231328163685825E-015   3.576991928657911E-029   2.231328163685825E-015
    101   10   2.231328163685456E-015   3.576991928656372E-029   2.231328163685456E-015
    103   10   2.808632670991024E-015   3.518533251473444E-029   2.808632670991024E-015
    104   10   2.808632670990811E-015   3.518533251472507E-029   2.808632670990811E-015
    106   10   8.370391608468689E-015   3.299069715936740E-028   8.370391608468689E-015
    107   10   8.370391608468386E-015   3.299069715936633E-028   8.370391608468386E-015
  </DiscreteSampler_grid>
