  0.00000419954438283  0.00001115137448204  0.00001335740154177  0.00001540794166538
  0.00001751015050077  0.00001957225238537  0.00002127532751068  0.00002273452080690
  0.00002413027526612  0.00002550975109353  0.00002659608316104  0.00002767533729430
  0.00002876152922899  0.00002967600431097  0.00003082676344760  0.00003192809801878
  0.00003283141465899  0.00003326621013236  0.00003378476794177  0.00003433564681498
  0.00003482558726579  0.00003532244340904  0.00003572022921876  0.00003590342984880
  0.00003601101012483  0.00003610613254808  0.00003617651156231  0.00003622370542427
  0.00003627202985390  0.00003630681993647  0.00003634096175709  0.00003639278838898
  0.00003642252038810  0.00003644626395252  0.00003646918566322  0.00003649485926404
  0.00003652335984440  0.00003657773957009  0.00003665862960706  0.00004250344327794
  0.00005470773315224  0.00006315511669335  0.00006451862735438  0.00006544753557616
  0.00006634941378094  0.00006730442478267  0.00006839943952025  0.00006890336157888
  0.00006940728363751  0.00007006296210365  0.00007084775130378  0.00007163756483529
  0.00007255001712795  0.00007346246942061  0.00007489172421051  0.00007660379434740
  0.00007820716433969  0.00008023888750377  0.00008260883423525  0.00008444549118077
  0.00008580795251610  0.00008665546269720  0.00008751155313490  0.00008867043827907
  0.00009024822404005  0.00009237021711470  0.00009471869679657  0.00009700987752115
  0.00009948233336589  0.00010297689673114  0.00010510631334942  0.00010719878923618
  0.00010957107729223  0.00011241290273226  0.00011402025022586  0.00011572726222111
  0.00011798100756210  0.00012091045240849  0.00012571632724070  0.00013250314791684
  0.00014120188564294  0.00015098286292168  0.00016094751627380  0.00016602616951582
  0.00017165174424215  0.00017754307486219  0.00018419071816399  0.00018998102064126
  0.00019386983420484  0.00019774269487476  0.00021142808028373  0.00025446502823837
  0.00033974146384619  0.00076756904210293  0.00309442662472721  1.00000000000000000
  0.02778171122362922  0.02779437603864272  0.02780704085365622  0.02781970566866972
  0.02784027864812606  0.02788011187134188  0.02791994509455771  0.02796015338255968
  0.02800217225895038  0.02804419113534108  0.02808621001173178  0.02818258292571591
  0.02829188880715114  0.02842845170997251  0.02859235437995697  0.02874430446142243
  0.02885829281379878  0.02894270369538735  0.02901442804716657  0.02909386266391022
  0.02917555364293854  0.02924864389732292  0.02931734683897044  0.02938544579005202
  0.02945892649661803  0.02952838824072542  0.02960199752348871  0.02975939148132002
  0.02990639110860175  0.03005183850462122  0.03021126200755511  0.03035808078888790
  0.03049087353684193  0.03066520525762441  0.03084674051605437  0.03102210009096599
  0.03125616335506065  0.03162151007487935  0.03185099157637759  0.03200010562414331
  0.03212486476193578  0.03225998623333543  0.03237433545646329  0.03246386831564217
  0.03254732000039055  0.03265577916207577  0.03279301372514982  0.03290792102573375
  0.03301024603769723  0.03311036594074045  0.03322743834893150  0.03331961238928198
  0.03341535142479804  0.03355867920538486  0.03374076382087746  0.03383762534039991
  0.03392061800854932  0.03401663727333529  0.03415863311284830  0.03430078766343497
  0.03451485534551944  0.03477134113071645  0.03488638584969860  0.03493824037109406
  0.03498529877652523  0.03502006340706650  0.03515143472767093  0.03549828748235381
  0.03593187453666920  0.03635610532122865  0.03676840495896276  0.03715547114347537
  0.03751943605011902  0.03792064778101886  0.03840496141658993  0.03901675355831903
  0.03958821524630900  0.04015469527700260  0.04096818645815224  0.04168170403980048
  0.04229913279102183  0.04294208705452055  0.04360974408676084  0.04417975019351059
  0.04464521082405673  0.04525334355958718  0.04601954658764359  0.04678381203592575
  0.04760181565636523  0.04830934398094436  0.04944290441811819  0.05071355911727771
  0.05266134496773930  0.05626350831738749  0.06150511555125433  1.00000000000000000
  0.93665063568541507  0.94021115095792673  0.94244214101260360  0.94379234059698891
  0.94560056944964088  0.94648924108338917  0.94732046744658605  0.94751553258130972
  0.94771059771603350  0.94780794380487332  0.94789774471653021  0.94825250703124864
  0.94920092002847090  0.95023135618085375  0.95090794672409285  0.95143020331847727
  0.95168856641480482  0.95201905512420415  0.95249343866294534  0.95303711925284151
  0.95405220467574647  0.95485665967402644  0.95559272629231473  0.95601201402110192
  0.95640240540794041  0.95686317753570693  0.95721973326669907  0.95747425850410339
  0.95770867454134478  0.95788378502233174  0.95806390807918973  0.95825172956859839
  0.95856038588387749  0.95883048482551148  0.95910927898408871  0.95944050490120358
  0.95979911134910156  0.96020892527750656  0.96062939973906181  0.96092943394733943
  0.96130238220594855  0.96161494595502417  0.96198201243837200  0.96237292698110799
  0.96267541454617056  0.96285054355226074  0.96299963078526341  0.96314184322517815
  0.96326974662856046  0.96339765003194278  0.96353542316047736  0.96367570539874092
  0.96386863523865240  0.96411654416846981  0.96427306804104440  0.96438110265956190
  0.96447523205324570  0.96455866595715101  0.96463927660312532  0.96474287251067004
  0.96486199265550143  0.96501380830762074  0.96516689486356599  0.96533997722549525
  0.96557974466822882  0.96580711388451024  0.96605987390139181  0.96626437725219949
  0.96646759095473078  0.96666850586935638  0.96690519605067704  0.96707372432404837
  0.96719218153248709  0.96730599355627833  0.96741636767039008  0.96755661119915437
  0.96767618851444104  0.96778589321739994  0.96784588192709275  0.96790646998388485
  0.96796669330090856  0.96806554724167371  0.96815505728171170  0.96824070160429831
  0.96833492440113300  0.96842924490442006  0.96852127506076702  0.96862164807266826
  0.96880802432187851  0.96898394875078564  0.96908923640798805  0.96920926092581039
  0.96931555528393387  0.96938605201980488  0.96944208857855807  1.00000000000000000
  0.00320299171239829  0.00358301203748835  0.00381005826348645  0.00400703166741190
  0.00414320355381870  0.00417941779678121  0.00419787769689890  0.00421520966397017
  0.00423790785517002  0.00425883421120585  0.00427798617711205  0.00431430743383741
  0.00438123077171007  0.00443317168081043  0.00447553685805707  0.00451101513862526
  0.00454642310481558  0.00458217310203183  0.00463036546136840  0.00470493998125340
  0.00478557116626645  0.00485506482664211  0.00491083937263037  0.00495000008943870
  0.00496697259305095  0.00498953521169346  0.00501348253589348  0.00504075364904448
  0.00507629067156350  0.00515968203371832  0.00529250374963651  0.00539590328233309
  0.00544866118646010  0.00549463327570685  0.00553990417820401  0.00558078840349847
  0.00560963199293754  0.00564007739179934  0.00567679020080001  0.00571773674091895
  0.00577919036787022  0.00586803403876194  0.00595303087068009  0.00602753967669174
  0.00610745002741265  0.00620782155603597  0.00637235593756514  0.00664119091599959
  0.00681712138065060  0.00692147398482110  0.00700571391519229  0.00710180530063260
  0.00720221398586145  0.00730573430257136  0.00741179367868426  0.00752925205742673
  0.00764715382996268  0.00776525089986241  0.00788602236488303  0.00801607060107047
  0.00813737218314574  0.00823279815983289  0.00829688368018438  0.00837661073395298
  0.00849938934638230  0.00862928617198764  0.00871611401115983  0.00877522655885219
  0.00882023599211357  0.00887145498687018  0.00896963843321133  0.00907305836916992
  0.00917994547008961  0.00926956579610412  0.00935370184515868  0.00951305678385265
  0.00972872234344555  0.00987635214881852  0.01007742868427413  0.01035989674348410
  0.01071147510774275  0.01106188201182901  0.01121362960089004  0.01135858679199550
  0.01150354398310096  0.01165057013986816  0.01179893936254679  0.01194730858522542
  0.01209645107379307  0.01225650986610824  0.01241656865842341  0.01257662745073858
  0.01290591820898416  0.01353237224584390  0.12872934755994336  1.00000000000000000
 -0.00000053695187740  0.00000582940504770  0.00000966896173702  0.00001345806665009
  0.00001576833995725  0.00001748853092112  0.00001878343778790  0.00002013787457218
  0.00002188090138504  0.00002351964250569  0.00002480434568328  0.00002598798382779
  0.00002722056313350  0.00002865626664017  0.00003006825768721  0.00003112184402440
  0.00003222044176640  0.00003329721067413  0.00003402606823873  0.00003481848606387
  0.00003706065512668  0.00003930282418950  0.00004228399505364  0.00004541619326485
  0.00006276685056316  0.00006402532637327  0.00006467747004791  0.00006520797244722
  0.00006554269483562  0.00006574700566830  0.00006596203990407  0.00006612691475402
  0.00006628492669224  0.00006645112594406  0.00006659989880915  0.00006673202943071
  0.00006686493792928  0.00006702913520158  0.00006726332371897  0.00006746692718561
  0.00006763400400925  0.00006813614123097  0.00006847255620866  0.00006877172672010
  0.00006907691180754  0.00006939580916470  0.00006971470652186  0.00006997715495881
  0.00007022044777943  0.00007060187675877  0.00007153358421296  0.00007220174129283
  0.00007336772545919  0.00007474534799229  0.00007615821062387  0.00007801069173723
  0.00008010104105507  0.00008286508394114  0.00008580926594769  0.00008824093039826
  0.00009089305359735  0.00009365703234469  0.00009688768735303  0.00010012926547163
  0.00010306957484011  0.00010543257957219  0.00010710640081594  0.00010887115142656
  0.00011051030145532  0.00011169365130772  0.00011311575508496  0.00011474687655960
  0.00011627183521426  0.00011872040042188  0.00012149124247244  0.00012483128022369
  0.00013129657252168  0.00013984288113792  0.00014936960888258  0.00015995068086078
  0.00017688427437920  0.00020409625285974  0.00022378729742121  0.00023699512914347
  0.00025678976153922  0.00028226247232254  0.00031446031262006  0.00034937048966066
  0.00040262882596278  0.00046637207452490  0.00062534591315248  0.00096247031284813
  0.00135186305019631  0.04045083868127693  0.11414432459003412  1.00000000000000000
 -0.00000240503978712  0.00684331343835946  0.01806044413722603  0.03800914551848954
  0.05871740560624049  0.07623080586738569  0.08689072214058773  0.09422453123252443
  0.10142457254620847  0.11549252215048331  0.13964475855513914  0.17611521234901023
  0.21528623982351719  0.22467898202493600  0.23248089349333520  0.23816301889157479
  0.24273151805300780  0.24712076595426302  0.25327629168231941  0.25878144290797311
  0.26245600700474703  0.26605664784591371  0.27021041586426431  0.28003440075810276
  0.29760573668346890  0.30807596128060866  0.31610245023669270  0.32439003193930666
  0.33247222202912607  0.34106308864167678  0.35041416653643304  0.35871196159746221
  0.37112856646605058  0.38251043011359065  0.39354566479135528  0.40206806559681341
  0.40954769768225052  0.41323359621872302  0.41635207900531584  0.41949059684220791
  0.42280376234332617  0.42711801618508122  0.43542990372673729  0.43848427392856998
  0.44105029196349377  0.44350878012886996  0.45237676342688049  0.46968872283682656
  0.47932475377226602  0.48453195743458161  0.49014700747424850  0.49696727177255789
  0.50378120435938789  0.50921926142849705  0.52315597689783278  0.54279622808807904
  0.55516159986761804  0.56538838698735949  0.57588986732800374  0.58484328924556772
  0.59155932237415454  0.59676322314850117  0.60358700123601294  0.61760064332080855
  0.63200210791440248  0.64652740600992098  0.65891248212874409  0.66775459600585052
  0.67706017384632500  0.68832211604921334  0.69955076678013683  0.70727280310862173
  0.71250372889115776  0.71558122348100839  0.71863737217216372  0.72186237078478799
  0.72741483546942864  0.74068200746197510  0.75804296672379989  0.77899601387515827
  0.80027236277443481  0.81325506830279615  0.82268633937535784  0.82907480963321412
  0.84071444067270984  0.85319646195953236  0.88206970021245845  0.90516374353782025
  0.91923218486289393  0.93330062618796772  0.94676020696019769  0.96002111868759610
  0.97264475556186347  0.98176317037457561  0.99088158518728775  1.00000000000000000
 -0.01495883510408540  0.01014676415023772  0.03381428934288509  0.05748181453553247
  0.06880874959345996  0.07723506498033626  0.08566138036721256  0.09237656480330078
  0.09844029747677030  0.10450403015023980  0.11293952868370560  0.12257269448244729
  0.14147182083810236  0.16077722398158575  0.17864338290085352  0.19366760742155018
  0.20473867262720968  0.21495290763000452  0.22565832767030028  0.23232033043000583
  0.23720100912244299  0.24205764001331731  0.24645407645753650  0.25214620827707829
  0.25990818709115493  0.26555382633145491  0.26969147581126840  0.27397575223232201
  0.27889973914253707  0.28682649774888780  0.29715956257294185  0.30302001001683609
  0.30690823005696988  0.31183409194641243  0.32103024856632151  0.33040447220976443
  0.33384073249338114  0.33604513066506120  0.33843519588321497  0.34128964567613218
  0.34395231256351760  0.34579189711037972  0.34753818210465109  0.34971051494837285
  0.35217037216667657  0.36098042509555262  0.36672770810981897  0.37372024159523010
  0.38059054858230612  0.38746909252418832  0.39624647817952013  0.40809599635611149
  0.42661188785121174  0.45700271341329113  0.48586721429257029  0.51066997313729756
  0.52589284191896712  0.53477959576118816  0.54596430937140816  0.55707050671016511
  0.56262936216419301  0.56698714342054524  0.57151451380145746  0.57861034372073505
  0.58681037398407720  0.59684750678002430  0.60568723526305890  0.61354955091064989
  0.62395256257041465  0.63822971972868059  0.64742472361980907  0.65114737679353640
  0.65330004784309970  0.65546364556018699  0.65901578040553843  0.67064535235095268
  0.68371853183281495  0.69950221820019776  0.72017876994123753  0.74596584682333755
  0.77233994149217744  0.78768969910390618  0.80507156541848646  0.81932969087472918
  0.83420000301168740  0.85125394890670758  0.87117356096398979  0.88983215889174649
  0.90838172355812286  0.92664431561543337  0.94527272219309200  0.96085683115010379
  0.97331491274093906  0.98145920216004312  0.98952292124549934  1.00000000000000000
 -0.01017604476926179  0.01596165850102294  0.03956536575147482  0.05329544980703800
  0.06504348567267795  0.07998715786560975  0.09141734967648393  0.09874013584733596
  0.10872880657505035  0.11997668748645336  0.13326572468434317  0.14932779821556982
  0.17773725958976219  0.20123804138140061  0.21425755075862740  0.22647199823283537
  0.24068341907130208  0.25759982942829462  0.27007507738053904  0.28151865564765249
  0.29251333073937130  0.29671040407574378  0.30090747741211632  0.30453030759138661
  0.30743962674998360  0.31034894590858053  0.31871818866521462  0.32639189254458889
  0.33322096255422462  0.34024150945394116  0.34878935590478405  0.36011330234523764
  0.36766117970209949  0.37323542974349161  0.37880050476618032  0.38760660106450628
  0.40840029071749595  0.43080188410351544  0.45294169779471982  0.46910647527358651
  0.48101033782933855  0.49301148748098361  0.50000154021549470  0.50649409390640932
  0.51773693790221764  0.53985084948317252  0.55436504573056689  0.57177068470695980
  0.59458278057084080  0.60899778959562290  0.62735056209123374  0.64583645989305005
  0.65967211375397261  0.66957875851431214  0.67785590485752711  0.68714990250928309
  0.70235008821854694  0.72615951299014669  0.75523071741031234  0.78020731958607004
  0.79949814989082735  0.81372192885924377  0.82634003660256661  0.83528642391897368
  0.84292471932757895  0.85069595192801017  0.85781136187417695  0.86697621825394899
  0.87630120332276229  0.88603209534383398  0.89293776666634705  0.89864608122773626
  0.90182311795249137  0.90383370630213378  0.90648462226940096  0.91110349856425366
  0.91714220331961593  0.92414444967984621  0.92968322815755911  0.93188994583596441
  0.93332555700678455  0.93411816166875816  0.93503803577640798  0.93702652603646985
  0.94195873381618811  0.94961762877614608  0.95481727162465346  0.95934365167451319
  0.96381171257352549  0.97045166356615709  0.97428618900103137  0.97889279212934299
  0.98534063471441957  0.99066025862302964  0.99579328624719476  1.00000000000000000
 -0.00241705834916750  0.01513924424959960  0.04016324086982953  0.06082704825371259
  0.07731977484381305  0.09439330550152507  0.11212080129983142  0.13060477724517036
  0.16105609211457822  0.18508131434999447  0.20695379536744879  0.22400884357714723
  0.23913504626362814  0.25169364243492015  0.27231488125824665  0.28930653304081166
  0.30123989087163350  0.31089762532582932  0.31814127071691117  0.32325019242164416
  0.32886767714030701  0.33455804090900032  0.33926732739038423  0.34434958034443819
  0.35075761512370296  0.35721595219065083  0.36704676519188179  0.38027711829328131
  0.39142765154407860  0.40352505928036814  0.41697483149878778  0.43268000139334789
  0.45007833438811640  0.46391507290877321  0.47300896086680710  0.48089663307622699
  0.48805447510168193  0.49413912345629984  0.49944341499433331  0.50541092907487983
  0.50747560913444600  0.50983895176769978  0.51283332323299602  0.52084467480109786
  0.52904418977110512  0.53479829260066403  0.53997253030470627  0.56454642256950771
  0.59295765153090152  0.61979388755957587  0.64075831774811165  0.65447859432169442
  0.66912868615289789  0.68786541525496669  0.70661130809347428  0.72048014037978403
  0.73154131070328365  0.74188131136018198  0.74388491079234720  0.74586216349128365
  0.74751358817349456  0.74933578199456452  0.75184452464903562  0.75430054992251316
  0.75701370010839797  0.76001501900577395  0.76618549811947789  0.77416374298141155
  0.78008776409228464  0.78394554097687530  0.78780331786146607  0.79286784077373340
  0.79895175414167474  0.80503566750961619  0.81681050681899681  0.82892358934842503
  0.84999472845793955  0.87915608826290870  0.89962457369749682  0.91584506561807322
  0.92719210920991713  0.93826617770666287  0.94832242434376768  0.95692278714591350
  0.96137921958206907  0.96787308648060755  0.97474313337160212  0.98315958060183406
  0.98718192569718577  0.98911537741031275  0.99088808790234029  0.99272164180949818
  0.99429987587427615  0.99579261298932908  0.99763995196976252  1.00000000000000000
 -0.00548307382423485  0.01560970228610917  0.02640916954304775  0.03330370935145924
  0.04276813167529316  0.05007647821785494  0.05483760063453982  0.05828938695974573
  0.06187149523651556  0.06545990268160981  0.07123213902233351  0.07618330560197437
  0.07985632289329746  0.08211785524333469  0.08672262329924355  0.09218354503509531
  0.10022635810901086  0.11177994389240664  0.11886847624083137  0.12505997222423695
  0.13482319648397434  0.14086058800313020  0.14494613891054539  0.14881753710716500
  0.15551984753670542  0.18001787547313164  0.20603294825361526  0.22767077364453667
  0.24425590513536444  0.25744676041829989  0.27012036551831387  0.28740769620324647
  0.30478983825117095  0.31985697863902007  0.33031509083566984  0.33570096481474437
  0.34411495283139809  0.35361123733182470  0.36534039938736390  0.38354703542850727
  0.41315001866561007  0.43989873448465971  0.46114611283773671  0.47970530019184304
  0.49601516146817887  0.50426029926629568  0.51405386698858457  0.52434996425891067
  0.53200724097901364  0.54078730519991081  0.54944673753559270  0.55724538901500298
  0.56474931810512852  0.57068830772521906  0.57415956203264640  0.57986813742447130
  0.59049610504457606  0.60515530585246291  0.62000866496983598  0.63577830941166036
  0.64738016137279220  0.65679972934296660  0.66211232473933201  0.66980722095143652
  0.67474715610392844  0.69260535057746719  0.71188264459926720  0.72654026011319950
  0.73458272257006751  0.74163057898666185  0.74897039865297743  0.75764506115772456
  0.76631036930966778  0.76854003931396841  0.77076970931826905  0.77276070024996124
  0.77445775112512971  0.77615480200029829  0.77891326082327839  0.78222415871073370
  0.78553505659818901  0.79720149039068000  0.80803890801870049  0.81595909731591088
  0.82332747139742413  0.83357835193097896  0.85427743863185135  0.88613964209640173
  0.90765622633177989  0.91878482734985945  0.92682395296995879  0.93722692054881551
  0.94862949016053122  0.96290140527455248  0.98189971221060390  1.00000000000000000
 -0.00107295852490159  0.00457911988088948  0.01763119137375156  0.02996127503038741
  0.04045092612073252  0.05409668763249311  0.07005159316159140  0.08539133241182491
  0.09791883647052992  0.10944859227063945  0.12459247592916066  0.13378691423630093
  0.13595000827355927  0.13887099686181276  0.14293798240582084  0.14626411623520241
  0.14792969790795429  0.15147492070028953  0.16022659497302189  0.16293854721639148
  0.16456390711653357  0.16929798842926769  0.17539350090239561  0.18111651981368507
  0.18622481105671163  0.18853950789772281  0.19056828547880419  0.19256345081403065
  0.19437362821131335  0.19602875036318856  0.20114748745041042  0.20977955152544209
  0.22241805790628111  0.23678420274246020  0.25401388453888024  0.27010716981254629
  0.28491206647320100  0.29573294745086337  0.30475343204062372  0.31387297982189583
  0.32640523095862584  0.33800627250526211  0.34851547120527626  0.36216805485170811
  0.38033468569397649  0.39931800634240494  0.41504112561976186  0.42669830357326533
  0.43681067336271268  0.44374146995230351  0.44863063035363920  0.45377582405617101
  0.46069108809873505  0.46918770958068357  0.47891902807804337  0.49202358073707381
  0.50904225653562796  0.52599424135036932  0.54123926153508317  0.55908363314744458
  0.58181841541216495  0.60566520843100935  0.62931754652095850  0.64678489904794578
  0.66258879157313832  0.67408221374432620  0.67765201589915558  0.68122181805398485
  0.68800786506053591  0.69828184881303101  0.70855583256552601  0.71947978418176617
  0.73080815834540280  0.74213653250903955  0.75348178190527892  0.76438131806430520
  0.77809251031985294  0.79138929818190540  0.79937544857677134  0.80514987218036471
  0.81296748874125824  0.82089201655339661  0.83118729365433852  0.84228937317074271
  0.84814510489460593  0.85374060032293098  0.86006653988884518  0.86818671794716507
  0.88614032906783236  0.90726951947801004  0.92666213757278204  0.93697423829553605
  0.94738608552852877  0.95838575317178165  0.97430350829231349  1.00000000000000000
 -0.00115718904039643  0.00294255474637328  0.00664583444666710  0.01086040551621143
  0.01962672816270521  0.03308898809900144  0.04778697833779545  0.06832195342945860
  0.08360480632964576  0.09317477322208517  0.10244477078375960  0.11220797114517687
  0.12374730651767828  0.13791265120591178  0.15331075094592206  0.17153545301945111
  0.18708686270893193  0.19874154574333772  0.20494077100446675  0.20890080937636266
  0.20998082043472224  0.21306219538480181  0.21673387070947411  0.22098410578301173
  0.22600159675072651  0.23409639573016225  0.24262253397686803  0.25177802170210845
  0.26353050229908892  0.27899645445152493  0.29492985987003267  0.30895205381792529
  0.32844888722467647  0.35130921537821674  0.36678555565822063  0.37998909412470594
  0.39158429727555794  0.40313887050967540  0.41811807589281347  0.43143554735377304
  0.43599261301135733  0.44103933668940154  0.44482009305793013  0.44855839393501334
  0.45227498489153106  0.45588945513041779  0.45910027777807216  0.46003793566433460
  0.46097559355059703  0.46192325158118125  0.46287749369204484  0.46383173580290848
  0.46494517554639159  0.46606639944636152  0.46768664418304373  0.47108348387021137
  0.47660330615766916  0.48062258594535778  0.48353983355191660  0.48639127501922191
  0.49322408855795458  0.50751147688751130  0.52026856090823748  0.53276753248995812
  0.54168556713446481  0.54928287721030877  0.55505518496740547  0.55973562444704517
  0.57007737447751694  0.58174771241735412  0.59355907299974042  0.60993411588851942
  0.63804227006589076  0.67262112437278354  0.69743745873703789  0.72047611916007759
  0.74556076688343165  0.77051901446458770  0.78953143376224477  0.80679073555005354
  0.81928233253173732  0.83026680493486005  0.83958047962461846  0.85010627010053375
  0.86211888399950176  0.87302067754639567  0.88189883423414950  0.89021707798479066
  0.89946128053528529  0.91017610694703677  0.91626270784790109  0.92556008096548403
  0.93734305363525749  0.94910519526373482  0.96882855552193203  1.00000000000000000
 -0.00541772488896705  0.01322870316131518  0.02622720203532292  0.03339375752199800
  0.03805921729828244  0.04221759850034223  0.04786696684528870  0.05557986701274830
  0.06210223201011078  0.06841061299608195  0.07469091681584174  0.07928249100674739
  0.08429468627459677  0.08916428872978438  0.09420518853601649  0.09966335842190203
  0.10715691392919074  0.11471262444300316  0.12221042456665628  0.12937891695482431
  0.13832657529552053  0.15010342778864305  0.16144515947423296  0.17199860049369908
  0.17834461166814489  0.18291554528679616  0.18821824141811494  0.19666046573143153
  0.20527657150317141  0.21136868221748742  0.21798863217945438  0.23578708319470348
  0.25918146374147677  0.27524474232033475  0.29401836207794385  0.31448454976725393
  0.32874336374794577  0.33504332009808890  0.34134327644823204  0.34645649890801095
  0.35129852711399612  0.35593499956381836  0.35981351842244841  0.36369203728107841
  0.37326043648781398  0.38789645840593706  0.40015656688106849  0.40960108927832373
  0.41949386041474279  0.43250729103907964  0.44223081609490578  0.45135967746770517
  0.46090416225933334  0.48480520559216778  0.49479935677559178  0.50566374187245733
  0.51754505311842014  0.52806359818750515  0.53561679855307431  0.54093251259368136
  0.54595828414048764  0.55069767854165497  0.55640691949487253  0.56565346614465895
  0.58139295746141983  0.60114076350583412  0.63088977431285476  0.64501889763290465
  0.65045411253889784  0.65556364210308238  0.66161663294892470  0.66976133057694220
  0.67844373705674055  0.68492062787533614  0.69061571051253778  0.69980378785470720
  0.71997083586806532  0.74700639885287956  0.77274605948530006  0.79617687377286750
  0.81583869046273605  0.83115040003865337  0.84067757238183471  0.84747009492936498
  0.85736079343925220  0.86577802904860346  0.87453247676999635  0.88477672260497298
  0.89355745439035450  0.90089157007854637  0.90845357922779335  0.91622820402818084
  0.92469452782403205  0.93943653153955142  0.96403057870037212  1.00000000000000000
 -0.00511948778272851  0.01645535762695316  0.03835976000366157  0.05585914437446140
  0.07153671062698969  0.08591835556621638  0.10425784411549596  0.11836750970570041
  0.12949872327983922  0.13561406617569086  0.14272713348637206  0.15082816646119640
  0.16178627864965534  0.16978905530630028  0.17721198067563429  0.18705808882317934
  0.20421255356743551  0.22289740786945558  0.23907884529087861  0.25759690814000347
  0.27758636091514288  0.29477362089426773  0.30134629020874526  0.30753163024829683
  0.31011974295417899  0.31270785566006110  0.31531903146558715  0.31795409058011653
  0.32058914969464586  0.32238416394988206  0.32416892448337892  0.32798520585628282
  0.33364460134832175  0.33965983939166011  0.34416112249125480  0.34779893651374061
  0.35178559419285349  0.35686619465974073  0.36471113872688893  0.37559117119759472
  0.38454950584691350  0.39169476290426553  0.39820240767933879  0.41870862469845882
  0.45866895055470741  0.48480010691085118  0.49962757712510336  0.51259120813534531
  0.53214352163423928  0.55729061006730884  0.58890718992029778  0.60934265569700818
  0.62401659755535854  0.63284175638177742  0.64317759584757139  0.66520762426688995
  0.67024715791928835  0.67232617016732932  0.67443127323744867  0.67681365740448718
  0.68010815277992087  0.68541007232953655  0.69132024619698862  0.69536276994380941
  0.69968166715726243  0.70718148428795102  0.71789238128540245  0.73191359871342720
  0.74854291563453002  0.76501277289709801  0.78293740642971388  0.80627787270559315
  0.82710953706053258  0.84610622965929017  0.85372321414082886  0.86202851066944253
  0.86848966602291888  0.87295937652464461  0.87664322587005150  0.88222360870834193
  0.89037390285458062  0.89865271563150206  0.90599815519942484  0.91300445380224604
  0.91565848688725326  0.91997866605394452  0.92659262062789760  0.93343844450892666
  0.93889421528161532  0.94258563177831145  0.94661230883953240  0.95138102960036164
  0.95417896738638197  0.96291839413127989  0.98017634525922870  1.00000000000000000
 -0.00415717513642989  0.01792537428976973  0.03142228721307055  0.03785714549569209
  0.04227344009030177  0.04579159798322675  0.04849048329397841  0.05353167822300594
  0.05721014905964373  0.06097039589055810  0.06432720153710338  0.06832167866261350
  0.07297100757234271  0.07912525073600918  0.08789563713233350  0.09711113469051245
  0.10316806944394329  0.10673576444383570  0.10984871658957361  0.11323695727599054
  0.12135463847705492  0.13324163597911812  0.14574528028417941  0.15696133916502589
  0.17031390811454164  0.18501158579540189  0.20069865830541361  0.22261283870621212
  0.24449645601114478  0.26549663825141651  0.27807992929625558  0.28539457400083151
  0.29348144614400484  0.30222661333487105  0.31234785166212770  0.32373797717052505
  0.33497408973049958  0.34495195242175009  0.35200918521752672  0.35982212046990175
  0.37025462281862093  0.39785681080142443  0.42259131255047960  0.44426315162500679
  0.46525557400272466  0.48522451689135726  0.50092384614071284  0.51969108645645035
  0.53886163566432455  0.56130145995216019  0.58407432241706492  0.60034917756958806
  0.61364924745604932  0.62810840297570192  0.64547701024252946  0.66622767969883090
  0.68609617218790986  0.70064818247379934  0.71113430015368095  0.71805745038588631
  0.72364764544862259  0.72808992127203864  0.73201343591407309  0.73669762250082771
  0.74228852240742083  0.74753942907641402  0.75411892753654919  0.75856480079214395
  0.76161680320625447  0.76412822485929022  0.76715037618360782  0.77092266069427795
  0.77510770548325880  0.78212585235588139  0.79621821211656429  0.80838437221070736
  0.81555951077087108  0.82273464933103491  0.82976618987257755  0.83620111257514917
  0.84263603527772091  0.84968277809596582  0.85700574012873576  0.86652310263855592
  0.88523116361223897  0.89908763704127537  0.91371308659093675  0.92409295069718023
  0.93346917457981859  0.94104426475290837  0.94724671689299922  0.95151252903907368
  0.95696271663096000  0.96368975211400432  0.97614264719890798  1.00000000000000000
 -0.01121731775561471  0.02797819785853551  0.06267218488227810  0.09357736817629227
  0.12036118629601711  0.14216705329329021  0.15798919411374848  0.16945556159413278
  0.18073020901112155  0.19103256885227604  0.20198476924397632  0.21541919011186067
  0.22826777246959315  0.23879830553600156  0.24558247676790027  0.25277750262602522
  0.26047132019836311  0.26924395265111151  0.27753617097561267  0.28945001480646670
  0.30630006519008851  0.32814286910844986  0.34858859762945121  0.35786655518056282
  0.36240654406201267  0.36534281214347086  0.36805997972239712  0.37102686194239298
  0.37447455074648561  0.37800990561639530  0.38300264283338753  0.38810120808564991
  0.39107869817836799  0.39380588596501059  0.40596602054113551  0.41725749288806613
  0.42699462913427294  0.43823078021309281  0.44571166656923017  0.45029174390502791
  0.45649945876232839  0.46264727225416857  0.47018518020063982  0.47527932929812539
  0.48234320532329944  0.49310482562395175  0.50659703089193597  0.51440453315036416
  0.52059942614070642  0.52574143398813067  0.53191367241559140  0.53684759909297863
  0.54219978631754551  0.54908016809438631  0.55444475337316124  0.55812447416713473
  0.56127513244043048  0.56455586027264970  0.57214748889391520  0.58447513168959497
  0.59714178028308462  0.60749608923531695  0.61079776275910713  0.61409943628289743
  0.61692859751317841  0.61947471267762189  0.62202082784206536  0.62507581735291640
  0.62815777822001584  0.63238729082405509  0.63907383051500644  0.64878312506391145
  0.66052117084961315  0.66854193226256109  0.67709953586274430  0.68962417991801950
  0.70314479890343973  0.71268213446644579  0.72050557203210086  0.72653327827593128
  0.73170561080759200  0.73763054898911862  0.74500655030425222  0.75759826500675087
  0.77566214585744286  0.79623739083839562  0.81732536859465699  0.83845053581604034
  0.86072583186543317  0.88638779675209001  0.91498135149272664  0.94157509758579505
  0.96181968470555901  0.96908861037018756  0.97771920149968705  1.00000000000000000
 -0.00133043489459055  0.00836738230072835  0.01740191731315839  0.02772444692918293
  0.03656683346425448  0.04565776077288080  0.05553529354664202  0.06456304565025733
  0.07535758011033383  0.08951158082084464  0.10913678729697011  0.12590221601464982
  0.12929400625482981  0.13107909101706758  0.13298422861193770  0.13479325644034698
  0.13644390580264804  0.13772269896970091  0.13902694223522802  0.14332480175148493
  0.15218175520441451  0.15920543965400913  0.16451396790303943  0.16925502285879504
  0.17426399444352700  0.18085014692541121  0.19194491922305110  0.20862733712569703
  0.23584532886577886  0.24934071595203591  0.25637368303571523  0.26331386387909811
  0.26688064357201635  0.27005233875021634  0.27707217625743269  0.28825249027568034
  0.29781702478904393  0.30301760181545212  0.31127784526058366  0.32244456309872843
  0.33474608438272052  0.34831891213157412  0.35731683489837018  0.36674880305063851
  0.37681168512924951  0.38731564869783525  0.39821119416951933  0.40530996502256722
  0.41137386833229173  0.42119452959187720  0.43227565243591026  0.44438763055342073
  0.45487632925126009  0.46507164348273611  0.47530818788613016  0.48522398782426057
  0.49985945714151120  0.51571143280596221  0.53186137660464339  0.54434631311987292
  0.55339557731621225  0.55959929326794178  0.56369052573948797  0.56912126031117216
  0.57617594146031881  0.58439130302336029  0.59155807543753725  0.59898046556179474
  0.60624968253471512  0.61139913165881454  0.61733864051599929  0.64060261261019424
  0.67995140213936300  0.71213566673138373  0.73557449251965024  0.75334399554880638
  0.77131921996101627  0.79307017374343103  0.81480914098864721  0.83350228735303045
  0.85196184795536001  0.86481392648424260  0.87386935841778624  0.88292479035132998
  0.89119324620999874  0.89904197098382843  0.90689069575765802  0.91386756212522391
  0.92053328841795434  0.92719901471068489  0.94068907675026492  0.95330243779238111
  0.96344877344357116  0.97454666225915032  0.98727333112957516  1.00000000000000000
 -0.00090669348735981  0.26448201524780185  0.33590111102063924  0.37213156391396496
  0.40204016571720952  0.42733647799714614  0.45067017805421888  0.48588752147093273
  0.49570615979575139  0.50442387781757747  0.51114043609101101  0.51602618364137220
  0.51828896974908689  0.52132375133898390  0.52480951298964795  0.52687611526613720
  0.52794765410563682  0.52958342810582382  0.53476510012879086  0.54032570500394128
  0.54470428334571408  0.54875736389405760  0.55311954935483487  0.55716656825303867
  0.56088796485189252  0.56573656904678726  0.57159974683397996  0.57831422732937388
  0.58387032351115797  0.58841225423140309  0.59145868686896774  0.59284201037905138
  0.59387857855609383  0.59501443924834962  0.59784822431236373  0.60431677951576135
  0.61505887537024084  0.62626011790318403  0.63417558805224983  0.63913349667532227
  0.64293043500535718  0.64682517110265070  0.65085581523199632  0.65548121312339980
  0.66387587296506767  0.68143105761469791  0.69819765152138413  0.71009602938395011
  0.71660084348289999  0.72095172190312473  0.72597862059205931  0.73111424782824996
  0.73515115129569919  0.73882128663202551  0.74317876286352513  0.74622508066078608
  0.74820680300708842  0.74983162307786366  0.75166319406210758  0.75402920229111070
  0.75554049245625110  0.75706121440653440  0.75907245409583435  0.76165381030698753
  0.76388167335700419  0.76642707430419421  0.76922880927156467  0.77165334204259606
  0.77356064701638327  0.77581928739828321  0.77995926595758258  0.78323776511012955
  0.78567485619438593  0.78741359739364181  0.78883566844453235  0.78974636052352842
  0.79045255861800845  0.79115704710491908  0.79177940271874581  0.79240175833257254
  0.79300497503575895  0.79356985114595391  0.79413472725614875  0.79544101390183242
  0.79712662460792050  0.80025710076586909  0.80680903619378941  0.81558113745930128
  0.82537445589214775  0.83752174998354734  0.84888853821424448  0.85997449525145553
  0.87680027475008127  0.89698295494200697  0.92544787519200866  1.00000000000000000
 -0.03600204968445635  0.22421588735355749  0.25493264193459508  0.28629729118054498
  0.31404942519855167  0.33756986829912317  0.35343237420153412  0.36797930206400153
  0.38032755264089479  0.39158917206503813  0.40783976132317123  0.42567002558235417
  0.43218167019391812  0.43742982714651979  0.44247482390196924  0.44675267816461633
  0.45043517894097312  0.45578496736144541  0.45872787241171870  0.46109644152816409
  0.46379328595187919  0.46627911273115469  0.46831425103690005  0.47012359458288755
  0.47229443407276273  0.47483002615527659  0.47572351666683343  0.47627298693576159
  0.47791288004966598  0.48229813900259516  0.48668339795552434  0.49166681139177731
  0.49688945112748328  0.50211209086318931  0.50707588892087441  0.51194559194757394
  0.51755822616411273  0.52453623227701185  0.53658160676942601  0.54782668276123625
  0.55539468751429155  0.56091368153436316  0.56706493789671919  0.57575674194829118
  0.58496858471704627  0.59194557779894519  0.59804728536304863  0.60348747838296624
  0.60833626246945838  0.61242597350605610  0.61672741834844036  0.62056975287993155
  0.62274827305813074  0.62549303332881423  0.62799881754359543  0.62961354578048934
  0.63186929563461958  0.63365181840185847  0.63542288760712617  0.63718811594364122
  0.63961245632950126  0.64228874255976698  0.64601293161224549  0.65123079280743756
  0.65599943302016950  0.66039436333592039  0.66451549438879898  0.66660670587441551
  0.66847584058023668  0.67082989406228888  0.67161574095116738  0.67212915290474262
  0.67332646230624893  0.67502723140133913  0.67678870938806934  0.67879818749994436
  0.68016157002715538  0.68411160650235370  0.68974241110875034  0.69761154189586649
  0.70639392212077312  0.71674639000183493  0.73078688699624172  0.74413442910683347
  0.75702198734218795  0.76925733750271963  0.77538934472174303  0.78183112270776722
  0.79122745096654501  0.79989284791273108  0.80638266404617909  0.81294660872113766
  0.81993639122927631  0.84083351537397177  0.88409446549602755  1.00000000000000000
   1.3750322888358466E-023  -1.0000000000000000     
 T F F F F F F F F F F F F F F F F F F F T F F F T F F F F F F F F F F F T F F F T F F F F F F F F F F F F F F F F F F F T F F F F F F F F F F F F F F F F F F F F F F F F F F F F F F F F F F F F F F F F F F F F F F F F F F F F F F F F F F F F F F F F F F F F F F F F F F F F F F F F F F F F F F F F F F F F F F F F F F F F F F F F F F F F F F F F F F F F F F F F F F F F F F F F F F F T F F F F F F F F F F F F F F F F F F F T F F F T F F F F F F F F F F F T F F F T F F F F F F F F F F F F F F F F F F F T F F F T F F F F F F F F F F F F F F F F F F F T F F F T F F F F F F F F F F F T F F F T F F F F F F F F F F F F F F F F F F F T F F F F F F F F F F F F F F F F F F F F F F F F F F F F F F F F F F F F F F F F F F F F F F F F F F F F F F F F F F F F F F F F F F F F F F F F F F F F F F F F F F F F F F F F F F F F F F F F F F F F F F F F F F F F F F F F F F F F F F F F F F F F F F F F F F F T F F F F F F F F F F F F F F F F F F F T F F F T F F F F F F F F F F F T F F F T F F F F F F F F F F F F F F F F F F F T F F F
  <DiscreteSampler_grid>
  grouped_processes
  1 # 1 for a reference and 2 for a running grid.
  10 # Attribute 'min_bin_probing_points' of the grid.
  1 # Attribute 'grid_mode' of the grid. 1=='default',2=='initialization'
  0.0000000000000000 # Attribute 'small_contrib_threshold' of the grid.
  0.5000000000000000 # Attribute 'damping_power' of the grid.
 # binID   n_entries weight   weight_sqr   abs_weight
    16   10   5.770507191171525E-024   9.441653191989474E-047   5.770507191171525E-024
    17   10   5.770507191171461E-024   9.441653191989101E-047   5.770507191171461E-024
    19   10   2.236848801440113E-023   3.072101356099299E-045   2.236848801440113E-023
    20   10   2.236848801440012E-023   3.072101356098971E-045   2.236848801440012E-023
    22   10   1.283506807703736E-022   5.606411860958029E-044   1.283506807703736E-022
    23   10   1.283506807703713E-022   5.606411860957826E-044   1.283506807703713E-022
    28   10   9.630590115744802E-023   4.681031247825664E-044   9.630590115744802E-023
    29   10   9.630590115744735E-023   4.681031247825623E-044   9.630590115744735E-023
    31   10   1.945621703942774E-022   1.901587436433154E-043   1.945621703942774E-022
    32   10   1.945621703942750E-022   1.901587436433117E-043   1.945621703942750E-022
    34   10   3.155986815802848E-022   4.580993690326519E-043   3.155986815802848E-022
    35   10   3.155986815802794E-022   4.580993690326347E-043   3.155986815802794E-022
    40   10   5.770507191171489E-024   9.441653191989365E-047   5.770507191171489E-024
    41   10   5.770507191171484E-024   9.441653191989140E-047   5.770507191171484E-024
    43   10   2.236848801440111E-023   3.072101356099289E-045   2.236848801440111E-023
    44   10   2.236848801440015E-023   3.072101356098989E-045   2.236848801440015E-023
    46   10   1.283506807703736E-022   5.606411860958011E-044   1.283506807703736E-022
    47   10   1.283506807703715E-022   5.606411860957846E-044   1.283506807703715E-022
    52   10   9.630590115744810E-023   4.681031247825676E-044   9.630590115744810E-023
    53   10   9.630590115744727E-023   4.681031247825614E-044   9.630590115744727E-023
    55   10   1.945621703942777E-022   1.901587436433156E-043   1.945621703942777E-022
    56   10   1.945621703942752E-022   1.901587436433118E-043   1.945621703942752E-022
    58   10   3.155986815802850E-022   4.580993690326522E-043   3.155986815802850E-022
    59   10   3.155986815802793E-022   4.580993690326336E-043   3.155986815802793E-022
    64   10   5.770507191171503E-024   9.441653191989416E-047   5.770507191171503E-024
    65   10   5.770507191171464E-024   9.441653191989103E-047   5.770507191171464E-024
    67   10   2.236848801440113E-023   3.072101356099299E-045   2.236848801440113E-023
    68   10   2.236848801440011E-023   3.072101356098969E-045   2.236848801440011E-023
    70   10   1.283506807703737E-022   5.606411860958037E-044   1.283506807703737E-022
    71   10   1.283506807703714E-022   5.606411860957835E-044   1.283506807703714E-022
    76   10   9.630590115744812E-023   4.681031247825674E-044   9.630590115744812E-023
    77   10   9.630590115744735E-023   4.681031247825626E-044   9.630590115744735E-023
    79   10   1.945621703942774E-022   1.901587436433153E-043   1.945621703942774E-022
    80   10   1.945621703942751E-022   1.901587436433118E-043   1.945621703942751E-022
    82   10   3.155986815802847E-022   4.580993690326516E-043   3.155986815802847E-022
    83   10   3.155986815802794E-022   4.580993690326343E-043   3.155986815802794E-022
    88   10   5.770507191171509E-024   9.441653191989451E-047   5.770507191171509E-024
    89   10   5.770507191171474E-024   9.441653191989120E-047   5.770507191171474E-024
    91   10   2.236848801440109E-023   3.072101356099284E-045   2.236848801440109E-023
    92   10   2.236848801440022E-023   3.072101356099010E-045   2.236848801440022E-023
    94   10   1.283506807703734E-022   5.606411860958004E-044   1.283506807703734E-022
    95   10   1.283506807703717E-022   5.606411860957856E-044   1.283506807703717E-022
    100   10   9.630590115744807E-023   4.681031247825671E-044   9.630590115744807E-023
    101   10   9.630590115744739E-023   4.681031247825621E-044   9.630590115744739E-023
    103   10   1.945621703942776E-022   1.901587436433156E-043   1.945621703942776E-022
    104   10   1.945621703942749E-022   1.901587436433116E-043   1.945621703942749E-022
    106   10   3.155986815802850E-022   4.580993690326520E-043   3.155986815802850E-022
    107   10   3.155986815802794E-022   4.580993690326344E-043   3.155986815802794E-022
  </DiscreteSampler_grid>
