  0.02278811451852298  0.03425456572185032  0.04226361904042639  0.04880266290591167
  0.05603462490078449  0.06371899640205818  0.07321190708021845  0.08482981691211140
  0.09413078757235710  0.10846335955291873  0.12506457208441349  0.14002513136263314
  0.15073318446860320  0.15873853081485381  0.16678352628972926  0.17591459859251676
  0.18537957798983459  0.19394974225264733  0.20281973313353030  0.21308099020415333
  0.22452117360495921  0.23488045249659742  0.24405435628820563  0.25288650143336694
  0.26194961012046208  0.27233424706426457  0.28268287122504016  0.29398277175128784
  0.30690912032531459  0.32074626178472415  0.33203785687514603  0.33902450960448999
  0.34556506231092565  0.35219415577167618  0.36027119561256926  0.36857569949845187
  0.37538189917331660  0.38151219885732829  0.38758376392725280  0.39692532068787811
  0.41106397597037786  0.42682384365301906  0.43762777791386032  0.44535823982769063
  0.45306015939630673  0.46231335123744577  0.47224742634079059  0.48284410721948740
  0.49310220240408309  0.50497240809295896  0.51598259443089667  0.52839770920401774
  0.54026943135204519  0.55025452178011502  0.55958833212863845  0.56715352658569551
  0.57428521617854356  0.58186383334753278  0.59012005656996880  0.60368443911776248
  0.61548428418929713  0.62675390283034071  0.63742383363928012  0.64807948030308082
  0.66023939890325478  0.67403333738318771  0.68686198415656219  0.69789685487347419
  0.70795952861170330  0.71674124720040111  0.72786286335082284  0.73881988224550810
  0.74808337305587846  0.75622631796614759  0.76531223037384100  0.77856635403204777
  0.79248028756135114  0.80350106512171382  0.81477491830950155  0.82547230084436152
  0.83496749621573096  0.84445006926083233  0.85534785062948193  0.86676629915842340
  0.87878967629059301  0.88970731454696361  0.90157152345704683  0.91199276516336192
  0.92144242092688089  0.93097592415772223  0.94029573927885579  0.94853637461564566
  0.95655154756147343  0.96397785677558012  0.97108865900955055  1.00000000000000000
  0.03044196802212840  0.03046276274626827  0.03050468513793373  0.03056968936585095
  0.03064339378282219  0.03074517117972811  0.03085784304619203  0.03096198910207610
  0.03105679562132009  0.03115271368168024  0.03123840234931806  0.03133537705566079
  0.03144178485626214  0.03155005997113167  0.03165079700387852  0.03174654318009262
  0.03184277650789034  0.03194634050754937  0.03206382359282077  0.03219268546549929
  0.03232679133060172  0.03246550770347250  0.03258063765796409  0.03267493555794543
  0.03277509423858092  0.03288304569005391  0.03301965548731358  0.03316085637008174
  0.03330532533524868  0.03342874137719523  0.03354574852229417  0.03367567189777447
  0.03382517056752477  0.03397076997101016  0.03410892645244037  0.03423266787647408
  0.03435000086034935  0.03446398742843054  0.03456322998375656  0.03465268408781706
  0.03473619000199998  0.03482504233689333  0.03494898251695764  0.03512188464397446
  0.03531441151327199  0.03549055442165696  0.03565164691522554  0.03580436964495631
  0.03596887879373754  0.03616907133422984  0.03640604617192161  0.03667188407406972
  0.03691772028698878  0.03713016197857017  0.03732259304025547  0.03753280133110611
  0.03770723624152695  0.03786986482312305  0.03803601805576424  0.03819812694482539
  0.03834617741189277  0.03849714935341447  0.03865141112214964  0.03886885354077450
  0.03911294339198903  0.03937112467636562  0.03969021776830599  0.04001623946696081
  0.04029550044587972  0.04055639049489771  0.04083320251093919  0.04116599420845931
  0.04157237171778777  0.04199682124902001  0.04241020440877943  0.04282099358906213
  0.04326842378408247  0.04372203591364787  0.04411983326399971  0.04452577710421803
  0.04507645202595454  0.04589254111897634  0.04671069426667592  0.04751620335619662
  0.04821489616530867  0.04879465342166651  0.04945100011743290  0.05031123278655394
  0.05137135492557170  0.05283370626031425  0.05462527633909056  0.05672674030953483
  0.05931987471570417  0.06222308451344191  0.06378572435145657  1.00000000000000000
  0.93547364600742744  0.93929940948527846  0.94052253233884486  0.94150515851819694
  0.94240187922294916  0.94310268054477675  0.94386444500351474  0.94462378922605905
  0.94515820906446246  0.94549888434661511  0.94577059937725783  0.94603926953490636
  0.94647598616067286  0.94683636411787142  0.94720539949939342  0.94758873934869470
  0.94798621447704245  0.94846267025815334  0.94906577721219698  0.94967138614218460
  0.95026582735389997  0.95083362575944619  0.95143593819866579  0.95201664252795160
  0.95253029003004674  0.95305424605395039  0.95358982905275924  0.95407935904333341
  0.95454305140832729  0.95500923621898248  0.95545770967226418  0.95584771455454864
  0.95621982814824957  0.95662649988793913  0.95703543515247735  0.95735962736983526
  0.95762506968599037  0.95788713168107009  0.95816171258742866  0.95843264844100295
  0.95872525486300031  0.95901013558418580  0.95926146829130909  0.95950430537383280
  0.95972459083741646  0.95996522855539068  0.96025167442447268  0.96047236807084901
  0.96068445135463165  0.96091347599239740  0.96119573842391604  0.96141670164755288
  0.96160040494675902  0.96174513964812502  0.96190618088800317  0.96206441772819795
  0.96217417876475009  0.96227368374433364  0.96236586204833052  0.96250792251250727
  0.96267161431135206  0.96277486784605482  0.96288874025683968  0.96301255669032493
  0.96318699016105780  0.96339393888226854  0.96358929368151069  0.96376548924917571
  0.96394050975113654  0.96409504118577116  0.96423371135144398  0.96437513239772588
  0.96452829009245455  0.96471333438792406  0.96492213821098971  0.96513541049462515
  0.96534156848296959  0.96553744758960458  0.96572562190335431  0.96590583541539943
  0.96607701128222712  0.96624594069067671  0.96641574586747991  0.96659413796273586
  0.96677734386248493  0.96699626724484888  0.96720861237218536  0.96740556191825477
  0.96758892763459792  0.96778181972496036  0.96798417609670862  0.96819568698915959
  0.96840553387663419  0.96858712781091394  0.96873459137040407  1.00000000000000000
  0.02831959111969740  0.03506009131541422  0.03692702842479442  0.03824256892231021
  0.03933757982150114  0.04020195206448137  0.04090776914352209  0.04153878424708851
  0.04209494994448016  0.04254703119552823  0.04294075067554771  0.04337397309550699
  0.04380295087456126  0.04413451664838326  0.04457009622110294  0.04510643292526464
  0.04562550571596541  0.04612514665191320  0.04660451448930999  0.04704016665525714
  0.04742166233099664  0.04777627827313079  0.04818363093248636  0.04861221805297657
  0.04907233265748752  0.04953431343985460  0.05007879065455288  0.05070910146577404
  0.05127382416124866  0.05178496891969131  0.05221986925893869  0.05267012534940105
  0.05315525074161147  0.05364888699632920  0.05412585701906176  0.05457320991678422
  0.05498736046155949  0.05535279303652745  0.05577150961861005  0.05618306313027854
  0.05660275781908836  0.05703733482524366  0.05756180427202569  0.05808385293544820
  0.05861302518116238  0.05913449607108302  0.05968189090194973  0.06023352868771076
  0.06077155809910311  0.06125709569893915  0.06176683032289997  0.06225638786786238
  0.06272281795714649  0.06324315009452597  0.06374681631476672  0.06423823702627413
  0.06483052385243511  0.06550328582667454  0.06626227979994508  0.06712083060937812
  0.06804107823888612  0.06894413775313303  0.06970036452710550  0.07035817287467529
  0.07095470315258305  0.07157885995506101  0.07239775830735616  0.07334489867772800
  0.07439598788143116  0.07544290114422841  0.07642274950099770  0.07735084369363351
  0.07828680741985748  0.07931168815920797  0.08072817866409811  0.08221287397354905
  0.08404254828583467  0.08634799556355008  0.08883290673757768  0.09051571533781942
  0.09195285865905424  0.09329375004644577  0.09446662895921204  0.09577410992796863
  0.09807511855524657  0.10102511829345019  0.10430530273962564  0.10775752763688437
  0.11146769485112866  0.11611215371266700  0.12143453135954760  0.12995221085461048
  0.14189892705881518  0.17002849326889669  0.84516465051238321  1.00000000000000000
  0.02623515068684221  0.04416942164365055  0.04882022644991103  0.05204379227913448
  0.05443070566582905  0.05591959380618143  0.05734757859244691  0.05829601149115358
  0.05925056263834266  0.06025304312223801  0.06153015631551380  0.06269811012554796
  0.06390843035250071  0.06524211683073360  0.06659419343296276  0.06783743584506857
  0.06894890291970381  0.07000126874213719  0.07107555321075566  0.07226964020876644
  0.07374765833684906  0.07519175439866269  0.07655379302245187  0.07784289295856134
  0.07917332635866101  0.08042617900499073  0.08149017868524384  0.08255431401202747
  0.08365186025569134  0.08467305149765031  0.08579518243460690  0.08697630626293112
  0.08791949001838519  0.08884333522462863  0.08977973546832345  0.09083978446789638
  0.09207528892246840  0.09314211442055585  0.09396696418690662  0.09477246297835151
  0.09587430608236427  0.09699954694037370  0.09806073007960517  0.09914162607176563
  0.10025839154998940  0.10144164218178217  0.10273894240566862  0.10408101670330806
  0.10540312306905990  0.10667470558538615  0.10801505047651512  0.10963627509803858
  0.11225110850582187  0.11496870348535891  0.11760803476222473  0.12012721996106701
  0.12326772700950513  0.12654067427715049  0.13003291707533177  0.13331286786305260
  0.13585984335741005  0.13787149646272648  0.13963072194821896  0.14132790040683252
  0.14318750697655974  0.14536687678376115  0.14782388605947738  0.15025612017320358
  0.15262312714903059  0.15469570679864342  0.15645597562540869  0.15850680915415855
  0.16145114205040606  0.16512036110958903  0.16919077691132722  0.17281073330987867
  0.17655791906429769  0.18100615040359061  0.18567533218453239  0.19088483047967786
  0.19443507551713035  0.19802778379498936  0.20178617254357492  0.20663827384050701
  0.21322745398138190  0.22344477941778937  0.24009758236314938  0.25189616975398416
  0.25773738278020586  0.26378549503460375  0.27351488269792040  0.28701765260795337
  0.29716778052813447  0.30481192195075724  0.33346385393564204  1.00000000000000000
 -0.00291239539666101  0.01273938578679919  0.02246439439549413  0.02896591201336212
  0.03748663988976414  0.04579109872282190  0.05273097684581492  0.05845029436998361
  0.06453163492640875  0.07509388961513348  0.08897769641334140  0.10288411772921947
  0.11510509788378834  0.12627208125162526  0.13591673119784495  0.14242211861461238
  0.14870320576017143  0.15649271677117588  0.16336235114261227  0.17152844814423979
  0.18214071976516685  0.19793178663038005  0.21021364759827557  0.22042072468749777
  0.22875859015682373  0.23698869063546379  0.24506579228953904  0.25529476750700769
  0.27060284233688708  0.28722577321262427  0.30014641829601407  0.31017033466034483
  0.31850118007699224  0.32792141867312247  0.33989674089006516  0.35452978603495905
  0.37010951716029861  0.38265653365221275  0.39165555773074756  0.39818993803299985
  0.40516875941670860  0.41295740262046537  0.42119920780960907  0.42919448149833878
  0.44054013164385453  0.45171589148229485  0.46034462754343869  0.46838267194585387
  0.47704950912504279  0.48590901094027461  0.49477798920500365  0.50454217027534487
  0.51610539557710100  0.52648733971137085  0.53311229738487875  0.53872867624265386
  0.54670000121870954  0.55694293663499383  0.56961322618449128  0.58130976053805150
  0.59240768364665752  0.60155693629154094  0.61024058356844124  0.61882549635938389
  0.62665926957529283  0.63436226359825587  0.64271504502826671  0.65057238470374890
  0.66325349696572278  0.67699343291938929  0.69145114028340038  0.69883670699149536
  0.70717408545757510  0.71591616526923496  0.72557545023588377  0.73509890056621940
  0.74300275303048469  0.75016142541740927  0.75732506086914797  0.76507903108038855
  0.77400415930499589  0.78454001376015070  0.79712175072911007  0.81062907059534794
  0.82389675183242095  0.83677871493945033  0.84919395560048527  0.86223234346661026
  0.87495958377912808  0.88867455102366033  0.90603647772109130  0.92404369037696188
  0.94097686591480056  0.96047245270444837  0.98089180332047743  1.00000000000000000
 -0.00333074554966107  0.01205889430045109  0.02524974619781201  0.03940131698332343
  0.05196713800618274  0.06146558528788794  0.07106220396695243  0.07917877228219608
  0.08632508866358887  0.09291200178196279  0.09988169335929831  0.10922719125191592
  0.12068665228648862  0.12953645865945917  0.13871081444671157  0.15061810389402619
  0.16497289627972872  0.18082296627394182  0.19941400967177483  0.21671968809080813
  0.23180403869462382  0.24311117410900790  0.25325378513230962  0.26355226868533177
  0.27361173661381516  0.28323395142546082  0.29199538093525745  0.30179612591204907
  0.31347788290738104  0.32615319138978588  0.33571329187205390  0.34395315095648532
  0.35225970150364827  0.35987726854000474  0.36725403640866161  0.37502721598729549
  0.38330349782205936  0.39227555950202003  0.40217271949037525  0.41162402608855198
  0.42091620336434332  0.42965802119278163  0.43785169003090896  0.44651605653192955
  0.45423550185348299  0.46233340578080351  0.47094326649238683  0.47943904819772348
  0.48627067549191333  0.49296783251414555  0.50061133540610381  0.51087653155980661
  0.52515143037132028  0.53883426453641692  0.55085568671091878  0.56004645509721718
  0.56523426855679382  0.57147559858551822  0.57795324957463656  0.58611386853066039
  0.59574786049790407  0.60404063544411235  0.61279059585821960  0.62300786461307944
  0.63455705443131682  0.64660311133739690  0.65725975764089017  0.66724194883250332
  0.67737585935893330  0.68713013589530447  0.69689258677117683  0.70730195663238238
  0.71819996418555176  0.72921228629691726  0.74106491203455627  0.75322104354789565
  0.76800118564816411  0.78145588569845570  0.79334555678445362  0.80745276159012602
  0.82313243066139208  0.83704323147132553  0.85019023128583615  0.86274748690275582
  0.87480528848570771  0.88701063569087613  0.89967807801963307  0.90943657716560244
  0.92193439217649342  0.92988245156463378  0.93620272265920457  0.94271890571187322
  0.95130124709892139  0.96372753127589528  0.98010464228669592  1.00000000000000000
 -0.00265212351362543  0.00668431972990956  0.01653758906989387  0.02596391256547293
  0.03402495330100525  0.04084972355243463  0.04601833744344614  0.05145210350713189
  0.05936931043771319  0.07017020311777179  0.08418338669024550  0.09823367254358459
  0.11204696284499865  0.12481620651908758  0.13727422240385831  0.15083715581818147
  0.16498253415696665  0.17680394254051629  0.18599919023294834  0.19431203545400549
  0.20388593639205393  0.21685485421552086  0.23222230554742365  0.24648351754617348
  0.25912616303249814  0.26716650398577219  0.27416535300866340  0.28096867569101319
  0.28915698539895812  0.29979384253227226  0.31167122772302103  0.32461379001677881
  0.33691024013894982  0.34790463874252364  0.36197020572102728  0.37551213265468592
  0.39236671280160490  0.40765492553861904  0.42131875496914267  0.43209717624103505
  0.44184173251254460  0.45113983502459049  0.46140357838765134  0.47208341591106445
  0.48158033671634604  0.49250278577827855  0.50395135052951234  0.51538359405533740
  0.52498242956990770  0.53285640392165179  0.54091879379009233  0.55047063915704009
  0.56289401491040558  0.57654804711205676  0.59174941744115250  0.60831154181361591
  0.62594405728752311  0.64057422886859494  0.64761691754343764  0.65262782284549536
  0.65913372780765711  0.66794811438924129  0.67848117825775833  0.68740363600096666
  0.69716181328413929  0.70904045592053810  0.72361216386222993  0.74110084423989819
  0.76408402717817536  0.77734728466149350  0.78797425208964411  0.79655094920952851
  0.80476110911846155  0.81416763486825849  0.82446303026531820  0.83396167489772099
  0.84119123574321175  0.84935480747233849  0.85711931443113432  0.86524044792501165
  0.87342520395817058  0.88152280104813296  0.88937686473336175  0.89704763107289298
  0.90470372086552309  0.91112008496793939  0.92074416518843216  0.93076862762883739
  0.94264692800616967  0.95275499605785074  0.95931067222248168  0.96608482041706212
  0.97396242795516486  0.98131779333862790  0.98819083905987848  1.00000000000000000
 -0.00257763412169624  0.01127793309683770  0.01888140990144669  0.02595741145934065
  0.03284764788487882  0.04084571057468174  0.04979195058935250  0.05842768505056581
  0.06869428075168638  0.07985284516204230  0.09282715965472887  0.10671040108845053
  0.12191901463855606  0.13616043053732876  0.14988734820477903  0.16258042160503486
  0.17374031650460606  0.18535790867906077  0.19759872985967813  0.20737743579467932
  0.21494220673229114  0.22604467018795138  0.23833742595909851  0.24881818216725965
  0.25733800381998406  0.26622375972424550  0.27611139152227399  0.28621710709785186
  0.29842097542558693  0.30904589116924303  0.31702097603590951  0.32493268684637483
  0.33547469388908430  0.34791683109260679  0.36020058832238266  0.37086596019018270
  0.38060476753568095  0.39049928335849599  0.40052808309457993  0.41007100820889902
  0.42216586382133980  0.43485250239400070  0.44564824802864306  0.45588421567701060
  0.46642839123091140  0.47679924575366744  0.48515594708159931  0.49319061330823977
  0.50110195831914772  0.51056648968784979  0.52161172420864388  0.53108107190646947
  0.53750284247182822  0.54357493631377007  0.54876165449158631  0.55439391955162087
  0.56387478880579800  0.57719385901345321  0.58956768296365314  0.59938004067580453
  0.60855248166684928  0.61843604313507039  0.62951279511223079  0.64176805894704447
  0.65414721716609037  0.66586358994939931  0.67844943715721706  0.69334845780473153
  0.70665544038813422  0.71924249558339115  0.73094765546097917  0.74148198227848372
  0.75352489085330565  0.76557563252658978  0.77788999576735252  0.79043619287085742
  0.80194055622743565  0.81316275160618989  0.82240766281198385  0.83063806130608864
  0.83758125561342955  0.84535405290987597  0.85559859840945729  0.86657927539583546
  0.88126977438197418  0.89619543462733808  0.90824933102304739  0.91770069599695958
  0.92514365231508777  0.93113465471351342  0.93741439631798495  0.94675451594996574
  0.95544825952072110  0.96459158643326470  0.97516657469061396  1.00000000000000000
 -0.00402830104076429  0.01041581234274410  0.02338025136722438  0.03620199076490595
  0.05096871749157830  0.06465613964491446  0.07707821205457149  0.08796088014036231
  0.09884170393432604  0.11250386752904168  0.12838893737758561  0.14117071235385187
  0.15513787710488125  0.16534157950493453  0.17353201533861670  0.18119623909337507
  0.18932073232359034  0.19776161118741514  0.20812077843956200  0.21949770100191146
  0.22814456004602818  0.23783924693593192  0.24887706566125453  0.26104980111671011
  0.27128943127200611  0.28378462736915805  0.29561221979870678  0.30696206708372648
  0.31737921883595338  0.32794765409026494  0.33917261880499927  0.35070635154614860
  0.36172691061127960  0.37564187859382203  0.39097347552522077  0.40645183447981414
  0.41904610623401334  0.42918281675051356  0.43823869399080068  0.44761736818073783
  0.45736707225012374  0.46842431066590079  0.48131505466021635  0.49272767543982005
  0.50387551543288667  0.51393576366105154  0.52279282634478530  0.53113311901136229
  0.53989053325278713  0.54907512904635747  0.56070947506604085  0.57258602410769766
  0.58309335415224151  0.59390195166047566  0.60435457487319222  0.61446593345238754
  0.62374576135164184  0.63268892685483757  0.64280270602735345  0.65072938364695521
  0.65771491330934351  0.66536151898321605  0.67533241508523512  0.68725045924669048
  0.69815207675305602  0.70793666458801352  0.71758262723758115  0.72647700232690582
  0.73665737327377190  0.74724494136136177  0.75732425842183360  0.76701491356702711
  0.77719804889004029  0.78987307984747879  0.80352093776976174  0.81366561260532366
  0.82144356320832035  0.82909731084763183  0.83993996131426019  0.85278869364668763
  0.86692407413592354  0.87981091755880247  0.89162815927407602  0.90361139294575799
  0.91452517892250584  0.92352332563379014  0.93179020569952675  0.93877935829507508
  0.94385154839286622  0.95212305955355714  0.96232119363888924  0.97109220986090650
  0.97783609943537331  0.98397364371643470  0.99119822279313297  1.00000000000000000
 -0.00116522721809713  0.00614401375499453  0.01422027416983796  0.02370832012774450
  0.03465327892400206  0.04626544376607773  0.05744707260052359  0.06816735281807261
  0.07996667555992409  0.09190720525134052  0.10394636011368835  0.11511555945820161
  0.12580337244121623  0.13737959173265046  0.14773824897812254  0.15567912177330548
  0.16272720775228780  0.16913397310493039  0.17503562049735388  0.18130635098800554
  0.18811819902897159  0.19689390740573731  0.20657100393673714  0.21998147662107059
  0.23218479854189136  0.24182163303022142  0.25042099439417059  0.25852237159652364
  0.26721191491791235  0.27662994727910667  0.28526849125909354  0.29268687898651780
  0.29911189055204745  0.30663108673893230  0.31559922518585204  0.32560130684003075
  0.33462856946262087  0.34588247943861677  0.35898847628699010  0.37190279569190082
  0.38426725074071244  0.39616464979039528  0.40830917542044864  0.42100035559861798
  0.43366371673721599  0.44598254305038093  0.45837023120861486  0.47090569286199779
  0.48286206959621902  0.49315497663127811  0.50228990949082108  0.51079333507833968
  0.51951111363222890  0.52725477121024411  0.53425718277423517  0.54223963914681295
  0.55081559869904106  0.56074370768631310  0.57096329353399333  0.58058567539443839
  0.59257836744863868  0.60646689146797572  0.61965837653683209  0.63100818167522221
  0.64057878209680164  0.65287732128865761  0.66544908473408793  0.67877726261829885
  0.69339224294653989  0.70925065906463836  0.72367172554898496  0.73733863532397415
  0.75173311231447404  0.76544798647769730  0.77729800990112718  0.78746992093082513
  0.79874582987670939  0.80989475529515609  0.81940665617295172  0.82807938387749991
  0.83840538931329489  0.85079781669725907  0.86276548657865015  0.87269206455438308
  0.88110797752611714  0.88843308412808308  0.89512012796390916  0.90474681913938482
  0.91388205646372200  0.92519695528883872  0.93816901573551070  0.95015678809677573
  0.96188730932324507  0.97399549841618438  0.98677475323863406  1.00000000000000000
 -0.00306547797566367  0.01361019495720714  0.02422410462223267  0.03337706593237436
  0.04038898793209377  0.04725171508348891  0.05539897871290362  0.06557457006428620
  0.07625994756106889  0.08625674537157089  0.09568365716457027  0.10505763350548727
  0.11461840050349251  0.12439776708291987  0.13257678235462447  0.14043112413344516
  0.14945493964935208  0.16167139198721614  0.17815938520620273  0.19266603247122144
  0.19887738169889779  0.20532700251894406  0.21303217556439355  0.22089927064209205
  0.22847335650640824  0.23900137939326943  0.25407323444640306  0.27144110567544039
  0.28391933465420710  0.29302723005278758  0.30074123739741426  0.30806079943337383
  0.31545176424394678  0.32728431148543946  0.33848515075493368  0.34997971904816122
  0.36136547636958188  0.37343420528739102  0.38569603943865016  0.39899023117636478
  0.41371145642526891  0.42729527687464375  0.43833319772763119  0.44737861272276547
  0.45673471459792547  0.46732062833023663  0.47883516373605178  0.49116935934250527
  0.50213937956643284  0.51153699075949433  0.52057622792807823  0.53106620094541757
  0.54528227121379846  0.56386486981072070  0.58057887486033177  0.59350234099276766
  0.60300602799210512  0.61114539097563336  0.62018303817723786  0.62818990254097262
  0.63710163665470709  0.64531253213637862  0.65479975243386190  0.66301369024966150
  0.67564999727685693  0.69021803370408052  0.70237522991291623  0.71572035134824186
  0.72763339835032370  0.73711178073825501  0.74481113159559387  0.75254865034595475
  0.76285166256690284  0.77754818498723532  0.79489974412605335  0.81039924998962631
  0.82020058515560401  0.82811444533912604  0.83603040932180428  0.84471664090493148
  0.85187863265598163  0.85748519049247562  0.86450973281551213  0.87284285113265581
  0.88436187538948974  0.89800815015175572  0.90957807282140635  0.92288102094582580
  0.93393443992698577  0.94339633892189068  0.95271452325542416  0.96146419484155610
  0.97006898454672019  0.97967210960966244  0.98941676202472473  1.00000000000000000
 -0.00217615026677199  0.00599662084719665  0.01388961874953712  0.02247281485629331
  0.03262731780947891  0.04181652124776088  0.05131315188923449  0.06499145529976770
  0.08191111757778229  0.09754288009775355  0.11072963047889137  0.12280256272787859
  0.13282700282475055  0.14085716350566629  0.14703007311564656  0.15312384252760025
  0.16076645972358100  0.16837196822917852  0.17552133620020521  0.18541057299353098
  0.19374196704017871  0.19922216781659863  0.20419161966831395  0.20884019365838127
  0.21382512678934495  0.22422061796184184  0.23151508809024351  0.23974758161515458
  0.24916442612016904  0.25881047777609290  0.26600397300683210  0.27288471095393185
  0.28388608186456971  0.29534577329202449  0.30688472206717360  0.31802937785812402
  0.32818639679600159  0.33828146185827723  0.34887908210276591  0.35951750019971968
  0.36992469635281316  0.38175333434252939  0.39509717568041680  0.40392707387144533
  0.41027270021626261  0.41664047636743268  0.42514876414852404  0.43915452630637836
  0.44945053305183147  0.46090111358100144  0.47351364989277356  0.48630576533939002
  0.49822280055833112  0.50842073044841707  0.51707373023507097  0.52542107899678281
  0.53402912172105499  0.54194718448281265  0.55121690177416038  0.56322576739121621
  0.57995509895596187  0.59519463184054300  0.60807864453245164  0.62062217198762404
  0.63316937055563238  0.64673924460940202  0.66084702956104746  0.67286526292357973
  0.68193368079206462  0.69005720226916112  0.69903909657365970  0.70804469502747036
  0.71707588209617268  0.72653926434891736  0.73705102842651615  0.74936575667122951
  0.76427713730255309  0.77962484268284293  0.79433382757318372  0.80783334727762091
  0.82055494503932447  0.83288176843323880  0.84443422878242902  0.85585790902361647
  0.86841267561867219  0.88101832526409296  0.89241895066353016  0.90260112147733362
  0.91172072065228216  0.92029301204338665  0.92831739129270585  0.94067708922539184
  0.95471377926128986  0.96754304375898204  0.98338676601314345  1.00000000000000000
 -0.00566820703468161  0.01597757821958677  0.03481254039119638  0.05073723771518660
  0.06374034365441694  0.07463507864491259  0.08403541137946825  0.09258570639535213
  0.10220341433433923  0.11405748650264627  0.12707182057330380  0.14031131626453533
  0.15441713376625787  0.16973149428082951  0.18459090506294204  0.19816952080897213
  0.21115342155722483  0.22155807903916866  0.23106743276718905  0.23844262826656459
  0.24624392070807435  0.25465284821130496  0.26176303211964347  0.26789237175683622
  0.27344890115652937  0.27930066912292584  0.28690201401671350  0.29533017431220460
  0.30523334468056423  0.31728793440960745  0.33066228149114646  0.34647500455128055
  0.36130564027240819  0.37385207953047167  0.38651961113362987  0.40067478749879765
  0.41725775258824765  0.43273433757884311  0.44657568607508352  0.45908509629387712
  0.47151373784401773  0.48397970800807688  0.49789743838689354  0.51258684231150853
  0.52615683185131690  0.53783890045144811  0.54739442504330360  0.55596578306824118
  0.56410365165240939  0.57124014496538555  0.57903145973873804  0.58517971504220367
  0.59006226479569823  0.59609436712719743  0.60220500312975667  0.61297874540261443
  0.62542022129094577  0.63579265538757634  0.64587314833911402  0.65915129020089214
  0.67108379638232629  0.68016775452116462  0.68798044951218273  0.69616520320974540
  0.70576464599168087  0.71960145239420792  0.73094696502638912  0.74157544169514988
  0.75413161317663879  0.76628976095004364  0.77531540768599982  0.78325218568284005
  0.79148131238286745  0.80069389999959306  0.81556028986565177  0.83264981865624443
  0.84765141845732628  0.86052115569031196  0.87163543799800680  0.88163213812739172
  0.89088155431040472  0.89755878344094242  0.90396315320852183  0.91206008989846177
  0.92052844650309607  0.93001620247030048  0.93871128096451584  0.94512345779079732
  0.95172721509802793  0.95859849112340401  0.96344261218933003  0.97046996326092583
  0.97812710016047544  0.98566668697340498  0.99244823732414478  1.00000000000000000
 -0.00356320519232407  0.01366575811814138  0.02761785389150916  0.04204696423150255
  0.05857206043658390  0.07310236495582649  0.08592486355438544  0.09757124089442695
  0.10775293298745744  0.11731380504661879  0.12807954004013591  0.13852813879967377
  0.14982208822040335  0.16281964471837679  0.17405051592403037  0.18539765578142156
  0.19815661730833301  0.21031481342158201  0.22179392017918709  0.23454731266609236
  0.24568306431498077  0.25329865558005793  0.26036985037376986  0.26956322146696687
  0.28037108274339806  0.29400994767805694  0.30948307846383072  0.32510678876035304
  0.34009846529923793  0.35114278580250469  0.36308525928967811  0.37383644693134049
  0.38312753995240934  0.39000733950321675  0.39785425705453903  0.40780955145724079
  0.41942037241977687  0.43184960038649056  0.44498741597276031  0.45790762118994227
  0.46793346915523909  0.47704120598275818  0.48624011068970380  0.49665723762691449
  0.50692640604655004  0.51676574215948501  0.52585475463355758  0.53527778592910547
  0.54443642718958518  0.55307474971818660  0.56093141322152484  0.56930194902866538
  0.58061112268771997  0.59172933220091162  0.60176514345390664  0.61184855448417874
  0.62219479939467492  0.63350669513658409  0.64572007929795039  0.65500500487383873
  0.66780042382019611  0.68127371816823767  0.69175777818668716  0.70183168575793542
  0.71264291784852796  0.72383011889552995  0.73444965505680049  0.74453345617190847
  0.75441245811643010  0.76650268534546306  0.77774903803410800  0.78837058438659346
  0.79822929860838832  0.80637251812824762  0.81435560077748936  0.82334718699648501
  0.83315892953382409  0.84318070293678926  0.85130330240938301  0.85719039186225321
  0.86326590973072237  0.87099333172714055  0.88052612131423502  0.89065386826692261
  0.89930436629457422  0.90801299970481331  0.91637782935590195  0.92671645573657979
  0.93752680397390664  0.94603615925631290  0.95405093044385691  0.96267895768912282
  0.97248080811957793  0.98089378789403159  0.98861624623618638  1.00000000000000000
 -0.00014416157885681  0.00858324703810214  0.01297130582857349  0.01879023530888701
  0.02513444951530797  0.03220154255524844  0.03994464839243338  0.04824888940161035
  0.05718541265292047  0.06642608322880632  0.07604187093137010  0.08451960403508704
  0.09158371644926476  0.09886737990963212  0.10657611244255115  0.11374458404989386
  0.12306172503104262  0.13105757575005367  0.13938057822911998  0.14775219642294332
  0.15518766091560837  0.16115335730021230  0.16900141735905919  0.17922335823796484
  0.19086714807409791  0.20309598930547854  0.21359639168562689  0.22310917013366147
  0.23136351186523732  0.23692924108905614  0.24200008975165133  0.24820907846189819
  0.25684671986825663  0.26853154545964864  0.27904719343300188  0.28952955129434882
  0.29847073608813574  0.30742513901680329  0.31646785999253718  0.32621604942320459
  0.33701108842512184  0.34767853190775677  0.36103618285120798  0.37732842015959589
  0.39143561796536469  0.40307717025797635  0.41507453910211284  0.42950751308205348
  0.44440808614949467  0.45799478729604776  0.47052269936122371  0.48418070730829699
  0.49821341608958147  0.51523316060434177  0.53082230159353061  0.54484971236106738
  0.55759692537355543  0.56938026740550352  0.58075131181630846  0.58972307650044575
  0.59918580883942241  0.61358995449831155  0.62958782344488418  0.64633159330212997
  0.66127900899047032  0.67609324935060455  0.69081718769137423  0.70293174392008373
  0.71314148495905116  0.72233043649420758  0.73175445505455050  0.74104256200467034
  0.74978959578494742  0.75889914934252911  0.76842489056709928  0.77859381298851904
  0.78932374172198683  0.79906093211064921  0.80809965038709275  0.81804376670643120
  0.82748326618418944  0.83620286264548560  0.84608099242509804  0.85800399461043642
  0.87278907146095053  0.88614454914095431  0.89641285919870484  0.90467802515242801
  0.91288331703976555  0.92172708043634044  0.93045157694212111  0.93949948505622061
  0.95043921417292787  0.96377743269215010  0.98008711771849888  1.00000000000000000
 -0.00498439524856569  0.01908320371868350  0.03633067390700072  0.05004000023016497
  0.06121947985120381  0.07295377156666689  0.08677421811379621  0.09799525903692571
  0.10518741238821319  0.11319074761292318  0.12188547747196117  0.13207039689486341
  0.14254631024671616  0.15351324196807950  0.16628597071293005  0.17518540485663575
  0.18404970723537328  0.19613349130185762  0.20858045624562599  0.21874247960120768
  0.22836381953580775  0.23992104895541883  0.25101250641442530  0.26225379107102831
  0.27362948482874844  0.28326880630418966  0.29381373634354713  0.30412890089031902
  0.31439956669185454  0.32574307044595413  0.33850766591753312  0.35213599922337063
  0.36142225905250214  0.37064121208913758  0.37835144577907592  0.38496169505817851
  0.39248006753442960  0.40244109510349496  0.41361837641676491  0.42288423731469288
  0.43380346034272760  0.44608800634420137  0.45868634116858975  0.46970186325618740
  0.48022667298308452  0.49180283811669956  0.50236322317874926  0.51278071803763159
  0.52309992532003546  0.53418508724371305  0.54553206304621837  0.55751972958725782
  0.57057874908965744  0.58258448500207838  0.59175378894899777  0.59978567259432891
  0.60840504332897460  0.61718372066783500  0.62590014283204742  0.63463845073833836
  0.64268874614220362  0.65503974837847234  0.67244059950267798  0.68772868758526140
  0.70161035633086211  0.71420781341873196  0.72508315570087689  0.73623404421876182
  0.74605766926353956  0.75513433018143672  0.76390515023834904  0.77394722467058552
  0.78660773013604213  0.79895613600033366  0.81148188772006435  0.82250187382110107
  0.83636927612886613  0.84677286069856661  0.85684300175364703  0.86658672136254133
  0.87623487466400785  0.88596085728512119  0.89592906893133006  0.90725132291890542
  0.91633115569392043  0.92150967950962626  0.92700597882571834  0.93358116116531098
  0.94329603738847290  0.95251518472483365  0.96053734727623019  0.96828524488329448
  0.97483126512834239  0.98196471775920624  0.99114175795920312  1.00000000000000000
 -0.06212808119006395  0.52180822803782045  0.59019686431811558  0.61496260202697295
  0.63211557822248921  0.64774074978699592  0.65869793824947653  0.66655217691490842
  0.67289097580183233  0.68089635103110280  0.69064698575837402  0.69993701911028627
  0.70784541309278859  0.71406480858336618  0.71956494481652533  0.72485628130698032
  0.72964297932481803  0.73453823373370364  0.73818847697150480  0.74155866558979511
  0.74551298886605710  0.74929340077336326  0.75381706653422620  0.75718105358243770
  0.76028916188047635  0.76328866264541717  0.76582235486027406  0.76899793233609093
  0.77184334047406877  0.77469623416380029  0.77707809448154275  0.77909628105812023
  0.78130617405218872  0.78331245527133497  0.78587584442282243  0.78867761976629513
  0.79158557725005296  0.79527526521325476  0.79943850201540601  0.80296653298626475
  0.80634024818954508  0.80979365301993778  0.81356402964809749  0.81701838699382667
  0.81910587551441538  0.82053816444523753  0.82193037223158816  0.82318300963342561
  0.82484866949893199  0.82680845421005800  0.82868826636070847  0.83019480247225808
  0.83192578736151990  0.83404569304902754  0.83645782113046907  0.83880729735287574
  0.84103501830802074  0.84333490537093092  0.84599306274065011  0.84849784991150790
  0.85091567841170224  0.85333682936030342  0.85561845041773787  0.85777313830181157
  0.85994064014230953  0.86232187787018089  0.86486517348641168  0.86740182346846428
  0.86971388587928722  0.87191612273734187  0.87408025605034301  0.87643256386722768
  0.87934295927713990  0.88211905386753342  0.88449558671454909  0.88663319318815992
  0.88857614661756734  0.89046461957745837  0.89251530174218641  0.89490270345926826
  0.89891793580290180  0.90289906318517998  0.90641851399853690  0.91055121023799557
  0.91524590011857643  0.91943857605387092  0.92287793543391505  0.92567372934971981
  0.92819019819872217  0.93054413017060644  0.93289433749888639  0.93597310993232841
  0.93934102136712505  0.94602650294784008  0.95803008719657157  1.00000000000000000
 -0.02463429738801449  0.10345464193386347  0.16767161838146838  0.19868380918587064
  0.22179464762927995  0.23681311370510377  0.25168430718084200  0.26934318909687910
  0.28331835434853747  0.29721582041768801  0.31573673988177337  0.33258674012620781
  0.34234367454509596  0.35079692676778129  0.35933849055180589  0.36757463119174033
  0.37668046888528584  0.38673210628905669  0.39738967307501544  0.40775328935458105
  0.41671201283546616  0.42394215938668267  0.42999194147560726  0.43635491621169248
  0.44338570000829358  0.45197289895612169  0.46022887051939942  0.46778406138786505
  0.47534966217383390  0.48251311101083244  0.48901849869600161  0.49377166100114678
  0.49752158262608659  0.50103823516706714  0.50479441276340753  0.50903236767710747
  0.51288372907501711  0.51662964474652207  0.52117795087482754  0.52535834004691617
  0.53106535556171786  0.53720486111246901  0.54345274770437657  0.54952598563710464
  0.55516979948232781  0.56012467507063524  0.56445901278677457  0.56834651588644047
  0.57197027406756129  0.57559260707209337  0.57941594235823735  0.58351525974590157
  0.58784111122820137  0.59309087554130047  0.59897838987836316  0.60555164764978087
  0.61116766202020778  0.61674273246643363  0.62085952324426186  0.62443189271923349
  0.62810796755564657  0.63218313732120346  0.63674362348830771  0.64155801369625720
  0.64689927141367543  0.65204747303710042  0.65741126303608266  0.66311799390179493
  0.66878295891209572  0.67443543258625238  0.67940546269727353  0.68409575618141394
  0.68974148961450743  0.69589175196897812  0.70323289353742657  0.71058866418549183
  0.71778747880685023  0.72470842486649134  0.73149778869420867  0.73789640566890091
  0.74213518163929171  0.74589293174295557  0.75008844852620948  0.75354862599017536
  0.75829610910382006  0.76417230753564636  0.77163245011888471  0.77960944241351926
  0.78932342417505708  0.80063557200356572  0.81363837404301864  0.82719401695378958
  0.84213714223979352  0.86373861320984668  0.90438851131286180  1.00000000000000000
   2.1157493865854873E-020  -1.0000000000000000     
 T F F F F F F F F F F F F F F F F F F F T F F F T F F F F F F F F F F F T F F F T F F F F F F F F F F F F F F F F F F F F F F F F F F F F F F F F F F F F F F F F F F F F F F F F F F F F F F F F F F F F F F F F F F F F F F F F F F F F F F F F F F F F F F F F F F F F F F F F F F F F F F F F F F F F F F F F F F F F F F F F F F F F F F F F F F F F F F F F F F F F F F F F F F F F F F F T F F F F F F F F F F F F F F F F F F F T F F F T F F F F F F F F F F F T F F F T F F F F F F F F F F F F F F F F F F F T F F F T F F F F F F F F F F F F F F F F F F F T F F F T F F F F F F F F F F F T F F F T F F F F F F F F F F F F F F F F F F F F F F F F F F F F F F F F F F F F F F F F F F F F F F F F F F F F F F F F F F F F F F F F F F F F F F F F F F F F F F F F F F F F F F F F F F F F F F F F F F F F F F F F F F F F F F F F F F F F F F F F F F F F F F F F F F F F F F F F F F F F F F F F F F F F F F F T F F F F F F F F F F F F F F F F F F F T F F F T F F F F F F F F F F F T F F F T F F F F F F F F F F F F F F F F F F F T F F F
  <DiscreteSampler_grid>
  grouped_processes
  1 # 1 for a reference and 2 for a running grid.
  10 # Attribute 'min_bin_probing_points' of the grid.
  1 # Attribute 'grid_mode' of the grid. 1=='default',2=='initialization'
  0.0000000000000000 # Attribute 'small_contrib_threshold' of the grid.
  0.5000000000000000 # Attribute 'damping_power' of the grid.
 # binID   n_entries weight   weight_sqr   abs_weight
    16   10   1.973241569741868E-018   1.334604889806764E-035   1.973241569741868E-018
    17   10   1.973241569742367E-018   1.334604889807641E-035   1.973241569742367E-018
    19   10   7.096307350624012E-019   1.737395416382861E-036   7.096307350624012E-019
    20   10   7.096307350624622E-019   1.737395416383276E-036   7.096307350624622E-019
    22   10   9.163945057950997E-019   2.593447064216236E-036   9.163945057950997E-019
    23   10   9.163945057951557E-019   2.593447064216459E-036   9.163945057951557E-019
    28   10   1.973241569741869E-018   1.334604889806765E-035   1.973241569741869E-018
    29   10   1.973241569742354E-018   1.334604889807621E-035   1.973241569742354E-018
    31   10   7.096307350624043E-019   1.737395416382883E-036   7.096307350624043E-019
    32   10   7.096307350624632E-019   1.737395416383283E-036   7.096307350624632E-019
    34   10   9.163945057951037E-019   2.593447064216258E-036   9.163945057951037E-019
    35   10   9.163945057951575E-019   2.593447064216471E-036   9.163945057951575E-019
    40   10   5.994505489994386E-018   2.198844084376539E-034   5.994505489994386E-018
    41   10   5.994505489994472E-018   2.198844084376575E-034   5.994505489994472E-018
    43   10   1.998320865648731E-018   2.119872194830886E-035   1.998320865648731E-018
    44   10   1.998320865648597E-018   2.119872194830582E-035   1.998320865648597E-018
    46   10   2.827210252354191E-018   3.908921814799859E-035   2.827210252354191E-018
    47   10   2.827210252354016E-018   3.908921814799345E-035   2.827210252354016E-018
    52   10   5.994505489994381E-018   2.198844084376531E-034   5.994505489994381E-018
    53   10   5.994505489994517E-018   2.198844084376610E-034   5.994505489994517E-018
    55   10   1.998320865648738E-018   2.119872194830900E-035   1.998320865648738E-018
    56   10   1.998320865648606E-018   2.119872194830611E-035   1.998320865648606E-018
    58   10   2.827210252354196E-018   3.908921814799866E-035   2.827210252354196E-018
    59   10   2.827210252354020E-018   3.908921814799362E-035   2.827210252354020E-018
    64   10   1.973241569741853E-018   1.334604889806738E-035   1.973241569741853E-018
    65   10   1.973241569742360E-018   1.334604889807642E-035   1.973241569742360E-018
    67   10   7.096307350624136E-019   1.737395416382930E-036   7.096307350624136E-019
    68   10   7.096307350624727E-019   1.737395416383331E-036   7.096307350624727E-019
    70   10   9.163945057951124E-019   2.593447064216309E-036   9.163945057951124E-019
    71   10   9.163945057951694E-019   2.593447064216529E-036   9.163945057951694E-019
    76   10   1.973241569741852E-018   1.334604889806736E-035   1.973241569741852E-018
    77   10   1.973241569742353E-018   1.334604889807633E-035   1.973241569742353E-018
    79   10   7.096307350624157E-019   1.737395416382946E-036   7.096307350624157E-019
    80   10   7.096307350624734E-019   1.737395416383335E-036   7.096307350624734E-019
    82   10   9.163945057951147E-019   2.593447064216328E-036   9.163945057951147E-019
    83   10   9.163945057951706E-019   2.593447064216535E-036   9.163945057951706E-019
    88   10   5.994505489994353E-018   2.198844084376535E-034   5.994505489994353E-018
    89   10   5.994505489994480E-018   2.198844084376561E-034   5.994505489994480E-018
    91   10   1.998320865648712E-018   2.119872194830870E-035   1.998320865648712E-018
    92   10   1.998320865648594E-018   2.119872194830565E-035   1.998320865648594E-018
    94   10   2.827210252354162E-018   3.908921814799813E-035   2.827210252354162E-018
    95   10   2.827210252354005E-018   3.908921814799298E-035   2.827210252354005E-018
    100   10   5.994505489994357E-018   2.198844084376536E-034   5.994505489994357E-018
    101   10   5.994505489994527E-018   2.198844084376597E-034   5.994505489994527E-018
    103   10   1.998320865648712E-018   2.119872194830864E-035   1.998320865648712E-018
    104   10   1.998320865648601E-018   2.119872194830583E-035   1.998320865648601E-018
    106   10   2.827210252354163E-018   3.908921814799817E-035   2.827210252354163E-018
    107   10   2.827210252354007E-018   3.908921814799298E-035   2.827210252354007E-018
    112   10   7.516801111195857E-018   3.001931749718508E-034   7.516801111195857E-018
    113   10   7.516801111195862E-018   3.001931749718512E-034   7.516801111195862E-018
    115   10   1.331671600080837E-018   7.120234153334082E-036   1.331671600080837E-018
    116   10   1.331671600080838E-018   7.120234153333869E-036   1.331671600080838E-018
    118   10   1.576569277186255E-018   7.978007215795529E-036   1.576569277186255E-018
    119   10   1.576569277186257E-018   7.978007215795330E-036   1.576569277186257E-018
    124   10   7.516801111195830E-018   3.001931749718503E-034   7.516801111195830E-018
    125   10   7.516801111195844E-018   3.001931749718520E-034   7.516801111195844E-018
    127   10   1.331671600080839E-018   7.120234153334062E-036   1.331671600080839E-018
    128   10   1.331671600080841E-018   7.120234153333911E-036   1.331671600080841E-018
    130   10   1.576569277186256E-018   7.978007215795504E-036   1.576569277186256E-018
    131   10   1.576569277186260E-018   7.978007215795369E-036   1.576569277186260E-018
    136   10   2.329304463639534E-018   2.254959562391668E-035   2.329304463639534E-018
    137   10   2.329304463639506E-018   2.254959562391589E-035   2.329304463639506E-018
    139   10   7.919335414920749E-019   2.010315468884946E-036   7.919335414920749E-019
    140   10   7.919335414919262E-019   2.010315468884254E-036   7.919335414919262E-019
    142   10   1.888922389362042E-018   1.384353562585561E-035   1.888922389362042E-018
    143   10   1.888922389361920E-018   1.384353562585474E-035   1.888922389361920E-018
    148   10   2.329304463639541E-018   2.254959562391664E-035   2.329304463639541E-018
    149   10   2.329304463639504E-018   2.254959562391589E-035   2.329304463639504E-018
    151   10   7.919335414920762E-019   2.010315468884956E-036   7.919335414920762E-019
    152   10   7.919335414919240E-019   2.010315468884242E-036   7.919335414919240E-019
    154   10   1.888922389362038E-018   1.384353562585552E-035   1.888922389362038E-018
    155   10   1.888922389361928E-018   1.384353562585499E-035   1.888922389361928E-018
    160   10   7.516801111195831E-018   3.001931749718504E-034   7.516801111195831E-018
    161   10   7.516801111195834E-018   3.001931749718512E-034   7.516801111195834E-018
    163   10   1.331671600080838E-018   7.120234153334094E-036   1.331671600080838E-018
    164   10   1.331671600080838E-018   7.120234153333884E-036   1.331671600080838E-018
    166   10   1.576569277186256E-018   7.978007215795541E-036   1.576569277186256E-018
    167   10   1.576569277186257E-018   7.978007215795343E-036   1.576569277186257E-018
    172   10   7.516801111195830E-018   3.001931749718503E-034   7.516801111195830E-018
    173   10   7.516801111195840E-018   3.001931749718516E-034   7.516801111195840E-018
    175   10   1.331671600080839E-018   7.120234153334079E-036   1.331671600080839E-018
    176   10   1.331671600080840E-018   7.120234153333907E-036   1.331671600080840E-018
    178   10   1.576569277186258E-018   7.978007215795534E-036   1.576569277186258E-018
    179   10   1.576569277186260E-018   7.978007215795375E-036   1.576569277186260E-018
    184   10   2.329304463639534E-018   2.254959562391656E-035   2.329304463639534E-018
    185   10   2.329304463639506E-018   2.254959562391592E-035   2.329304463639506E-018
    187   10   7.919335414920744E-019   2.010315468884944E-036   7.919335414920744E-019
    188   10   7.919335414919268E-019   2.010315468884257E-036   7.919335414919268E-019
    190   10   1.888922389362040E-018   1.384353562585557E-035   1.888922389362040E-018
    191   10   1.888922389361915E-018   1.384353562585463E-035   1.888922389361915E-018
    196   10   2.329304463639547E-018   2.254959562391671E-035   2.329304463639547E-018
    197   10   2.329304463639504E-018   2.254959562391587E-035   2.329304463639504E-018
    199   10   7.919335414920765E-019   2.010315468884956E-036   7.919335414920765E-019
    200   10   7.919335414919286E-019   2.010315468884262E-036   7.919335414919286E-019
    202   10   1.888922389362035E-018   1.384353562585546E-035   1.888922389362035E-018
    203   10   1.888922389361930E-018   1.384353562585497E-035   1.888922389361930E-018
  </DiscreteSampler_grid>
