  0.02390063054656733  0.03630053660688379  0.05108377322596914  0.06443023208086082
  0.07675436645998870  0.09079065787517686  0.10403377522534359  0.11605171879802699
  0.12747802337464087  0.13961359925374536  0.15218915030112395  0.16372846885055070
  0.17581674085179533  0.18808768159948469  0.19926615087200511  0.20720349171258270
  0.21541751880848850  0.22243250546490345  0.23048157104825800  0.23770171452535652
  0.24819947670170037  0.25820577121418115  0.26767526532170877  0.27535361058500046
  0.28288472602647341  0.29144795265493600  0.29900895822276657  0.30513895921211437
  0.31125142578057585  0.31897708325064866  0.32896791916735513  0.33887562772030033
  0.34709269026708855  0.35527574667260681  0.36630721100630992  0.37941385112648368
  0.39332174922280377  0.40858332593670932  0.42495072403870188  0.44020082325315618
  0.45255935360995786  0.46240715197019905  0.47070319621291340  0.47909368121132190
  0.48826883738014759  0.49759783209843378  0.50737083922379500  0.51768587751323103
  0.52800776418564077  0.53861312841418330  0.55009797492637347  0.56322663039767473
  0.57620931239684414  0.58774090897134312  0.59805185349399681  0.60700492501834247
  0.61299901605407459  0.61866649041793875  0.62567245949482619  0.63162683920243268
  0.63834238071947214  0.64622400256818058  0.65478437951318014  0.66479219939190504
  0.67716498612225728  0.69162341233414004  0.70469475605011456  0.71703237642981466
  0.72898632505638150  0.73916369043237418  0.74823657579721936  0.75766709320706260
  0.76831927556081292  0.78204467120118348  0.79584891750161146  0.80879695906069704
  0.81815143339766050  0.82535318689125881  0.83178153293357615  0.83757963697389759
  0.84279300779392063  0.84715115551440046  0.85240993066067994  0.85824545553200304
  0.86310905436804208  0.86978119763026551  0.88090474821799125  0.89280772112804918
  0.90382009381420603  0.91382547846150053  0.92566556144388712  0.93842605715739624
  0.95108983683857740  0.96380632500625774  0.97180561356938011  1.00000000000000000
 -0.00010026322160097  0.00087168007650568  0.00127792459713637  0.00167491674257015
  0.00206053913485572  0.00233745588765796  0.00278899871879368  0.00304253106887953
  0.00328234405401416  0.00356346965766895  0.00382010596708536  0.00408497858831563
  0.00436223585286603  0.00466565944122875  0.00502382349917024  0.00537842625515438
  0.00570401752070950  0.00601521237048169  0.00636753976750786  0.00671774501697005
  0.00706627981137727  0.00738632487810642  0.00771290101909528  0.00796983490879585
  0.00814697127176931  0.00829740431857235  0.00845048382446921  0.00862621141193504
  0.00878479686943574  0.00901650030307900  0.00926136555509589  0.00951714794287885
  0.00973306416731684  0.00995010473085699  0.01018309037288554  0.01044414528985513
  0.01069104211779020  0.01095955703436635  0.01122835197136367  0.01149776483471613
  0.01173014255141510  0.01191634128296422  0.01212084042751341  0.01232840005358213
  0.01257118928207198  0.01283520032646899  0.01304214063825774  0.01321670958222363
  0.01342116444349173  0.01363859944581578  0.01383770813025268  0.01399748073512562
  0.01414417362900188  0.01429825494707649  0.01445768256082796  0.01464548986360110
  0.01487794368655494  0.01511882633448462  0.01533841117455667  0.01555009525797004
  0.01571881978398961  0.01591864079307660  0.01614840416586337  0.01640853029567143
  0.01670372084609045  0.01692078877749080  0.01710870880744235  0.01727091196624443
  0.01744143748355789  0.01762251590963351  0.01783902619420506  0.01808781304292248
  0.01832344861670457  0.01856100389223544  0.01877440262676496  0.01899370629031474
  0.01923463876560702  0.01951086188397543  0.01983213921946547  0.02020444999665970
  0.02057538316980864  0.02091070473458743  0.02122716202404431  0.02152231884281626
  0.02180580107847235  0.02209015710652816  0.02239973991799508  0.02277219783098882
  0.02319261579214517  0.02362611960421606  0.02406081631606105  0.02452094673985744
  0.02503179878470144  0.02601548019305122  0.02731847800138340  1.00000000000000000
  0.02847586901071678  0.04038384346737855  0.05438822259403766  0.07023779105691710
  0.08751137878800205  0.09914740616972373  0.10656815565889929  0.11247789975703719
  0.11877289140358023  0.12500821036067136  0.12996486764471871  0.13725444278503987
  0.14521284369813883  0.15212993656648752  0.15947406490257901  0.16975297378227336
  0.17983262416765847  0.18869813344807634  0.19911240847189840  0.21096355864980992
  0.22569394802892798  0.23640149153371937  0.24689261187593650  0.25757388510945356
  0.26794280034997597  0.27918474005387600  0.29260590269176356  0.30665961403490150
  0.32038306925152921  0.33390078873802215  0.34554598337863041  0.35763991843341125
  0.37213007662546849  0.38400018025097166  0.39628334598958181  0.40640193872946595
  0.41501628175043570  0.42333995442820105  0.43324465439602544  0.44241492419804967
  0.44840010811758457  0.45473467839180143  0.46059810961504816  0.46673480417809732
  0.47130038213453029  0.47570893983919660  0.48325596499844831  0.49039902206464753
  0.49789501436813882  0.50457563286186391  0.51004006251734435  0.51653969106000008
  0.52637183222744410  0.53889082181092218  0.55067030418249940  0.56014568344075388
  0.56870700324131618  0.57646151731268525  0.58406627562684221  0.59332611224329335
  0.60336672414203552  0.61381219446029434  0.62517928452615867  0.63559329336188408
  0.64599061039793670  0.65504522065017756  0.66268704567002623  0.67086326523610573
  0.67960279445472127  0.69010512622083420  0.70123570226833154  0.71015215707249502
  0.71671001693448255  0.72309286222043878  0.73053554194382564  0.73962811444811238
  0.75325357592068476  0.77215276858512039  0.78935432653046123  0.80409399541430349
  0.81879660207943872  0.83438731439115643  0.84766270497812735  0.86086536244174516
  0.87224904745561083  0.88134192560286195  0.88942227766147874  0.89768462328502030
  0.90853239686714682  0.92261752992286483  0.93128684434637721  0.94134003668331678
  0.95346543573428055  0.96449037386715164  0.96938972780520538  1.00000000000000000
  0.02744260491913645  0.03054046960214963  0.03162685985495717  0.03216462938934808
  0.03264636170785287  0.03311683545872702  0.03352908019784153  0.03384115217592274
  0.03409484880789156  0.03432529041496617  0.03456659873877858  0.03482643562506314
  0.03507672695069074  0.03535364809959794  0.03569473570745568  0.03603027935201718
  0.03639451784599580  0.03674122613560101  0.03703702404516715  0.03736732650537646
  0.03767378972976746  0.03795615147172891  0.03825442765569283  0.03853818914043045
  0.03873610223574811  0.03889429476615462  0.03904709205387116  0.03925547118038489
  0.03949386319905095  0.03975244436919508  0.04003064705134754  0.04033251304978886
  0.04066153928183999  0.04100093478393134  0.04132264252216596  0.04162348507977245
  0.04191106570367729  0.04221007483209445  0.04259869179669197  0.04305162209366908
  0.04355382163287445  0.04407010625564321  0.04446705088567856  0.04481991704903511
  0.04509728744601920  0.04535033664556652  0.04560685883979474  0.04595436340421943
  0.04635747278583422  0.04676322757089117  0.04712823158848318  0.04740439562270832
  0.04765583571050958  0.04792595120748326  0.04825360555185013  0.04867983629559965
  0.04920422355635342  0.04979433836328266  0.05031233207670233  0.05076950365561274
  0.05116380773320885  0.05154204170088411  0.05193328537616303  0.05240370608156960
  0.05303178543133795  0.05378890329624577  0.05463544212915770  0.05540264401189542
  0.05597965178732892  0.05652015589020722  0.05718228062408964  0.05798157107570860
  0.05869619897019086  0.05942606759437166  0.06021809384110694  0.06102198623723563
  0.06183108554320559  0.06266204319764000  0.06372432739340601  0.06505904567259810
  0.06644504637343257  0.06775121135080397  0.06928363133388858  0.07140785299874845
  0.07389646186084423  0.07663578276367458  0.07993692195480642  0.08370064465759587
  0.08670384230722131  0.08905486392072846  0.09139782098379551  0.09499281204742602
  0.10074273848579626  0.10800639355328533  0.12296036699922147  1.00000000000000000
  0.02525275276487880  0.04319666172605022  0.04789862845850147  0.05111257574893380
  0.05382648225410512  0.05657417099950517  0.05911761923042502  0.06134438202493474
  0.06317448179933711  0.06503845407432469  0.06658548469285304  0.06779346172416806
  0.06882078224129291  0.06986225809698486  0.07107818552435886  0.07240579183253265
  0.07363487877068496  0.07484860758680671  0.07605164107719903  0.07723298415894432
  0.07833681416280944  0.07927831689616326  0.08013335178496124  0.08090785219253739
  0.08161498042150134  0.08228246712401582  0.08298745564612740  0.08384589001830690
  0.08470040076275405  0.08544177981171003  0.08617008679363680  0.08700777354279077
  0.08778171824572316  0.08878985993720510  0.09004344539872280  0.09143194710033603
  0.09284686718183408  0.09417095076349941  0.09534835778921526  0.09672062363893444
  0.09809542192971291  0.09929941436180055  0.10016461011249682  0.10087627363689397
  0.10167581297576028  0.10263855181825483  0.10359415329653585  0.10453307755240901
  0.10531737736464278  0.10599398158117601  0.10671785222503512  0.10782334991851679
  0.10933299590892827  0.11081884937002570  0.11212732565589141  0.11352547977528776
  0.11503340494869291  0.11619081294740909  0.11729532013730885  0.11867693805195272
  0.12080784242165377  0.12336228937410315  0.12576943099169485  0.12772508796603105
  0.12997059794398258  0.13248520143903841  0.13460627572762468  0.13633008203295943
  0.13799085008533907  0.14083878582399767  0.14388498094092828  0.14663037433104303
  0.14910462257720683  0.15132638823812067  0.15351103991301893  0.15573620035029453
  0.15848000182671143  0.16169727928543123  0.16492468404775029  0.16822390944414647
  0.17085785621620414  0.17302214139114261  0.17528436020145469  0.17874732512077229
  0.18528952253827849  0.19293423315097633  0.20056011960400913  0.20928049141190561
  0.21880417228792454  0.23242123129728484  0.24478757873331156  0.25651026788167780
  0.26949772274484551  0.28328744047775173  0.32525699598000490  1.00000000000000000
 -0.00319567801879330  0.01422878888745991  0.02246239407051736  0.03088556333146671
  0.03894346017780294  0.04371744681779050  0.04858690546863562  0.05569172055298369
  0.06322389554289909  0.06985075259881297  0.07743947778383682  0.08483886082210557
  0.09252764459207528  0.10134063886118662  0.10832524332157421  0.11423742379376603
  0.12270487223835762  0.12951925164635344  0.13560228967562674  0.14094000484803834
  0.14742366949329336  0.15489496217790974  0.16377031548649071  0.17372327915431682
  0.18539148141773343  0.19621670237284419  0.20567288923346155  0.21507254299508122
  0.22677771229447111  0.23814203596147357  0.24614912704503650  0.25345615361856638
  0.26142246987344331  0.27407258327918044  0.28482804606189199  0.29562555841034255
  0.30659230307904428  0.31792577688395790  0.33369058667411783  0.34993221187387535
  0.36497494151743792  0.37847620521103537  0.38973485579744088  0.39876021115497756
  0.40806440574498071  0.41800597544401125  0.43128470159869647  0.44135627767728680
  0.44995432282338071  0.45734987951759581  0.46499276850057386  0.47483163993534599
  0.48806420273455275  0.50420516967147488  0.51691569102937973  0.52631733195212438
  0.53473500269453056  0.54342484720246698  0.55342044886668007  0.56346985570417241
  0.57245757779444928  0.58147686936231757  0.59200217683870460  0.60369555755446136
  0.61225049304728185  0.62031899197266660  0.63295298092487273  0.64126594161801487
  0.64981468077946558  0.65788310314685561  0.66643102477706206  0.67775654956674236
  0.69254800408819395  0.70588972202894196  0.71606955917730719  0.72567466124164504
  0.73620146579973100  0.74828660072253927  0.76375453155953210  0.77671245692045165
  0.78611163469361756  0.79530472447898171  0.80664228038279029  0.82112091629905726
  0.83568036758255748  0.84760594861904670  0.85839286625853972  0.86900611221215507
  0.88042896953299110  0.89334586313779929  0.90891917876127248  0.92554960434052669
  0.94282396571022575  0.96153390099699509  0.98067291834923931  1.00000000000000000
 -0.00223365805790609  0.00873429610591494  0.01969908146228362  0.02850004734877976
  0.03605658266788994  0.04500491170234816  0.05497159682026508  0.06603238713901681
  0.07817459167658861  0.09048100042373168  0.10197839171321531  0.11322387352045113
  0.12457412894894447  0.13717677457602026  0.15021352234331437  0.16181409734205199
  0.17075251988691900  0.17986021633077651  0.18703325407029336  0.19354050142396409
  0.19982925994477380  0.20614006722247691  0.21125896907325364  0.21736278450515104
  0.22471184134585856  0.23340632501907524  0.24294807765915755  0.25236227890026275
  0.26534309188634053  0.27671226208796912  0.29210919078702707  0.30981737173948498
  0.32612749582111800  0.34167717499400618  0.35615486511289751  0.36713210575872995
  0.37473842187967438  0.38164193134079505  0.38796915171654667  0.39403309008585247
  0.40097083739709855  0.40940389454696408  0.42024935451033030  0.43216307063525056
  0.44548583680636572  0.45913364378991500  0.46971326379329625  0.48021625037435250
  0.49512678715390718  0.51198872848736887  0.52627193148396956  0.53785233202784999
  0.54959044158761805  0.56203869759342329  0.57453620694826413  0.58629024903876847
  0.59602872381331051  0.60796101236697409  0.61992510059133610  0.63002887081035630
  0.63833023393286981  0.64616150773986092  0.65561942400527695  0.66703391214554719
  0.67968965611551702  0.69179580421008591  0.70098701918430795  0.70877553492794376
  0.71614487999150822  0.72282860804196070  0.72959088226953694  0.73704215299855147
  0.74640940314007587  0.75665833538084204  0.76778294614031672  0.78132992650601185
  0.79593681595517118  0.81043386476276413  0.82440076864198431  0.83739929094936683
  0.84904009320813889  0.86008176134856995  0.87086920543307744  0.88063419257557563
  0.89111715591868568  0.90335908194505188  0.91393939902284815  0.92079862348363573
  0.92728065707940155  0.93291448094387797  0.93945236278107935  0.94613286310059874
  0.95494427378141689  0.96749405521336196  0.98262611366854413  1.00000000000000000
 -0.00329773214263477  0.00967143027679386  0.02218119548028846  0.03319166700612166
  0.04328533407750822  0.05442174840244454  0.06578877706851766  0.07603429337648303
  0.08642767866123978  0.09788346320410116  0.11083746248717780  0.12500612660397911
  0.13797504663988894  0.14721295341001270  0.15346002971715211  0.15991989186161812
  0.16971129786545519  0.17969642076859357  0.18955570372904060  0.19795519264519537
  0.20581615990843294  0.21488214758961752  0.22478301008824178  0.23223153367081861
  0.23891327620309183  0.24617460344311748  0.25475055989237333  0.26403369182846337
  0.27489221360402810  0.28453712873449633  0.29482424104809557  0.30406013771963425
  0.31363421040781880  0.32296144513418606  0.32996840739373040  0.33704429227289673
  0.34564135900113768  0.35511309020521026  0.36317205321233204  0.37015460580120368
  0.37755545603643864  0.38638887716254183  0.39541582450979312  0.40467744784081300
  0.41436664300413822  0.42624643846951776  0.43977607441315392  0.45114409937376765
  0.46244306901543608  0.47611635587004336  0.49283265103192897  0.51128416600372573
  0.52784034380495193  0.54136009798315665  0.55335714295482652  0.56618524529389325
  0.58086423076452287  0.59736023024489315  0.61493268624237829  0.63061256948117805
  0.64337599117139577  0.65528154820696494  0.66853947436566319  0.68528121309868550
  0.70069550194983221  0.71292777953105624  0.72358541667309351  0.73268398879379637
  0.74209009702958384  0.75236369511522105  0.76202497599511276  0.76891786526270189
  0.77496461821500184  0.78207965670458579  0.79049624847094802  0.79947322892830341
  0.80830951696266951  0.81927718285912332  0.83200726161014249  0.84438414597079070
  0.85466758982947633  0.86366501856602607  0.87357455065185230  0.88457281132824828
  0.89729394463987522  0.90768310671424168  0.91770593442556514  0.92980647150009543
  0.94037877859105412  0.94832582197686499  0.95473444902732141  0.96189500036958819
  0.97024776623075881  0.97960397438067126  0.99007644825850682  1.00000000000000000
 -0.00188423784718374  0.00858894373230019  0.01801874305416192  0.02626696509318478
  0.03429214076195612  0.04225235607761165  0.05265638208934034  0.06241641628961235
  0.07322079811830709  0.08464989228139611  0.09543263080880184  0.10487166494742389
  0.11166535972280239  0.11828090170224730  0.12811906365388526  0.14202862108698047
  0.15450079197167882  0.16365615366384548  0.17054962021876377  0.17894255438838802
  0.18880846685026995  0.20100402088735622  0.21525927551254834  0.22557482135049656
  0.23611545430831793  0.24772220287163133  0.25738326424317365  0.27264335214262592
  0.28979596278767855  0.30547286365599524  0.31540257247706904  0.32543622729205973
  0.33718252637923696  0.35027592864313684  0.36640057126170483  0.38319361722043160
  0.39777222790642203  0.41193561481082180  0.42564236892002588  0.43717852920172534
  0.44870723409087332  0.46000560524988671  0.47042300772816215  0.47876764517369830
  0.48543054331256569  0.49296436642954455  0.50003318815148046  0.50805339217572143
  0.51769143179792310  0.52917818418796247  0.54366268267639983  0.55605605112288348
  0.56764034598994884  0.58046980965901940  0.59397394917037738  0.60297710411193517
  0.61057391883876810  0.62026745965030816  0.63178888091528262  0.64256049910664770
  0.65086840806396140  0.65722215030091224  0.66513458334648656  0.67513538769897818
  0.68611293527246664  0.69766058753840032  0.70993789845385469  0.72072324226075091
  0.72830491354908589  0.73662610446394861  0.74380610166565642  0.74902822979664407
  0.75477829695565324  0.76307382333367069  0.77324025304414568  0.78218581622337080
  0.79151184221106385  0.80220108196517337  0.81391763574125786  0.82370060037348802
  0.83162144198657761  0.83917261218431460  0.84719463544682749  0.85583080576200588
  0.86600462838102399  0.87939537018785086  0.89128173472206429  0.90276570372737774
  0.91528781815836113  0.92883498920300234  0.94190970063261970  0.95203009576172970
  0.96238493083344756  0.97447795172813811  0.98618498985480252  1.00000000000000000
 -0.00274054185527672  0.01010124373199291  0.02452834059388110  0.03519620678585045
  0.04689484602251276  0.05641126396371986  0.06547043239654848  0.07302641611503076
  0.07875913307911056  0.08579349790846741  0.09325053659441017  0.09964544462793308
  0.10714706861403783  0.11512087813583803  0.12462948197148435  0.13546795625104893
  0.14600620024674366  0.15764291533458555  0.17089900259941665  0.18495701900926148
  0.19739293801018074  0.20823754800823108  0.21947645774062371  0.23105654413286009
  0.24306443356547461  0.25605794184229858  0.26694228366142320  0.27956928061080899
  0.29321087551468245  0.30431110334283951  0.31500212379129017  0.32983612221465008
  0.33913502602547685  0.34683007206544547  0.35439896671241500  0.36224473389879902
  0.36962346185116668  0.37794039176553118  0.38871901177097468  0.39993877215078405
  0.41152415060066450  0.42265318684742459  0.43227487141429388  0.44273015957416267
  0.45545641224354932  0.47009479252997965  0.48686044701005654  0.50492426251078937
  0.51995354615639888  0.53163122769567484  0.54084035853286405  0.55040245949739697
  0.56037797352491892  0.57231946521765387  0.58336282410782592  0.59646801033803953
  0.61111304845436565  0.62830616927612470  0.64334413771797339  0.65565267126317484
  0.66702567307648564  0.67769574483893413  0.68923481019881505  0.69890778923553876
  0.70682770565249964  0.71400986832072166  0.72246702735633395  0.73264272504873795
  0.74153897056697948  0.74932480808587720  0.75746028031788704  0.76455167426337334
  0.77257865889753130  0.78172449859069304  0.79289031122313625  0.80264669288634904
  0.81085819583533225  0.81902617226216567  0.82711373354415063  0.83513968662786753
  0.84206257808309293  0.84691176411905844  0.85370366886134119  0.86599841575304526
  0.88468640512265662  0.90429019299677571  0.91895047784221784  0.92679063673902462
  0.93505106472193178  0.94314082141786815  0.95117413703916798  0.96200319101542531
  0.97104690226700796  0.97985946498797460  0.98941199076150432  1.00000000000000000
 -0.00198905623621889  0.00843076958624924  0.01731990112026320  0.02706396671022190
  0.03976985645462839  0.04976553075151006  0.06121789386547419  0.07349455456860336
  0.08410768789240440  0.09499200191749714  0.10883930467321246  0.12455931225741056
  0.13965072576283333  0.15324894882858558  0.16529177313202409  0.17585412379505011
  0.18566235531927011  0.19423473776075725  0.20210191913698788  0.21081452925786581
  0.22201979055440688  0.23352390627956870  0.24445779846410398  0.25586512295186742
  0.26697056008064474  0.27839366309077251  0.28919682079281017  0.30053784936063221
  0.31124248724435016  0.32050682130195851  0.32912808061942150  0.34146380083297090
  0.35684880068466529  0.36914280862392518  0.38041950168849842  0.38456458983314767
  0.38966328616749069  0.39426100139682824  0.39992664316398252  0.40534337442575635
  0.41194604062622298  0.42051403606583432  0.43062181046373499  0.44542501365728088
  0.45580594314892708  0.46518724545824691  0.47414262699761306  0.48318139982948438
  0.49331104208423948  0.50565698567038386  0.51704269593570162  0.52822253973315847
  0.54101547545368189  0.55224316410792595  0.55981313429264778  0.56754783838958833
  0.57597076414113479  0.58326831110194988  0.59072409071157528  0.59830218715287176
  0.60688579193215919  0.61663193222731116  0.62706273501590981  0.64126437143924797
  0.65586437992121005  0.66996443842196318  0.68101707163444769  0.69142209312160263
  0.70284318649831978  0.71441397802449358  0.72764256779013015  0.74317630943228663
  0.76123456442190451  0.77547917010300926  0.78527733274450406  0.79343729293380905
  0.80122668520333984  0.81028731480962035  0.82174672556281525  0.83501704644185737
  0.84718355863491457  0.85550629759504637  0.86352290847040414  0.87254506408135890
  0.88265396100091609  0.89340823648527967  0.90348707046270982  0.91221299597581273
  0.92155038514080490  0.93086276842500171  0.94082289798340335  0.95192939494321482
  0.96455591239164673  0.97773326462039545  0.99005655330242859  1.00000000000000000
 -0.00238886548791266  0.00764923554555028  0.01820599131924056  0.03027867830895832
  0.04130843456183755  0.05068257378361577  0.05958351106009296  0.06839195075581100
  0.07781650898786135  0.08780665284325842  0.09968689056951544  0.11112835655386663
  0.12134063466151412  0.13024650523629236  0.13697294036502419  0.14477396060621878
  0.15537272691513396  0.16818555717073333  0.18102968199838151  0.19227323739718377
  0.20118645245391456  0.20874779105328428  0.21715177088557547  0.22745949502282226
  0.23837672218962577  0.24824655142112412  0.26066391090939228  0.27371690467946963
  0.28508224121630382  0.29416942253770656  0.30418131238912927  0.31361962941420296
  0.32172045074425293  0.33005935739531883  0.34226921406910593  0.35487434900158044
  0.36489321223633242  0.37279680101433232  0.38077922092521710  0.39062684838409578
  0.40113765536365886  0.41184535736656236  0.42123001561644119  0.43387244221729215
  0.44571943605681591  0.45981993597961257  0.47474144560692250  0.49107864295851650
  0.50676181449007751  0.51772877597431055  0.52503203002154242  0.53162912307639820
  0.53955491364154851  0.54693684597976600  0.55620527759159610  0.56712233107654753
  0.57867157508633893  0.59024715288845409  0.60174044191385145  0.61348331677618639
  0.62605415930193997  0.63894706986233440  0.64896498636337696  0.65741088777586787
  0.66555269342298284  0.67367790542204808  0.68279802691146840  0.69065962267521142
  0.69834668063527949  0.70636516954544715  0.71542948799517947  0.72439025198098905
  0.73264937378776152  0.74188558266449167  0.75163121618045381  0.76189926623476667
  0.77198360276643108  0.78219981678528772  0.79420181900132902  0.80850429564530779
  0.82503071616410895  0.84142022916152837  0.85411491364385683  0.86698799737168475
  0.87861897988266380  0.88971923449561141  0.90001967955407247  0.91276123911160845
  0.92594735736964895  0.93690805744180494  0.94685403688332326  0.95766051584960055
  0.96854143120707870  0.97862970717975628  0.98960309811492542  1.00000000000000000
 -0.00271591181602477  0.01216550868346442  0.02041047040046299  0.02825103162298738
  0.03595415573978713  0.04670260602259660  0.05995913745114641  0.07232622885052638
  0.08321435905538520  0.09366531482187219  0.10374116142967207  0.11226357719851274
  0.12096424123257407  0.12917590113006841  0.13773632591879323  0.14544202432103454
  0.15262913581652307  0.15963922098432223  0.16879086569989399  0.17802375048876395
  0.18911609663189985  0.19778149824289940  0.20647052904794469  0.21399531146964379
  0.22313924160618698  0.23377072150467931  0.24538476663353639  0.25388369827363638
  0.26060084158551577  0.27084001305151650  0.28122094451021745  0.29136972714475978
  0.30087374097119812  0.31084978077908409  0.32740829215177963  0.34297217527434976
  0.35581044704920345  0.37159778776763408  0.38492663640115449  0.39710505340745667
  0.40867527620051919  0.41961021585631963  0.43251058601973591  0.44696917327468161
  0.46281862998823886  0.47604132796379417  0.48694819290939517  0.49652680483142347
  0.50666748492027924  0.52119515700743457  0.53266089107704284  0.53902488846711161
  0.54628507930909398  0.55394754144174929  0.56183668557193656  0.56893555302517662
  0.57576992280141392  0.58340090910251174  0.59431365390179047  0.60497485441452536
  0.61527190544215671  0.62545766055945362  0.63629179386715140  0.64805229753899463
  0.65860468642227443  0.66925562497588009  0.67898218301705537  0.69123957109486689
  0.70307346401124993  0.71519151765957456  0.73019934902804307  0.74861872939629626
  0.76521187995909656  0.77830315282008256  0.78896455268486454  0.80053077039663889
  0.81370019633328250  0.82670818360143772  0.83958371023418765  0.85014300779453233
  0.85937111446770398  0.86996643673390839  0.87842130344321445  0.88372000660566685
  0.88791015513903815  0.89221714425311949  0.89777395098668511  0.90628983906821015
  0.91754399672770726  0.93092062663154707  0.94707576032244645  0.95752952940656966
  0.96736584912772605  0.97781694017605869  0.98890765155830707  1.00000000000000000
 -0.00291586770583074  0.00992268210088659  0.02308114803665432  0.03663574851336165
  0.05009554877215952  0.06291240394152825  0.07177121957568171  0.08098404320378294
  0.09164226872169123  0.10428340427228645  0.11917151205065483  0.13109975979361962
  0.13859952319880209  0.14551998609045699  0.15418919012131427  0.16377818265911523
  0.17271236531632139  0.18397943112052026  0.19791712898943997  0.21439820171364171
  0.23091353071144624  0.24615354180573948  0.25894582727922860  0.27050231511025730
  0.28319483674912227  0.29674721813088778  0.31258061420882272  0.32589218436564138
  0.33599238866718006  0.34268735309323817  0.35040819233308312  0.35879137175933418
  0.37046569409001157  0.38184910952226969  0.39142496121866488  0.40343733462791831
  0.41591021687441604  0.42769632252582268  0.43939220434643050  0.45060513757137105
  0.46127408623071597  0.47143510915265446  0.48131675598376988  0.49163213026204466
  0.50213840975292434  0.51360703425910181  0.52298669389503272  0.53445428244977011
  0.54257133674101776  0.54952780487480712  0.55848927811079552  0.56877915779255694
  0.57877942319138753  0.58826311758104788  0.59636254549195788  0.60704201837018090
  0.61904311132320533  0.62857996828702989  0.64000074154635689  0.65224645085667365
  0.66140928317261816  0.67041263990483990  0.68121581725717317  0.69594792951273698
  0.71425532026456895  0.73124313387042073  0.74353515403664405  0.75562990073465608
  0.76738507231472453  0.77939790030918776  0.79069718235021369  0.80248272915124941
  0.81145377220779635  0.81846872859018438  0.82477320779092955  0.83156366109865520
  0.84002176400575768  0.85144238222966162  0.86259544280464306  0.87157919010761309
  0.87915556382046167  0.88634128732482953  0.89482497753375589  0.90468523900795161
  0.91190062725085530  0.91823803942124727  0.92444029737418121  0.92967958050803123
  0.93526220202210297  0.94218297328452294  0.95038900531147541  0.95919486009138333
  0.96836842449438743  0.97774793820019279  0.98769432276682001  1.00000000000000000
 -0.00150006070681740  0.00640937733995078  0.01503339657546052  0.02466435155327491
  0.03230528359719960  0.03821098000784483  0.04271729131742602  0.04684462375494218
  0.05240155159481902  0.06037944238822212  0.07171242850319981  0.08134225784107937
  0.08823318300708161  0.09417753473052269  0.10116677337008732  0.10689652660660753
  0.11228680537338967  0.12033834458776631  0.13487752334239017  0.15113170003058460
  0.16085028020142908  0.16988450267538019  0.17912739722075616  0.18778966452893783
  0.19559044511811011  0.20292452776843697  0.21176646018907222  0.22311432370832845
  0.23544679042255495  0.24678138806726796  0.25845139584525739  0.27125805503596684
  0.28346141306741973  0.29556066964509742  0.30576042297719580  0.31482808272617574
  0.32219809865102816  0.33190700637696763  0.34511222517114737  0.36193104170681845
  0.37894169060730964  0.39082311027605809  0.40224249019751795  0.41498972497537373
  0.42910431731577986  0.44403955393502048  0.45769249083187064  0.46978415807444956
  0.48149744200601891  0.49335521755379869  0.50846078559535890  0.52045256800973017
  0.53168415751709164  0.54345167309008902  0.55358482338534720  0.56140693458762436
  0.56889073354620645  0.57779610210300292  0.58955227856204051  0.60494085903869022
  0.61800565578111466  0.62777428873036845  0.63638388536468837  0.64489653415478920
  0.65115407390105373  0.65804880024171342  0.66596583437855472  0.67348845455272865
  0.68271845726499936  0.69501591709802024  0.70875325260940014  0.72119160655990933
  0.73211149524684715  0.74261147466956845  0.75510551516736513  0.76900318548493340
  0.78604738451366118  0.79803001130305051  0.80918431644570965  0.82074353542821643
  0.83372936851014268  0.84955912040377646  0.86476647658436900  0.87745555283025423
  0.88752993224909282  0.89732889626663415  0.90772497438039046  0.92012879464700914
  0.93226128421657550  0.94287245030652056  0.95229094544902759  0.96001657319833500
  0.96876729024634078  0.97632044747327529  0.98622728306488905  1.00000000000000000
 -0.00145726344193975  0.01029647651430421  0.02132559072696843  0.03092925928385189
  0.04024200306753683  0.04905595433770440  0.05556330841468411  0.06191524745796700
  0.06896318454346773  0.07675435549080864  0.08586192356281483  0.09609998632770113
  0.10341042810576763  0.11149843118779711  0.12051923987553735  0.12949864091523713
  0.13815369297061969  0.14625651610361337  0.15336568932707198  0.15968331895161392
  0.16610580397246485  0.17504166622674905  0.18588065750065891  0.19393950947229027
  0.20089487796047864  0.20964360995721731  0.22089857535723254  0.23404235437218526
  0.24749872407592208  0.26043844661484433  0.27286698401260662  0.28499799958906569
  0.29503064535323037  0.30329909301942642  0.31122849044870454  0.32141145997744774
  0.33065493968226695  0.33999574967017887  0.34856597497597552  0.35817443079716221
  0.37065846160836646  0.38692403082631560  0.40486577575886495  0.42017146468934319
  0.43210826051294460  0.44435108087206188  0.45723914877646410  0.47496987448576622
  0.49777182053807861  0.52107038738382017  0.54075728937405509  0.55329137993762112
  0.56662071127821334  0.58046564870752859  0.59249574364268609  0.60159762133039663
  0.60927717458574049  0.61676107958566595  0.62510816177860939  0.63504249845681093
  0.64781102016648318  0.65788143217674344  0.66808344882274795  0.67781204210742774
  0.68984926104006250  0.70225692791260597  0.71308137527208681  0.72102282579208488
  0.72836171358330715  0.73641874484113778  0.74555364319932382  0.75531379800896203
  0.76586278552074816  0.77724219670254513  0.79045885524687454  0.80738214416234422
  0.82351580421612325  0.83466847210001016  0.84540322997754525  0.85494086318252427
  0.86375681850131947  0.87087977565432817  0.87835128105407356  0.88737759252361559
  0.89735700731254464  0.90959752627462043  0.92323551999485765  0.93164732475791467
  0.93935486129275569  0.94733295047869481  0.95643771114865184  0.96471903817206561
  0.97219557241777121  0.98053070769579709  0.98987439638802588  1.00000000000000000
 -0.00443471346829848  0.01963070107008227  0.03262848005815989  0.04553540642432156
  0.05767209035740362  0.07256522487388896  0.08678105148474810  0.09952135470026149
  0.10991266326797280  0.11957712987668424  0.12959555547068055  0.13796862886804284
  0.14640652436768190  0.15470578366556495  0.16193066514905305  0.16807593378063795
  0.17473630922247707  0.18120189001328266  0.19002645455453160  0.19999781681874762
  0.20938797511086665  0.21903350222912954  0.22880579678962754  0.23925431249690721
  0.25067582292889912  0.26262880379066733  0.27327951896550884  0.28219036996545110
  0.29241239477259262  0.30236094971992450  0.31281932029607123  0.32199115592921507
  0.33141204189578377  0.34052253487211026  0.34999086235072885  0.36239564780743649
  0.37043766323702820  0.37734171314288883  0.38509178745089678  0.39435852760549150
  0.40420412174327452  0.41485417415798326  0.42354760085679122  0.43112533057902658
  0.43838720339586346  0.44611901731103543  0.45427572837856073  0.46408997598834534
  0.47212977451835109  0.47971759998370506  0.48827929665386205  0.49474563763713642
  0.50111424699223039  0.51118027309143466  0.52266323169336093  0.53572421146674953
  0.54711491004286728  0.55771318723438479  0.56952511285702556  0.58238619893668064
  0.59492739031285180  0.60531409134890046  0.61147874739054120  0.61820401181418827
  0.62331996521295430  0.62865123548309010  0.63697518267516628  0.65069590340795713
  0.66630653405654372  0.68189536762560021  0.69788826266065895  0.71444192661627637
  0.73402662106957228  0.75204850608998286  0.76852541302677257  0.78444216496239783
  0.79991703753146970  0.81629343926661291  0.82969297914944951  0.84132094251420397
  0.85201844545225569  0.86273664865933530  0.87171114526873961  0.87883460264904623
  0.88656163337841387  0.89512841093032514  0.90418895723836978  0.92047347628041287
  0.92997181809300578  0.93840710382976322  0.94694660928787777  0.95552448873759344
  0.96391696878374267  0.97395202181983587  0.98638313710650682  1.00000000000000000
  0.02156523997860287  0.51499651863048468  0.57661829545747489  0.62031843778682971
  0.64190178284639832  0.65567130153663300  0.66884412699804485  0.67956716307577647
  0.68959128549493154  0.70076417934352364  0.70939194445292653  0.71797940150804096
  0.72820665136801155  0.73815068718875843  0.74849762655690355  0.75728771067927780
  0.76656844270390356  0.77297754525632134  0.77710811771017241  0.78042008424948384
  0.78394145734468501  0.78782710472061357  0.79148801951617309  0.79424561901640789
  0.79678272662025296  0.79907146609038626  0.80159037141845380  0.80500226578694645
  0.80847237424744189  0.81119113888417538  0.81331751171732924  0.81522742822672933
  0.81685909768790810  0.81855765134878411  0.82046100822988399  0.82200964109055752
  0.82374356566303331  0.82606632971824900  0.82831022367811735  0.83052481783914300
  0.83285236507550686  0.83515239581763379  0.83731530221722883  0.84011562043430055
  0.84303701100949247  0.84601286645295992  0.84896627282812964  0.85180767616185937
  0.85465357280167487  0.85725273799136092  0.85958969709486488  0.86172157019596873
  0.86372968331272304  0.86597474117288065  0.86809311041914827  0.87026672237113734
  0.87238879967329119  0.87433544666359120  0.87621838287300757  0.87804817005650182
  0.87983428387253382  0.88142293163756880  0.88297260907126607  0.88444391731892402
  0.88606703632646022  0.88793947283416730  0.89005835561209512  0.89235721135817647
  0.89479810707645357  0.89728730508036247  0.89955321534749377  0.90188237468832477
  0.90378256855890493  0.90571013902474728  0.90761443856399138  0.90969045841289053
  0.91206758801667220  0.91422358075944821  0.91656682625867780  0.91877861596660493
  0.92113908007992007  0.92352641051733264  0.92599349049412483  0.92857876543208639
  0.93112170712646025  0.93353110812855400  0.93563498011821322  0.93763008315274909
  0.94003206100297876  0.94285037891105705  0.94581632503606328  0.95115281076458902
  0.95648773032253520  0.96153654845030700  0.96869542391122876  1.00000000000000000
 -0.02406743259970406  0.10790207265617477  0.15545261999140159  0.18001164502921677
  0.20255084784981883  0.22433326836103365  0.24303122551367634  0.25952986743190559
  0.27791571045770214  0.29580962336589972  0.31208297221159048  0.32608018607135442
  0.33836541051029490  0.34887112630042727  0.35853823429835546  0.36777984793019292
  0.37686616236951698  0.38446693955512062  0.39099494459029238  0.39595153101076042
  0.40110573793683568  0.40617857415903319  0.41371593500884807  0.42312332712780470
  0.43215029566769397  0.44016244400694726  0.44666074923476762  0.45273821124638597
  0.45828770346394493  0.46400112746859423  0.47179562015282311  0.48034682568000148
  0.48789962464911946  0.49376284774800783  0.49835234806101025  0.50284138839300929
  0.50755943785575797  0.51243181447532959  0.51817193298324693  0.52444401656428907
  0.53009167325862738  0.53491888211576100  0.53990641764523706  0.54531081847476892
  0.55170931296031878  0.55989506165353964  0.56761351663044535  0.57330827548202046
  0.57847789960769547  0.58428421697442401  0.59008268924194285  0.59470954120355446
  0.59899947380054075  0.60396456972725965  0.60919958733857205  0.61433713902577958
  0.61942262619267496  0.62425356661340381  0.62894628175008260  0.63341300719713778
  0.63909028556542302  0.64538539655413596  0.65170771660403648  0.65805867774544891
  0.66320248039106533  0.66853573469206884  0.67336018994389701  0.67812224719789438
  0.68324127725866912  0.68858558884956833  0.69378547381917022  0.69752699941879315
  0.70088031909726956  0.70434349775262717  0.70763562533236080  0.71082576645851747
  0.71420390326152139  0.71904251730576818  0.72618225728428043  0.73322679746907093
  0.73875062551475712  0.74363314182240736  0.74940387359779381  0.75503506695066025
  0.75887282239276221  0.76223230412187259  0.76544241318935691  0.77089546999122638
  0.78155277085253272  0.79593220898403250  0.81185231266031954  0.82777996205880733
  0.84364134322783568  0.86360764749749674  0.89329328496904103  1.00000000000000000
   1.1679866959637718E-015  -1.0000000000000000     
 T F F F F F F F F F F F F F F F F F F F T F F F T F F F F F F F F F F F T F F F T F F F F F F F F F F F F F F F F F F F T F F F F F F F F F F F F F F F F F F F F F F F F F F F F F F F F F F F F F F F F F F F F F F F F F F F F F F F F F F F F F F F F F F F F F F F F F F F F F F F F F F F F F F F F F F F F F F F F F F F F F F F F F F F F F F F F F F F F F F F F F F F F F F F F F F F T F F F F F F F F F F F F F F F F F F F T F F F T F F F F F F F F F F F T F F F T F F F F F F F F F F F F F F F F F F F T F F F T F F F F F F F F F F F F F F F F F F F T F F F T F F F F F F F F F F F T F F F T F F F F F F F F F F F F F F F F F F F T F F F F F F F F F F F F F F F F F F F F F F F F F F F F F F F F F F F F F F F F F F F F F F F F F F F F F F F F F F F F F F F F F F F F F F F F F F F F F F F F F F F F F F F F F F F F F F F F F F F F F F F F F F F F F F F F F F F F F F F F F F F F F F F F F F F T F F F F F F F F F F F F F F F F F F F T F F F T F F F F F F F F F F F T F F F T F F F F F F F F F F F F F F F F F F F T F F F
  <DiscreteSampler_grid>
  grouped_processes
  1 # 1 for a reference and 2 for a running grid.
  10 # Attribute 'min_bin_probing_points' of the grid.
  1 # Attribute 'grid_mode' of the grid. 1=='default',2=='initialization'
  0.0000000000000000 # Attribute 'small_contrib_threshold' of the grid.
  0.5000000000000000 # Attribute 'damping_power' of the grid.
 # binID   n_entries weight   weight_sqr   abs_weight
    16   10   5.155799978477086E-018   9.606486361775284E-035   5.155799978477086E-018
    17   10   5.155799978477841E-018   9.606486361776972E-035   5.155799978477841E-018
    19   10   1.595738950226124E-018   6.615005317204548E-036   1.595738950226124E-018
    20   10   1.595738950226298E-018   6.615005317206348E-036   1.595738950226298E-018
    22   10   9.653395652540431E-018   5.048802182208836E-034   9.653395652540431E-018
    23   10   9.653395652539870E-018   5.048802182208114E-034   9.653395652539870E-018
    28   10   5.155799978476955E-018   9.606486361775040E-035   5.155799978476955E-018
    29   10   5.155799978477887E-018   9.606486361777075E-035   5.155799978477887E-018
    31   10   1.595738950226131E-018   6.615005317204670E-036   1.595738950226131E-018
    32   10   1.595738950226311E-018   6.615005317206482E-036   1.595738950226311E-018
    34   10   9.653395652540503E-018   5.048802182208889E-034   9.653395652540503E-018
    35   10   9.653395652539884E-018   5.048802182208122E-034   9.653395652539884E-018
    40   10   5.155799978477420E-018   9.606486361776149E-035   5.155799978477420E-018
    41   10   5.155799978478026E-018   9.606486361777312E-035   5.155799978478026E-018
    43   10   1.595738950226288E-018   6.615005317206295E-036   1.595738950226288E-018
    44   10   1.595738950226274E-018   6.615005317206006E-036   1.595738950226274E-018
    46   10   9.653395652540350E-018   5.048802182208549E-034   9.653395652540350E-018
    47   10   9.653395652539586E-018   5.048802182207849E-034   9.653395652539586E-018
    52   10   5.155799978477345E-018   9.606486361776020E-035   5.155799978477345E-018
    53   10   5.155799978478068E-018   9.606486361777411E-035   5.155799978478068E-018
    55   10   1.595738950226267E-018   6.615005317206086E-036   1.595738950226267E-018
    56   10   1.595738950226301E-018   6.615005317206307E-036   1.595738950226301E-018
    58   10   9.653395652540344E-018   5.048802182208561E-034   9.653395652540344E-018
    59   10   9.653395652539636E-018   5.048802182207874E-034   9.653395652539636E-018
    64   10   6.469261177843502E-018   1.350119176287215E-034   6.469261177843502E-018
    65   10   6.469261177843389E-018   1.350119176287199E-034   6.469261177843389E-018
    67   10   3.678630433612235E-018   4.919136761498033E-035   3.678630433612235E-018
    68   10   3.678630433611808E-018   4.919136761496651E-035   3.678630433611808E-018
    70   10   2.107865167504470E-017   3.170363047293362E-033   2.107865167504470E-017
    71   10   2.107865167504322E-017   3.170363047292863E-033   2.107865167504322E-017
    76   10   6.469261177843774E-018   1.350119176287339E-034   6.469261177843774E-018
    77   10   6.469261177843334E-018   1.350119176287187E-034   6.469261177843334E-018
    79   10   3.678630433612250E-018   4.919136761498137E-035   3.678630433612250E-018
    80   10   3.678630433611834E-018   4.919136761496822E-035   3.678630433611834E-018
    82   10   2.107865167504480E-017   3.170363047293425E-033   2.107865167504480E-017
    83   10   2.107865167504327E-017   3.170363047292920E-033   2.107865167504327E-017
    88   10   6.469261177843553E-018   1.350119176287235E-034   6.469261177843553E-018
    89   10   6.469261177843485E-018   1.350119176287225E-034   6.469261177843485E-018
    91   10   3.678630433612307E-018   4.919136761498278E-035   3.678630433612307E-018
    92   10   3.678630433611761E-018   4.919136761496552E-035   3.678630433611761E-018
    94   10   2.107865167504494E-017   3.170363047293437E-033   2.107865167504494E-017
    95   10   2.107865167504305E-017   3.170363047292818E-033   2.107865167504305E-017
    100   10   6.469261177843876E-018   1.350119176287380E-034   6.469261177843876E-018
    101   10   6.469261177843364E-018   1.350119176287199E-034   6.469261177843364E-018
    103   10   3.678630433612332E-018   4.919136761498400E-035   3.678630433612332E-018
    104   10   3.678630433611845E-018   4.919136761496869E-035   3.678630433611845E-018
    106   10   2.107865167504503E-017   3.170363047293498E-033   2.107865167504503E-017
    107   10   2.107865167504327E-017   3.170363047292921E-033   2.107865167504327E-017
  </DiscreteSampler_grid>
