 -0.00000004217697836  0.00000042221433575  0.00000152428119982  0.00000241073009049
  0.00000346031224506  0.00000467887753015  0.00000619855059362  0.00000768860047983
  0.00000926558654451  0.00001066984398562  0.00001220390614590  0.00001330540268750
  0.00001431721306128  0.00001528823409948  0.00001620592179925  0.00001719290546823
  0.00001820793592880  0.00001867518745493  0.00001897214645410  0.00001921115080901
  0.00001942417825130  0.00001972838083881  0.00002022311904568  0.00002064492778144
  0.00002131610293317  0.00002210820807876  0.00002268703957446  0.00002318748133847
  0.00002368213480300  0.00002418944805410  0.00002471975898638  0.00002526727364902
  0.00002581896781334  0.00002632865709466  0.00002674194206157  0.00002708533200247
  0.00002734707183613  0.00002757750423831  0.00002782981708018  0.00002814208748671
  0.00002860558665140  0.00003220748922276  0.00004332592014339  0.00004838110547854
  0.00004942471064095  0.00005010044304561  0.00005058052195928  0.00005107816591195
  0.00005158654257772  0.00005203406648790  0.00005251112520531  0.00005331767122208
  0.00005393214066246  0.00005443882374453  0.00005494474108747  0.00005550343812815
  0.00005633044179955  0.00005767863062584  0.00005892578510514  0.00006001313862230
  0.00006102066850735  0.00006204490381262  0.00006312321245600  0.00006480071112271
  0.00006644147163211  0.00006712614115610  0.00006773831751171  0.00006816466097731
  0.00006858864700959  0.00006899916777754  0.00006940968635855  0.00007023084842704
  0.00007114582307048  0.00007253126605804  0.00007439088500346  0.00007876578803039
  0.00008397533590334  0.00009040851696008  0.00009611272554150  0.00010036614265921
  0.00010575442931504  0.00010922633975662  0.00011231432654552  0.00011843802306517
  0.00012565349593355  0.00013332237441036  0.00014890528606761  0.00016946365828331
  0.00021013928227611  0.00028507216951798  0.00034440847283979  0.00041883655514261
  0.00070227983353627  0.00346903280407394  0.03230202511093087  1.00000000000000000
  0.03044229892822834  0.03050224599197618  0.03058587085244157  0.03063787422432609
  0.03068359137227991  0.03072916798309510  0.03078092328841198  0.03084119100102712
  0.03088963715127479  0.03093944514901497  0.03100454606204100  0.03112134758295182
  0.03124172928328967  0.03131002482099610  0.03136042944062996  0.03144645055648822
  0.03161247022452982  0.03183964767601635  0.03205067544179810  0.03225849523035468
  0.03243076724921968  0.03261132219319057  0.03278519775685305  0.03293399022274208
  0.03311359429612002  0.03326772160257731  0.03342561736455604  0.03357877714934947
  0.03376867573496070  0.03397943099959242  0.03422798768460378  0.03444449925756708
  0.03463755504992486  0.03479632236931610  0.03492460341647987  0.03507227218499064
  0.03522949833505807  0.03546849348628687  0.03561900258794917  0.03575086985564400
  0.03588843789805346  0.03603984933527563  0.03621777637141246  0.03647234951100099
  0.03677265483183716  0.03702946034690108  0.03727847296928023  0.03747804755494939
  0.03761433330819197  0.03774685749064873  0.03793383701664776  0.03811686582830782
  0.03823996778574624  0.03836031844107364  0.03848317157810924  0.03864405217827003
  0.03880084499757329  0.03894795495617279  0.03910289272011089  0.03930251391555752
  0.03971654169705005  0.04023388518491779  0.04062801068680662  0.04079967209413242
  0.04095719404863080  0.04109822057168790  0.04119487491404637  0.04127102211690962
  0.04138536848375955  0.04157388057556367  0.04180184035170374  0.04202570283967873
  0.04228407422611188  0.04254297724520544  0.04283269702160272  0.04320443746131344
  0.04373464397889134  0.04438928372311177  0.04503556695144743  0.04527275568069671
  0.04550803271407319  0.04570993865931951  0.04591313878008293  0.04612638177035577
  0.04643539030875348  0.04721242136751325  0.04813063474519703  0.04891063346662029
  0.04963348483487322  0.05058178569334557  0.05198895950605558  0.05332139965632533
  0.05503062517475006  0.05840155819451008  0.06293178031120474  1.00000000000000000
  0.93563280326481135  0.93847076689567555  0.94153814676073799  0.94308950866845731
  0.94378951553284396  0.94427993165307400  0.94480529043901518  0.94531638740886026
  0.94596862730037501  0.94663557123553488  0.94740711384277843  0.94854901927961466
  0.94956808456328035  0.95021760921772624  0.95075285678675003  0.95138544326089414
  0.95210997765932637  0.95290653709920214  0.95384640426820755  0.95456897052630085
  0.95502032671422332  0.95533786468974802  0.95557858585230615  0.95580792295597172
  0.95602175926224586  0.95629246221337372  0.95658467720657336  0.95676392460168647
  0.95689561397251233  0.95701115489195276  0.95711635905204617  0.95721920142468608
  0.95733209638039407  0.95745762984002725  0.95763989663112092  0.95792174191354307
  0.95826814736791310  0.95868050785968606  0.95901084189671981  0.95933966463695020
  0.95965784499610374  0.95995866969218557  0.96024831175842329  0.96051987768531444
  0.96083500354799956  0.96107577730430593  0.96126235801888815  0.96139944268084521
  0.96153426086443139  0.96171451886183867  0.96196303962435226  0.96218426411846236
  0.96235305819264927  0.96254985245306512  0.96279743391047001  0.96316459138012411
  0.96352435046252338  0.96380620204306211  0.96406606562874941  0.96437112654431245
  0.96461083328314934  0.96485857591081736  0.96512162390805811  0.96536987364675286
  0.96558582994840314  0.96574806597804463  0.96587193409145478  0.96598581603925127
  0.96609568942379087  0.96619499513582308  0.96629855255399411  0.96644449977461189
  0.96668603191644609  0.96687038760865329  0.96705562739223672  0.96722856515761502
  0.96735199530703486  0.96744648513188269  0.96755453721114981  0.96767639097117020
  0.96776347662952322  0.96783597133719546  0.96791208409728779  0.96800076873074081
  0.96809494779783722  0.96816853169750239  0.96823287009982684  0.96828562639551552
  0.96834078361429266  0.96839600229927714  0.96845037634779796  0.96849892215502154
  0.96859665100319126  0.96870156058019785  0.96870804914027875  1.00000000000000000
  0.02148577989711377  0.04005508542196139  0.05567071763697065  0.06815278362669711
  0.07970749592112188  0.09295265744906038  0.10595492164161108  0.12077906035485303
  0.13362089957567130  0.14746288559141885  0.16036585972140621  0.17248832570638092
  0.18328322928963636  0.19312056957712717  0.20935071646011874  0.22167061396284685
  0.23205244953989917  0.24230738629588364  0.24631508674646294  0.24845302503403940
  0.25164163707346704  0.25515844775248619  0.25790222725120765  0.26041956456314735
  0.26512343049503806  0.27037260012003411  0.27704612801650230  0.28655530973162280
  0.29844789561470569  0.31157049703795103  0.32414380769085094  0.33316923346035682
  0.34394177216014676  0.35526278459408883  0.36642395698021907  0.37469143175687997
  0.38342003391344975  0.39279170277222075  0.40211092846810320  0.41210838382205794
  0.42542463992477503  0.43977922305121964  0.45550774315795239  0.47259072918141054
  0.48847404307151021  0.50840539546960617  0.52728489655876765  0.54402153634610073
  0.55901679824596007  0.56860945126937779  0.57783726114067724  0.58753480568778549
  0.59361882663482124  0.59871141100633352  0.60329517764314933  0.60770716156657778
  0.61201407043695510  0.61629333676229470  0.62766504428930492  0.64035503508367819
  0.65003282933640671  0.66158805651430042  0.66875703090328742  0.67485910051741149
  0.68098953161675102  0.68633228207382047  0.69200032319201443  0.69896895910973567
  0.70671738134312478  0.71427303617305726  0.71821714743366938  0.72284551353401227
  0.72812285056712167  0.73415539688655662  0.74107925940571151  0.74861220481057611
  0.75738549384759013  0.76596773932041329  0.77518876642826262  0.78703193201778909
  0.80465090544706352  0.83258711062626856  0.84784943339522345  0.85923863325381178
  0.86915291194072308  0.88085178770207451  0.89403699561337491  0.90538333769960555
  0.91286460506259615  0.91932879993562089  0.92687304420896743  0.93476943754778008
  0.94643755022707721  0.96100823025727589  0.97174987234895827  1.00000000000000000
  0.03179830065581229  0.03224494332027576  0.03259263905028333  0.03274002647127525
  0.03290142464974830  0.03305905557486082  0.03319397047769115  0.03330874965544665
  0.03341422641538008  0.03353910747027387  0.03367572736463338  0.03381268605116720
  0.03394326675960384  0.03407829986239500  0.03422423461263546  0.03440099745407166
  0.03459503808059406  0.03477024543876117  0.03493399901496466  0.03509863247803007
  0.03526847868678108  0.03544976884263102  0.03564867685258742  0.03588478449567582
  0.03614834973803886  0.03636108622418451  0.03650430136181716  0.03659912439722145
  0.03668704113467112  0.03677021107725380  0.03689115911767254  0.03703569936108798
  0.03728210792359010  0.03752088730270467  0.03771634400489383  0.03790155742655978
  0.03809530634762420  0.03829193535368235  0.03848805641665617  0.03866742570048603
  0.03887622369690573  0.03921301324954265  0.03954955824197780  0.03992631772791932
  0.04033736087052991  0.04054500549888922  0.04075265012724852  0.04095728539505397
  0.04116190931055209  0.04133221766987764  0.04150832195103593  0.04193988742667650
  0.04245370088590601  0.04283806818883242  0.04301547743751541  0.04314410941989476
  0.04330368971723447  0.04350261894359440  0.04367740661918801  0.04387887140583138
  0.04405397702177372  0.04439445951465061  0.04470446212297396  0.04506482981205343
  0.04548422926992820  0.04597593959192826  0.04656270414567486  0.04742936466611913
  0.04827852941523996  0.04897416358055756  0.04968764697842293  0.05047582951297391
  0.05124779056954374  0.05169707111469256  0.05222679940930134  0.05295285006261199
  0.05364926790286120  0.05426497035502519  0.05492374617640447  0.05522698396107349
  0.05552892409527158  0.05588117883213878  0.05641928241418426  0.05819792998318561
  0.05997480153180929  0.06152844049251926  0.06263841971687187  0.06365840180669130
  0.06547997049959642  0.06722392068572830  0.06891111696895168  0.07105707329807402
  0.08353825095612412  0.10825720917475620  0.13538803291680457  1.00000000000000000
 -0.00192936512981270  0.00753362125362036  0.01676100547825411  0.02197702318761909
  0.02480555092531599  0.03210127467269313  0.04060636608574896  0.05064554459855489
  0.05977387170475785  0.06721582254334624  0.07391498521918217  0.07949114415705527
  0.08393960124572639  0.09095376664591309  0.10143212809550851  0.10733909366743914
  0.11365017347041981  0.12612104932557877  0.14262237189574217  0.15820796446780344
  0.17161918323989922  0.18201190195942418  0.19505855696445010  0.20866181236466000
  0.21916056568580480  0.22551577734026657  0.23229344079722222  0.23844815991899171
  0.24402045561758720  0.24839142058301344  0.25254471075903484  0.25698909368498496
  0.26256843864088769  0.26884616323723343  0.28271312788796416  0.30368635900389807
  0.32861631625792326  0.34828788110409442  0.36201401994333215  0.37281367172638463
  0.38183179955609287  0.39229177500467399  0.40304001737497208  0.41358797276702408
  0.43136177774463641  0.44925819487185265  0.47003267676925292  0.49124441338252101
  0.51021685132371863  0.52863626446245027  0.53951109644598338  0.55178248339077018
  0.56477076562539386  0.57790048889711942  0.59064595999328362  0.60044941196482349
  0.61230593866236360  0.62108627806112160  0.63053515814008976  0.64039107856120525
  0.64833027325815806  0.66288779056006475  0.68522211762695828  0.69711359357452451
  0.70961137486091941  0.72264010860633932  0.73342420699177102  0.74106739728668969
  0.74765354896795744  0.75472589701967507  0.76330772490256471  0.77039639892670753
  0.77422133839533025  0.78012001272707909  0.78820306097184345  0.79794736378216991
  0.80910651728353833  0.82544955091312378  0.84505557994882552  0.85999469042503007
  0.86713587894621991  0.87263525792155672  0.87803624158504867  0.88214054411106912
  0.88710744682758924  0.89417693719760649  0.89982736935869989  0.90333822439387401
  0.90681040570442373  0.91024364889179310  0.91358989361826115  0.91683485542941279
  0.92454509422937348  0.94056482482916137  0.96171878341800199  1.00000000000000000
 -0.00276137258618486  0.00661261722304132  0.01513414341436353  0.02305450971122900
  0.03086407203922087  0.04351495365033978  0.05365510442642665  0.05927416734834395
  0.06229739785393948  0.06510149253072517  0.06774878933777510  0.07062106488879442
  0.07356329893866634  0.08091124868257701  0.08872984344153675  0.09694226259259185
  0.10881366620295739  0.12347932805882686  0.13758110216171104  0.15256578743770155
  0.16364730349502482  0.17085014803999968  0.17932703118583007  0.19101740212927315
  0.20213866570195699  0.21147089404455868  0.22348867314799148  0.23621178340227028
  0.24764896873219280  0.25729599772490147  0.26877648082873917  0.28354202304785442
  0.29778600859806881  0.30670435672752927  0.32316540600759303  0.33909299740458343
  0.34973235156029858  0.35918021032547565  0.36861507339569871  0.38209374556347014
  0.39627004944573913  0.41032340318895305  0.42599218247927678  0.44016014578292845
  0.45326038722696266  0.47096751974875528  0.48488269745194768  0.49961493858728628
  0.51824291940710110  0.53549119802844658  0.55238174684864594  0.56658387577875413
  0.58296976010165091  0.59956693110119774  0.61202027616043186  0.62112286061915900
  0.62938258479723808  0.63796447205889106  0.64477656757973856  0.65154104304717320
  0.65950547417151661  0.66951869588955526  0.68434095510490300  0.69633970735128370
  0.70629579813823251  0.71448918982211262  0.72038187640685136  0.72347487498884944
  0.72900965148444696  0.73747483139199455  0.74906238884686782  0.76712030597150183
  0.78240509888439325  0.79593826964792613  0.80776140606969493  0.81611895047357386
  0.82365094896647129  0.82837790764654118  0.83305147588442507  0.83677027707400276
  0.84086991714214121  0.84580579078229623  0.84821542976861974  0.85167556552599322
  0.85808845779608722  0.86476970857053503  0.87229340052269200  0.88145986899303430
  0.89551682397431298  0.90514152562634920  0.91340297192676023  0.92078917650978986
  0.93086840744401278  0.94472838481868493  0.96549911265636035  1.00000000000000000
 -0.00471170455009050  0.01746952928141349  0.02708266376425470  0.03679439304665609
  0.04491560936431799  0.05302771831694793  0.06400286010140922  0.07517723749677768
  0.08251264657006470  0.08883407645405932  0.09577706995835941  0.10144725021635194
  0.10550746674017632  0.10794618081433573  0.11056351505132990  0.11284430837200744
  0.11512814525886558  0.11969130872259848  0.13118999961599923  0.15128940917734754
  0.16595108522722823  0.17578869039296791  0.18152292161233466  0.18664782073777952
  0.19055283502911366  0.19669718354778240  0.20256761283385211  0.20820259695862306
  0.21553454486626569  0.22168802050659589  0.22945496297271481  0.24089376123683684
  0.25370220880172822  0.26953693458417083  0.28559835792737404  0.30209341049443195
  0.31466976210902481  0.32623591196175961  0.33802327566382934  0.34877694758639577
  0.36094802551667932  0.37347729269751412  0.38786819399348393  0.40514756883385050
  0.42513284159965892  0.45171672891229014  0.47425173715426333  0.49111434585144148
  0.50258733735176009  0.51355936952577264  0.52223614575455657  0.53355006982307640
  0.54531381394901979  0.55732247162085702  0.56524244871828500  0.57392279907771471
  0.58302223984869395  0.59270115971388670  0.60264108524295479  0.61552605972581653
  0.63220914406840312  0.64858921842087558  0.65975746314743455  0.66942220573986211
  0.67875751320535882  0.68800829938342012  0.69983895518250105  0.71468145614828416
  0.72726556759652516  0.74276709362929305  0.76130157234011853  0.77562292431688107
  0.78294711877219558  0.79029103823012792  0.79770139140930885  0.80543794925523837
  0.81535360615499264  0.82526926305474690  0.84255408430354128  0.85463192625826423
  0.86139155084394747  0.86777206511171034  0.87378257061961995  0.88105751222217554
  0.88939533239624191  0.90232256368865227  0.91447279678723548  0.92014919460955913
  0.92415879082036123  0.92785567542618397  0.93245419684432618  0.94032394796277774
  0.94998854808028754  0.96073496339241882  0.97519261475541585  1.00000000000000000
 -0.00278143859153363  0.00941037525210572  0.02310680072691999  0.03463760795447554
  0.04657511038813369  0.05861534664398434  0.07132718660028831  0.08561822160333911
  0.10989613694015371  0.13617612929415343  0.15627883409778440  0.17522336520374918
  0.19200423174631498  0.20907132350793678  0.21990325500929897  0.23196403906212232
  0.24568630432319263  0.26202065069042374  0.28108046041637075  0.29492467537696188
  0.30329121043596657  0.31159526512700098  0.31921191976123198  0.32527185768437583
  0.33086509051352181  0.34103894177132832  0.35898557997800690  0.38014749516292762
  0.39909796768947781  0.40934620453163600  0.41892184301367330  0.42697179952928255
  0.43862488253414988  0.45260143711776973  0.45916346615769144  0.46364207798843160
  0.46673907955526728  0.47019881059364910  0.47403917245812177  0.47864143905839068
  0.49056409732493916  0.50626581536575088  0.52096888704432820  0.53091468371949879
  0.53917789384337966  0.54665445922826694  0.55457223921162158  0.56500164858964208
  0.57204535836505921  0.57924678619116765  0.58802785852525408  0.59901106728030473
  0.61271585273966800  0.62789193540860189  0.64301195266511602  0.65458657752888261
  0.66141303435068255  0.66734767758073621  0.67244088997362927  0.67786510976092207
  0.68346540270896128  0.69110677343252425  0.69584651156333088  0.70124650808486200
  0.70910619370710681  0.71926263563178672  0.72709657407367889  0.73512537353417262
  0.74867894531364887  0.76306865177261463  0.76954155858443452  0.77736655996707904
  0.78318385540888324  0.78899234883463276  0.79745513078066943  0.80949818287555264
  0.81507814949935853  0.82051517503626015  0.82561624355152319  0.83090069212312678
  0.83666048118181358  0.84377204008518558  0.85565801417261733  0.86938135288709595
  0.88036926967412388  0.89024291743512252  0.89555722363217838  0.90202265258858183
  0.91094956763417212  0.92016694806376675  0.93156891070599657  0.94705145420059234
  0.96327415491937385  0.97765800759554167  0.98980137971197835  1.00000000000000000
 -0.00505361845033031  0.01084937926916029  0.02516343994529830  0.03726423991493762
  0.04740567755952104  0.05891773032370603  0.06920928755784253  0.07936249694183242
  0.08915858540486368  0.10362694979771846  0.11776403207198158  0.13179842004091205
  0.14756878892106773  0.16129395595147777  0.17324584395723458  0.18253468449423649
  0.19457338030769730  0.20812783193293571  0.22377360583703473  0.24080032962839965
  0.25681758306412716  0.26847096959285094  0.27404019779304989  0.28065516938670459
  0.28679998856983235  0.29328350023862459  0.29997709866317351  0.30818373588619480
  0.31680165690906958  0.32379732010547096  0.33151780208519505  0.33953063835926922
  0.35007746491817510  0.36201131713586260  0.36965273447920655  0.37869623651207346
  0.38758898814742843  0.39430402156869193  0.39965007247968298  0.40402089320245338
  0.40739006654218290  0.41011388672372862  0.41376407844628033  0.42065947921429109
  0.42816214632137201  0.43659449611709161  0.45364361163353412  0.46931797745791781
  0.48643688520922823  0.50008396116812359  0.51418482587111480  0.52790851149136819
  0.54577640245305392  0.56325828364134534  0.57431473905227737  0.58513575307149224
  0.59620521626165879  0.61195152100067240  0.62929103732298952  0.64367299489008467
  0.65308878379971980  0.66271146983965790  0.66762903418706021  0.67326362674824991
  0.68006458344436715  0.68967595220762712  0.70654953752890370  0.72279762665638514
  0.72979031411947426  0.73579845859296933  0.74319781688848829  0.75332919554953526
  0.76250319255726307  0.76741093134400484  0.77131488238189116  0.77529876804329267
  0.78285397968223547  0.79099750852774020  0.80260884692149470  0.81944353323398322
  0.84344127036563721  0.86639241500243025  0.88176806257775331  0.89683006448879410
  0.90390140951392628  0.90964510146470479  0.91468970536008065  0.91934535510034054
  0.92408669856262227  0.93409794520053890  0.94531487046061613  0.95656137250999784
  0.96781051459818368  0.97880402829637014  0.98940201414818518  1.00000000000000000
 -0.00312024668874486  0.00764902083755059  0.01977392636695838  0.03179158877046426
  0.04308454400542622  0.05461506091704300  0.06875666968152196  0.08385142259313473
  0.09982289529664386  0.11830045073379042  0.13203004942631910  0.13977495546580859
  0.14728767266632348  0.15530121763365473  0.16135215076973089  0.16486342904336579
  0.16827790170400339  0.17308814532039973  0.17667004259864816  0.18363221647058647
  0.19248330718340154  0.20555739043249810  0.22485808505606819  0.24193873656198153
  0.25361631271737933  0.26369308563328042  0.27524323533170186  0.29020272034314021
  0.30822940445584912  0.32567299396078409  0.34336680770956557  0.35684492331906081
  0.36453427472756844  0.37123454676231393  0.37523823740083917  0.37893646249470292
  0.38161405333524545  0.38664708209480403  0.40221365711262769  0.41214684354687892
  0.41968700914551449  0.42713620067986058  0.43367926922638417  0.43905954650891532
  0.44473694221102950  0.45003516003869143  0.45573531851373700  0.46303477097623730
  0.47399640763083190  0.48614791997104823  0.49652799159800237  0.50415514704834263
  0.51189335678109060  0.52161824519969957  0.53467710996632412  0.54936603277322726
  0.56053698820776965  0.56826881440316745  0.57633847098492408  0.58400078329872729
  0.59265169798476947  0.61166543055413236  0.62616778065287526  0.63910896194970379
  0.65221205110255831  0.66414372045551462  0.68189351974740042  0.70593712848611090
  0.72512719874834908  0.73410784813517949  0.73987213538023899  0.74684751391970672
  0.75419339646696248  0.75949292702792504  0.76996751271853148  0.78203597641627365
  0.79087639957417977  0.79728733706228516  0.80404779362714274  0.81172944670722191
  0.82158675119828750  0.83421896525084527  0.84814702543386977  0.86145015052247653
  0.87547372954386982  0.89296978659735504  0.91083019781097840  0.92541756108500639
  0.93923487175280551  0.95264317373947049  0.96623944595173628  0.97608914761460808
  0.98324534895695903  0.99038536732804416  0.99553083480647420  1.00000000000000000
 -0.00383567919188373  0.02684689839403297  0.05211365589284062  0.07849468171249797
  0.09502382997205287  0.10229136661684191  0.11069868036129206  0.12162771056329129
  0.12977941072460103  0.13573493331954151  0.14307777586301154  0.15604218003652059
  0.17528285883214673  0.19585509031162246  0.21040219202064028  0.22521295288325155
  0.23610125814588501  0.24512688994357296  0.25316461231736370  0.26337356569844061
  0.27797920783875801  0.29483501005911206  0.30915201730163300  0.31952836598576390
  0.32918927166683554  0.33835367605562428  0.34744939153598908  0.35687019515648816
  0.36630041110336953  0.38330643015167754  0.39957067430357029  0.41381208082716581
  0.42608342438849983  0.43580401548694492  0.44328852280329401  0.45034666566521142
  0.45768123879881989  0.46431488307483021  0.46956275396958297  0.47458271723860618
  0.47945072195247279  0.48445782031524132  0.49080894693972760  0.49996110985970543
  0.50782065016607114  0.51347877650503548  0.51706269241485825  0.52032939276840362
  0.52523485810973136  0.53208437071743397  0.53807507739271865  0.54353737238034583
  0.54963805365296303  0.55540631345891311  0.56008966242166680  0.56559071600399247
  0.57171476041539693  0.57875977863358274  0.58621831461997786  0.59609932026625279
  0.60696500477495019  0.61920482642632269  0.62923103918911449  0.63909532865149388
  0.65164697786226444  0.66308135353459752  0.66858561550112383  0.67422033154618755
  0.68007208038042299  0.68678824567770236  0.69461845918763532  0.70868678911534599
  0.72681548328013179  0.73848696406564529  0.74966225592701397  0.76273877847267957
  0.77276508123690957  0.77905522303801789  0.78603582363193292  0.79549652520237257
  0.80535218714141243  0.81497123875809274  0.82263914753727663  0.82917766155909511
  0.83452301629221837  0.84003045203622140  0.85307288759698208  0.87231227212473805
  0.88698347243402875  0.90268493276314732  0.92023284528952409  0.93643487152459959
  0.95517211747847997  0.97293856577171689  0.98674574456887076  1.00000000000000000
 -0.00572756399440746  0.02461689235138752  0.04467863208392731  0.06238850866359654
  0.07058099792689049  0.07540417403734286  0.08042238900497735  0.08541944189907497
  0.09032520741892755  0.09627179220156205  0.10326503014114284  0.11156110819688264
  0.11933552793935480  0.12638577947827059  0.13547876110475524  0.14899849246043256
  0.17830098435836322  0.19614902399134199  0.20924403874172956  0.21883918169315136
  0.22500096656374213  0.23216635653837817  0.24063570914164925  0.24539010141536799
  0.24644738612088318  0.24911764273619574  0.25271100675461605  0.25690115930603780
  0.26147294572154151  0.26660220819483577  0.27357868467753832  0.28210550444922800
  0.28862690907265537  0.29572596278111019  0.30650278852638457  0.31957403975798099
  0.33446481823454544  0.34790203296877115  0.36327858459406948  0.37768183561117286
  0.38781103126797922  0.39653368530286259  0.40418986567029946  0.41080753185048202
  0.42030920666767235  0.43239104113915555  0.44530368395094211  0.45972539473568991
  0.47901571809642890  0.49405342515619821  0.50407148022618831  0.51403328884824406
  0.52435626414202041  0.53536049735116442  0.54632122307556363  0.55873724123613211
  0.57012348141814673  0.57915261931943918  0.59046909615869514  0.60413380840929232
  0.61848490748152396  0.63307037942646305  0.64745247476650214  0.65921119269404349
  0.67010523819220624  0.68191192469298756  0.69348311145579034  0.70216059576562806
  0.71349760477128332  0.72616593372118576  0.74003335243465607  0.75663856399977658
  0.76848332743198111  0.77742416216496912  0.78515892094117612  0.79223424657272390
  0.79856885667917221  0.80473373612425991  0.81161883037104388  0.81862790152012688
  0.82563063259276215  0.83353368605098088  0.84489661883301781  0.86022331234034266
  0.87610650284226621  0.89082397976162564  0.90475694907362725  0.91766809252058568
  0.92898614011226766  0.93987281922055510  0.95188671718452400  0.96373549612413523
  0.97347917949848395  0.98291791104459481  0.99171688829081939  1.00000000000000000
 -0.00176307991610980  0.00456849276278431  0.01005686044326508  0.01470784039507828
  0.01953491645964646  0.02564560698352218  0.03200627123549937  0.03795148293675597
  0.04023196047617587  0.04332703442969921  0.04644968966224267  0.04912900617988794
  0.05099507309325781  0.05255023088339446  0.05420490871417491  0.05613633994866600
  0.05939798861200397  0.06275605822594023  0.06600745241700491  0.07220402722552302
  0.07904542776718367  0.08707797925386852  0.10694311238287843  0.12573191066406414
  0.14038692041032402  0.15199133150542810  0.15772721179717403  0.16315946921598118
  0.16809509666469458  0.17385169543480788  0.18146965372646903  0.19331373673221106
  0.20547475159942427  0.21728082436224849  0.22915774301992314  0.24296446798060276
  0.26441056912095984  0.27795848796190920  0.29000688367633187  0.30343238709874226
  0.31705775828772659  0.32666093112046612  0.33996996108720379  0.35456736925846849
  0.36860189896577272  0.38454783320949965  0.40394267082954299  0.42093458079187518
  0.43440864953610669  0.44724694486471317  0.45908136638384939  0.47001839706210002
  0.47961897595777714  0.49258582062500761  0.50845853103185523  0.51615577106893629
  0.52209959709792653  0.52925544155176996  0.53649643356855958  0.54587271109889557
  0.56510987879915875  0.58635446766631205  0.60585660324877577  0.62268031808571145
  0.64651841796989951  0.66847213650746695  0.68738225637240835  0.70591918976456025
  0.72168108778416518  0.73254473659862307  0.74110350419019377  0.75096322711044117
  0.76609751867533149  0.78682676867720047  0.80064247169676239  0.81422842007709006
  0.82938888628911178  0.84196664972837587  0.85699523537844702  0.86986808309371533
  0.88208769934891473  0.89507705667826343  0.90512217302732279  0.91352925447574884
  0.92375683654880425  0.92890593666954102  0.93400798290218801  0.93926352428740911
  0.94429099490698087  0.94868513745335037  0.95493205788673163  0.96504359552924068
  0.97418275474529992  0.98299453716339347  0.99189671073049324  1.00000000000000000
 -0.00251202184404081  0.01394902980039025  0.02590352982448720  0.03739773325194909
  0.04594575629308651  0.05503056593959927  0.06515750526952932  0.07791674523915919
  0.09150452199177594  0.10359607944573310  0.10884263069053816  0.11412531040525262
  0.11947216356650452  0.12638596643853484  0.13431552207395328  0.14238964064496659
  0.15131784406318016  0.16231415761676252  0.17532523673385003  0.18994899554032518
  0.20469306835997264  0.21590850344114559  0.22665657931243272  0.23655598873810621
  0.24667473594150474  0.26044131342692184  0.27437160358440071  0.28809060391759789
  0.29936654216111369  0.31332323960520292  0.33077576676020531  0.35482894883644578
  0.38054568098358238  0.40388169734133711  0.42257695881350021  0.43734977807023773
  0.45363278430551141  0.46416798834909428  0.47328152070511487  0.48391768376297090
  0.49511393411160620  0.50436591110698981  0.51258286388567387  0.52247721403175129
  0.53100989660851949  0.53660882756010875  0.54871457045832139  0.56107920148187007
  0.57035838382702198  0.58132748641829024  0.58935333522300948  0.59701582563124822
  0.60541096313329712  0.61341079183136571  0.62567691303323225  0.63778811896347753
  0.64864161131153752  0.65581381664712068  0.66162124610760220  0.66937010489006321
  0.67583584806494335  0.68122993104377927  0.68784958542638786  0.69448158284587624
  0.70918478589937795  0.72364664662592193  0.73379428403429225  0.74110725553467360
  0.74668475875963070  0.75185907066106072  0.76031714625559998  0.77084254691233778
  0.77843048118227598  0.78359285041608295  0.78841547205373907  0.79452329225181095
  0.80583679200518499  0.81911877479282402  0.82990080537144639  0.84009782496476382
  0.84848533644241020  0.85756747235421971  0.86947495525901664  0.88053082670696736
  0.88972589158648596  0.89505579591602724  0.89995689307996740  0.90514320492228451
  0.91024877484538702  0.91386752620975187  0.91784086794606801  0.92522785884945458
  0.93716251980907150  0.95539528511269778  0.97725430723351847  1.00000000000000000
 -0.00411728048766002  0.01332788701565091  0.02324814357901215  0.03011299353647638
  0.03613234314880315  0.04176026410339922  0.04708540592078119  0.05187684353489425
  0.05622806409824256  0.06199506745717442  0.07224661676855682  0.08908161075115456
  0.10814136174204415  0.11739854283860049  0.12627754077906231  0.13414193649737693
  0.14157802444861650  0.14849956106342244  0.15965873953170290  0.17762891261385860
  0.18807755560536188  0.19217997407741533  0.19493158805737953  0.19771176126872220
  0.20151774564572467  0.21363053861593043  0.23156502992818850  0.24775094983658555
  0.26008480390784627  0.27051601900255351  0.28063319394453540  0.29014962651019138
  0.30362601754284746  0.31189844793882304  0.32082916241607534  0.33332504835756460
  0.35080940035563446  0.37057431946820202  0.38794553331805776  0.40148783808520105
  0.41817171192998764  0.43500266781330199  0.44686045481642928  0.45771791044250759
  0.46817805182740474  0.48247063899725234  0.51584394086965135  0.54337014341079437
  0.56566880188111146  0.58041633018752126  0.58976474685174440  0.59615975610328031
  0.60231959712252947  0.61025900037151171  0.62110948121569898  0.63644009606065732
  0.65333017156536088  0.67482494300537266  0.69173983785794646  0.70644151994370896
  0.71968811841136804  0.72926632367984234  0.73718893627087489  0.74378460203836971
  0.75112126516302180  0.75939478399346050  0.76945378260321773  0.77755758163412714
  0.78531632532716888  0.79241702244267476  0.79968069120784779  0.80780057699548968
  0.81673530622414869  0.82664945889611541  0.83958988029599746  0.85788465529277214
  0.87502418936291915  0.88771488453945446  0.89463365736421652  0.90058027824211584
  0.90498538763397807  0.90932029385661617  0.91383474490853611  0.91938698025400456
  0.92317873434665632  0.92646565798154812  0.93316622165399765  0.94081319326071500
  0.94874582157194831  0.95649292415876597  0.96344659703046887  0.97026973866915411
  0.97705364525810512  0.98411224431823507  0.99241517397342893  1.00000000000000000
 -0.00266002513966424  0.01073769359564114  0.02275040403259454  0.03352867086960966
  0.04281733066236817  0.04769944573676317  0.05236633820469005  0.05758360001902338
  0.06394157535571625  0.07212631720900119  0.08147798763231114  0.09513589968320649
  0.11077335657198945  0.12772883214812461  0.14449526079434410  0.15738303983599417
  0.16747509549112743  0.17996008390721696  0.19064380475760651  0.19528289768553317
  0.19858971328473835  0.20156209748026985  0.20574417530151584  0.21192947797972961
  0.21945030838765534  0.22961565504080178  0.24360065115268836  0.25541244623534459
  0.26328444767317644  0.26817530658890015  0.27170689844859514  0.27588777078008597
  0.28048573127976234  0.28514940942534028  0.28985695462195349  0.29943773106010096
  0.31361736757523312  0.32373321397028104  0.34081928109595094  0.35274635395965931
  0.36307004797177272  0.37437092530362104  0.38557491617439604  0.39636544764694154
  0.40626572454669829  0.41736805816715378  0.42548460947231992  0.43382960604497467
  0.44482397098502574  0.45870620641306320  0.47362462333647282  0.48789670318706091
  0.50208296455745682  0.51892515273842887  0.53710543342781347  0.55857203273846645
  0.57360261344377672  0.58673990335037574  0.59890551637893175  0.60862578488969743
  0.61863946643446421  0.63152095319151713  0.64516429973495382  0.65397175866267343
  0.66289791986175961  0.67239196306915361  0.68085630554203413  0.68762582598267941
  0.69224456523333655  0.70474253161517242  0.71483218514279889  0.72737200337056218
  0.73895639986273010  0.75012443844750587  0.76306785655041387  0.77483580720954970
  0.78626065983754934  0.79761087471188108  0.81379091548851379  0.83321409919815481
  0.85048386173614388  0.86476888599720181  0.88554002721867098  0.90437204989539810
  0.92267550009563926  0.93054261704188868  0.93558298448684807  0.93983748751835816
  0.94377963927395692  0.94750970965146253  0.95175131422002668  0.95899106023488878
  0.96627047429258595  0.97595510497564486  0.98597694013932302  1.00000000000000000
  0.00751011531082917  0.16440740521864566  0.22887706428490992  0.25888431041249188
  0.28098950763799441  0.29250818054639327  0.29923438853560114  0.30645686368253050
  0.31514332326667133  0.32856447957817275  0.34941445376368985  0.36387424940801377
  0.37201763605884752  0.38015005690945036  0.38818616126688604  0.39585055680005332
  0.40407771269549020  0.41146028753389163  0.41676246082347068  0.42123602952993000
  0.42791313656129371  0.43791000958944482  0.44791223537804548  0.45912208247254599
  0.46845903536841704  0.47510477730547818  0.48032038641465896  0.48687841676074584
  0.49507585702847506  0.50338863360877562  0.51049955805461089  0.51734096505179861
  0.52532723745249221  0.53322917279175963  0.53989400392798681  0.54611264897550693
  0.55181389798567992  0.55663896855825612  0.56189180562883911  0.56921050297466635
  0.57781603468776332  0.58557524309622988  0.59347296470400868  0.59901649689453873
  0.60286329839176789  0.60595376824370462  0.60907363868048614  0.61222185365942217
  0.61556483763703629  0.61911054543671951  0.62444617309673567  0.62847803117700218
  0.63081632981160651  0.63323128222372438  0.63417860115585412  0.63492996176584027
  0.63626383710565526  0.63892755993354478  0.64216921085139345  0.64920454070555156
  0.65395384920946686  0.65695378379414238  0.66019204411391941  0.66351155822753305
  0.66762944019690385  0.67191333875483095  0.67720389599847097  0.68394620656561622
  0.69110426514349355  0.69849884220169056  0.70286040369066993  0.70710968645737693
  0.71191092710330850  0.71831472005725083  0.72467311503487342  0.73111188253265524
  0.73655891630461645  0.74072054924304875  0.74472372331075376  0.74930479425213026
  0.75520886956007904  0.76060261962830955  0.76574643307728429  0.77121898626196894
  0.77884238516653570  0.79212778435250064  0.80834913991648927  0.81969771923373536
  0.82616131498804013  0.83337191448026526  0.84207020461917637  0.85359277457401339
  0.86636890987338699  0.89145976027714857  0.94256909126638089  1.00000000000000000
 -0.03518408960991039  0.16849352079756000  0.23174140822994471  0.26594320723531867
  0.29191157646570604  0.31313076678050944  0.32878523712896479  0.34345961900392008
  0.35563570820015711  0.36935683594909852  0.37889978715966205  0.38842585899429927
  0.39276145682245039  0.39734351619385111  0.40248414765742752  0.40724621011974116
  0.41169585583731466  0.41639917555741590  0.42280501622089306  0.42842250109879415
  0.43461216013742554  0.44146256148638269  0.44737114812919698  0.45264289892034809
  0.45797666848383339  0.47171067416813511  0.48408193344538830  0.49205795673126101
  0.49916286368567847  0.50479966404962584  0.51016850253932200  0.51476892640304228
  0.51685688410336617  0.51977635151386148  0.52223623254922302  0.52476124913776567
  0.52809070145340065  0.53221584035542491  0.53640314841602665  0.54007825550526423
  0.54318249590873513  0.54620830507713458  0.54897864742509350  0.55171372777943994
  0.55393698861925744  0.55616024945907483  0.56010783340462567  0.56519295039042161
  0.57111035541038591  0.57744172093230373  0.58475128704074619  0.59060096481568414
  0.59515330275832801  0.59872387474013089  0.60176239553801469  0.60514192638760411
  0.60989001765366846  0.61665312824810148  0.62459995770545329  0.63074019867413400
  0.63577247132434800  0.64046604708965371  0.64429190546567983  0.64831805346665272
  0.65215569506377602  0.65368995732174473  0.65623468641980154  0.65949221460082819
  0.66242999338958786  0.66592775536467030  0.66931663769064154  0.67228268704232552
  0.67470504082875216  0.67719795538245586  0.67938214705438815  0.68464712740766420
  0.69435307067982410  0.70290693199157162  0.71040020598702391  0.71754608738922676
  0.72459818707440804  0.73030705943423935  0.73602868958059742  0.74236260455448178
  0.75008656772057514  0.76014136683292066  0.77003820427489345  0.78130458149488691
  0.79176058967064766  0.80065272726805636  0.81017112188896323  0.82011009585105610
  0.83087073191619010  0.84451008390840687  0.86706036084659910  1.00000000000000000
   1.7882484910185094E-019  -1.0000000000000000     
 T F F F F F F F F F F F F F F F F F F F T F F F T F F F F F F F F F F F T F F F T F F F F F F F F F F F F F F F F F F F T F F F F F F F F F F F F F F F F F F F F F F F F F F F F F F F F F F F F F F F F F F F F F F F F F F F F F F F F F F F F F F F F F F F F F F F F F F F F F F F F F F F F F F F F F F F F F F F F F F F F F F F F F F F F F F F F F F F F F F F F F F F F F F F F F F F T F F F F F F F F F F F F F F F F F F F T F F F T F F F F F F F F F F F T F F F T F F F F F F F F F F F F F F F F F F F T F F F T F F F F F F F F F F F F F F F F F F F T F F F T F F F F F F F F F F F T F F F T F F F F F F F F F F F F F F F F F F F T F F F F F F F F F F F F F F F F F F F F F F F F F F F F F F F F F F F F F F F F F F F F F F F F F F F F F F F F F F F F F F F F F F F F F F F F F F F F F F F F F F F F F F F F F F F F F F F F F F F F F F F F F F F F F F F F F F F F F F F F F F F F F F F F F F F T F F F F F F F F F F F F F F F F F F F T F F F T F F F F F F F F F F F T F F F T F F F F F F F F F F F F F F F F F F F T F F F
  <DiscreteSampler_grid>
  grouped_processes
  1 # 1 for a reference and 2 for a running grid.
  10 # Attribute 'min_bin_probing_points' of the grid.
  1 # Attribute 'grid_mode' of the grid. 1=='default',2=='initialization'
  0.0000000000000000 # Attribute 'small_contrib_threshold' of the grid.
  0.5000000000000000 # Attribute 'damping_power' of the grid.
 # binID   n_entries weight   weight_sqr   abs_weight
    16   10   8.949296005719853E-016   5.535664517367596E-030   8.949296005719853E-016
    17   10   8.949296005719920E-016   5.535664517367781E-030   8.949296005719920E-016
    19   10   6.409213580584753E-016   1.652526579752361E-030   6.409213580584753E-016
    20   10   6.409213580584630E-016   1.652526579752258E-030   6.409213580584630E-016
    22   10   6.873434479102428E-016   1.717684092631435E-030   6.873434479102428E-016
    23   10   6.873434479102152E-016   1.717684092631295E-030   6.873434479102152E-016
    28   10   1.653028864055726E-015   2.137525054602274E-029   1.653028864055726E-015
    29   10   1.653028864055710E-015   2.137525054602213E-029   1.653028864055710E-015
    31   10   2.265372714345697E-015   4.182657923958889E-029   2.265372714345697E-015
    32   10   2.265372714345651E-015   4.182657923958701E-029   2.265372714345651E-015
    34   10   2.381129570227213E-015   4.328314001249178E-029   2.381129570227213E-015
    35   10   2.381129570227165E-015   4.328314001248981E-029   2.381129570227165E-015
    40   10   8.949296005719851E-016   5.535664517367596E-030   8.949296005719851E-016
    41   10   8.949296005719922E-016   5.535664517367783E-030   8.949296005719922E-016
    43   10   6.409213580584750E-016   1.652526579752360E-030   6.409213580584750E-016
    44   10   6.409213580584632E-016   1.652526579752258E-030   6.409213580584632E-016
    46   10   6.873434479102423E-016   1.717684092631435E-030   6.873434479102423E-016
    47   10   6.873434479102156E-016   1.717684092631297E-030   6.873434479102156E-016
    52   10   1.653028864055728E-015   2.137525054602278E-029   1.653028864055728E-015
    53   10   1.653028864055711E-015   2.137525054602216E-029   1.653028864055711E-015
    55   10   2.265372714345696E-015   4.182657923958881E-029   2.265372714345696E-015
    56   10   2.265372714345650E-015   4.182657923958698E-029   2.265372714345650E-015
    58   10   2.381129570227212E-015   4.328314001249175E-029   2.381129570227212E-015
    59   10   2.381129570227163E-015   4.328314001248976E-029   2.381129570227163E-015
    64   10   8.949296005719845E-016   5.535664517367586E-030   8.949296005719845E-016
    65   10   8.949296005719918E-016   5.535664517367779E-030   8.949296005719918E-016
    67   10   6.409213580584749E-016   1.652526579752360E-030   6.409213580584749E-016
    68   10   6.409213580584631E-016   1.652526579752257E-030   6.409213580584631E-016
    70   10   6.873434479102418E-016   1.717684092631431E-030   6.873434479102418E-016
    71   10   6.873434479102152E-016   1.717684092631296E-030   6.873434479102152E-016
    76   10   8.949296005719843E-016   5.535664517367585E-030   8.949296005719843E-016
    77   10   8.949296005719918E-016   5.535664517367779E-030   8.949296005719918E-016
    79   10   6.409213580584748E-016   1.652526579752359E-030   6.409213580584748E-016
    80   10   6.409213580584631E-016   1.652526579752256E-030   6.409213580584631E-016
    82   10   6.873434479102418E-016   1.717684092631433E-030   6.873434479102418E-016
    83   10   6.873434479102152E-016   1.717684092631297E-030   6.873434479102152E-016
    88   10   1.653028864055728E-015   2.137525054602279E-029   1.653028864055728E-015
    89   10   1.653028864055712E-015   2.137525054602221E-029   1.653028864055712E-015
    91   10   2.265372714345696E-015   4.182657923958881E-029   2.265372714345696E-015
    92   10   2.265372714345652E-015   4.182657923958701E-029   2.265372714345652E-015
    94   10   2.381129570227211E-015   4.328314001249171E-029   2.381129570227211E-015
    95   10   2.381129570227165E-015   4.328314001248982E-029   2.381129570227165E-015
    100   10   1.653028864055729E-015   2.137525054602280E-029   1.653028864055729E-015
    101   10   1.653028864055712E-015   2.137525054602221E-029   1.653028864055712E-015
    103   10   2.265372714345696E-015   4.182657923958881E-029   2.265372714345696E-015
    104   10   2.265372714345652E-015   4.182657923958701E-029   2.265372714345652E-015
    106   10   2.381129570227210E-015   4.328314001249168E-029   2.381129570227210E-015
    107   10   2.381129570227165E-015   4.328314001248982E-029   2.381129570227165E-015
  </DiscreteSampler_grid>
