 -0.00000046156652393  0.00001004145650557  0.00001209595697738  0.00001502521756558
  0.00001712764460135  0.00001888504847542  0.00002009409536160  0.00002101236471268
  0.00002211533304480  0.00002298445810813  0.00002360868688535  0.00002414266221012
  0.00002462677217086  0.00002527992265222  0.00002581383666568  0.00002635685313176
  0.00002684280067542  0.00002736680106187  0.00002807536096154  0.00002866453566897
  0.00002927190995450  0.00002951033732053  0.00002975852438484  0.00003004841667264
  0.00003028378357363  0.00003042016896398  0.00003058176188450  0.00003075704273375
  0.00003094241098821  0.00003117646481948  0.00003142755441468  0.00003173937214972
  0.00003206865501094  0.00003268242280172  0.00003299460096525  0.00003316709746372
  0.00003332466378347  0.00003345407036058  0.00003359128777507  0.00003373528250149
  0.00003390055605500  0.00003403074608071  0.00003414331279420  0.00003429526516239
  0.00003449450281180  0.00003462895854293  0.00003472058248248  0.00003489519248159
  0.00003522219717056  0.00003560272337733  0.00003592879273562  0.00003631130594699
  0.00004015474502165  0.00004868343610899  0.00005899262163000  0.00006223605788518
  0.00006413821719869  0.00006533331897849  0.00006628102986572  0.00006695701847240
  0.00006747420952576  0.00006807366210256  0.00006871375592121  0.00006925612249260
  0.00006984594088563  0.00007054811920167  0.00007116717344112  0.00007200796763140
  0.00007305299479071  0.00007430714849804  0.00007528889657154  0.00007586710956855
  0.00007632150705280  0.00007677654679439  0.00007722842968288  0.00007773546902663
  0.00007870290458668  0.00008057414813371  0.00008366245270854  0.00008795732938459
  0.00009314591046176  0.00009826299656020  0.00010241074725802  0.00010505608935198
  0.00010840060932242  0.00011211646049886  0.00011696362962180  0.00012642885421323
  0.00014430940500139  0.00016691620379552  0.00019371815102154  0.00023521541863799
  0.00031606463499172  0.00056147532536307  0.00313475153396362  1.00000000000000000
  0.02776221022154362  0.02792666428136753  0.02808797767386477  0.02824280481575480
  0.02838933357533266  0.02853279176033317  0.02869654462742567  0.02890035472430501
  0.02913721963836905  0.02928750813206229  0.02946965540756496  0.02964942019427597
  0.02982262807614086  0.02996709017919978  0.03012240795336962  0.03024904564997734
  0.03042951068843553  0.03056848048709323  0.03068582804958167  0.03081443650452254
  0.03092708626086128  0.03104417176502335  0.03115799990854042  0.03126195849404955
  0.03138133841930814  0.03152660585198904  0.03163793161331754  0.03174555985965447
  0.03183146983781501  0.03191737981597556  0.03201095301580553  0.03212074218518443
  0.03223053135456334  0.03237620358115914  0.03259685576831544  0.03281750795547174
  0.03307742105094401  0.03328561772830152  0.03341067260744876  0.03350557522789763
  0.03364311533669873  0.03381061591617895  0.03395384890394117  0.03405944537292409
  0.03413354331228215  0.03419318426403140  0.03428042217393601  0.03436770049987141
  0.03443129644381191  0.03451562542094618  0.03460476199710954  0.03464325892821332
  0.03471980279027019  0.03481547450039997  0.03489690453068443  0.03498139154855443
  0.03507288122753924  0.03516819239348790  0.03531821657952267  0.03547192774142505
  0.03564586497193594  0.03587115634428288  0.03606955228053301  0.03624042079744060
  0.03642971913219106  0.03675801221747091  0.03709616428911737  0.03739492597013164
  0.03776244441932283  0.03816119431152691  0.03849640799984544  0.03879573279935087
  0.03902806064455274  0.03926127222307685  0.03958631575680034  0.04002791865559277
  0.04035568618461857  0.04063440978691607  0.04097992739446266  0.04143781102762200
  0.04211035569127324  0.04261959350491489  0.04313822226104127  0.04372846660328859
  0.04449629808782923  0.04552676676281310  0.04641418390984994  0.04720363272219761
  0.04831278776691952  0.04978774283968310  0.05132955988419262  0.05281391366137599
  0.05499586897028919  0.05733258502716225  0.06123068754491757  1.00000000000000000
  0.93496698926238608  0.94297999328098248  0.94422505630381603  0.94526995559673210
  0.94605324060372953  0.94665159915426067  0.94712512583749731  0.94765009733647809
  0.94838227511613615  0.94892247680192277  0.94940973398990736  0.94992250262528555
  0.95044978027347626  0.95096842592475239  0.95126708600472698  0.95166101964435235
  0.95218064190233542  0.95256654199971835  0.95292426835136468  0.95333576567107992
  0.95404114452485866  0.95481123517670830  0.95544887245374166  0.95589898410251395
  0.95627214892144818  0.95663149000745618  0.95698234335273025  0.95736725863913974
  0.95772204626789359  0.95806206552579454  0.95834070786191294  0.95855848166285740
  0.95874011534450188  0.95900069237181607  0.95930454703552526  0.95951453617568228
  0.95974281723619470  0.95997703633705578  0.96020994480726574  0.96051107308816730
  0.96088929814128421  0.96117791752354165  0.96132527381016586  0.96140573678799923
  0.96148251717859279  0.96155790384537587  0.96162495414179483  0.96169391879966315
  0.96178926937263443  0.96191110052759110  0.96199944873648735  0.96207402659287455
  0.96214312417276726  0.96220358352489477  0.96224331178867462  0.96228627222678909
  0.96235992218781019  0.96263440217668250  0.96290938507796875  0.96316185748593841
  0.96331456708597418  0.96343446336879313  0.96363876518149949  0.96385947480924350
  0.96402200179078357  0.96418699416729037  0.96448926804925761  0.96469032206491423
  0.96487405764873668  0.96502742848400402  0.96513839224973641  0.96521629187446845
  0.96529415926683926  0.96537188102897087  0.96545367808021565  0.96554888664929273
  0.96569369797002924  0.96586044846709174  0.96606031414833859  0.96633118410882912
  0.96668891681865099  0.96694699778927251  0.96718196507198739  0.96739203965119014
  0.96758290676302938  0.96783887606820052  0.96810828742560362  0.96835824492129097
  0.96862014339082880  0.96888847777530207  0.96902296085494199  0.96915604566481950
  0.96927671105700097  0.96936914220115733  0.96944410132188386  1.00000000000000000
  0.00316348927232409  0.00380509297455294  0.00400076084040480  0.00413952930034251
  0.00425750075572679  0.00439787910976599  0.00459429857826386  0.00488206189098590
  0.00506230826368073  0.00524718037327570  0.00542401127393861  0.00558764101210404
  0.00572040489663064  0.00583077482454086  0.00593098379713757  0.00603730364850836
  0.00618107136098366  0.00631591979851748  0.00643881444908424  0.00657639049655681
  0.00672574209018647  0.00691918146094248  0.00711383102829375  0.00728669628694870
  0.00744442897844278  0.00748750197891817  0.00752604316458637  0.00756444234188381
  0.00760276287759707  0.00765525871560170  0.00771377948277248  0.00777054727385567
  0.00782855830554401  0.00787261578003032  0.00790261963511913  0.00792857038327294
  0.00796718163306237  0.00801557489170316  0.00806555241393652  0.00810490927685192
  0.00813846807889877  0.00816513006872029  0.00819347512355433  0.00823868498193393
  0.00828178608848467  0.00833220425658636  0.00840155227156180  0.00849549849551176
  0.00866872679690570  0.00875062471622763  0.00884551168854788  0.00894489437397824
  0.00903188140233425  0.00914700319152140  0.00927643686725162  0.00937996224494764
  0.00970022636312005  0.01010350825476594  0.01064066562036038  0.01133938733556154
  0.01210273424060142  0.01267659112319806  0.01318652625261117  0.01371046415174962
  0.01424211540590471  0.01469770294856071  0.01518824382231118  0.01580561906951520
  0.01641674828426692  0.01690728717498408  0.01735651823416872  0.01767058072986514
  0.01816102644580337  0.01855920638877747  0.01915701249678683  0.01954761366263102
  0.01979199676456155  0.01997307892932453  0.02009913893450157  0.02021678899472048
  0.02032964196699812  0.02041157598662458  0.02055065613314772  0.02099564464844377
  0.02144063316373982  0.02251020881283456  0.02387380734754362  0.02532172736582802
  0.02714542309724585  0.02880144619277595  0.03020240092386576  0.03135306609037492
  0.03650550057027405  0.05578026921574684  0.15408421568448100  1.00000000000000000
  0.00301985946426849  0.00475211158815092  0.00589742160204762  0.00667606342766758
  0.00756684303735975  0.00821551172294688  0.00881883357244131  0.00921882393691386
  0.00947634658125837  0.00973512240379797  0.00996534947350388  0.01015287958841294
  0.01029630360582283  0.01046360372869872  0.01061298550041796  0.01077697464896409
  0.01097936270007304  0.01126840265788213  0.01163776078111426  0.01179930936259606
  0.01192785655498553  0.01203541015130605  0.01214117769256485  0.01225082871384170
  0.01236969242181167  0.01255999115296851  0.01291075719030669  0.01327040225256209
  0.01347844894955330  0.01367263847417704  0.01386917650973082  0.01406312152420179
  0.01428282664021825  0.01455456466578004  0.01484577871541100  0.01536466548580996
  0.01607294543268390  0.01674695344085091  0.01733820651226354  0.01762781629199011
  0.01791970973860325  0.01818216270649111  0.01864862957374011  0.01907595757335899
  0.01939731280014597  0.01969631781681278  0.02005568445153784  0.02044101004942172
  0.02124937763457075  0.02274339342928576  0.02452494627906679  0.02574085405637616
  0.02646826071278436  0.02689361474701568  0.02727329042318886  0.02767354382212877
  0.02814333144062826  0.02886760378635828  0.02972703967536281  0.03034213149003186
  0.03084287866491851  0.03146136790493469  0.03206369842205081  0.03263393399948542
  0.03342731226934549  0.03426742461265718  0.03512054648193961  0.03577326100334893
  0.03631136100414904  0.03677139208036248  0.03706993380100768  0.03753286146004587
  0.03805666521256550  0.03864260328072112  0.03939467898187644  0.04026878175388749
  0.04123535683938945  0.04198762183412948  0.04276036794038451  0.04360104510047420
  0.04506537694779416  0.04652970879511412  0.04832728664619986  0.05025802619541708
  0.05224230978290544  0.05448886317790060  0.05618648019209350  0.05816523949760608
  0.06087504709612984  0.06420342611108203  0.07532545729144674  0.08882640049745659
  0.10377607227919204  0.18069192968964484  0.30888262322495891  1.00000000000000000
 -0.00086367078187424  0.00494040540466225  0.00869841345094906  0.01238799151544596
  0.01738850228233470  0.02119187128543193  0.02485793148092409  0.03883267265293038
  0.05792362425698994  0.07046858405482080  0.08040165428183720  0.09271881223608040
  0.09937298678702375  0.10542197605529144  0.11271696244544575  0.11938687079960153
  0.12289919573537811  0.12627182841746445  0.12937088717957704  0.13360622450933474
  0.13930754573483456  0.14440679441598839  0.14825874062989192  0.15473691183198746
  0.16290634749323479  0.16750507034190451  0.17072030447439845  0.17331940631233189
  0.17657502603030018  0.18236147366768526  0.19284978844880452  0.20362239960352979
  0.21270667320126238  0.21863427545202516  0.22424068960152566  0.23191284100696108
  0.24068948877309151  0.24877994584977789  0.25438075070110228  0.26187770255618692
  0.27008080553702474  0.27871435282783552  0.28714656294865143  0.29572062898944185
  0.30471465888678195  0.31123762136932304  0.31687902554031888  0.32462320305607328
  0.33268365060214061  0.34261343350114243  0.35346978259670364  0.36164377331102970
  0.36598505963816530  0.36977292797437861  0.37321600556946843  0.37495880364417922
  0.37743458427636417  0.38191104309702584  0.38801037963192186  0.39464143060991913
  0.40323584119420514  0.41322832890121974  0.42039609153691088  0.42775740421006614
  0.43439611965437203  0.44188412548986988  0.45391076440461120  0.48051726216286605
  0.50129258452989867  0.51284708603475704  0.51860317871687456  0.52421898476564177
  0.53205620147396715  0.54118509043923169  0.54996754192336439  0.55685342257552917
  0.56265975616793862  0.56736662926039649  0.58305642200725827  0.60377855514492829
  0.63120912827342179  0.66568663638659398  0.69696556101405194  0.72224343539614744
  0.74745481127645641  0.76806947722353969  0.78826583627859270  0.81398414265596164
  0.84939939588376079  0.87550855516495507  0.89604240027653526  0.91295249454722482
  0.93053762023167841  0.95141215331995577  0.97486214178884989  1.00000000000000000
 -0.00375818863911141  0.01430413584947808  0.02814342579894066  0.03721740563679315
  0.04696455575052323  0.05641112897004830  0.06553070220810898  0.08085656507890637
  0.09838223597192650  0.11409606428066198  0.12742948058561218  0.13972918925281372
  0.15378659274966625  0.17487306493090421  0.19469434697136895  0.21814354222082102
  0.23659203366378048  0.25033257338885401  0.26327765524389884  0.27594120527391275
  0.28841970726742117  0.30298759547367110  0.32052852339407745  0.34516674332268954
  0.37106157043223487  0.39389989869223258  0.41712865970693291  0.43610806021637200
  0.44930991846337853  0.45680592457763874  0.46246304163804297  0.46711993667356444
  0.47307018551753272  0.48083154717028337  0.48932037541792189  0.50056795294383705
  0.51594244326006489  0.52499183121710580  0.53049972704529602  0.53519532840309281
  0.54062747732015104  0.54330904311621986  0.54732624396153617  0.55027138931137165
  0.55581326784861351  0.56527272941789164  0.57424290091528962  0.58195704225521949
  0.59057241411558137  0.60007230776226339  0.60943282680121480  0.61956793661316101
  0.62743466087273292  0.63418241469677750  0.64189927164896965  0.64964100908402844
  0.65740908771498263  0.67085056581482061  0.67750272518393007  0.67994853107807907
  0.68238335243666293  0.68481219170856444  0.68961237886931359  0.69523840068870391
  0.70426075805119581  0.71433035519313459  0.72627467548292057  0.73399513912204295
  0.73876280778338999  0.74937693798832528  0.76746894894459528  0.77812727478121890
  0.78190628177430543  0.78658037011755433  0.79024580155555879  0.79364459087177042
  0.79837749633335764  0.80782913818457625  0.83163770624375433  0.84591173502414163
  0.85584111138721874  0.86585236807618438  0.87987640727876859  0.88539127595317990
  0.89000615342455569  0.89580797328808692  0.90164456172273311  0.90627888387194544
  0.91186020051268901  0.92136523774559986  0.93625709984948302  0.95503237494616311
  0.96987535633824717  0.98411681175056742  0.99306397884061925  1.00000000000000000
 -0.00422361097485795  0.01990956781855561  0.03693580285518366  0.05563692747360183
  0.07668269669283140  0.10004932174123755  0.12065617433434306  0.13314963905295651
  0.14378274230877619  0.15195466182822603  0.15693623635323520  0.16004404913650547
  0.16412729835256434  0.16933120061502405  0.17436810245978523  0.17831067483692858
  0.18591334671491869  0.19850049127652253  0.20963037487104794  0.21776134678993195
  0.22264662668689891  0.22769043465790539  0.23283245550258949  0.23797275138543628
  0.24310734710738988  0.24824194282934348  0.25570025023161186  0.26448980009002943
  0.28840826085951143  0.31237955570234532  0.34073399707190022  0.36237643223543031
  0.37680182339989943  0.38471100444727668  0.39058614363059779  0.39499279501727924
  0.40036075201990640  0.40323110251329591  0.40509247692269035  0.41201016588579620
  0.43124911070890382  0.45516089857626923  0.48026182636710590  0.50474415026559039
  0.52459630660860990  0.53978789964259455  0.55196413573393188  0.56182226842296834
  0.56629106068412061  0.57096676826994097  0.57701386137504218  0.58291651953629287
  0.58835380859096031  0.59551876222902100  0.60632000056634339  0.61786250205518500
  0.62910874879761591  0.63917093367282152  0.65084967269005323  0.66557902058210661
  0.68524237427645551  0.71099693578371781  0.72404922800166693  0.73319279753350364
  0.74093240449073250  0.74722425433589368  0.75387674585165676  0.76226319375830531
  0.76925909841814644  0.77581224976174246  0.78663152939119485  0.79977885996710985
  0.81446966228562179  0.82646072540942694  0.83453103955965890  0.84132984573986558
  0.84854436351773321  0.85480667517529685  0.85995553285043413  0.86498913262755350
  0.87094370996877202  0.87824347054075991  0.88601443383740164  0.89511748800745616
  0.90669440293147108  0.91562638142015051  0.92261796234665394  0.92875471364252860
  0.93515841873148875  0.94171038398679863  0.94615424324909991  0.94978667904329450
  0.95616362291265022  0.96962669808901902  0.98432253698660332  1.00000000000000000
 -0.00397828092765650  0.01470797213153222  0.03343815522161293  0.04562502075791874
  0.05403680930169112  0.05970664858073621  0.06508465714365001  0.07295608702633423
  0.08045009303502906  0.08801509577620015  0.09628813067456392  0.10396681469108469
  0.11454682713394222  0.12673072545747510  0.14253303453215990  0.15938683482880903
  0.17121921093735784  0.18074534225507513  0.19186979795097731  0.20481353404465727
  0.21760019733045377  0.23068907791444979  0.24408956309872781  0.25203624704235977
  0.25989881720305508  0.26657319582147704  0.27287794285924111  0.27827512905920787
  0.28708885279747953  0.29926783831898301  0.31170631909816920  0.32641787559485735
  0.33749637770772600  0.34521723059994308  0.35049606517146936  0.35599784779240795
  0.36312286366214352  0.37075801099454930  0.37905070113272410  0.38873328957168379
  0.39723968613400590  0.40528270165564217  0.40997041302080584  0.41405509125933532
  0.41857563947973725  0.42568141832908263  0.43544016250137657  0.44854527394272309
  0.46454694779035099  0.48401912448524104  0.50262850117182001  0.55198637684190022
  0.58213301807484163  0.59759999712713152  0.60630414196918303  0.61016883128147903
  0.61174906219395409  0.61346474258711869  0.61575588019328698  0.61997252939463210
  0.62378193712506325  0.62759106828715572  0.63172181589667786  0.64289089187470039
  0.65978846547716052  0.67461262156239521  0.68972768942182971  0.70349958860866513
  0.71305506201361402  0.71932617763559481  0.72609459454237768  0.73440754932739882
  0.74546115291342852  0.75338193584631252  0.76333989603446539  0.77480098562029098
  0.78313354657452172  0.78851270622551350  0.79308144718821094  0.79707379085450247
  0.80071679462898482  0.80611297930893300  0.81444196926183265  0.84142268458387659
  0.86294455405089043  0.88016008162581094  0.89926253735078043  0.91764471769097744
  0.92992825897949027  0.93821937189170612  0.94868170143187558  0.96264735923903411
  0.97079719777931317  0.97782633569225741  0.98891316784612870  1.00000000000000000
 -0.00301611839907927  0.01555236540097164  0.02752372973784374  0.04717077753950733
  0.06333017051551156  0.07925600215801007  0.09058550195183727  0.09876089023253463
  0.10377961380872172  0.10909926914934948  0.11430555275078844  0.11984569035767659
  0.12772908030642269  0.13974843732786704  0.15352840373460311  0.16810849409546988
  0.18722666520181927  0.20394779668668070  0.21686918043157496  0.22503476640561493
  0.23284773491365637  0.24069783803786882  0.24536164303838079  0.24879335058358878
  0.25175344656983639  0.25498695145172390  0.25929288530867545  0.26312722271705874
  0.26495205432444519  0.26940404653377487  0.28467948881302335  0.29436269558490941
  0.30184955422887577  0.31057052042363487  0.31979845170725113  0.33058434261813024
  0.34609467969561086  0.36616286382312646  0.38289760201527162  0.39799185371876067
  0.41281262061145257  0.42686123753303418  0.43847813004994818  0.44752168085555000
  0.45950787883844607  0.46791026279678016  0.47342120434353963  0.48041123275859687
  0.48856339688370004  0.49632491005984608  0.50708408543508043  0.51668128684794756
  0.52755258262585236  0.53917530830694760  0.55176598812743394  0.56788160243427810
  0.58615511621374361  0.60202983403653643  0.61434188526737410  0.62640657986357684
  0.63738273826377212  0.64722424773589893  0.65679912941203566  0.66756042283404138
  0.67790044559997664  0.68532932772088251  0.69107371704295040  0.69652213934614882
  0.70880134794284066  0.72494700958685310  0.73805774367647470  0.74947971132055891
  0.76293991610201140  0.76897783694467348  0.77528742715849930  0.78160566300642076
  0.79236502054288782  0.80466563343797370  0.81830384630737529  0.83076182957224520
  0.84245590017480187  0.85056130542067354  0.85770089350967671  0.86296853336165280
  0.87036303678783333  0.87907931728590083  0.88958096835009670  0.89705306817173813
  0.90091099934423136  0.90617491949455520  0.91186132122519625  0.91958503589992158
  0.93047708839319820  0.95082677841199170  0.97386792995592686  1.00000000000000000
 -0.00628570746078309  0.01807776797148377  0.03837334081373560  0.05738630495646448
  0.07681832094319313  0.09469281657427112  0.10893238745890985  0.11698546642806043
  0.12509622340085197  0.13332201807811578  0.14132210590780836  0.14918505532986265
  0.16361156853722758  0.18278379057954131  0.20724130092276011  0.22591003695942674
  0.24324420469194732  0.26199694585812461  0.28467778603299754  0.29892310945767547
  0.30556272867295831  0.30816456077420518  0.31067484224882136  0.31308900050149657
  0.31478889206041388  0.31708529883059322  0.32005968575159738  0.32447685317971819
  0.32779947731298364  0.33189035285166735  0.33747431564175601  0.34289445291113341
  0.34845085225576000  0.35428380134779053  0.36186899397933742  0.36830242167812949
  0.37338559280451977  0.37855384393186681  0.38382674451102344  0.38988958906634402
  0.40154627483882316  0.40944563450640908  0.41636892080642779  0.42844590840092350
  0.44016482244205624  0.44729421456144869  0.45405245507673603  0.46043714486085296
  0.46538163666810634  0.46919762513937446  0.47832214734019873  0.49379879079150951
  0.50750144384822593  0.51988509931791937  0.53341109628092354  0.54511965826989617
  0.55268773268094940  0.56894662995544343  0.58832967128893221  0.60279165040483362
  0.61857442340690216  0.63526421140929668  0.65120498524472126  0.66494231325434727
  0.67836885585930884  0.69260045117887681  0.70738670951406557  0.71937812249100486
  0.73320573015447921  0.74875674752760379  0.76796083566238615  0.78609253961173176
  0.79820900215388502  0.80936802354275927  0.82639342696021090  0.84585341425985916
  0.86714234685109604  0.88195453579417504  0.89130886866460113  0.90077898270289014
  0.91020517801876266  0.91830338293148850  0.92416250353606533  0.93103271436649604
  0.94019901628164482  0.94445807404481896  0.94769201770508360  0.95162047055123222
  0.95611497367457754  0.96125839446752293  0.96721183820527556  0.97200115342709970
  0.97787138736680046  0.98550631189703786  0.99260186966928876  1.00000000000000000
 -0.00215613895354018  0.00357439359045856  0.00897270626946439  0.01594290295375653
  0.02435252770461369  0.04007883527408177  0.05243162734699106  0.06336205489848451
  0.07296304629533845  0.08146934743603182  0.08991509364066254  0.10110142116017733
  0.11357812039353102  0.12380962073371901  0.13188169433239114  0.13665575431070032
  0.13979450661568610  0.14204791451627613  0.14360389921423070  0.14726225953012581
  0.15220288133176643  0.15751989352017895  0.16485368461916960  0.17142253320739789
  0.17655517223536576  0.18281418097631272  0.19546421128042027  0.22386673747582209
  0.25068470020193540  0.26782885469864515  0.28069721550327908  0.29533167333449778
  0.30474255964238628  0.31456498934991972  0.32502927015870392  0.33679548844867974
  0.35249853937314807  0.36327822640541069  0.37379023041247239  0.38475933490938541
  0.39979648673056517  0.41398989655208013  0.42766576443671905  0.44399479153889793
  0.46886863434594644  0.49538574316254164  0.51996026937353379  0.53888267315215521
  0.54734118271583487  0.55435532429116074  0.56019639266423171  0.56791090999246630
  0.57734334289951383  0.58965702225594885  0.60656229468492662  0.63207617917250192
  0.66131944581149049  0.68348343498760844  0.69749677912594610  0.70784849994051646
  0.71488415566846786  0.72035964393367968  0.72831270131027048  0.73709833558486226
  0.74776384257933659  0.76059436524905299  0.77461906305290029  0.78778062790051229
  0.79439954528441381  0.80011715686157203  0.80318662818436093  0.80597363913189446
  0.80764764783286724  0.80992200172734474  0.81376049763167280  0.82104855220497941
  0.82951193327814088  0.84026582920096393  0.85122034574715622  0.85734954917798523
  0.86804110581777305  0.87916322996841068  0.88549483366309989  0.89038257094682627
  0.89492486455247255  0.89998885312587418  0.90725782470760341  0.91476079118945586
  0.92186703536638537  0.93012373789058744  0.93981359639982398  0.94956782858173294
  0.95896802767238032  0.97170431590508755  0.98632467115372446  1.00000000000000000
 -0.00466566082802531  0.00549974921978613  0.01398537159849886  0.02207560177112627
  0.02884456128583184  0.03561352080053742  0.04229573005979314  0.04897134864308522
  0.06223511952191862  0.07728833150990450  0.09253494367064012  0.10780586881223443
  0.12083269558833776  0.13202318884112343  0.14240070879633024  0.15483713330610466
  0.16716856082996195  0.17814761412923100  0.18430537817905340  0.19919116005344212
  0.21373763890596789  0.22525093054018896  0.23648984149513191  0.24473737381516891
  0.25107102075235083  0.25819112194460314  0.27025061046870064  0.28383979454925762
  0.29100598514243325  0.29493253200241792  0.29860678884838565  0.30185146941204199
  0.30617878605304416  0.31139058345521431  0.31598291959642555  0.32427754555420302
  0.33558792796836573  0.34420504533412843  0.35499712613242390  0.36578283209647977
  0.37637953007200214  0.39407524895283763  0.41221224070548268  0.42441661458598751
  0.43447175246477249  0.44545058123696002  0.45834957609674021  0.47203897349338603
  0.47903767666456587  0.48331133465771842  0.49060134043936032  0.49709478442179539
  0.50024619214692745  0.50337585689335829  0.50649830649162886  0.50944312079961074
  0.51233842838566301  0.51718692148781997  0.52426466173371844  0.53302422300810981
  0.54836204432440327  0.56168852889793286  0.57776410494950603  0.59047107588036807
  0.60275032933273431  0.61593182917927181  0.62492946106744651  0.63367210697555731
  0.64150486768285442  0.64777045824165380  0.65803520708426910  0.68180526140895537
  0.70258666036145045  0.72078112845485953  0.73454082349684968  0.74979918040545734
  0.76684954178344167  0.78469008208256508  0.80109446060436695  0.81949288271284593
  0.83529629384351256  0.84635453736322319  0.85681734300659274  0.86651057782853169
  0.87386272559135125  0.88016482897771453  0.89395038787400050  0.90129727936951076
  0.90738029481369087  0.91427647392174316  0.92675970245456818  0.93544186087414583
  0.94333812550489426  0.95149187940075042  0.97013875700945840  1.00000000000000000
 -0.00408504616244832  0.01483404402864958  0.02862916202139242  0.03817488170429544
  0.04632739911517397  0.05212589884203699  0.05552236557833193  0.05942661938866014
  0.06589345175781691  0.07822526218053207  0.08855946668935322  0.09474791240756059
  0.10335588742203163  0.11486555855402004  0.13217285021014008  0.14661751880807183
  0.15675087867296184  0.16125297776680264  0.16885928355914123  0.18039424531339146
  0.18706047397786338  0.18997152392608563  0.19272989921402495  0.19572329310576461
  0.19798835315213018  0.20113532644268789  0.20947436586154700  0.22105238677347744
  0.23782336717798513  0.25381201180218710  0.26463667595023727  0.27433821308414391
  0.28369929684691392  0.29241093436635596  0.29770345973985046  0.30593918854999025
  0.31955197948380576  0.32695858166901093  0.33128213153397373  0.33673235598282308
  0.34343876863890754  0.34698423519585819  0.35047002100786162  0.35582614199480361
  0.36277554559793290  0.36820137499901567  0.39378387260016312  0.42119838878287785
  0.44831672092745656  0.47877781383586326  0.50647081537187544  0.51559670492045817
  0.52369706496728596  0.52922841717897018  0.53393361100939429  0.53814547473408036
  0.54201842955239732  0.55150976188381839  0.56618908158311920  0.59250922065231082
  0.61420730121553224  0.62857163970052232  0.64036023895950978  0.65150441750758870
  0.66023262070180166  0.66949907601350578  0.67510817238009724  0.68147186973308149
  0.69410856281306454  0.70717354494558327  0.72052340412594107  0.73847176599490527
  0.75716189431988279  0.77401258174817755  0.79339577320920562  0.81359846716254847
  0.82551860873235583  0.83248583484862426  0.83921150395029909  0.84573757156111906
  0.85216563574551984  0.85847344559465322  0.86701792884579698  0.88010017782523364
  0.89339809754193933  0.90183735359910078  0.90842955409709569  0.91869040887175968
  0.92508109135390360  0.93085167790386569  0.93573129905879060  0.94188452473753959
  0.95114377417826590  0.96897950501014785  0.98454570726693025  1.00000000000000000
 -0.00176518033371264  0.00840994059284921  0.01381253446592735  0.01837734691362455
  0.02368709599917338  0.03162775626309378  0.04329184927607507  0.05521044066319922
  0.06617294104615305  0.07737874645858420  0.08524748311396983  0.09182614653036199
  0.10090598716763102  0.11024523885037851  0.11929017885104362  0.12917913234686537
  0.14110942455563394  0.15652169415859005  0.17195976296988585  0.18833514115298586
  0.20654846627862347  0.23033626960986825  0.25278889471053845  0.26457479423362473
  0.27642287138671806  0.28832670058063675  0.29990101594105728  0.31182682600551848
  0.32535255059347978  0.34014684280681556  0.35692874439033878  0.37651637365148422
  0.39484018009034610  0.40968971180353309  0.42169144711969436  0.43101664452455357
  0.44033569045798060  0.45422552312350600  0.46951247222802583  0.48626331052121369
  0.50917826767705410  0.53331501971738848  0.55020517214333842  0.56040520089469970
  0.56843498921178703  0.57545673790827201  0.58490077959002273  0.59433567325157222
  0.60424295764105918  0.61519383592701282  0.62801999432532241  0.64665574090342071
  0.66442025006081540  0.67720288393638262  0.68891892821164002  0.69814191292996497
  0.70740263388824565  0.71529303917457798  0.72276715816401171  0.72602505458732969
  0.72743261228195422  0.72876771688505793  0.73099031858484653  0.74200990082044682
  0.75946814099124949  0.78066012901797699  0.79046519532564419  0.79655009837707780
  0.80307241649415873  0.81084016807787829  0.81860014238293788  0.82445698115588650
  0.82923788934340570  0.83425205691901316  0.83956283766702422  0.84421454825461684
  0.84858112728303314  0.85355042955618476  0.85875324369617390  0.86538641488148349
  0.87280246314240195  0.87899800009349283  0.88541781744392856  0.89551512480332862
  0.91470146863187807  0.94050672437153282  0.95972531984537790  0.96564740100501345
  0.96923488614376641  0.97420189761769660  0.97802862475264352  0.98170320092927288
  0.98619356857526497  0.99017037024358767  0.99378397666135310  1.00000000000000000
  0.00088366935972893  0.00765167682381467  0.01555187949940632  0.02631708290194968
  0.03954876656399368  0.05050889236647180  0.05836729239647508  0.06639419337940945
  0.07443372712292146  0.07986141901767169  0.08358048301277365  0.08644229182458350
  0.08958104978392580  0.09534097479268533  0.10100865301674340  0.10704906721712706
  0.11369365558530821  0.11879648945591065  0.12841501916425696  0.13703850095004766
  0.14454784882359453  0.15052656617232685  0.15777911164445677  0.16350838167130463
  0.16883717813044791  0.17790913910190206  0.19164380381579915  0.20761605418754328
  0.22345359140457574  0.23533219674529626  0.24716245306521459  0.25728856927325233
  0.26864225950108611  0.28432992021672232  0.29341637171499585  0.30154636180293465
  0.30794123487976760  0.31661797727486429  0.32709839426715198  0.34599226231206304
  0.35994981433917100  0.37139379919387272  0.38692312208130392  0.40500257612584417
  0.41586868564915280  0.42653197874069487  0.43850969123153688  0.45118695219521382
  0.46546978669924932  0.47966928296782796  0.48690328066208660  0.49655542412374115
  0.50712396994612075  0.51980757489288132  0.53666965794380994  0.55352552182830861
  0.56447958598846593  0.57418788941408205  0.58129079503989411  0.58786761092326578
  0.59407758160178614  0.60692049703058681  0.61826554306233106  0.63273981270646917
  0.65053976555337378  0.67018228644099032  0.69050897534917532  0.70291118950770282
  0.70972077928003097  0.71582811084819864  0.72199579452900708  0.72827045485732722
  0.73936558188367241  0.74906871337375058  0.75703768221209555  0.76326535893525671
  0.77507300142767566  0.78511310904004494  0.79052215271478643  0.79736120782824904
  0.80467488921886465  0.81059711882484620  0.81776541031203298  0.83345624597374890
  0.84581020651597727  0.86220538996451990  0.87534609425305110  0.88348164569790533
  0.89521578238272237  0.91119577361904480  0.92482908903538463  0.93265707635779960
  0.94092347005025134  0.94964775127271184  0.97102251150893681  1.00000000000000000
 -0.00368164808727058  0.02000812263705219  0.02861580112971398  0.03626545108015249
  0.04083028359692184  0.04544595120363640  0.04936878475240997  0.05356581383834626
  0.05576581230755052  0.05721545737945852  0.06099406550198440  0.06493601885696249
  0.06938295610112617  0.07756094934980905  0.09312153791381732  0.11719073703968477
  0.13800571895502106  0.15620538772223502  0.17248756941975987  0.18774109149518042
  0.20158350112343135  0.21682520828432972  0.23158030385840681  0.24594971956662398
  0.25959898977122314  0.26899492287367177  0.27637195014882071  0.28446204941751441
  0.29875441712452999  0.31232798891186436  0.32345108713278498  0.34052569632575280
  0.35322858474164115  0.36037373496684094  0.36795435713525354  0.37887660665212963
  0.38966290801390568  0.40681233010156231  0.42404502633075575  0.43655206974909533
  0.45201050370293228  0.46686089354619004  0.48238420087639522  0.49871592707593643
  0.51193626571109752  0.52269515840428515  0.53304725236782513  0.54263531184045322
  0.55240482410315506  0.56352810537283748  0.57718073123178382  0.58857388700110957
  0.59872941870438068  0.60207674462062843  0.60780072537585361  0.61836009347742871
  0.62989054936538946  0.64013533798017519  0.66078261560130935  0.68154277556955667
  0.70440281126214033  0.72567548987080877  0.74389995222082028  0.75997592591730578
  0.76964375740190483  0.78220947885334291  0.79561067158432508  0.80788817363376120
  0.81879554447252512  0.82699368602741041  0.83347279745762670  0.83972295246434403
  0.84654629969741924  0.85246630269131551  0.85851147277445727  0.86495878406651339
  0.87132867672308678  0.87888833049690951  0.88572075734425770  0.89104965571304318
  0.89550736709703282  0.89949171497675717  0.90924254757194289  0.91907101459367424
  0.92911031552938761  0.93253140444060589  0.93465209813295269  0.93663043713562488
  0.93898956144845913  0.94490710263214051  0.95083726565503623  0.95564075951924243
  0.96085688558212501  0.96596059844507054  0.97671310408337619  1.00000000000000000
 -0.04182153620961448  0.54494461785220061  0.59863340202684789  0.63429300980923908
  0.66393704477296978  0.68844802291235774  0.70245637250697379  0.71191149637196494
  0.71964753652811220  0.72687295368733951  0.73469433626415259  0.73980569003400742
  0.74821863071418793  0.75537995606863084  0.75898362612041181  0.76143070413554925
  0.76406804347845148  0.76721647613690147  0.76947376186100169  0.77116122644595486
  0.77280824087853328  0.77599944738488280  0.78126264238297494  0.78621609390272917
  0.79137131160676311  0.79668640636933341  0.80102390054503370  0.80540057404275101
  0.81092150705740518  0.81459672011017814  0.81802111291545132  0.82062883626235950
  0.82391240012484557  0.82758276174198020  0.83179596682006696  0.83627091697307854
  0.84115886912490412  0.84812988354581098  0.85416411453207575  0.85768086340013461
  0.86052896316619931  0.86355092449162929  0.86737267150710118  0.87093999850039694
  0.87420874531462511  0.88007744477684435  0.88407655771063487  0.88947378420017265
  0.89489737855981788  0.89870222920924958  0.90185509475286674  0.90580509266866704
  0.91021760462129542  0.91379749811639399  0.91752677854271580  0.91952604660669801
  0.92120812302565747  0.92262262475692725  0.92377367176777947  0.92474320677586375
  0.92573549418923506  0.92703023434246945  0.92910875505769852  0.93134152873628673
  0.93364894683187849  0.93607498129887423  0.93948288169990257  0.94285054818830039
  0.94499926990396965  0.94683686372331211  0.94817852850259832  0.94943805399644343
  0.95027327597948985  0.95106734387356195  0.95250691426040257  0.95407491668263644
  0.95546547744394550  0.95651973523434375  0.95747679951558728  0.95856317165604010
  0.95944814472281470  0.96068973262879132  0.96233230307730488  0.96352291906037368
  0.96427812915835265  0.96482878828589380  0.96543179940889079  0.96612389350135308
  0.96702796191786422  0.96809017696024846  0.96931318145958745  0.97029152950534248
  0.97159683465248670  0.97511092916171016  0.98188174630780578  1.00000000000000000
 -0.01950937824577488  0.06601276626686728  0.13936051521627305  0.20273636450279842
  0.24762356822422210  0.28202634500455992  0.30929684137396724  0.32808953603862878
  0.34316204596482541  0.35394022834093730  0.36130762341018180  0.37548842324330750
  0.38325751198922947  0.38778961343776769  0.39363598233714847  0.39909994910306268
  0.40424382608322890  0.40824175464600415  0.41189802501938361  0.41635569734804873
  0.42438458108831550  0.43463339226758696  0.44401253390362760  0.45166143712834966
  0.45843480757604432  0.46337641127500612  0.46666788399361220  0.46916380433525806
  0.47194100211541079  0.47476470815772354  0.47764848908822616  0.48059595796155735
  0.48522623673013437  0.49239227973982075  0.49881252283757427  0.50474622550074211
  0.51080315274633237  0.51769744974618881  0.52454041935627993  0.53100241167326845
  0.53781365571232653  0.54658797209325594  0.55527172526152646  0.56361241030647435
  0.57252428642646980  0.58096914797996768  0.58791421068283878  0.59201465819465660
  0.59401051745847222  0.59655551381958039  0.60006373690555215  0.60136117764584751
  0.60202891385278701  0.60274286167184876  0.60339377224819368  0.60397346710746180
  0.60439456461455154  0.60593646906361964  0.60717855660070663  0.60809062452678952
  0.60982486105425160  0.61134746626879832  0.61234630418803970  0.61473081445456257
  0.61714048217820494  0.62135388844927186  0.63301192375089010  0.64112457100916465
  0.64763630636416403  0.65410437458179782  0.66295321777913530  0.67299754777266829
  0.68011181335935977  0.68493005283540054  0.69063073178116940  0.69458925368830604
  0.69829090361313129  0.70306598888904870  0.70795647017241303  0.71381795203328047
  0.72143477756044139  0.72965761432012755  0.73674847003561772  0.74247020513587814
  0.74788210719542336  0.75515716871635852  0.76559436964663108  0.77457006501600945
  0.78296478269073444  0.79458143089193023  0.80690876565690373  0.81947856264723540
  0.83219824211327953  0.85500330275251868  0.91539168556704409  1.00000000000000000
   4.3330555254225590E-022  -1.0000000000000000     
 T F F F F F F F F F F F F F F F F F F F T F F F T F F F F F F F F F F F T F F F T F F F F F F F F F F F F F F F F F F F T F F F F F F F F F F F F F F F F F F F F F F F F F F F F F F F F F F F F F F F F F F F F F F F F F F F F F F F F F F F F F F F F F F F F F F F F F F F F F F F F F F F F F F F F F F F F F F F F F F F F F F F F F F F F F F F F F F F F F F F F F F F F F F F F F F F T F F F F F F F F F F F F F F F F F F F T F F F T F F F F F F F F F F F T F F F T F F F F F F F F F F F F F F F F F F F T F F F T F F F F F F F F F F F F F F F F F F F T F F F T F F F F F F F F F F F T F F F T F F F F F F F F F F F F F F F F F F F T F F F F F F F F F F F F F F F F F F F F F F F F F F F F F F F F F F F F F F F F F F F F F F F F F F F F F F F F F F F F F F F F F F F F F F F F F F F F F F F F F F F F F F F F F F F F F F F F F F F F F F F F F F F F F F F F F F F F F F F F F F F F F F F F F F F T F F F F F F F F F F F F F F F F F F F T F F F T F F F F F F F F F F F T F F F T F F F F F F F F F F F F F F F F F F F T F F F
  <DiscreteSampler_grid>
  grouped_processes
  1 # 1 for a reference and 2 for a running grid.
  10 # Attribute 'min_bin_probing_points' of the grid.
  1 # Attribute 'grid_mode' of the grid. 1=='default',2=='initialization'
  0.0000000000000000 # Attribute 'small_contrib_threshold' of the grid.
  0.5000000000000000 # Attribute 'damping_power' of the grid.
 # binID   n_entries weight   weight_sqr   abs_weight
    16   10   1.734061934711287E-024   1.466350727801923E-047   1.734061934711287E-024
    17   10   1.734061934711256E-024   1.466350727801862E-047   1.734061934711256E-024
    19   10   8.917236263795430E-025   6.177689530617987E-048   8.917236263795430E-025
    20   10   8.917236263795416E-025   6.177689530617960E-048   8.917236263795416E-025
    22   10   1.075915035269665E-024   7.191781212561572E-048   1.075915035269665E-024
    23   10   1.075915035269635E-024   7.191781212561369E-048   1.075915035269635E-024
    28   10   1.043557416785599E-023   9.307809527294423E-046   1.043557416785599E-023
    29   10   1.043557416785554E-023   9.307809527293537E-046   1.043557416785554E-023
    31   10   4.297718379096506E-024   1.510560452711171E-046   4.297718379096506E-024
    32   10   4.297718379096354E-024   1.510560452711044E-046   4.297718379096354E-024
    34   10   5.395552322712615E-024   2.393817098404024E-046   5.395552322712615E-024
    35   10   5.395552322712444E-024   2.393817098403838E-046   5.395552322712444E-024
    40   10   1.004394733228575E-023   8.212869762755587E-046   1.004394733228575E-023
    41   10   1.004394733228568E-023   8.212869762755514E-046   1.004394733228568E-023
    43   10   2.328535154889583E-024   4.031338435663583E-047   2.328535154889583E-024
    44   10   2.328535154889594E-024   4.031338435663597E-047   2.328535154889594E-024
    46   10   2.646736404127036E-024   4.772424890242058E-047   2.646736404127036E-024
    47   10   2.646736404127056E-024   4.772424890242053E-047   2.646736404127056E-024
    52   10   7.805719145908522E-024   5.645194222363729E-046   7.805719145908522E-024
    53   10   7.805719145908260E-024   5.645194222363333E-046   7.805719145908260E-024
    55   10   2.623488514398269E-024   6.174005876406648E-047   2.623488514398269E-024
    56   10   2.623488514398184E-024   6.174005876406195E-047   2.623488514398184E-024
    58   10   5.128167262177474E-024   1.151106514474150E-046   5.128167262177474E-024
    59   10   5.128167262177609E-024   1.151106514474196E-046   5.128167262177609E-024
    64   10   1.734061934711290E-024   1.466350727801922E-047   1.734061934711290E-024
    65   10   1.734061934711254E-024   1.466350727801859E-047   1.734061934711254E-024
    67   10   8.917236263795427E-025   6.177689530617991E-048   8.917236263795427E-025
    68   10   8.917236263795412E-025   6.177689530617965E-048   8.917236263795412E-025
    70   10   1.075915035269668E-024   7.191781212561596E-048   1.075915035269668E-024
    71   10   1.075915035269637E-024   7.191781212561390E-048   1.075915035269637E-024
    76   10   1.043557416785603E-023   9.307809527294504E-046   1.043557416785603E-023
    77   10   1.043557416785552E-023   9.307809527293501E-046   1.043557416785552E-023
    79   10   4.297718379096498E-024   1.510560452711166E-046   4.297718379096498E-024
    80   10   4.297718379096350E-024   1.510560452711040E-046   4.297718379096350E-024
    82   10   5.395552322712614E-024   2.393817098404022E-046   5.395552322712614E-024
    83   10   5.395552322712464E-024   2.393817098403857E-046   5.395552322712464E-024
    88   10   1.004394733228575E-023   8.212869762755587E-046   1.004394733228575E-023
    89   10   1.004394733228567E-023   8.212869762755507E-046   1.004394733228567E-023
    91   10   2.328535154889583E-024   4.031338435663576E-047   2.328535154889583E-024
    92   10   2.328535154889590E-024   4.031338435663597E-047   2.328535154889590E-024
    94   10   2.646736404127034E-024   4.772424890242053E-047   2.646736404127034E-024
    95   10   2.646736404127055E-024   4.772424890242053E-047   2.646736404127055E-024
    100   10   7.805719145908536E-024   5.645194222363750E-046   7.805719145908536E-024
    101   10   7.805719145908266E-024   5.645194222363343E-046   7.805719145908266E-024
    103   10   2.623488514398267E-024   6.174005876406638E-047   2.623488514398267E-024
    104   10   2.623488514398184E-024   6.174005876406191E-047   2.623488514398184E-024
    106   10   5.128167262177473E-024   1.151106514474150E-046   5.128167262177473E-024
    107   10   5.128167262177610E-024   1.151106514474196E-046   5.128167262177610E-024
    112   10   1.734061934711261E-024   1.466350727801917E-047   1.734061934711261E-024
    113   10   1.734061934711247E-024   1.466350727801860E-047   1.734061934711247E-024
    115   10   8.917236263795434E-025   6.177689530618041E-048   8.917236263795434E-025
    116   10   8.917236263795366E-025   6.177689530617937E-048   8.917236263795366E-025
    118   10   1.075915035269673E-024   7.191781212561635E-048   1.075915035269673E-024
    119   10   1.075915035269639E-024   7.191781212561357E-048   1.075915035269639E-024
    124   10   1.043557416785601E-023   9.307809527294478E-046   1.043557416785601E-023
    125   10   1.043557416785552E-023   9.307809527293501E-046   1.043557416785552E-023
    127   10   4.297718379096505E-024   1.510560452711169E-046   4.297718379096505E-024
    128   10   4.297718379096331E-024   1.510560452711027E-046   4.297718379096331E-024
    130   10   5.395552322712635E-024   2.393817098404043E-046   5.395552322712635E-024
    131   10   5.395552322712455E-024   2.393817098403853E-046   5.395552322712455E-024
    136   10   1.004394733228577E-023   8.212869762755615E-046   1.004394733228577E-023
    137   10   1.004394733228566E-023   8.212869762755497E-046   1.004394733228566E-023
    139   10   2.328535154889582E-024   4.031338435663574E-047   2.328535154889582E-024
    140   10   2.328535154889594E-024   4.031338435663595E-047   2.328535154889594E-024
    142   10   2.646736404127041E-024   4.772424890242047E-047   2.646736404127041E-024
    143   10   2.646736404127052E-024   4.772424890242033E-047   2.646736404127052E-024
    148   10   7.805719145908511E-024   5.645194222363720E-046   7.805719145908511E-024
    149   10   7.805719145908265E-024   5.645194222363340E-046   7.805719145908265E-024
    151   10   2.623488514398274E-024   6.174005876406673E-047   2.623488514398274E-024
    152   10   2.623488514398183E-024   6.174005876406180E-047   2.623488514398183E-024
    154   10   5.128167262177500E-024   1.151106514474161E-046   5.128167262177500E-024
    155   10   5.128167262177584E-024   1.151106514474185E-046   5.128167262177584E-024
    160   10   1.734061934711265E-024   1.466350727801918E-047   1.734061934711265E-024
    161   10   1.734061934711245E-024   1.466350727801855E-047   1.734061934711245E-024
    163   10   8.917236263795403E-025   6.177689530618005E-048   8.917236263795403E-025
    164   10   8.917236263795349E-025   6.177689530617946E-048   8.917236263795349E-025
    166   10   1.075915035269674E-024   7.191781212561627E-048   1.075915035269674E-024
    167   10   1.075915035269640E-024   7.191781212561380E-048   1.075915035269640E-024
    172   10   1.043557416785602E-023   9.307809527294484E-046   1.043557416785602E-023
    173   10   1.043557416785553E-023   9.307809527293537E-046   1.043557416785553E-023
    175   10   4.297718379096503E-024   1.510560452711169E-046   4.297718379096503E-024
    176   10   4.297718379096337E-024   1.510560452711032E-046   4.297718379096337E-024
    178   10   5.395552322712633E-024   2.393817098404042E-046   5.395552322712633E-024
    179   10   5.395552322712469E-024   2.393817098403866E-046   5.395552322712469E-024
    184   10   1.004394733228580E-023   8.212869762755668E-046   1.004394733228580E-023
    185   10   1.004394733228560E-023   8.212869762755409E-046   1.004394733228560E-023
    187   10   2.328535154889585E-024   4.031338435663583E-047   2.328535154889585E-024
    188   10   2.328535154889583E-024   4.031338435663575E-047   2.328535154889583E-024
    190   10   2.646736404127042E-024   4.772424890242063E-047   2.646736404127042E-024
    191   10   2.646736404127045E-024   4.772424890242017E-047   2.646736404127045E-024
    196   10   7.805719145908507E-024   5.645194222363713E-046   7.805719145908507E-024
    197   10   7.805719145908278E-024   5.645194222363357E-046   7.805719145908278E-024
    199   10   2.623488514398271E-024   6.174005876406661E-047   2.623488514398271E-024
    200   10   2.623488514398183E-024   6.174005876406183E-047   2.623488514398183E-024
    202   10   5.128167262177496E-024   1.151106514474159E-046   5.128167262177496E-024
    203   10   5.128167262177585E-024   1.151106514474185E-046   5.128167262177585E-024
  </DiscreteSampler_grid>
