 -0.00000000381465731  0.00000010618649715  0.00000026588980896  0.00000045063409181
  0.00000091823594855  0.00000170611165063  0.00000266721685940  0.00000406660010613
  0.00000693666347910  0.00000738760777347  0.00000790073825679  0.00000859018492375
  0.00000931135464306  0.00001005289551787  0.00001038547917509  0.00001076803982946
  0.00001121081985759  0.00001176205878222  0.00001268804564088  0.00001354824270222
  0.00001462150152381  0.00001588180676673  0.00001733655086551  0.00001941445723593
  0.00002064751703617  0.00002196769913729  0.00002342827159942  0.00002491027427183
  0.00002640225031937  0.00002922379531473  0.00003144484591270  0.00004763943220890
  0.00004833611075072  0.00004875156215679  0.00004907769357147  0.00004936858638566
  0.00004970578824409  0.00005017780462230  0.00005086990323041  0.00005196269479975
  0.00005359339966757  0.00005522817359878  0.00005671876904990  0.00005798995089996
  0.00005978396553888  0.00006030034234731  0.00006076194243979  0.00006134338434628
  0.00006344515618793  0.00006553761288551  0.00006754192718472  0.00006990966849344
  0.00007303773529372  0.00007633502129892  0.00008117512100955  0.00008779841785900
  0.00009271085258015  0.00009617771644912  0.00010011404819438  0.00010481539848642
  0.00011078274481047  0.00011994377304889  0.00013964170993210  0.00019544120180196
  0.00022347871959535  0.00023692785194435  0.00024702657661554  0.00024871325895057
  0.00025039994128561  0.00025208662362064  0.00025377330595567  0.00025545998829070
  0.00025714667062573  0.00025888073194866  0.00026062200175934  0.00026236327157003
  0.00026410454138071  0.00026584581119140  0.00026758708100208  0.00026932923198937
  0.00027107169758104  0.00027281416317271  0.00027455662876438  0.00027629909435605
  0.00027804155994771  0.00029059067138202  0.00031647768929598  0.00034326142720173
  0.00044732454081999  0.00072179835848075  0.00115160493548872  0.00166219789767561
  0.00202196134040987  0.00277035845782454  0.02779019120751104  1.00000000000000000
 -0.00002640074292103  0.00043891499556870  0.00063403909940213  0.00095635228583364
  0.00143603743691941  0.00190108056329573  0.00228565979099921  0.00270205551040862
  0.00312213225865839  0.00344581416833857  0.00374022430425536  0.00406589125198485
  0.00446125313262445  0.00483010198405487  0.00545606434842986  0.00600615684429263
  0.00627990860219321  0.00643372199244249  0.00657738689564508  0.00670027849656204
  0.00686017820849746  0.00707242380794882  0.00718861844248101  0.00738710291655986
  0.00759616340243392  0.00783412356025635  0.00801252929175346  0.00818905666570377
  0.00854136546242603  0.00889628057584560  0.00924459533256362  0.00932322157294937
  0.00940184781333512  0.00948047405372086  0.00955910029410661  0.00963772653449236
  0.00970359593130574  0.00976138680646552  0.00981917768162531  0.00987696855678510
  0.00993475943194488  0.00999104313880430  0.01004332589867709  0.01009560865854988
  0.01014789141842267  0.01020017417829546  0.01025245693816825  0.01048408556858906
  0.01064742016399071  0.01079515470793336  0.01092336554122554  0.01102097784620534
  0.01107748167458965  0.01115561545160260  0.01127115233904562  0.01137281292120071
  0.01144026301601337  0.01154254090242345  0.01172087211141275  0.01186703841802478
  0.01205517471389712  0.01234175549886609  0.01269205304676347  0.01297176368376543
  0.01310301880884704  0.01323778332755265  0.01336319685630472  0.01344954993054876
  0.01355265887065975  0.01365571330555614  0.01376465478066095  0.01384029947672112
  0.01390732590710831  0.01397448205274300  0.01404830081325410  0.01416622109226838
  0.01435794114427173  0.01469480145160700  0.01491607826981394  0.01511552937007974
  0.01531038234876852  0.01556041588653214  0.01597223414793083  0.01646669760605471
  0.01699603999490642  0.01754985193179923  0.01789546214634436  0.01816078809502112
  0.01839858763350677  0.01873668060989958  0.01951895490891469  0.02116083243292448
  0.02306363375225033  0.02577823413167954  0.02705017726911510  1.00000000000000000
  0.02807486859887377  0.03132276848305800  0.03367186574215371  0.03602096300124941
  0.03837006026034512  0.04071915751944083  0.04306825477853653  0.04556925302553726
  0.04816362992489277  0.05075800682424829  0.05335238372360380  0.05594676062295931
  0.05854376174731973  0.06114280612746069  0.06374185050760164  0.06634089488774260
  0.06893993926788355  0.07501157240659249  0.08507621839714000  0.10479731845804868
  0.12368565739148590  0.15076588260667892  0.18969352481764187  0.19789164673394602
  0.20630464954602218  0.21565150575538194  0.23644214000258104  0.24553487360423523
  0.25222474717506826  0.25954586639614619  0.26712423038341870  0.27599433778078986
  0.28963346494423825  0.31221817321813333  0.33425610423623631  0.36363690914180941
  0.38936817083508729  0.40615292407654413  0.42220219361474787  0.43809511591540917
  0.47409072655422724  0.49086655654920519  0.50906290971678114  0.52143532841739315
  0.53014503360985221  0.53844053021664406  0.54357152496785888  0.54639439318835981
  0.54932501636840725  0.55343021841851925  0.56324501556303186  0.56669100783671777
  0.56855284708104714  0.57003562986244383  0.57151033701016474  0.57338571233546198
  0.58233561732129346  0.59662639345817858  0.61514384101862873  0.64262102312699509
  0.67427681720693600  0.69149430869954520  0.71424267901162442  0.73196809867876922
  0.74220748619463606  0.74822715153615205  0.75390215961118912  0.75932587274271990
  0.76355688426661072  0.76687180690203849  0.77065042421037200  0.77598768390040096
  0.78176655139743767  0.78849674762726873  0.80018957792521794  0.81043384521254180
  0.81653542679064683  0.82185600140691051  0.82728831306237838  0.83280853803700761
  0.83965545892766769  0.85029786944358421  0.85974951812613343  0.86538656090695143
  0.87125624623618292  0.87585803084847069  0.88131523502376108  0.88689084772317639
  0.89254345703957361  0.89915893512849709  0.91906533764892762  0.94224115784515994
  0.95685976784117155  0.96562717848080415  0.96951170276689258  1.00000000000000000
  0.02735848623149483  0.03058158465315670  0.03167198171835246  0.03211733372300803
  0.03232989583384094  0.03258096222989466  0.03293880041125436  0.03326009682244811
  0.03362605180175399  0.03400682170706160  0.03436824188250431  0.03461302185234031
  0.03471990744275744  0.03480032538564928  0.03489027352063488  0.03502948271836555
  0.03517346944041679  0.03530973392663219  0.03538572462837167  0.03544808557145059
  0.03554812974605417  0.03575009469478602  0.03605017469643201  0.03632202888056487
  0.03653760969460603  0.03677210430029699  0.03695359252252033  0.03709732961662331
  0.03733003173207716  0.03758183897748820  0.03789409663095433  0.03829672037607305
  0.03874626486191893  0.03910000402766994  0.03941421993807877  0.03977666806534282
  0.04028317808379199  0.04069995066929703  0.04102824291327922  0.04137227153725211
  0.04161645190477746  0.04186063227230281  0.04229245994349209  0.04273509292911599
  0.04324352888484868  0.04377405422092121  0.04443222424993913  0.04516855278179284
  0.04577620429656070  0.04646631785753758  0.04751728220909196  0.04823719140468338
  0.04851543133437621  0.04879367126406904  0.04907191119376187  0.04935015112345470
  0.04961562795657471  0.04987114808663565  0.05012666821669658  0.05038218834675752
  0.05063770847681846  0.05084767923721528  0.05102076903318460  0.05119385882915392
  0.05136694862512324  0.05154003842109256  0.05255604526332349  0.05412451172406619
  0.05486902063233707  0.05546530105260710  0.05602381070313873  0.05659586426956451
  0.05783254236659512  0.06018054758954561  0.06251034526587283  0.06472728270269507
  0.06817489762536198  0.06983338809666967  0.07115263128746635  0.07186014715916945
  0.07242559823226377  0.07395881247285681  0.07654678981877176  0.08196210995839767
  0.08667820070472990  0.08963620467516437  0.09191878943280671  0.09608432923548246
  0.10057040353351140  0.10510181754715522  0.10911833346014904  0.11229162179468949
  0.14588210550414493  0.22609133562950268  0.49819006934804577  1.00000000000000000
  0.02592239549519097  0.04241557476061025  0.04554909685526951  0.04730568568196488
  0.04908807949011811  0.05173822774852536  0.05435654197583020  0.05630205897072359
  0.05755443128103917  0.05918505098230906  0.06048915642838520  0.06138513633121963
  0.06234922232785935  0.06361809525152991  0.06561626059681384  0.06795158785588351
  0.07031534352646927  0.07147778532625979  0.07200100225740308  0.07252421918854637
  0.07304743611968968  0.07359164463942602  0.07417464593850699  0.07475764723758796
  0.07534064853666893  0.07591453333341430  0.07636466810044436  0.07681480286747443
  0.07726493763450448  0.07771507240153455  0.07900934741381845  0.08028794914022887
  0.08096424803300796  0.08154640443339171  0.08211004102627845  0.08263378236069889
  0.08294325808243072  0.08315081521460639  0.08337312392752987  0.08364120705763754
  0.08389511242807270  0.08414083049459949  0.08454858104287467  0.08513075827381629
  0.08578760752428972  0.08673881387151007  0.08778463367626439  0.08874488040960371
  0.08963129198365272  0.09057909403942192  0.09174423461737088  0.09465657060635689
  0.09700988443997730  0.09999892570403611  0.10154769658482439  0.10306150930711290
  0.10439016824277800  0.10564326995394668  0.10664069641339115  0.10861745442894735
  0.11283066622586624  0.11793734506428750  0.12737199233791455  0.13188099198430767
  0.13328948314419339  0.13471787623352671  0.13569589394586015  0.13648929593957512
  0.13728364294615469  0.13842313587078120  0.14161795090083407  0.14636415186871116
  0.15336496935211313  0.16067765688024246  0.16708435803000515  0.17097737914384675
  0.17487040025768838  0.18059976625546775  0.18665193657919854  0.19274988678666832
  0.19894396328436484  0.20513803978206135  0.21517021671280351  0.22232434399298928
  0.22565162768491373  0.22783577921462345  0.23234828837736013  0.23345018940011042
  0.23455101676055443  0.23564929065491119  0.23695129837671816  0.23877055895852137
  0.24218366647880227  0.25100136151200403  0.33902067486727971  1.00000000000000000
 -0.00363192647485572  0.01620136982038443  0.02169286384136954  0.02622861938406540
  0.03243234664453763  0.03744708808874687  0.04699741645350245  0.05059301560836865
  0.05374101535498981  0.05716804012582352  0.06374607640824111  0.06878319209744801
  0.07139622082368345  0.07363749117785572  0.07633438727954066  0.08110061623827755
  0.08840829240525762  0.10054510851804092  0.11797972763893318  0.12562617963069275
  0.13054386820155461  0.14290063778375714  0.15660807850650094  0.16666136382090591
  0.17537325844074944  0.18380151405641118  0.19275367358201276  0.20056961239713222
  0.21626405497142695  0.24610197268550904  0.27195520045590010  0.28576632870255714
  0.29251129429054523  0.29753937378822204  0.30277378889168233  0.31039648536529890
  0.32228016255222885  0.33617226467959388  0.36069508840682596  0.38225788870270727
  0.40702151637552791  0.43677152289423377  0.47028785797488631  0.49218185618970101
  0.50170849466755529  0.51157674480980697  0.52272155731891246  0.53298930023330382
  0.53880142101819317  0.54485162042008151  0.55420528671194047  0.57219857418268594
  0.60380550542073685  0.62524359681819275  0.64073840029449558  0.65650328538004454
  0.66863681285349086  0.68029017647884882  0.69492201934146836  0.71100811890404569
  0.72406408768431441  0.73826021739709147  0.75356625117463361  0.77108632694800072
  0.79114069010654897  0.82229654711926803  0.84408744449496076  0.85278257844207417
  0.86190116109003057  0.87181310563388992  0.88626241934798322  0.90132796699961226
  0.91526344218950917  0.92159671117780895  0.92768752664546850  0.93375784081646973
  0.93624103253049229  0.93826786182231281  0.94029469111413333  0.94232152040595374
  0.94434834969777426  0.94689317519879890  0.94965001500645474  0.95240685481411047
  0.95516369462176631  0.95792053442942215  0.96053729417357003  0.96309856387551818
  0.96565983357746621  0.96822110327941435  0.97078237298136250  0.97482266809532370
  0.98171257000956802  0.98825309419747420  0.99412654709873705  1.00000000000000000
 -0.00319292283362684  0.02141094886043536  0.03779803702759074  0.04676913888594197
  0.05684318642519508  0.07467609969733398  0.10168375555636874  0.11243825557573325
  0.11911815769834606  0.12504891869693655  0.13268702731046653  0.13979375059763186
  0.14604320391599124  0.15299744887931824  0.16049095455095827  0.18154378629235488
  0.22203311524660102  0.24565898689984000  0.25413094857835006  0.26037706836730778
  0.26229529566930215  0.26410057529255526  0.26591373361395015  0.26958121244579275
  0.27431942863930858  0.27972379291140398  0.28336783858525222  0.28675822924666744
  0.28853500489832290  0.29017476615164223  0.29197068632673373  0.29534501886242953
  0.30072441541870149  0.30601111565682904  0.31023036937968934  0.31790556965728528
  0.33287196815958175  0.34989767595115867  0.36702630168433581  0.38515177579217996
  0.39161654959210079  0.39587016120719509  0.40014383169953777  0.40448453775147797
  0.40901309761056071  0.41705769392501973  0.42660323216580315  0.43629063869025392
  0.44477656782768499  0.46651907809715809  0.50269995050721206  0.52711104090350158
  0.53908690093584444  0.54994413955922772  0.56137905557591672  0.57492193299880412
  0.59942506614076352  0.62621553718303102  0.63988561963381785  0.65355570208460478
  0.66269912025216582  0.67067682049442701  0.67934385283786114  0.68967218289307874
  0.70000051294829635  0.71467111209347733  0.73010721382562882  0.74747669755878676
  0.76550375155563044  0.77612777694204160  0.78698029807831049  0.80453346807609316
  0.80875523080476941  0.81297699353344577  0.81719875626212213  0.82142051899079838
  0.82537977364580761  0.82794687058634131  0.83051396752687501  0.83308106446740871
  0.83564816140794240  0.83821525834847610  0.83996718457626918  0.84170087807511651
  0.84343457157396384  0.84516826507281118  0.84690195857165862  0.85720017689727690
  0.87175175998682519  0.88718749080902026  0.89831763758838523  0.90951204680124265
  0.91906768025452834  0.93287116371319778  0.95887852710812094  1.00000000000000000
 -0.00392804586138387  0.03466227377097725  0.04838504798301743  0.06118489311129317
  0.07253956298501582  0.09228341762375565  0.11539586004237508  0.13141599803274270
  0.14680249200883336  0.16056811975426993  0.17672397768879006  0.20454851601037541
  0.25966854250068866  0.29275469294080608  0.30554019180507480  0.30995369454406785
  0.31436719728306090  0.31878070002205394  0.32319420276104699  0.32798933821768594
  0.33286008547809498  0.33773083273850396  0.34260157999891300  0.34747232725932203
  0.35292872031595984  0.35854884690460981  0.36416897349325972  0.36978910008190968
  0.37540922667055959  0.38672223757548790  0.40021823316086008  0.41569955623189808
  0.42571080623455287  0.43486610201600551  0.44425638490335245  0.45029885611914494
  0.45718820683890515  0.46503601183437915  0.47238607965298202  0.47714245934467348
  0.48149549989248241  0.48586070101704870  0.49245694129058226  0.50715121247980088
  0.51790822652108193  0.52934978650927944  0.54209960963199866  0.55643381266619329
  0.57413525807701082  0.59401126918690694  0.61022897467047299  0.62159733676351070
  0.62670549019160759  0.62902833725886564  0.63134518949894280  0.63365798290510433
  0.63594203027386720  0.63989734610962234  0.65066389841358108  0.66204975367483232
  0.67375412551816827  0.68667344801142882  0.69608487422775633  0.70255008838504174
  0.70837534294658955  0.71427837739919064  0.72000074131819858  0.72568855858863535
  0.73176333268299587  0.73899655615167292  0.74407718050508653  0.74712922494137479
  0.75986904105681952  0.77923696808377430  0.79408094217904890  0.80509334082908746
  0.81851030249451784  0.83515425849341884  0.85269082909824268  0.86280625486439277
  0.86954244150169857  0.87268256505082786  0.87611343481361814  0.88065472899449426
  0.88643175382942152  0.89148973891437311  0.89872326283519588  0.90541795850403772
  0.91129251119481502  0.91717402562267791  0.92706105271750161  0.93991661395411896
  0.95442253396002941  0.97042007845285316  0.98494338190040653  1.00000000000000000
 -0.00156449652988729  0.00294831083824343  0.00978399062168531  0.01676703051511903
  0.02484056817844084  0.03578857058011698  0.04593868367620042  0.05563227641360216
  0.07626880815386558  0.08805249410379609  0.09488653743727991  0.10100134903151887
  0.10687091725919710  0.11314492544530590  0.12780035818977442  0.13507201239604760
  0.14226076630977449  0.14787970112942272  0.15038554799505474  0.15260570238459345
  0.15482005459028464  0.16318440245972918  0.17221354416759951  0.17972557917864251
  0.20062611796167440  0.24649023540063600  0.27597056652045626  0.29280730398368665
  0.30485412404578260  0.31990103054128788  0.33883952372428655  0.36276328869766450
  0.38815066752784561  0.41203419939220071  0.44520814941328529  0.48086497510689802
  0.49396623140694473  0.50071690393328150  0.50713437957865226  0.51395176407168941
  0.52115523061971636  0.52902227907699351  0.53688826941586831  0.54473151546386089
  0.55256619949531627  0.56025273769784545  0.56803959549253380  0.57783271704087980
  0.58976655483885498  0.60403238914846158  0.62098635721718554  0.64507967128681076
  0.68346185860354636  0.71298422173330656  0.72579525164075009  0.73301312314500866
  0.73743193690170339  0.74334046718639002  0.75318788009692528  0.76033244616144202
  0.76569694601774274  0.77393406800894637  0.78388543890153617  0.78661630315143050
  0.78934716740132471  0.79207803165121893  0.79480889590111325  0.79753976015100747
  0.80184706416925444  0.80678995810175702  0.81173285203425960  0.81667574596676218
  0.82161863989926476  0.82599547663785855  0.82935911655801486  0.83272275647817107
  0.83608639639832738  0.83945003631848358  0.84290021086664391  0.86068295845961174
  0.87203165512372238  0.88293000500673346  0.89471826257247988  0.90917281298272001
  0.92131541177626031  0.92823056307287743  0.93586926634973799  0.94478294416873576
  0.95069238031969827  0.95453782869154769  0.95725106019389195  0.96077811877175701
  0.96825743953459642  0.97696052634130470  0.98603512985148078  1.00000000000000000
 -0.00710323746410616  0.03234806234165872  0.05454069929448645  0.07281246080472044
  0.09163032595144235  0.10684883024479756  0.12533357006575366  0.15189795619539637
  0.19532653718494880  0.22384435931877264  0.24050971034081303  0.25156612452703253
  0.26198009468864963  0.28125566269302299  0.30634390043396986  0.31708907541165504
  0.32079369021387150  0.32380727968456752  0.33024557870854704  0.33932211772456511
  0.35231984019767942  0.35402698315936498  0.35456904114774374  0.35511109913612249
  0.35565315712450124  0.35619521511287994  0.35673776688515235  0.35728037237108673
  0.35782297785702116  0.35836558334295560  0.35890818882889003  0.35945028830295078
  0.35999232587477242  0.36053436344659412  0.36107640101841582  0.36161843859023746
  0.36896360509209736  0.37131581927461133  0.37373343881566173  0.37692221165286699
  0.38261703466283870  0.38988847495661899  0.40214987821492854  0.41602630488257547
  0.43472803618681033  0.44642463406604288  0.45083720842386471  0.45521982242125131
  0.46057690744790214  0.46589058939925970  0.46816574692596785  0.47017851170792557
  0.47216332788388987  0.47415145227249794  0.47706988107959064  0.48921878796365237
  0.50264735621806400  0.51459188595348804  0.52520031285572066  0.54306739922914959
  0.56715945175502047  0.58667296602606522  0.59265242705418053  0.60506276535418135
  0.61384905274445678  0.62063788298735612  0.62647033202386226  0.63167740843492615
  0.63772189823155312  0.64871239800696823  0.66454377590323144  0.68072075137935073
  0.69447123713632597  0.70362241897631506  0.71203170297215834  0.71964083639986620
  0.72836468769358131  0.73804258295633873  0.74900083598201261  0.76917285567633220
  0.78822876373823469  0.80821589739540900  0.83378438166949231  0.84525511872858305
  0.85231688659292693  0.85965065239058192  0.86645316070315737  0.87003499458925626
  0.87361282218117442  0.87718241765103777  0.88334451089581245  0.89382069680074461
  0.91157798216340780  0.94218077793591248  0.97263000471324168  1.00000000000000000
 -0.00544631968717191  0.02575654278860290  0.03092351546697387  0.03675487130645005
  0.04286190352879644  0.04811283387233035  0.05212278549119511  0.05513095082107748
  0.05861638643470093  0.06192745994485004  0.06637980984794820  0.07341954449688536
  0.07831981464068395  0.08019359543215022  0.08186153258829597  0.08300896474566942
  0.08366704467934732  0.08469740325673898  0.08587334758190360  0.08840278239710155
  0.09134504131947019  0.09884062955582390  0.11328480119926125  0.12648830999856830
  0.14027039138864461  0.15492190512700793  0.17524590823413960  0.19103065101576541
  0.20090954298035135  0.20907421993838149  0.22234844595241315  0.23869155481649795
  0.26058476704625050  0.27452356221386276  0.28954077068594219  0.30801379097824333
  0.32489511560174389  0.33670570299197972  0.34778023995438773  0.35828009685877105
  0.37726609992698751  0.39265793588905712  0.40370426585319980  0.41689834725751285
  0.43394753334949637  0.44578742540159144  0.45896153670423218  0.47569951034554608
  0.49204548440017259  0.50987395372513689  0.52935629784486604  0.55195500279347420
  0.58421885064473456  0.59874045012269617  0.61181436036948900  0.62412667248999620
  0.63629774542227713  0.64914585481633502  0.65583560328844148  0.66247505460102107
  0.67068215982519019  0.67843892891718172  0.68505993023931644  0.68603662183247416
  0.68701331342563199  0.68799000501878982  0.68896669661194754  0.68994338820510537
  0.69092084672263099  0.69189894660196982  0.69287704648130866  0.69385514636064749
  0.69483324623998632  0.69581133502558568  0.69678909716857396  0.69776685931156235
  0.69874462145455074  0.69972238359753902  0.70070014574052741  0.72580924963185545
  0.75669402308929057  0.77490802086220056  0.78780734533375285  0.80612474432959746
  0.83171808993360552  0.86837322897987879  0.88209606914003269  0.89547502827745062
  0.91003692432754901  0.92141200869317053  0.93167459459272262  0.95019428048599985
  0.96719252003379452  0.97511146320672648  0.98688306239628421  1.00000000000000000
 -0.00915623054501402  0.01639724843299383  0.03923376102082905  0.04937817683032242
  0.05635254630541907  0.06354606602912950  0.06999318451812193  0.07382542000659133
  0.07766984982755114  0.08126021406529603  0.08517437361704940  0.09043915192520814
  0.09541152782462310  0.10060170261115270  0.10792773796583491  0.12625392483199169
  0.14099554020866781  0.15143634962395092  0.15635060518039257  0.15987747506779906
  0.16522563093214915  0.17074123428134660  0.17658098098064717  0.18133932933345356
  0.18443564661468881  0.18768426758550028  0.19535223784541736  0.20428862766612702
  0.21511167512557386  0.23364293405688477  0.25032858444615447  0.27069773589023061
  0.28700441674498645  0.30569514704238393  0.32381710304043410  0.36023197618238068
  0.39935434987006452  0.41882509869806062  0.42430950328481976  0.42758757227797584
  0.43109383435151083  0.43821933917855027  0.44985265444776890  0.45868202201429326
  0.46637360275375361  0.47085096465244919  0.47359180950712515  0.47717515712079306
  0.48372722409875357  0.49121148013308852  0.50072445519159192  0.51266400663153822
  0.53615252810757252  0.54919581970185094  0.55658549332379448  0.56161508274913619
  0.56664467217447778  0.57167426159981938  0.57670385102516097  0.58236122339839580
  0.59038966074428356  0.59841809809017132  0.60644653543605909  0.61447497278194685
  0.62250341012783472  0.62650472483330200  0.62912723147674032  0.63174973812017865
  0.63437224476361698  0.63699475140705530  0.64498906458974037  0.65475475724835697
  0.65742857086075746  0.66018639632985221  0.66329147235973429  0.66699807434802183
  0.67424165382988244  0.68178667812361637  0.69179793430818970  0.70086137655865477
  0.71383702212210076  0.73491064152845942  0.75820704418131546  0.78237981722597316
  0.80971525902235819  0.83625647145492310  0.85433102484114531  0.86965550001832870
  0.88510765989418361  0.90252623858423964  0.91447245449024928  0.92278086662987258
  0.93213345215904120  0.94312231048848816  0.95996885178737801  1.00000000000000000
 -0.00120366435217320  0.00513630688373284  0.01321496393295848  0.02004416636172530
  0.02278838713667854  0.02519364597946650  0.02821811127985174  0.03095759139875678
  0.03387875575053751  0.03862697309073212  0.04409057726158731  0.04949818678326894
  0.05454407222720196  0.06065936514779071  0.07122187424961428  0.08117725065268695
  0.09761427945275540  0.11237926234600758  0.13382354060569629  0.16608846716846551
  0.19225612307722773  0.21045653691034577  0.21754586038785428  0.22898518436469323
  0.23897680570511773  0.24671289263849822  0.25160786416285075  0.25611434658445653
  0.25980691423285418  0.26687096723626458  0.27241015783907907  0.27720510759640943
  0.28271964033716696  0.28869858641361840  0.29532682634329105  0.30456565651260059
  0.31462525283577419  0.33223567400518339  0.35333415027113002  0.37870672489358226
  0.40454101132542397  0.42039369967994089  0.43224215198819826  0.44311618588550888
  0.45649938465358508  0.48075007539109310  0.49158236706803266  0.49813197666367665
  0.50464916807920956  0.51378421167805333  0.52380438432919818  0.53142688824989714
  0.53917566352789803  0.54930905194217172  0.55797933060922400  0.56337663823962303
  0.57273621094499505  0.58946788333452516  0.61603387116051267  0.62512955504829237
  0.63057274926482310  0.63601594348135371  0.64145913769788443  0.64690233191441504
  0.65174640760613634  0.65625122633744715  0.66075604506875807  0.66526086380006888
  0.66976568253137969  0.67368573855367730  0.67705109108927364  0.68041644362486997
  0.68378179616046630  0.68714714869606264  0.69275320258131445  0.69911639338695053
  0.70339310500920027  0.70663345317563897  0.71007200167597373  0.71406340941133439
  0.71947419390566181  0.72783508378406436  0.73790445066867882  0.74907748525338058
  0.78212063116406061  0.81584643376941668  0.83488661293786515  0.86395924587411876
  0.90401397463568545  0.91626791840093946  0.92830118633231173  0.94055142926185176
  0.95283027015066479  0.96221678383677212  0.97079678284460258  1.00000000000000000
 -0.00431396879883600  0.03933176986003376  0.05606048683980595  0.06400103833293778
  0.06998948224219793  0.07548663432897847  0.08118945792205648  0.08826901715874663
  0.09527589173912503  0.10180416352682403  0.10831023362369124  0.12194904402936005
  0.13542237811269228  0.14758882477309013  0.16020893671958897  0.17455825586386742
  0.18511189585503574  0.19360880710600101  0.20283342518621750  0.21346582943815609
  0.23013925533060450  0.25152446876273504  0.25603184741976187  0.25832983426851530
  0.26090442156084376  0.26464644765371875  0.27278150671226919  0.27671863218515746
  0.27896621165350216  0.28194967210871530  0.28728494524726439  0.29497827748885580
  0.30418641745088465  0.31799839128553825  0.34078487007645553  0.36325761855261951
  0.38897431321803544  0.42127475940291814  0.44072370319473508  0.44740092977822998
  0.45364845051661451  0.46047637866470292  0.46855066652620553  0.48689909666725989
  0.51302469725178590  0.52964136930415473  0.53528443360619105  0.54199957935420984
  0.55133176202010237  0.56244921676772686  0.57562105009106790  0.58604694663152113
  0.60547583097141267  0.63480821745290794  0.65066225099175712  0.66087450875786002
  0.66705524246450620  0.67030702057556657  0.67340706577866238  0.67801318428262258
  0.69377200607740108  0.70409085567165752  0.70692211602799004  0.71065115511354005
  0.71727133409432620  0.72589277159911292  0.73411434541542420  0.74400153028317817
  0.75487344191076911  0.75668753494810814  0.75850162798544718  0.76031572102278633
  0.76212981406012537  0.76394390709746440  0.76629367066842335  0.76871975585583530
  0.77114584104324724  0.77357192623065918  0.77599801141807112  0.77884938204361143
  0.78185198076103890  0.78485457947846637  0.78785717819589385  0.79085977691332132
  0.80604141953047903  0.82559741838209910  0.85289746069450079  0.87028783926999909
  0.89095617297155694  0.91117322298885095  0.92017963651902135  0.93089859716657675
  0.94280661087368423  0.95539000136586538  0.97535563605933073  1.00000000000000000
 -0.00300242380524761  0.01619679647862326  0.02632223048435762  0.03983561574204644
  0.05333268007223174  0.06579507251750800  0.09520171614546460  0.11484507448195838
  0.13518247763199728  0.15550840883732023  0.17063360654918266  0.18028839424813808
  0.18578996567084849  0.18907054594905831  0.19411109833569148  0.20179305231909248
  0.21041469088468373  0.21654634815082707  0.22129891796749707  0.22582666503709931
  0.23330987592698513  0.24158481610261320  0.25204524941958051  0.26233739529269129
  0.27624122446073268  0.28805543265155009  0.29750436466848035  0.30549681032636955
  0.31851963669320688  0.33247335425799834  0.35218671026614140  0.36332125086816691
  0.37176366741426214  0.38064400347819410  0.38872987951588389  0.39628224882770469
  0.40461859649993565  0.40936134736166158  0.41303337007847363  0.41651343878022190
  0.42003207883750188  0.42359820471438336  0.43350661242816896  0.44334914656178170
  0.45004948890857516  0.45528618904155388  0.45988558364984844  0.46837246013380007
  0.49026373682119839  0.50960011366436631  0.52225619389086353  0.53411043659384327
  0.54796219650632583  0.57480897248134599  0.59806070872653883  0.62165593793647678
  0.64031503599870176  0.65879850646235105  0.67668170812302275  0.69244116972906189
  0.69964186912973669  0.71173392620148945  0.72245067670790197  0.72783006229659764
  0.73719676069718576  0.74754878563659033  0.78205907564163935  0.81081875990845254
  0.83204391248095877  0.84681898732443861  0.85422785465204709  0.86136153663207315
  0.86799749839274265  0.88088514200911761  0.89716644314308092  0.90701849471097507
  0.90890215054917078  0.91078580638736661  0.91266946222556244  0.91455311806375827
  0.91672753190107237  0.91942594769930441  0.92212436349753646  0.92482277929576862
  0.92752119509400066  0.93025549475724600  0.93301538655033334  0.93577527834342056
  0.93853517013650789  0.94129506192959511  0.95274186406544636  0.96327872488601063
  0.97269218885626407  0.98214334434159667  0.99124468005523958  1.00000000000000000
 -0.00053020732486927  0.01432605401807452  0.02725913510523723  0.03473932507885605
  0.04118203518083153  0.04707703780982796  0.05250821665075922  0.05954927650240490
  0.06082280620817587  0.06206136623037244  0.06329992625256900  0.06453848627476556
  0.06577704629696213  0.06752604112128396  0.07288981400740906  0.07825358689353415
  0.08361735977965924  0.08898113266578433  0.09434490555190944  0.09959081597228259
  0.10452431462041165  0.10945781326854069  0.11439131191666975  0.11932481056479879
  0.12425830921292785  0.12915439875882082  0.13372596123763428  0.13802317312403461
  0.14204257737122605  0.14556929824299608  0.15173656353859130  0.15699394364125646
  0.16135668430885708  0.16618665795078821  0.17523259541613737  0.18201204055349479
  0.19336446387575731  0.21859098036955171  0.23335065438820579  0.24418642093489107
  0.25560935297294768  0.27199348776893395  0.28735719768999551  0.30040877959726209
  0.31513558234032646  0.33122887184270250  0.34743587255272051  0.36375757562435890
  0.38849283405170726  0.41812517319124831  0.43989570045007231  0.45581126820131629
  0.46238135326124141  0.46766150076678170  0.47271954607718780  0.47770651545118403
  0.48292482605865339  0.49248096551182463  0.51324572806623625  0.53231138572194803
  0.54336795654377235  0.55338392829534200  0.55997017983912512  0.56475552735268486
  0.57364911638032157  0.58184018886086863  0.58595367511670049  0.59069728121580489
  0.59774691546539316  0.60502512836279532  0.62201004533031412  0.65440066763242066
  0.67982979629285678  0.69406412146629270  0.70961967124156700  0.74055082891204094
  0.76203784957157994  0.77130203589543689  0.77866015097333019  0.78454363511749847
  0.79053370721365956  0.79773519297176598  0.80297308073506168  0.81763491250334619
  0.83794887300689525  0.86330999209828418  0.88476613209431398  0.90283592629815090
  0.91312713968613346  0.92068419739727159  0.92809660867963262  0.93630458174832898
  0.94706372826349605  0.96014670371737387  0.97113554383389677  1.00000000000000000
 -0.00447948126598505  0.02808046463129943  0.07461613987594021  0.09899566287304506
  0.11949281999725773  0.14952484911443345  0.17483733148433472  0.19397691530809452
  0.23726670128738073  0.28751848871679581  0.31907000173344446  0.34371351204962569
  0.37348039123402155  0.39230918250051522  0.40776953217450917  0.42113537396801826
  0.44341972241320771  0.47549149676925961  0.48291634014770046  0.48667374021242538
  0.49193123933075145  0.49668198001750918  0.50138422224231749  0.50624318093445020
  0.51125635043091222  0.51704204441786150  0.52146580562348643  0.52585698978568329
  0.53092726906665733  0.53354403415570351  0.53738226228463304  0.54186464307040449
  0.54789198273661222  0.55739706846479253  0.56610765463857682  0.57127114389223155
  0.57757678720444827  0.58259384277408632  0.58914763659958280  0.59547175274388964
  0.60009802426688064  0.60454817281415585  0.60931148817922964  0.61782255098639594
  0.62268767087506327  0.62574255415235935  0.62824367411641246  0.63074370766836529
  0.63324243779429867  0.63582369599671817  0.63848791937772609  0.64348567089323161
  0.65240616368998816  0.66772802577394330  0.68004356801404164  0.68938575345996478
  0.69550892820373833  0.70196401924150309  0.70859593023942269  0.71606446828672954
  0.73580840438738138  0.75975039595812321  0.78394793419636288  0.81086176593538672
  0.82860126115973365  0.84856795985504385  0.86150296938545934  0.87719906424914551
  0.88823844933021157  0.89196112646474213  0.89566292709311923  0.90083753289080448
  0.90493692133855863  0.90838419724247554  0.91265468716260079  0.91815998958964196
  0.92120193461614108  0.92276883211145366  0.92433572960676624  0.92590262710207882
  0.92746952459739140  0.92903642209270387  0.93104122870109585  0.93343294376706998
  0.93582465883304400  0.93821637389901813  0.94060808896499215  0.94301591021416054
  0.94639365653331209  0.94977140285246375  0.95314914917161542  0.95652689549076697
  0.95990464180991864  0.96790491964273806  0.98338996082454111  1.00000000000000000
  0.01738602700282089  0.46041508270655185  0.56448757027200080  0.60226335816792431
  0.61792530271552826  0.62575816776811366  0.63169183298168052  0.63961718472285778
  0.64646638563908376  0.65493339899334591  0.66282246972792025  0.67058449760614491
  0.68664133381834924  0.70209024539869302  0.71568698265810071  0.72907979290655966
  0.74194037698050341  0.75041899908469623  0.75381094046923991  0.75947471665396493
  0.76510224496417778  0.76902436978726663  0.77077617472347670  0.77220495134273159
  0.77345017417459172  0.77483786836120927  0.77590975067140044  0.77643635753474294
  0.77696296439808554  0.77748957126142804  0.77801617812477064  0.77848587063647567
  0.77889073818022958  0.77929560572398338  0.77970047326773717  0.78010534081149108
  0.78043846062700140  0.78065747234994232  0.78087648407288335  0.78109549579582427
  0.78131450751876530  0.78200423218413306  0.78363081695989667  0.78545512558120767
  0.78951459612120056  0.79383514733233007  0.79674510704249135  0.79912526166860454
  0.80094938754802991  0.80240704471972601  0.80341884155370091  0.80428702961783372
  0.80506210034786096  0.80566153087831960  0.80624080689380118  0.80689540363739964
  0.80939409322884270  0.81174881922752451  0.81402659946001354  0.81649137564080454
  0.81917870733748444  0.82233005100640222  0.82623446354573571  0.82815612972362329
  0.82978663029811583  0.83164410877105077  0.83358016287459336  0.83590493563981272
  0.83849877367341774  0.84271053475490876  0.84853343804451498  0.85380111789009927
  0.85911114391122523  0.86514531369466852  0.87130508338974422  0.87605488898800288
  0.87901955496997619  0.88152095988034973  0.88399449791314599  0.88727172049231584
  0.89128606102800423  0.90009800694473030  0.90743821648877598  0.91071543320597625
  0.91521713458106524  0.91863119251060199  0.92134672757291958  0.92342932188369864
  0.92522656633730249  0.92719832151091930  0.93084812243398696  0.93626684613043243
  0.94285860418288625  0.95054207481579267  0.96808471443520450  1.00000000000000000
 -0.01569173764444424  0.11395136492585008  0.14846517799127948  0.17763953933887666
  0.19555274873335379  0.22045114814700076  0.27180205038784566  0.30390528576575881
  0.32221232083350637  0.34110307005933732  0.36631122727479326  0.39044155279077303
  0.41831832123229634  0.44613632922699392  0.46882130917229353  0.48427186389505156
  0.49157921005500849  0.49659930074666986  0.50106657651082143  0.50348138756434702
  0.50569894445431329  0.50796629160666196  0.51018783243470212  0.51440214050661992
  0.51814524627685754  0.52029512390849564  0.52201470541332362  0.52347869520419887
  0.52524230993687071  0.52705132474482153  0.52924564072948377  0.53258953405413678
  0.53565997399253862  0.54214445634467168  0.54645883106134718  0.55090241809803098
  0.55630008749309801  0.56222121381994750  0.56987293216052670  0.57847070543065382
  0.58523087761639525  0.59162630249546433  0.59678527535770043  0.60161247247723704
  0.60565031120326462  0.60818175868231505  0.61058484121466350  0.61281956990634712
  0.61621785005489238  0.62049922325763429  0.62432687599646497  0.62897209370444329
  0.63358563051310979  0.64051339604549384  0.65129500532912210  0.66502377740835072
  0.67855766783295124  0.68986142406536421  0.69869366644909447  0.70444734181223323
  0.70900458758184959  0.71365884000155777  0.71834033048152635  0.72255826580181670
  0.72671442030119804  0.73390337783904125  0.74095000205928485  0.74475976025986279
  0.74781819019261042  0.75077097619172617  0.75374422401206209  0.75757383674378354
  0.76499116296610992  0.77232356307579753  0.78009570520772098  0.78784108012221366
  0.79383556934381727  0.79987666151382564  0.80394277109738654  0.80774251968307897
  0.81154226826877141  0.81534201685446372  0.81914176544015616  0.82315110525298296
  0.82742757904353637  0.83170405283408966  0.83598052662464306  0.84025700041519646
  0.84453347420574976  0.84920112858605334  0.85387085745605684  0.85854058632606034
  0.86321031519606384  0.86788004406606722  0.89843078887810224  1.00000000000000000
   6.8969123419601608E-017  -1.0000000000000000     
 T F F F F F F F F F F F F F F F F F F F T F F F T F F F F F F F F F F F T F F F T F F F F F F F F F F F F F F F F F F F T F F F F F F F F F F F F F F F F F F F F F F F F F F F F F F F F F F F F F F F F F F F F F F F F F F F F F F F F F F F F F F F F F F F F F F F F F F F F F F F F F F F F F F F F F F F F F F F F F F F F F F F F F F F F F F F F F F F F F F F F F F F F F F F F F F F T F F F F F F F F F F F F F F F F F F F T F F F T F F F F F F F F F F F T F F F T F F F F F F F F F F F F F F F F F F F T F F F T F F F F F F F F F F F F F F F F F F F T F F F T F F F F F F F F F F F T F F F T F F F F F F F F F F F F F F F F F F F T F F F F F F F F F F F F F F F F F F F F F F F F F F F F F F F F F F F F F F F F F F F F F F F F F F F F F F F F F F F F F F F F F F F F F F F F F F F F F F F F F F F F F F F F F F F F F F F F F F F F F F F F F F F F F F F F F F F F F F F F F F F F F F F F F F F T F F F F F F F F F F F F F F F F F F F T F F F T F F F F F F F F F F F T F F F T F F F F F F F F F F F F F F F F F F F T F F F
  <DiscreteSampler_grid>
  grouped_processes
  1 # 1 for a reference and 2 for a running grid.
  10 # Attribute 'min_bin_probing_points' of the grid.
  1 # Attribute 'grid_mode' of the grid. 1=='default',2=='initialization'
  0.0000000000000000 # Attribute 'small_contrib_threshold' of the grid.
  0.5000000000000000 # Attribute 'damping_power' of the grid.
 # binID   n_entries weight   weight_sqr   abs_weight
    16   10   8.650528450456694E-022   4.616126839134442E-042   8.650528450456694E-022
    17   10   8.650528450456897E-022   4.616126839134765E-042   8.650528450456897E-022
    19   10   2.495564474266413E-022   2.294215116104835E-043   2.495564474266413E-022
    20   10   2.495564474266559E-022   2.294215116105043E-043   2.495564474266559E-022
    22   10   1.558870201316693E-021   1.794254713324654E-041   1.558870201316693E-021
    23   10   1.558870201316636E-021   1.794254713324490E-041   1.558870201316636E-021
    28   10   8.650528450456694E-022   4.616126839134439E-042   8.650528450456694E-022
    29   10   8.650528450456888E-022   4.616126839134758E-042   8.650528450456888E-022
    31   10   2.495564474266412E-022   2.294215116104828E-043   2.495564474266412E-022
    32   10   2.495564474266557E-022   2.294215116105041E-043   2.495564474266557E-022
    34   10   1.558870201316693E-021   1.794254713324649E-041   1.558870201316693E-021
    35   10   1.558870201316637E-021   1.794254713324494E-041   1.558870201316637E-021
    40   10   8.650528450456696E-022   4.616126839134447E-042   8.650528450456696E-022
    41   10   8.650528450456916E-022   4.616126839134782E-042   8.650528450456916E-022
    43   10   2.495564474266436E-022   2.294215116104848E-043   2.495564474266436E-022
    44   10   2.495564474266594E-022   2.294215116105119E-043   2.495564474266594E-022
    46   10   1.558870201316691E-021   1.794254713324638E-041   1.558870201316691E-021
    47   10   1.558870201316624E-021   1.794254713324457E-041   1.558870201316624E-021
    52   10   8.650528450456696E-022   4.616126839134446E-042   8.650528450456696E-022
    53   10   8.650528450456931E-022   4.616126839134801E-042   8.650528450456931E-022
    55   10   2.495564474266435E-022   2.294215116104841E-043   2.495564474266435E-022
    56   10   2.495564474266593E-022   2.294215116105117E-043   2.495564474266593E-022
    58   10   1.558870201316690E-021   1.794254713324634E-041   1.558870201316690E-021
    59   10   1.558870201316626E-021   1.794254713324462E-041   1.558870201316626E-021
    64   10   2.885422746453863E-022   3.415678792192014E-043   2.885422746453863E-022
    65   10   2.885422746453984E-022   3.415678792192522E-043   2.885422746453984E-022
    67   10   5.224507171667006E-021   2.272507761631306E-040   5.224507171667006E-021
    68   10   5.224507171666531E-021   2.272507761630879E-040   5.224507171666531E-021
    70   10   4.018621093388799E-020   1.551631766423303E-038   4.018621093388799E-020
    71   10   4.018621093388732E-020   1.551631766423252E-038   4.018621093388732E-020
    76   10   2.885422746454030E-022   3.415678792192431E-043   2.885422746454030E-022
    77   10   2.885422746454044E-022   3.415678792192730E-043   2.885422746454044E-022
    79   10   5.224507171666868E-021   2.272507761631176E-040   5.224507171666868E-021
    80   10   5.224507171666571E-021   2.272507761630917E-040   5.224507171666571E-021
    82   10   4.018621093388758E-020   1.551631766423270E-038   4.018621093388758E-020
    83   10   4.018621093388812E-020   1.551631766423315E-038   4.018621093388812E-020
    88   10   2.885422746453899E-022   3.415678792192143E-043   2.885422746453899E-022
    89   10   2.885422746453982E-022   3.415678792192526E-043   2.885422746453982E-022
    91   10   5.224507171667002E-021   2.272507761631306E-040   5.224507171667002E-021
    92   10   5.224507171666531E-021   2.272507761630879E-040   5.224507171666531E-021
    94   10   4.018621093388806E-020   1.551631766423309E-038   4.018621093388806E-020
    95   10   4.018621093388741E-020   1.551631766423259E-038   4.018621093388741E-020
    100   10   2.885422746454058E-022   3.415678792192531E-043   2.885422746454058E-022
    101   10   2.885422746454063E-022   3.415678792192781E-043   2.885422746454063E-022
    103   10   5.224507171666829E-021   2.272507761631141E-040   5.224507171666829E-021
    104   10   5.224507171666579E-021   2.272507761630923E-040   5.224507171666579E-021
    106   10   4.018621093388753E-020   1.551631766423266E-038   4.018621093388753E-020
    107   10   4.018621093388830E-020   1.551631766423329E-038   4.018621093388830E-020
  </DiscreteSampler_grid>
