  0.02307678197542158  0.03819159029842543  0.05335148655778843  0.06660901418303881
  0.07833439431600882  0.08898216380717643  0.09976761989764026  0.10532153870805021
  0.10921432349212895  0.11295786052959100  0.11642914587986890  0.12060951125772601
  0.12705073155468385  0.13473458422487711  0.14060475874029554  0.14644167784352119
  0.15126464273325416  0.15605713847517913  0.16218809498621237  0.16910333400418368
  0.17764899761525010  0.18689111027013222  0.19486466228758076  0.20531425528008387
  0.21755439729036136  0.23155765030606687  0.24742748181484756  0.26285397822436340
  0.27688634225345438  0.28992169201842904  0.30065432419741345  0.30869608173207064
  0.31585825827981573  0.32295528844725979  0.33054891332119779  0.34060667705257741
  0.34927399197171222  0.35795666890333022  0.36675847450421190  0.37739226832770362
  0.38778333052796499  0.40012241692255929  0.41422084290769601  0.42836654052727030
  0.44220938558081785  0.45535212348522336  0.46781518584749621  0.47930157819212954
  0.49028635908118157  0.50333228778417027  0.51791017215173640  0.53812575490393444
  0.55329508048112630  0.56421147934810256  0.57311447114633141  0.58193796971968426
  0.59157186171425336  0.60145130454094031  0.62675655594075563  0.65030192438773793
  0.67182397890929590  0.68721033035838275  0.69917693126782066  0.70908402659103165
  0.71902208993940564  0.72880479770452211  0.73701293084514463  0.74240591128092281
  0.74862891387673258  0.75573151884912970  0.76332811882672058  0.77148015265737735
  0.78108503268668927  0.79091710374045276  0.79779783491571499  0.80389837955357923
  0.81203183574912430  0.82312889911969767  0.83448258912240858  0.84574437211069198
  0.85901831608012791  0.87765211015337441  0.88870173440284028  0.89828880287079194
  0.90768626727485213  0.91448432893694831  0.92275020723216306  0.92860283339994099
  0.93553753683510210  0.94287943309069666  0.94787820372191478  0.95240450741986438
  0.95867145554385469  0.96525682468244578  0.97220941767863589  1.00000000000000000
  0.03019481222122517  0.03025342819416184  0.03033298122270727  0.03045297994026138
  0.03060972985477067  0.03067845990707508  0.03074038466502909  0.03080701348661461
  0.03088803588163822  0.03097015243190581  0.03106877664690486  0.03120248046379530
  0.03136277238970950  0.03158192208788747  0.03179727625503164  0.03198881915419129
  0.03216672989642059  0.03233727792843526  0.03250915384056213  0.03268809915008569
  0.03283571639680089  0.03294119740320314  0.03302642876329000  0.03309888775280342
  0.03318718064974539  0.03329733223958674  0.03341472138593109  0.03354517831571429
  0.03373486870509401  0.03391831076156001  0.03408051098451508  0.03422305146089616
  0.03435749922115426  0.03448611291134143  0.03461802414547198  0.03475573525206272
  0.03496880929807427  0.03529839122971490  0.03551220727098211  0.03571510541454215
  0.03590964897191675  0.03609093696911578  0.03627997316733269  0.03646423574947152
  0.03662389649272369  0.03678029083337640  0.03697109861334014  0.03715558714554499
  0.03731936506694095  0.03748593819496539  0.03768308169852789  0.03785282236382575
  0.03800291415653361  0.03821769613781738  0.03846366659790201  0.03874265789346718
  0.03905150225873147  0.03937404913166397  0.03968640655885216  0.04000579620968429
  0.04026742484508285  0.04048790193818316  0.04070305152762488  0.04096697023795001
  0.04118568463491974  0.04148622722574994  0.04182863862459994  0.04216923860210841
  0.04241518079755152  0.04269571868543429  0.04311184304115646  0.04357774385213227
  0.04411513195516032  0.04462340037474734  0.04489183165804750  0.04512352270518093
  0.04528710422053518  0.04545307519874071  0.04562338369773837  0.04589551400779853
  0.04642331948543568  0.04680568859294931  0.04733013344009461  0.04792884492348351
  0.04863066507134297  0.04969787201102274  0.05079775595254826  0.05182863116557939
  0.05287121819029398  0.05410505844905462  0.05559313032656053  0.05668469805912527
  0.05789716020866487  0.05952653081967433  0.06260413660827446  1.00000000000000000
  0.93619071697600542  0.93903061565502755  0.94008329193361251  0.94128576813078146
  0.94295312494960393  0.94439390439064075  0.94570762754510318  0.94602324083454059
  0.94634858438357017  0.94671932852416152  0.94708148626202127  0.94752886588784346
  0.94828048400305398  0.94886652300536656  0.94934108535228556  0.94954233958647616
  0.94976242909172603  0.94998456328647396  0.95017101048040975  0.95037414388161900
  0.95073257462097893  0.95133426821883671  0.95187628591226847  0.95234635528420153
  0.95277070775002604  0.95320131549533527  0.95374878823255627  0.95429164958728951
  0.95479487355546877  0.95521912832237144  0.95552303249402848  0.95575651019510066
  0.95594468971412683  0.95612710423005165  0.95642775311514461  0.95682267767971108
  0.95731756781471733  0.95784337724587121  0.95831872592272183  0.95871967104230660
  0.95904340325950455  0.95933891747640088  0.95959276491274592  0.95986404637896550
  0.96019791973238311  0.96047681658564765  0.96071143742660070  0.96084939074455222
  0.96100717998758478  0.96113642879634809  0.96129495360021011  0.96147591780687647
  0.96168818305722215  0.96191862053036725  0.96214857295821377  0.96241102640596554
  0.96270735810779695  0.96303759486942209  0.96337455937023275  0.96367116763904614
  0.96390758897936923  0.96409882811624426  0.96425094611899320  0.96437092189351326
  0.96445547057013836  0.96452898506532880  0.96459594868420773  0.96467753514994514
  0.96479751578616235  0.96497904799970091  0.96517772434879212  0.96530897276635808
  0.96543139536242573  0.96554969064861895  0.96568411552641820  0.96585009959851387
  0.96606238471391215  0.96623124943442440  0.96638010937417496  0.96652574450152851
  0.96668331224862758  0.96688227366871560  0.96712184444045224  0.96737255585102799
  0.96757567629632268  0.96774931002113207  0.96792432566884257  0.96809032588939214
  0.96823314304155161  0.96836119128314713  0.96848635972557517  0.96857402636865064
  0.96865896318571409  0.96872591515573170  0.96879506767330947  1.00000000000000000
  0.02049516538833900  0.02517262089345697  0.02733865862257114  0.02894739708027202
  0.03046577093482326  0.03150144986807638  0.03198401227727615  0.03269200353612937
  0.03339977343184769  0.03403219735280172  0.03447514046994096  0.03473163266769509
  0.03495331732354176  0.03515886892947491  0.03551017021719527  0.03613287586409510
  0.03697937997064712  0.03780947211339761  0.03872826885818124  0.03963228048436684
  0.04024853732504256  0.04072894675108717  0.04118346340251808  0.04163251649307209
  0.04208877076369404  0.04267962964220229  0.04369547912176749  0.04479546657778014
  0.04590836454596811  0.04689542343403420  0.04774516904841782  0.04864925575865771
  0.04957573186728598  0.05049837555568596  0.05132458381649319  0.05224859021351225
  0.05280022713890834  0.05337418000280131  0.05410220972960541  0.05506265819377347
  0.05641103235900968  0.05744317823214955  0.05839460685039199  0.05927715773479996
  0.06015881006300588  0.06113027950493020  0.06224829345403449  0.06323799056165445
  0.06437605446957899  0.06536001746859020  0.06624583814795264  0.06714777706228853
  0.06818174399778214  0.06931202989937435  0.07042963761113855  0.07158407059809505
  0.07261078650370739  0.07361299604000716  0.07459078221571100  0.07554478317075776
  0.07681083537129786  0.07831084802989294  0.07997293297850633  0.08135118357033863
  0.08257686361490017  0.08395968811796665  0.08590727015857930  0.08817209127416731
  0.09016132404940409  0.09194623175608689  0.09413463805503744  0.09646818272722579
  0.09907641682727704  0.10201272024766483  0.10402533186826458  0.10572611000102622
  0.10724213578685113  0.10907119147607276  0.11146519215383008  0.11406049493515448
  0.11584780511492243  0.11698689074266115  0.11860814785965455  0.12028860351066969
  0.12183282663976297  0.12601065823043198  0.12974257488552399  0.13425617526826106
  0.14031612307681604  0.14766538040601770  0.15906914850856965  0.17804460130494851
  0.19457838048373327  0.20915798056814314  0.45861872465549924  1.00000000000000000
  0.02443341347737134  0.03210630520247813  0.04206804326531906  0.05392695640088534
  0.06701655223406661  0.08042285055745070  0.09240717179263087  0.10391420268786707
  0.11691527457051368  0.12980958178794572  0.14123863461734260  0.15240484851227393
  0.16090430832004149  0.16922266861127627  0.17865209875751323  0.18775804647435490
  0.19863036338612622  0.20965533097950545  0.22064162446912247  0.23223722183253470
  0.24603747498498757  0.26357380752901832  0.27741135150574475  0.28713014211322890
  0.29540743880746234  0.30373661326496060  0.31394580668293948  0.32633119518063952
  0.33982422037673726  0.35253374088870132  0.36015231948985038  0.36396092070872232
  0.36717433744638156  0.37248242992778069  0.38256107236434289  0.39226965641392431
  0.40170388151845982  0.40782892645981694  0.41106088867001478  0.41379861640334853
  0.41893197272040927  0.42955768440076891  0.44535488704442205  0.46078809115823233
  0.47486107055341009  0.48923417490757870  0.50299621513216242  0.51678190962525927
  0.53114112380241219  0.54022982635766614  0.54843121511417048  0.55725382336268503
  0.56920031148837846  0.58440559837184491  0.59835915997383726  0.60568656284552835
  0.61300432788818626  0.62031105916175699  0.62819953020130093  0.63825708857585750
  0.65468239408822448  0.67099304333256360  0.68244153653581874  0.69501087419220720
  0.70740629705639235  0.71871080134230336  0.72882418823471418  0.73744930942748821
  0.74811725528864015  0.75803127925126823  0.76659137088857776  0.77536109720667712
  0.78437947210932513  0.79340843839978326  0.80333500537220059  0.81471906727963384
  0.82910190328009747  0.83977141533718491  0.84859629085840937  0.85453042277470237
  0.85901229511893051  0.86260650347471379  0.86705940186955033  0.87176534074490586
  0.87805994618666083  0.88435455162841592  0.89327481825208754  0.90227255606930490
  0.91772809953709933  0.92728669409115061  0.93505920178039670  0.94305899428704387
  0.95210794024644996  0.96350956930209597  0.97142555877975434  1.00000000000000000
 -0.00240046449110430  0.01125759928957027  0.01593781969337493  0.01954498426280759
  0.02318384423346765  0.02858955412106933  0.03888032822068779  0.04970350772733200
  0.05594441993284258  0.06106704339035585  0.06886013707494254  0.07892463030432693
  0.08787849904958957  0.09576921612813036  0.10100465821320068  0.10421933034447850
  0.10738964879509444  0.11240568351458465  0.12048358166820289  0.13301860706190913
  0.14120734859192810  0.14691278409011244  0.15136452198492192  0.15711880843712411
  0.16621496147346418  0.17513945326924707  0.18354456184474946  0.19169153630871624
  0.20027112068242509  0.20953564343996586  0.22032981503679416  0.23038975902251824
  0.24180701448861783  0.25774250640474650  0.27269871183160105  0.28587134444378315
  0.29810614453715040  0.30911145200824119  0.32006525403483971  0.32944101169138168
  0.33757891631959985  0.34750023615601566  0.35907903605652453  0.37050977704720178
  0.37947522269315997  0.38598521181529799  0.39091733774769821  0.39589287443456489
  0.39945343646580883  0.40304288783360026  0.40667207545533801  0.41177888180027755
  0.42168981016264290  0.43567421234557629  0.44611788212572323  0.45736674188119947
  0.47151017127938583  0.48538247997200634  0.49739310873517872  0.50976251800006922
  0.52365515895024717  0.53754779990042512  0.54761879135978153  0.55760404477484349
  0.57265224658578640  0.58853490428260713  0.60211177157295992  0.61340550353120538
  0.62562435659353388  0.63886612793413988  0.65541829835609156  0.67028090119392336
  0.68263316607838054  0.69520714717937671  0.70575529551617577  0.71797979958162139
  0.73404839203920869  0.75055988562589926  0.77304076070822081  0.80243595884115093
  0.82944881041006258  0.85378364510740290  0.87507739619940228  0.89486179733917948
  0.91388338400294900  0.92520890649819498  0.93301113805208857  0.93915209720809045
  0.94478131891403772  0.95050986412484917  0.95609473640458464  0.96251501492496072
  0.96954424197747335  0.98051881535783103  0.99077778010226947  1.00000000000000000
 -0.00237672495123782  0.01015876082086159  0.01853780544975498  0.02530486797469152
  0.03259837839110633  0.04242205475531573  0.05619332330914601  0.06644011582394720
  0.07200120601122062  0.07635151919655384  0.08049630853094969  0.08456201802035819
  0.08780199884236826  0.09064795071155585  0.09684202483438704  0.10617189853997673
  0.11505123390700453  0.12613345457705422  0.14115052341718526  0.15417979995762676
  0.16501401729207754  0.17032821350252517  0.17722327097600321  0.18514526346675170
  0.19373373043501005  0.20236256873975561  0.21001716169763851  0.21590144606155123
  0.22169865509388134  0.22728872684358581  0.23502689915392397  0.24820563134552823
  0.26093700324791003  0.27299302163064526  0.29022479089033998  0.30483920048392432
  0.32018247709386471  0.33173021692987092  0.34076961912101289  0.34664250327688456
  0.35399772721186101  0.36404712500827785  0.37835347647704221  0.39402520509759725
  0.41216541198140483  0.43121230755675116  0.44796103938191073  0.46062186639935321
  0.47673499860219570  0.49252663815144743  0.50490636660192356  0.51518728058967656
  0.52417994918795885  0.53349825009613938  0.54278352528847418  0.55003316233353416
  0.55681453568363481  0.56398877611234732  0.57123632119940315  0.57802374356559805
  0.58509414298117923  0.59327766467527754  0.60144155538688182  0.60858117507196152
  0.61581040458607539  0.62372940004497079  0.63143095837708918  0.63816448085165733
  0.64901723974572278  0.66136914157342486  0.67237560098167348  0.68115945419419777
  0.68951838577039903  0.69737512597122830  0.70422185303608065  0.71498750910841835
  0.72860461958774214  0.74145682139759961  0.75306786170534878  0.76603871717256089
  0.78207481198780893  0.80483927337307337  0.82736464074751104  0.84596476495069262
  0.85722272295963009  0.86567754506287542  0.87389265395687454  0.88312847404033723
  0.89435047337898244  0.90939836750841030  0.92991494572529698  0.95154059842328875
  0.96758635765145007  0.97830366835151961  0.98854044901135940  1.00000000000000000
 -0.00377659664611198  0.01552887707526605  0.03231602026427604  0.05136973887399062
  0.06901104808840015  0.08416752833177733  0.09311342644944334  0.10107801055821723
  0.11008487508692956  0.11764219124102675  0.12552619504739801  0.13366328029081420
  0.14452385664236825  0.15921724040940743  0.17242993043072860  0.17929785003168361
  0.18443697326016587  0.18917960944236042  0.19388011061892660  0.19960116731086225
  0.20975679139860093  0.22041511225634108  0.23019349186514113  0.24078351762251882
  0.25454904917376242  0.27216767421199067  0.28822638679757001  0.30025376645093488
  0.31025173236774584  0.32101685516508449  0.33390662109706443  0.34511882710768133
  0.35590276887587952  0.36963367903917821  0.38224759088418719  0.38767852251738721
  0.39324172105628330  0.39992588559039521  0.40661515259353120  0.41337568366866428
  0.42084588749732410  0.43767173058751557  0.45124447178141930  0.46160684234171212
  0.47247890573958184  0.48444237494764747  0.49678365844740491  0.50813430639231127
  0.51943042726331257  0.52779698734020419  0.53792531853728176  0.54591732273501437
  0.55286932943231970  0.56028033419499845  0.56632877820192673  0.57053854654959046
  0.57738285195244377  0.58755810561686606  0.60338083090219208  0.61797780105442335
  0.63368564757317336  0.64894899556376762  0.66126209723633977  0.67041190740851009
  0.67951626622024719  0.68727211056872095  0.69640800437439987  0.70794235974506958
  0.71724646353993682  0.72771931220019914  0.73900501323017853  0.75084302842528705
  0.76289069282920818  0.77437763623321665  0.78547798018636383  0.79685887420614920
  0.80822009581310272  0.81997883699181873  0.83345649165818736  0.84931990254462963
  0.86000183796984064  0.87120183818120134  0.87965456050815172  0.88837337834653951
  0.89731746167674609  0.90385953456390467  0.91146055827387329  0.91895676913771707
  0.92697395253418324  0.93475963920835659  0.94526280789793993  0.96138973389837401
  0.97348805054521970  0.98228955292832287  0.99114332491018919  1.00000000000000000
 -0.00362555730482329  0.01377894417861847  0.03197836820104805  0.04633370558174368
  0.06032108183223203  0.07330826837402066  0.08606823057807159  0.09333422182131615
  0.09876732854388803  0.10748127730732857  0.11683490520982168  0.12567697719537965
  0.13683819430113819  0.15159092732550455  0.17014044320302232  0.18206672184630518
  0.18900281014908463  0.19539983456607671  0.20120019481021972  0.20758620909808634
  0.21554520151137246  0.22366624666984256  0.23379683193223505  0.24603313045598957
  0.25424267765925906  0.26345203541772283  0.27336261844921078  0.28701134605265133
  0.30463261820585397  0.31969032991240093  0.33105332377566193  0.34099587634619982
  0.34894148725541974  0.35493073412355319  0.36366670951635272  0.37546734560143846
  0.38896695509735063  0.40505332842181058  0.42119037693367400  0.43425608417167283
  0.44654523800905283  0.45845664306465927  0.47025802764389968  0.48350941962940019
  0.50031833505510548  0.51670748699870550  0.52560925260379598  0.53208546327940132
  0.53789897686540511  0.54374754446594609  0.54724817856550645  0.55253571149766489
  0.55777029438675030  0.56271034898246930  0.56927816623721894  0.57460491559819893
  0.58219588983826032  0.59502087038103335  0.60630333538872105  0.61683082531541589
  0.62508377503792700  0.63597703818065299  0.64402630769114511  0.65255925166951778
  0.66296779237444892  0.67643369555181676  0.69343201864463688  0.70484847527125050
  0.71381978121006595  0.72299321482138179  0.73413096275238010  0.74822257464168396
  0.76311446435995711  0.77296195870493767  0.78093652236647371  0.78767788439491959
  0.79411253847598551  0.80297557948044374  0.81313474454544077  0.82504934447990741
  0.83620565163387484  0.84926326540433827  0.85881531234832442  0.86900121849720235
  0.87832018406574963  0.88648282049220062  0.89405737519043793  0.90634961553256299
  0.92092784631101199  0.93396584648864667  0.94522033595581201  0.95470459085109072
  0.96590640141749284  0.97601453316998954  0.98705767683803602  1.00000000000000000
 -0.00362002913785272  0.01765619479828673  0.03366411424878307  0.04792699699769604
  0.06230035952676188  0.07794910215130953  0.09352612962624547  0.10509878088211032
  0.11657644621392446  0.12934288143178274  0.14308185056050909  0.15782893616784383
  0.16946315451699473  0.18052973577627698  0.19053179279521060  0.20269047700316123
  0.21064823612849928  0.21854604130025621  0.22768103766221634  0.23644891724069331
  0.24820785668220655  0.26667439666269965  0.28131653366425258  0.29169479081677530
  0.30039715631991393  0.30941491112809638  0.31812074744595242  0.32848897705630198
  0.33979412902340084  0.34917841152695445  0.35766688710253342  0.36610631902884472
  0.37351064721185895  0.38037361319662250  0.38971103716437078  0.40290700444777322
  0.41705704472909766  0.42697484887060561  0.43458874245109319  0.44048478997876189
  0.44393064053824582  0.44907469291818414  0.45586161222526422  0.46199935361391520
  0.46758881735136415  0.47511008890585782  0.48234982228682421  0.48757174663685771
  0.49334078065155335  0.50243732721589174  0.51254064305330405  0.52275430458269889
  0.53700791774212475  0.55747734232107560  0.57745032023488230  0.59236125729435041
  0.60428415211315079  0.61649926042014758  0.62775179693139194  0.63849591388623250
  0.64830638785075634  0.65703874031671905  0.66626943962031071  0.67901090670146291
  0.69171856564453615  0.70138682645410233  0.71095491047797921  0.72238674707694772
  0.73799502954541529  0.75090570522787059  0.76504905539371237  0.78146454816408395
  0.80545093972884851  0.82321910274426224  0.83243466351596440  0.83911440813237714
  0.84661491459794513  0.85607438450095386  0.86572297621696070  0.87415047312689265
  0.88009272882716860  0.88589812331008999  0.89112329309448235  0.89616560006967394
  0.90044984765919855  0.90533407976778046  0.91280212723869336  0.92014719078941642
  0.92628431443282799  0.93333684502899605  0.94049464339396904  0.94894527332028256
  0.95945790901204542  0.97094706946097298  0.98401168158578722  1.00000000000000000
 -0.00251765703366343  0.00681148205259856  0.01625712683699804  0.02416861800578663
  0.02960748281012833  0.03630823034312902  0.04382410086907302  0.05111257064128558
  0.06252953914086878  0.07381122914518959  0.08206451474380658  0.08976368939536508
  0.09690742162738322  0.10270386944704274  0.10835214753432558  0.11593070435853746
  0.12448313820238721  0.13270201727364417  0.14364358400478278  0.15706619795055973
  0.17358765414775529  0.19180643455694038  0.21110344067662870  0.22872796770238829
  0.24252760003848989  0.25012411515131000  0.25832965072220471  0.26680625944152353
  0.27537454542248024  0.28592465216980750  0.29681207019756095  0.30540909919595927
  0.31303876029535432  0.32068730836985904  0.32878679842099234  0.34180484499057956
  0.35231609532373687  0.36748763610257906  0.38172115100038806  0.39269691429412956
  0.40338997321737347  0.41639630779372711  0.43403503219182960  0.45156207342141619
  0.46457481527636474  0.47093924404307191  0.47664292742537473  0.48536551374610526
  0.49324654393458417  0.50185219659704683  0.50768287340672724  0.51353608837743436
  0.52075095872463761  0.52952677334862830  0.54045265934229469  0.55346781485524454
  0.56831029795145493  0.58365052942170892  0.59134031905199902  0.59592837550356381
  0.60039494129359261  0.60610817255965155  0.61196275680278933  0.61777681711533527
  0.62358461211280158  0.63509029720272292  0.64838665719232602  0.66128701713126559
  0.67548964540519874  0.69224329482269842  0.70879971533462438  0.72254351808174466
  0.73487168863786922  0.74664753871840384  0.75519368324255864  0.76199503188744955
  0.77452870926548734  0.78441589467165707  0.79501693843016963  0.80387706802643977
  0.81221038458769834  0.82232144385711270  0.83723960809283604  0.85557991401985545
  0.87225837167619413  0.88653691007718916  0.89964291750942638  0.91354014806406392
  0.92763086748576085  0.93824974180072218  0.94759203959551830  0.95625876277016331
  0.96591532124303348  0.97657980982744785  0.98762482907890325  1.00000000000000000
 -0.00161767954586021  0.00867362647714375  0.01480973910816556  0.02017829863842083
  0.02467990964856209  0.02836923280455822  0.03380581892257564  0.04001725936566469
  0.04747711142003502  0.05738303950152848  0.06791800522325159  0.07884808262638454
  0.08941552431533602  0.09946166910416311  0.10920681576210702  0.11915667962652268
  0.12906535690714843  0.13836475328015244  0.14755011345345476  0.15663627300183541
  0.16718978505179710  0.17717254295885002  0.18919572536386642  0.20378696198701460
  0.21996361524319669  0.23681537326456417  0.25378929889611845  0.26766168945671687
  0.28331052654226585  0.29903575471846572  0.31351193873176397  0.32558441235911439
  0.33675119797080727  0.34859425498521190  0.35701853584658666  0.36420343824610613
  0.37165371603642877  0.38056508059622329  0.39592026986988671  0.41419832773819160
  0.43563309675355238  0.45842070481108327  0.47805489695586045  0.49002669623410139
  0.50053372237642146  0.50925791254127240  0.51738995445807245  0.53119094996374450
  0.54709153671973931  0.56467438335915277  0.58092575426217952  0.59765244770709380
  0.60633092856829918  0.61596512228601952  0.62460791142448124  0.63432739414141315
  0.64668610209929089  0.65835117428103129  0.66709579776959882  0.67446775275687654
  0.68384005169264017  0.69596400593562124  0.70722592272465956  0.71829215386374445
  0.72459689662151916  0.72956395272954455  0.73388561505915151  0.73889050018246938
  0.74555097838566753  0.75505085204322753  0.76660620837405091  0.77961860873208777
  0.79160598564143825  0.80141628110212726  0.80797778745393856  0.81280974677782936
  0.81832594515835877  0.82431627063439294  0.82990606459011518  0.83524190513159813
  0.84282303840667483  0.85232791376818595  0.86221304005066424  0.87195365881340359
  0.88060046921624002  0.88705459349222304  0.89295326381296947  0.89982559349597457
  0.90701238501008052  0.91641705145349728  0.92988113964984320  0.94459418087637215
  0.95931625333216308  0.97348761839259257  0.98772635171571288  1.00000000000000000
 -0.00414440468080017  0.01382301889138950  0.02618572484334061  0.03436050348533782
  0.04094337661561549  0.04555378449934201  0.04995834758270440  0.05513707510064695
  0.06297235165907490  0.07318441864463182  0.08207378575550861  0.09040279262583947
  0.09869429668125525  0.10735955382242418  0.11678645871655070  0.12391569701732008
  0.12998955954906033  0.14179658423059069  0.15406852708002874  0.16375024916475397
  0.16838782587723988  0.17363253600419920  0.18216515087142299  0.19069776573864680
  0.19943116793337193  0.20821115351890174  0.22057278103132572  0.23819098540731146
  0.25609605612971392  0.26973707527289476  0.28141829047184874  0.29160791739005754
  0.30511832280713774  0.31760213180384989  0.32706923291911394  0.33599040496164490
  0.34576236167366442  0.35551850240518734  0.36455463667071947  0.37326493548636774
  0.38207403207190110  0.39754817966531913  0.41788620038136803  0.43264153926308202
  0.44268270349286576  0.45180750428159439  0.45899399380456229  0.46169524877472118
  0.46685552086888904  0.47451902820209030  0.47923661841184606  0.48385697631227836
  0.48945172680198540  0.49570752647344901  0.50182794678684672  0.50700063401539619
  0.51301050266483283  0.52555150460120226  0.54415810474989645  0.56347311053234639
  0.57816845498422298  0.59078761290936344  0.60220553753229711  0.61294215192818657
  0.62360507187402636  0.63461093748578157  0.64495055670883872  0.65476256967695678
  0.66358394621386219  0.67007456288709755  0.67818824442221026  0.68755576063724144
  0.69806172321963966  0.71443425440009511  0.73080454009961437  0.74235254386345950
  0.75245645043383147  0.76296521595635003  0.77361500605396993  0.78588434274523922
  0.79938936573788877  0.81129102856605684  0.82209341408169534  0.83388326988402284
  0.84751054240440160  0.85989116002408039  0.86984139247764358  0.87916663676941620
  0.88889227496358725  0.89929547469546356  0.91382924279411049  0.92937985483362173
  0.94707505490300359  0.96676238323613117  0.98398403850154115  1.00000000000000000
 -0.00198714006977745  0.00718484097616640  0.01671222582957401  0.02394446964676112
  0.03142122322646575  0.03864928571780116  0.04525640959048333  0.05306718736516421
  0.06393758860604347  0.07497801590486015  0.08353865043557683  0.08973290642886197
  0.09498920137117427  0.10055049219903414  0.10749669570505850  0.11543065675383414
  0.12415205301222811  0.13122054331742306  0.13508810792721146  0.13979674029369485
  0.14417759440552047  0.15109841061998089  0.16306469947586114  0.17208708133406797
  0.18434561005149910  0.19865664706967320  0.21135748487708009  0.22317648632087198
  0.23856079587154988  0.25535249189591597  0.26707844367034345  0.28199236024492413
  0.30160788986977205  0.32511058179668412  0.34532061400916225  0.36023942545672866
  0.37264526871894166  0.38041208042577845  0.38792524176650439  0.39313573488887116
  0.39818976867639522  0.40179963843038313  0.40590210867337978  0.41384946595539090
  0.42227610694426226  0.42936461697804224  0.43714629180401965  0.44626248925996259
  0.45918742841987215  0.47866655858297819  0.49909068854160038  0.52105270229396272
  0.53905148767343014  0.55363781542308710  0.56822994097274271  0.57794913805389769
  0.58823426198758944  0.60053519805771238  0.61508377688109528  0.63100393043950864
  0.64621868606807076  0.65815794518468496  0.66686291351272453  0.67465819455410303
  0.68189786519723616  0.69018525743833448  0.70265124877950147  0.71469515737294875
  0.72774012284133494  0.74179591446254767  0.75515976209305335  0.76731676827518858
  0.77559197641887812  0.78238501329353027  0.78725977615231590  0.79261108972648242
  0.79900197106468074  0.80792025375587972  0.82114070079630086  0.83752310521139417
  0.85408558669626844  0.86984907789157739  0.88467374167675672  0.89627396425821704
  0.90541667099053780  0.91433088845010324  0.92576022347022735  0.93889333176538314
  0.94490037851451925  0.95052064011741233  0.95868865067936693  0.97032403360872532
  0.97618797675023294  0.98066536935664916  0.98951013804005039  1.00000000000000000
 -0.00362516515654007  0.01050276892177429  0.02277620666965687  0.03313857336015091
  0.04060605922963931  0.04853311079594468  0.05869339260241457  0.06842562693190843
  0.07557469301630171  0.08226623269466153  0.08939224744479891  0.09933385522862402
  0.11000227661198712  0.12034221823246347  0.12998490888585917  0.14014393507634756
  0.15392304308191873  0.17280128866126654  0.19425227655987659  0.21294410998857979
  0.22772698375403405  0.23917747958217236  0.24728639673303057  0.25517401997539585
  0.26368031387658353  0.27213284958463796  0.28273486015942190  0.29444082221668405
  0.30757415985965803  0.31948393855757146  0.33206035375637055  0.34536201084748464
  0.35429731988845531  0.35957622130718248  0.36514740535288853  0.37099591848072488
  0.37627310361221317  0.38422797580257456  0.38926648292054239  0.39361143048384034
  0.39856503085323225  0.40489932099953591  0.41137457877241213  0.41533723698569147
  0.42008695803722890  0.42891564556791062  0.44405022895884533  0.47223337507431717
  0.49777755399705087  0.51493980465370626  0.52799349382518568  0.53787372565124913
  0.54741734573453482  0.55772381605839971  0.56705162204428161  0.57700725458780422
  0.58797597568096760  0.59989417818817559  0.61233629043762650  0.62199398616993073
  0.63249393261712517  0.64536298851087803  0.65934198697794366  0.67509456412855251
  0.69438789475054719  0.70626817123615493  0.71746816100423305  0.72843410681542164
  0.73933745741430923  0.74682436330200452  0.75322758082490049  0.76407010059457126
  0.77148889018092925  0.77803264080282608  0.78514509125918464  0.79305944182144694
  0.79989627870861779  0.80835036175522457  0.81711200130049488  0.82804933483642551
  0.84065020401342494  0.85540994709842932  0.87039052304564768  0.88457050825309136
  0.89306512506481972  0.90024766500797826  0.90707144576818566  0.91450558537289861
  0.92362034030355300  0.93434820555247577  0.94795840692490319  0.95871872153327586
  0.96768374406210456  0.97895678623391036  0.98614168658926282  1.00000000000000000
 -0.00364218553677129  0.01795346537120857  0.03793059848445578  0.05771035842685073
  0.07549826202338786  0.09254017187438376  0.10951277126805968  0.12351153567162391
  0.13166111368971131  0.14051022795572871  0.15205053958077425  0.16972834626454519
  0.19084512492555472  0.21055310738625074  0.22298860465730208  0.23119421222059489
  0.24011886305674854  0.24788466283672522  0.25652786041235792  0.26646227744744311
  0.27754562107109793  0.28836398393959722  0.29646625177815539  0.30232143744254675
  0.30803147281353754  0.31394393221638683  0.31950115384791439  0.32505574981133889
  0.33127694245289285  0.33597506224425611  0.34014381630193730  0.34690688298192374
  0.35240855040715857  0.36045717222851931  0.37279755112940022  0.38615645380112390
  0.39764455713225699  0.40707090812117003  0.41556597441094728  0.42507233402557643
  0.43867434506466957  0.45454382308701924  0.47069463740688494  0.48717541945465970
  0.50131564064047285  0.51118974693397856  0.51706602269567981  0.52217478112913962
  0.52648521558831529  0.53080370998586135  0.53619069384060569  0.54286391081276619
  0.55007651275795078  0.55891638694883161  0.56736203503781080  0.57684839612309202
  0.58831895186266892  0.60091552135393722  0.61056918668331650  0.61952742659444293
  0.62829155771918010  0.63935913024778812  0.65311796617182472  0.67224197092179161
  0.68844728509165987  0.70101303754041722  0.71009673903275150  0.71789403218308501
  0.72339857265871721  0.72915818270260313  0.73237007993062753  0.73518349503773095
  0.74002873141616532  0.74506656096067392  0.75077805607703163  0.75654150006596332
  0.76711363673706323  0.77646875260340109  0.78525734853249629  0.79444024170907357
  0.80867668979538221  0.82499854361192837  0.84264823481505513  0.85865384140502155
  0.87178290160597649  0.88090699227970348  0.88857890221471680  0.89564652955027979
  0.90230185978839106  0.91035294407665313  0.92163507524425070  0.93498390485709204
  0.95041391862131552  0.96599818747140753  0.98123854646620678  1.00000000000000000
 -0.00229875650123004  0.01172157475362453  0.02070144478030025  0.02991605932485871
  0.04071820466598006  0.05263517665515920  0.06510104065887951  0.07811504304567335
  0.08842663510551949  0.09516783109041099  0.09963563643562058  0.10492182296298376
  0.11174436127497214  0.12169846097402286  0.13342067704762373  0.14384501227744872
  0.15183435025671616  0.15907981104944235  0.16611561352003726  0.17158229646637332
  0.17877729539693832  0.18736017998758372  0.19502005863403651  0.20372141051894166
  0.21293355858523880  0.22229508430564054  0.23317141080111944  0.24583700810537226
  0.26140345058397063  0.27185546589585563  0.28024674700693925  0.28949368872263909
  0.30002585237529728  0.31278665095973618  0.32696268572460718  0.34306270217032947
  0.35713886800929218  0.37502412695033893  0.39460079289661248  0.41469763552661465
  0.43264955226463120  0.45093732358832661  0.46461085085848197  0.47531170485076180
  0.48608999689080457  0.49692837491228825  0.50727119130072540  0.51714577261456607
  0.53026585706418095  0.54588792025031985  0.55875193919557353  0.56770554956989827
  0.57254320545698867  0.57723588799516445  0.58225064375365621  0.58480225238911676
  0.58780041484824752  0.59259803525588117  0.59727316698773658  0.60187762980339099
  0.61027051372490171  0.61855138295939893  0.62806196551888127  0.63894930021659746
  0.65274283876378736  0.67201318327665216  0.69091603001727120  0.70605751480305201
  0.72127608487726480  0.73439315034514485  0.74624503204847503  0.76073031091043208
  0.78145017350315571  0.79883399392291432  0.80957419723584045  0.81763959328349989
  0.82386200487872696  0.82977466060686345  0.83542449225076809  0.84184107657457918
  0.84997888334456573  0.85876679555623925  0.87427191974352514  0.89263986679868368
  0.90847031004382983  0.92208389048003969  0.93409370918494283  0.94224190539350638
  0.94820149451793012  0.95364046895098764  0.95846504261961296  0.96382622610467783
  0.97023378629450552  0.97903574500757340  0.98887479080078144  1.00000000000000000
  0.01821735486863563  0.26485854504568507  0.33812096456212215  0.38601038025051848
  0.42771898622835408  0.48822993859887193  0.55293817291819747  0.57880350197653396
  0.60021060687979166  0.62120978676217342  0.63797943356570563  0.65130820509769172
  0.66303650449375195  0.68044227291719972  0.70201242864593305  0.71635176358511143
  0.72870340449140680  0.74185914571295841  0.75238824103928792  0.75636298743290797
  0.75829385684328321  0.75971293231941905  0.76123480705797386  0.76293571395776383
  0.76610138119891991  0.76997453843681496  0.77284382097597226  0.77568839338944606
  0.77883017871582905  0.78157191420686467  0.78375931200891136  0.78580241902203074
  0.78837181619929564  0.79087639994478920  0.79307583437622653  0.79452105051425437
  0.79576722311756254  0.79709106885455527  0.79849465060105473  0.80004237540507539
  0.80153318652455841  0.80298755518666121  0.80425210720593487  0.80535836880564760
  0.80649002535616277  0.80746566131780695  0.80858729980926536  0.80994162755110155
  0.81103783706265620  0.81246252219645043  0.81463026101635216  0.81729966661201914
  0.81998810367982167  0.82247273433954360  0.82498710005973386  0.82743179060822802
  0.82932986592360769  0.83037990582050647  0.83142994571740514  0.83253690660418089
  0.83365004740998405  0.83481650933196250  0.83605409741713621  0.83729168550231003
  0.84001010155988964  0.84298310121478959  0.84616589982340706  0.84943288858506383
  0.85236663111953004  0.85492509420257690  0.85705754010434532  0.85868152758835847
  0.86005916712717367  0.86141720395477384  0.86305037483526736  0.86479402620809320
  0.86666838763453335  0.86855925287670788  0.87042761475961650  0.87229360099942055
  0.87410826464708213  0.87544243857763282  0.87654440788393340  0.87752236640726078
  0.87882559713028652  0.88049947083849822  0.88267061061548302  0.88510091101380206
  0.88783138473308898  0.89142813561641210  0.89677076516360665  0.90285301375761551
  0.90820362730708160  0.91583978202607308  0.93367229690541043  1.00000000000000000
 -0.03522278783356018  0.17362307214189907  0.23454467664795642  0.26218387896262446
  0.27627907518938521  0.28210007919989027  0.28571068570691754  0.29088649189642179
  0.29746470988677132  0.30537000451444229  0.31170675957751570  0.31848688411651227
  0.32715154973240890  0.34093118798217009  0.35647923889958172  0.37136920457896427
  0.38348796152549602  0.39584450351071482  0.41130636782892627  0.42655238731132383
  0.43872889497563128  0.45283246978356156  0.46611481042749131  0.47886993655394583
  0.48984290869732011  0.49721200361034817  0.50182551672429554  0.50516480040882805
  0.50878951553178287  0.51341654246521529  0.51857208693254220  0.52191688736382447
  0.52491121053605405  0.52792879078915744  0.53116102580661828  0.53411196954541962
  0.53765921348489387  0.54130404368418561  0.54498860115781245  0.54895235571077083
  0.55362277104719748  0.55747718464611706  0.56074923318578263  0.56397896743850240
  0.56684927968022636  0.56913657591502365  0.57107682259917192  0.57313871381765225
  0.57523107529548279  0.57725394236561911  0.57926913240866618  0.58329924581733317
  0.58881057003938653  0.59297921705479684  0.59703075913870285  0.60098427209024374
  0.60491182034338997  0.60964059982262142  0.61296126651423011  0.61553910036620640
  0.61811492438659921  0.62059035297168019  0.62345561678217554  0.62702018324474951
  0.63133702248507306  0.63617175731659603  0.63966111687878902  0.64292905818296853
  0.64619528697046547  0.64973261382628744  0.65444247521345011  0.66049540074406565
  0.66724648232892492  0.67413679675360116  0.67957877884890605  0.68372289775635597
  0.68891017703706825  0.69440067611790446  0.69905033200856859  0.70372752016675000
  0.70753274416164880  0.71213093805955763  0.71909086115369147  0.72706373153272241
  0.73799530758256937  0.75169665613225989  0.76396551138745250  0.77537520952426597
  0.78577099324769650  0.79526222526261592  0.80590623409479833  0.81884596379394226
  0.83199974541586430  0.84815805479217055  0.87916753089487298  1.00000000000000000
   2.3019882261922156E-014  -1.0000000000000000     
 T F F F F F F F F F F F F F F F F F F F T F F F T F F F F F F F F F F F T F F F T F F F F F F F F F F F F F F F F F F F T F F F F F F F F F F F F F F F F F F F F F F F F F F F F F F F F F F F F F F F F F F F F F F F F F F F F F F F F F F F F F F F F F F F F F F F F F F F F F F F F F F F F F F F F F F F F F F F F F F F F F F F F F F F F F F F F F F F F F F F F F F F F F F F F F F F T F F F F F F F F F F F F F F F F F F F T F F F T F F F F F F F F F F F T F F F T F F F F F F F F F F F F F F F F F F F T F F F T F F F F F F F F F F F F F F F F F F F T F F F T F F F F F F F F F F F T F F F T F F F F F F F F F F F F F F F F F F F T F F F F F F F F F F F F F F F F F F F F F F F F F F F F F F F F F F F F F F F F F F F F F F F F F F F F F F F F F F F F F F F F F F F F F F F F F F F F F F F F F F F F F F F F F F F F F F F F F F F F F F F F F F F F F F F F F F F F F F F F F F F F F F F F F F F T F F F F F F F F F F F F F F F F F F F T F F F T F F F F F F F F F F F T F F F T F F F F F F F F F F F F F F F F F F F T F F F
  <DiscreteSampler_grid>
  grouped_processes
  1 # 1 for a reference and 2 for a running grid.
  10 # Attribute 'min_bin_probing_points' of the grid.
  1 # Attribute 'grid_mode' of the grid. 1=='default',2=='initialization'
  0.0000000000000000 # Attribute 'small_contrib_threshold' of the grid.
  0.5000000000000000 # Attribute 'damping_power' of the grid.
 # binID   n_entries weight   weight_sqr   abs_weight
    16   10   2.589270972166852E-008   5.667117536680171E-015   2.589270972166852E-008
    17   10   2.589270972166555E-008   5.667117536680945E-015   2.589270972166555E-008
    19   10   4.693941121844359E-008   1.857626742073983E-014   4.693941121844359E-008
    20   10   4.693941121843700E-008   1.857626742074592E-014   4.693941121843700E-008
    22   10   6.504086775029179E-008   2.482525162366366E-014   6.504086775029179E-008
    23   10   6.504086775032289E-008   2.482525162367380E-014   6.504086775032289E-008
    28   10   5.974588333273942E-009   2.393560950411219E-016   5.974588333273942E-009
    29   10   5.974588333274596E-009   2.393560950412430E-016   5.974588333274596E-009
    31   10   3.828381849519082E-009   5.200236444995091E-017   3.828381849519082E-009
    32   10   3.828381849512835E-009   5.200236444991961E-017   3.828381849512835E-009
    34   10   8.839155952923050E-008   4.225249955803367E-014   8.839155952923050E-008
    35   10   8.839155952924992E-008   4.225249955806183E-014   8.839155952924992E-008
    40   10   2.589270972166808E-008   5.667117536680150E-015   2.589270972166808E-008
    41   10   2.589270972166507E-008   5.667117536680921E-015   2.589270972166507E-008
    43   10   4.693941121844303E-008   1.857626742073977E-014   4.693941121844303E-008
    44   10   4.693941121843725E-008   1.857626742074612E-014   4.693941121843725E-008
    46   10   6.504086775029187E-008   2.482525162366361E-014   6.504086775029187E-008
    47   10   6.504086775032292E-008   2.482525162367401E-014   6.504086775032292E-008
    52   10   5.974588333273917E-009   2.393560950411217E-016   5.974588333273917E-009
    53   10   5.974588333274457E-009   2.393560950412414E-016   5.974588333274457E-009
    55   10   3.828381849519002E-009   5.200236444994963E-017   3.828381849519002E-009
    56   10   3.828381849512775E-009   5.200236444991920E-017   3.828381849512775E-009
    58   10   8.839155952922828E-008   4.225249955803291E-014   8.839155952922828E-008
    59   10   8.839155952924971E-008   4.225249955806153E-014   8.839155952924971E-008
    64   10   2.589270972166773E-008   5.667117536680127E-015   2.589270972166773E-008
    65   10   2.589270972166625E-008   5.667117536681146E-015   2.589270972166625E-008
    67   10   4.693941121844091E-008   1.857626742073985E-014   4.693941121844091E-008
    68   10   4.693941121843443E-008   1.857626742074557E-014   4.693941121843443E-008
    70   10   6.504086775028982E-008   2.482525162366392E-014   6.504086775028982E-008
    71   10   6.504086775031924E-008   2.482525162367343E-014   6.504086775031924E-008
    76   10   5.974588333273888E-009   2.393560950411216E-016   5.974588333273888E-009
    77   10   5.974588333274439E-009   2.393560950412399E-016   5.974588333274439E-009
    79   10   3.828381849519179E-009   5.200236444995176E-017   3.828381849519179E-009
    80   10   3.828381849512964E-009   5.200236444991980E-017   3.828381849512964E-009
    82   10   8.839155952923425E-008   4.225249955803583E-014   8.839155952923425E-008
    83   10   8.839155952925013E-008   4.225249955806127E-014   8.839155952925013E-008
    88   10   2.589270972166753E-008   5.667117536680116E-015   2.589270972166753E-008
    89   10   2.589270972166616E-008   5.667117536681126E-015   2.589270972166616E-008
    91   10   4.693941121844082E-008   1.857626742073986E-014   4.693941121844082E-008
    92   10   4.693941121843455E-008   1.857626742074569E-014   4.693941121843455E-008
    94   10   6.504086775028973E-008   2.482525162366379E-014   6.504086775028973E-008
    95   10   6.504086775031941E-008   2.482525162367369E-014   6.504086775031941E-008
    100   10   5.974588333273856E-009   2.393560950411205E-016   5.974588333273856E-009
    101   10   5.974588333274415E-009   2.393560950412411E-016   5.974588333274415E-009
    103   10   3.828381849519141E-009   5.200236444995086E-017   3.828381849519141E-009
    104   10   3.828381849512806E-009   5.200236444991898E-017   3.828381849512806E-009
    106   10   8.839155952923271E-008   4.225249955803518E-014   8.839155952923271E-008
    107   10   8.839155952924936E-008   4.225249955806091E-014   8.839155952924936E-008
  </DiscreteSampler_grid>
