  0.02211430302165771  0.04302098298404514  0.05637969773844054  0.06440410870819571
  0.07086307496523313  0.07829366384115045  0.08549935338525882  0.09417966109964837
  0.10681649493053366  0.12610282537762377  0.14804827186247640  0.16764073179419969
  0.17726916871419607  0.18387892611735973  0.18989723562141467  0.19448528667935608
  0.19997702511909637  0.20655165542355022  0.21691125504299363  0.22873149244451521
  0.24236312429490936  0.25806947249930240  0.27636607661984774  0.29612344642013655
  0.30597639685298778  0.31771296776908392  0.33323287639419585  0.34735669358945015
  0.35815014831349135  0.36941834025213210  0.38007086400796586  0.38608684979721769
  0.39185277487570402  0.39812778899483525  0.40387100229538653  0.41049065071662350
  0.41691700732042469  0.41940229762911446  0.42156991109044256  0.42425781885144936
  0.42705899873931236  0.42960665732146502  0.43207277476504818  0.43759015711040572
  0.44557949633504501  0.45344683329284824  0.46503096788778098  0.47712230645341625
  0.48797735379388235  0.49933232241091335  0.51397191555198263  0.53818254519551012
  0.56119190804406094  0.58215120520900365  0.59956161239537842  0.61543198631993723
  0.62986296338438696  0.64227951952127071  0.65918660677494278  0.67161125127306298
  0.68155021000450733  0.69258741289396986  0.71040905579406466  0.73430799666181334
  0.73809805842520704  0.74188812018860073  0.74567818195199442  0.74946369630412280
  0.75282123668066248  0.75617877705720205  0.75953631743374173  0.76289385781028130
  0.76610732252469838  0.76930535247058540  0.77250338241647232  0.77570141236235923
  0.78111227919470660  0.78407548841564378  0.78803825034843245  0.79251507194051862
  0.80012967378112587  0.81218626994377763  0.82848604066586018  0.85359572184462496
  0.87215373521840467  0.88569004669869666  0.89510724940614106  0.90581029193035234
  0.91720446054556370  0.92276757943205112  0.93307262943139146  0.94948959787282627
  0.95532979674635110  0.96010058598987125  0.97206790285822897  1.00000000000000000
  0.02517958648001495  0.05039621160586839  0.06499735645104009  0.07865659861548535
  0.08986066012225971  0.10070396114600925  0.10966603967140651  0.11828752725721679
  0.12582305852105832  0.13137819724789457  0.13713365778017958  0.13945057251834450
  0.14145333608506017  0.14524044786054133  0.14920553988416235  0.15340412748912313
  0.15763035492996247  0.16979044587048442  0.18751251211331610  0.19908194198490808
  0.20862465546244541  0.22005858761093028  0.24217170467818794  0.27372466835566345
  0.30030428918832769  0.31495857542491895  0.32295437289444101  0.33010978408378089
  0.33786013826272548  0.34572589727110659  0.35299122354674228  0.35740017706277527
  0.36316370227073164  0.36742305920287477  0.37212761898487690  0.37686073218488142
  0.38226498368119971  0.38703278004225311  0.39267068126269683  0.39720571757542328
  0.40159962762613616  0.40694578899598677  0.41276818365062673  0.42241882515522461
  0.43654957226117752  0.45386484144343936  0.47109844684825680  0.48791149010251700
  0.50033854503229380  0.50818370957511694  0.51744418398135106  0.52516431328475721
  0.53198010852053745  0.54173535509087989  0.56739253962464153  0.59096554118817701
  0.60505202196542429  0.61915187491901802  0.63183086542969746  0.64304573228127804
  0.65807561284477945  0.67117345167483622  0.68103901372578324  0.69232789758149194
  0.70077470293339661  0.70742364733514473  0.71071727377968785  0.71381515864906753
  0.71651009881555194  0.71947598572797811  0.72597708168605990  0.73488107674917902
  0.74642354226324670  0.75512006512725560  0.76156561499360675  0.76697177034448671
  0.77353846352581579  0.78276340291786084  0.79551421927475929  0.81107672281846999
  0.83105086411823714  0.84600128384212459  0.85395925154251273  0.86191721924290088
  0.86987518694328891  0.87868442923217693  0.88888475183314564  0.89908507443411423
  0.90928539703508293  0.91928074385098391  0.92818896337258794  0.93709718289419186
  0.94600540241579589  0.95491362193739993  0.97185022508987151  1.00000000000000000
  0.02125282434420554  0.02191424250257895  0.02256711474941590  0.02300208146859976
  0.02336978037372487  0.02361038361019064  0.02390834110680947  0.02423274892967853
  0.02457622670964877  0.02482902030878778  0.02504872016158180  0.02524598705876918
  0.02543032744571480  0.02565409365135994  0.02590283122454678  0.02615610562185553
  0.02641777261410902  0.02664252132586506  0.02682355856706447  0.02696310648678332
  0.02710517837395852  0.02726967664178137  0.02745123193004606  0.02765998640906931
  0.02789768837826528  0.02803013739372944  0.02815519114205925  0.02826704518005313
  0.02837867665100584  0.02843945581822701  0.02846747677894223  0.02849549773965744
  0.02852351870037266  0.02856082744508559  0.02860762971038792  0.02865443197569025
  0.02870123424099258  0.02875578470312613  0.02882905149783063  0.02890231829253512
  0.02897558508723962  0.02906626270794472  0.02934406051968681  0.02974811033088638
  0.03012639462418799  0.03032021095967799  0.03052999623263255  0.03077140969803868
  0.03102408034111562  0.03129311938285751  0.03174443033018683  0.03229547451365152
  0.03274182776566984  0.03303513021841516  0.03320684833876426  0.03335540669535957
  0.03348350415801596  0.03364108897244626  0.03387440929273763  0.03417486345692506
  0.03467780438742502  0.03544547716480694  0.03645269272724581  0.03759892993597992
  0.03870128600943280  0.03925902424071179  0.03969514442417212  0.04013064132857323
  0.04065534267575597  0.04103386015879978  0.04149020934363087  0.04225331041971633
  0.04272020418385190  0.04284539490859394  0.04297056481077367  0.04311284849970735
  0.04332619622910525  0.04385621236481845  0.04498180454283484  0.04655509351381916
  0.04782058120341280  0.04896166950039208  0.04998490967407670  0.05108130772553111
  0.05219280554662151  0.05331785912069881  0.05457137963556871  0.05596766613392216
  0.05746563643534662  0.05893136559101843  0.06044171458143838  0.06358470663706293
  0.06750310670684169  0.08429875435816389  0.58774793699625383  1.00000000000000000
  0.02106862345000379  0.04937252930249771  0.06200410945098107  0.07653260609334452
  0.09213666839633941  0.11510812685076817  0.13085318815790850  0.14326195415727075
  0.15832933945075289  0.17559297249797742  0.19063157821388937  0.20438525138752581
  0.21607405485404951  0.22866801394184422  0.23687581968287733  0.24603303420353492
  0.25483237794723096  0.26178532220491435  0.27393979238909605  0.29635659567280592
  0.31817251073478375  0.33283856214211399  0.34778088742135166  0.36269067663263460
  0.37885646802328077  0.39222504962075172  0.40836346213354663  0.42260409450095110
  0.43372549370235214  0.44047276938112745  0.44570832693987283  0.45168538429262861
  0.45776199086967123  0.46455617562110729  0.47085007676823293  0.47401616276591196
  0.47718224876359094  0.48034833476126992  0.48357415080101979  0.48735268451946906
  0.49113121823791833  0.49490975195636761  0.49870102903981600  0.50307112050599034
  0.50744121197216474  0.51181130343833914  0.51618139490451354  0.53427079792852950
  0.55452537262205193  0.56599735406655494  0.57496666135781660  0.58209123865209378
  0.58806210367121325  0.60100906918340213  0.62049300559583176  0.64325199012681689
  0.65413494443039155  0.66135515967597702  0.66800491535908268  0.67356915954001928
  0.67871588047067521  0.68355120174945083  0.69137077968983029  0.70299412105892389
  0.70858926899348151  0.71319098330974651  0.71774570077905853  0.72173655613852383
  0.72442986584154723  0.72842381034110248  0.73343046681522683  0.74555124734792633
  0.76354237116983659  0.77226312204572367  0.78133573833965608  0.79276004287184165
  0.81021733913990701  0.83185919432866950  0.85272010804881992  0.86504417800398836
  0.87503869302295734  0.88221266882298566  0.88969286380898582  0.90165730410003708
  0.90677963800952899  0.90977816164039560  0.91125792675524786  0.91329495663450411
  0.91606048116228911  0.91875889738976779  0.93008149872064638  0.94570463193985543
  0.95505190538940943  0.96258524105017229  0.97097794680508354  1.00000000000000000
  0.02306810707732211  0.02834365911770847  0.03082682224656419  0.03154676411381005
  0.03226670598105590  0.03298664784830176  0.03370658971554762  0.03439321057233425
  0.03507665661134023  0.03576010265034622  0.03644354868935221  0.03708301880285294
  0.03763079396852931  0.03817856913420568  0.03872634429988205  0.03927411946555841
  0.04034119193985658  0.04151277037820806  0.04234362237208834  0.04330533627757648
  0.04390545493197113  0.04431387871106447  0.04467392148411190  0.04497783310005615
  0.04525054717788305  0.04566408859574493  0.04626593938969636  0.04701901307937837
  0.04816402093663499  0.04923149842842401  0.04995665369271583  0.05058695425823925
  0.05137694870296284  0.05198651333139021  0.05242572855371538  0.05312784226857228
  0.05397194515063531  0.05497640792660417  0.05557620615494212  0.05588837527934843
  0.05619169664375504  0.05665681461472911  0.05701763091522154  0.05762355407350631
  0.05844576096767713  0.05913371178141553  0.05979180656712470  0.06081486135995933
  0.06186850096689647  0.06306450224400534  0.06426498349335186  0.06599650947392553
  0.06744120292881735  0.06866838607889376  0.06978108375242278  0.07075484426161277
  0.07160991294888100  0.07229230278915981  0.07309562859905645  0.07389641362658381
  0.07456351477473512  0.07524080426555330  0.07558592827044221  0.07612890026546257
  0.07776774485262679  0.07996433547970008  0.08248991547245560  0.08483986806626920
  0.08633337484089273  0.08731340117620012  0.08814279656926859  0.08895550269220225
  0.08997978829857384  0.09257743718729569  0.09536880951266027  0.09810405467275471
  0.10022931877877660  0.10173555988645337  0.10333309464318530  0.10565110702517755
  0.10830852074848826  0.11086506222260530  0.11275231510302677  0.11546611031005292
  0.11896474042921601  0.12609129357180798  0.13992611056828502  0.14902913374278379
  0.15431274919107907  0.15865945629170297  0.16317678915031075  0.16784348997123552
  0.17279329963090811  0.17841775378124669  0.87040003341072114  1.00000000000000000
 -0.00318570777288214  0.01359890741705033  0.01972841520501527  0.02449081604603543
  0.03477304533249422  0.04565128109936650  0.05580386400931634  0.05936880442945481
  0.06306353459214480  0.06758000255364928  0.07225847269901164  0.07749070912691747
  0.08224675324161149  0.08586559674310808  0.08774433400478940  0.08887629731594489
  0.09034278632943901  0.09129540844766940  0.09181415062817548  0.09233289280868155
  0.09285163498918764  0.09342725115835170  0.09406984476036635  0.09471243836238101
  0.09535503196439567  0.09625168987865138  0.09758279596820912  0.09891390205776686
  0.10024500814732461  0.10401285865379475  0.11443665253716064  0.13022624835194169
  0.14119431346446776  0.15250551801861270  0.15680259769389424  0.16063519031159809
  0.16412235358721877  0.17054836747604976  0.17807138787426038  0.18670196084423990
  0.19498055205431986  0.20197294202621993  0.20979891374251758  0.22212490392394368
  0.24467630127963005  0.26485186985552939  0.27784828765268726  0.29240947882786772
  0.30513221087025133  0.31792511858619471  0.32702543118574445  0.33650727406135345
  0.34389463403727527  0.35400595008260582  0.37492069703098696  0.40696439197661033
  0.42440326276769014  0.43500161713014862  0.44349729099517116  0.45947411914049413
  0.47590965885458669  0.48667205953455916  0.49737179724919234  0.51030986923287303
  0.52063171785031048  0.52796285313136937  0.53530896644996862  0.54447939407343726
  0.56707396022143974  0.58255745284696914  0.59089046983001081  0.59676088046982301
  0.60184350684534282  0.60696211298206748  0.61318390674958123  0.61997613229808535
  0.62914463749153715  0.64198771798448928  0.65731764949744886  0.67592863505921463
  0.69077454348202927  0.70525878275383214  0.72696338099572833  0.74791108086602798
  0.76126296551996775  0.78148127219531127  0.80449816595438972  0.82202787943380795
  0.83619526363665109  0.85225250717115786  0.86530482910521156  0.87937755281803753
  0.89461342244050401  0.92240429169363980  0.95515119321054198  1.00000000000000000
 -0.00707757202527495  0.02574193547249630  0.04211892809358012  0.04820619849113120
  0.05155178238218171  0.05489736627323222  0.05824295016428274  0.06159132294151152
  0.06494165140050454  0.06829197985949755  0.07164230831849057  0.07446946200442381
  0.07662960567504372  0.07878974934566361  0.08094989301628353  0.08443505044488686
  0.08940982094700033  0.09320053907299222  0.10007521476858770  0.10827510054117567
  0.11731723909022075  0.12676751112999540  0.14667627292271831  0.16914631546846751
  0.18880601249679610  0.20435683525053183  0.22095179270620269  0.24672256604580872
  0.27001785310579945  0.28800836519048756  0.29619549415071744  0.30247845770056297
  0.31068930890283447  0.31697516739198744  0.32209158027446028  0.32776414548620919
  0.33443004891523709  0.34424467278045157  0.35331314051325802  0.36557780108773924
  0.37765862688543694  0.38528196225156514  0.39057568654553665  0.39541175832178110
  0.39976544847588230  0.41028356196988242  0.42466322483445890  0.43757699951050405
  0.45497621441868835  0.47918838956443949  0.49821810089671681  0.51415747665623857
  0.53041137712266295  0.54870567890976030  0.56866434339839034  0.58877837388120347
  0.60839070269490303  0.62799776405880858  0.64740532999973621  0.65781158493828862
  0.66589642968149465  0.67026849524123877  0.67420990460667829  0.68004239227231256
  0.69001594236630381  0.69827201935447014  0.70349392766862540  0.71115466437667263
  0.72335933067239577  0.73323498254620767  0.74393174433997389  0.75717998973533385
  0.77070716637487147  0.78440524240710696  0.79209554721591013  0.79813625529884580
  0.80708327491801535  0.81629384939570249  0.82294546178238481  0.83013314423656981
  0.84310077403580164  0.85428771665222536  0.86602721515403869  0.87961525219794701
  0.89560580157967329  0.91286654333018213  0.92775113270615817  0.93764237688708096
  0.94879638829793755  0.95883726710580819  0.97255735680706501  0.98166361538654667
  0.98727296669971398  0.99148042910965806  0.99490660654774454  1.00000000000000000
 -0.00874065208981669  0.02452222822985001  0.04500007392722106  0.05993570158091351
  0.07615050939574797  0.08680613624201181  0.09753753839391330  0.10640490951111858
  0.11394439279297278  0.12089645944307581  0.12639709372615907  0.13296199529517397
  0.14706974269606177  0.16988919400529884  0.17988960000261028  0.18870538974586179
  0.19690972812555047  0.20444814229371852  0.21126043579252776  0.22010247295032492
  0.22685747176455090  0.23267156647964907  0.24058139052290700  0.24756706909301546
  0.25438301578477845  0.26388800908415888  0.27488149762775538  0.28061894378698593
  0.28888398137437499  0.29609226235943226  0.30184185368167443  0.30767264362904212
  0.31342569409383908  0.31979012015070368  0.32642642358647361  0.33354391644988607
  0.35007610112583493  0.36803603261629081  0.38350020410691993  0.39735358203312116
  0.40759326787490924  0.41764788010275522  0.42679717053847066  0.43186060539427745
  0.43499075890208111  0.43926849523194367  0.45317729754652980  0.47682371689408920
  0.50696276247308758  0.51958504852653808  0.53285947620475693  0.54762158755661838
  0.56021353616908576  0.56803748473183990  0.57610854699180192  0.58472215908755298
  0.58893825001589306  0.60108475622500179  0.61218037842308282  0.62462333080436327
  0.64065010941976308  0.65474872221930436  0.66449201037502226  0.68143347998881076
  0.69457544625587875  0.70391596004490031  0.71364979893108071  0.72034336719300762
  0.73162920411903476  0.74760996936792168  0.76717551764613168  0.78194989768516521
  0.79068068468881780  0.80303332983871945  0.81563642750706089  0.82435348101639572
  0.82866314465805702  0.83297280829971843  0.83728247194137972  0.84130255537304055
  0.84460244429329145  0.84790233321354247  0.85120222213379337  0.85444648196093798
  0.85721404266198198  0.85998160336302609  0.86274916406407021  0.86551672476511432
  0.88280625677191138  0.89908345610202189  0.91507215857811164  0.92993367233912827
  0.94092305096978723  0.95491186126094862  0.97394424826548187  1.00000000000000000
 -0.00064758721948220  0.00510987549617357  0.01717321925762785  0.02845686156991629
  0.03636320288947607  0.04761984944286008  0.05993354629759665  0.07073455061297701
  0.08198306714296645  0.10396565887001570  0.12586917333137210  0.14361714847014417
  0.15848468953805914  0.17043280759746432  0.18021010152661746  0.19171611382119888
  0.20354018988210409  0.21377144537701562  0.22338479378536427  0.23479751353275102
  0.24499631670741281  0.25129809738739028  0.25480643723527063  0.25878572818806200
  0.26695928800091057  0.28357684785762599  0.29684030794470917  0.30711527652422210
  0.31313578575664963  0.31495604567822261  0.31677141842357431  0.31882622561621982
  0.32247709902227367  0.32898748493314073  0.34871756986181440  0.36663168458953677
  0.37785665161681209  0.38085656168300852  0.38385647174920495  0.38685638181540138
  0.38986938973992830  0.39378869100586700  0.39770799227180564  0.40162729353774435
  0.40554659480368299  0.41013674262724953  0.41486645791732690  0.41959617320740422
  0.42432588849748160  0.43772805017454125  0.45418957349996986  0.47122598527452136
  0.49430940611363305  0.52600456773419468  0.55035442308363403  0.56730413034395577
  0.58009755443466859  0.59137830902550836  0.59762079118697886  0.60235474190214555
  0.61421245474541986  0.63575536251929599  0.65345115415268307  0.65983137337523956
  0.66393995854419574  0.67132978831357826  0.67818686893221258  0.68345285778537124
  0.69344867546631350  0.70592910165497980  0.71254820048709899  0.72450573670579987
  0.73671917079635540  0.75121034305658008  0.77217687442002347  0.78506023233819799
  0.79641098466446725  0.80723405260112546  0.81680849325084770  0.82530960045555979
  0.83099175418560633  0.83471577170420519  0.84495942520744827  0.85781000403154573
  0.86435534519093549  0.87072837749289467  0.87749369452242876  0.88434264955003139
  0.89097580669191245  0.89750353610159961  0.91001833089993833  0.92490190760354574
  0.94595950986927912  0.96354784181431574  0.98295782568815293  1.00000000000000000
 -0.00079537772488070  0.00487226564321719  0.01278719868895551  0.02079258586664365
  0.02739818395192158  0.03672939469514889  0.04490709128452003  0.05364634931321315
  0.06189090467747643  0.07751165237189662  0.10205532022128994  0.12279542016198529
  0.13348766899420378  0.14150461824327731  0.14870113222602424  0.15307544491100689
  0.15804024741098252  0.16306468633921448  0.16776224737345083  0.17444626221368062
  0.18250990541753190  0.19411272274539962  0.21001295594573638  0.23349207255241339
  0.24264361846884058  0.24805086523226003  0.25334079908613977  0.25943651636118148
  0.26683685594475454  0.27690497636252565  0.28941320322310177  0.30832111538080276
  0.32896671581216136  0.33671022295257103  0.34096086707597484  0.34423961798237945
  0.34848139315228616  0.35968007815712200  0.37041472429731626  0.37625799426108836
  0.37997540783153938  0.38788840390767909  0.39600642821116294  0.40607645645822604
  0.41584109580736345  0.42184977312202820  0.43044685710054370  0.44256433535924322
  0.46160365233144890  0.48015127050634027  0.49324240090254395  0.50742916967915919
  0.52391092814416929  0.53669021618487711  0.54647911391872450  0.55735432441585031
  0.56990323235525220  0.58035640812172640  0.58324196751838653  0.58636741804937709
  0.59236281651901879  0.60122952979712996  0.60991143980439122  0.62816693522050115
  0.65354151853911324  0.66896938294556652  0.68259204907260718  0.70275273151035933
  0.72284227043492788  0.74784393955864847  0.77245153285119872  0.78920921954581602
  0.79948979993090719  0.80747657103193704  0.81605224835085710  0.82502762119910789
  0.83724975083490483  0.85092868211158235  0.86373654676656653  0.87332422933163900
  0.87896694230087469  0.88460965527011037  0.89025236823934606  0.89589508120858163
  0.90037202369193159  0.90451978055673921  0.90866753742154682  0.91281529428635433
  0.91696810920264815  0.92116554211538948  0.92536297502813081  0.92956040794087225
  0.93375784085361357  0.95327695446789051  0.97668104271797429  1.00000000000000000
 -0.00137416622015333  0.00666408689547211  0.01444130813179766  0.01961246365669650
  0.02300095955879717  0.02769228279757023  0.02924568474300195  0.03239093294601787
  0.03434978051645982  0.03593644121037028  0.03756307544297084  0.04050249770562427
  0.04659440231965922  0.05572591809863554  0.06697811398001670  0.07608889101584036
  0.07835713237017214  0.08062537372450392  0.08289361507883569  0.08517705303513255
  0.08749594070721700  0.08981482837930144  0.09213371605138587  0.09464879572877363
  0.09828106668151272  0.10191333763425181  0.10554560858699089  0.10917787953972997
  0.12471638377809666  0.14061442019580972  0.15518163984343153  0.17778628371066135
  0.20147783765905158  0.22883951032298383  0.26399854822805974  0.29001081600577139
  0.30202822041071820  0.31350710314351266  0.32490632381039336  0.33627147085271858
  0.34729339605121506  0.35789660621592823  0.37396403431825825  0.40286268095921041
  0.42576295441716755  0.45111057778440550  0.47228534196299315  0.49357014922178216
  0.51084262187358587  0.52949347326981833  0.54407713743829167  0.56031767829306989
  0.57821709981399994  0.59985079591201063  0.61344766014077923  0.62130574890426904
  0.63050495309392640  0.64032032128221517  0.65176204479988431  0.66385421488113439
  0.67567812265927529  0.68718365999841269  0.69689836955710249  0.70504626774390999
  0.71135969258869847  0.71526577190777629  0.71767698138103286  0.72335103476452844
  0.72912957301760906  0.73605767539159594  0.74865937335024602  0.75927964211662491
  0.76663519289461468  0.77108083240742209  0.77827626455187426  0.78524911237063144
  0.79298700755989593  0.80009911036178838  0.80618255376254522  0.81093355957509861
  0.81734433066760293  0.83046514838997654  0.84640079784263400  0.86261000553868816
  0.87858637086698110  0.89184713362764856  0.89542046231533956  0.89886108252381591
  0.90300145752427563  0.90711407321893256  0.91249578872389747  0.91907531928859798
  0.92893607008211876  0.94507734105220231  0.96091502506622950  1.00000000000000000
 -0.00859079635668031  0.02078561802254501  0.04398093049120801  0.06145301351519308
  0.07585678171332895  0.08268434160070942  0.08801013035445640  0.09610361957677847
  0.10208814503278688  0.10701975244696275  0.11225556220758735  0.11705516165762542
  0.12440628843607576  0.13575802623910144  0.15318157524826770  0.18155105104379257
  0.20405989596670021  0.22243768881024581  0.23825886294971954  0.25227313445768484
  0.27240053240374329  0.29341036972841522  0.30432359284943661  0.31250296109140052
  0.31963925320433645  0.32700419209802833  0.33523257581124144  0.34306964168433540
  0.35413098479158345  0.36591492769840661  0.37105714326502681  0.37804921438489769
  0.38639635820592205  0.39643152198864501  0.40778904711055375  0.41560270154671625
  0.42475914382428587  0.44159046560776199  0.46561963262814393  0.47823301706838162
  0.49271477646850359  0.50319104032520567  0.51475658969118643  0.52817895995459163
  0.53634548056023934  0.54120412465076562  0.54901549196142163  0.55755593145014481
  0.56659033929439240  0.57877627794184205  0.59692214163175705  0.60627658996043821
  0.61566987375309068  0.62579738277457053  0.63529171614178814  0.64357929997399588
  0.65216668009484768  0.66291300455439839  0.67100086010537785  0.68250584843257867
  0.69466910358424305  0.70430300806964907  0.71639696269648279  0.72210102953428379
  0.72597579819962876  0.73376193014687852  0.74171076831843397  0.74991822994553359
  0.75965347393012161  0.77579145678707784  0.78763407708111666  0.79807815751036570
  0.80870243916296813  0.82094794366810797  0.83253488402425291  0.84364042839979037
  0.85768104027064107  0.87214666344082648  0.88181219468862082  0.88674328387343992
  0.89236927604807892  0.89803659104201372  0.90771812010219033  0.91531090698003315
  0.91822406981435090  0.92113723264866865  0.92405039548298640  0.93031221691948074
  0.93814437078617452  0.94597652465286830  0.95380867851956208  0.96284041933205544
  0.97213031449904153  0.98142020966602761  0.99071010483301369  1.00000000000000000
 -0.00192442791422424  0.01271314910447082  0.02360118709764127  0.03085850837312218
  0.04260855604989226  0.05572756482037888  0.06641403427268348  0.08054670239143458
  0.10046037273901892  0.12280135223607706  0.14213245742843017  0.15233586023077009
  0.16028704020791779  0.16734582615828317  0.17391639467116141  0.17921948575421767
  0.18383312470490962  0.19537998357476785  0.21019633596808501  0.22080281955951847
  0.22882248600456317  0.23310897987310339  0.23545000391475385  0.23746188935379753
  0.24159277831168241  0.24826945145184992  0.25324504769405615  0.25919007818350931
  0.26512626148221741  0.27030536196086485  0.27975432951020102  0.29399835487914322
  0.30663229807717890  0.31650691332818676  0.32489958879640501  0.33706767556966566
  0.35525841093293964  0.37358518402753516  0.39624131620291625  0.42356688849617385
  0.44311299432260653  0.46262058624093960  0.47934704351902313  0.49152661912741624
  0.50285234943416335  0.51482482198703572  0.52730663343748752  0.53253546552822817
  0.53880044954832351  0.54678590958875273  0.56018212839659287  0.57562276006488255
  0.59078840128050414  0.60678869339396413  0.62330062469987024  0.64038758494107406
  0.65139260318630532  0.65435127513349811  0.65730994708069079  0.66026861902788359
  0.66315644705663668  0.66579518149397821  0.66843391593131984  0.67107265036866137
  0.67371546834850760  0.67649795628343934  0.67928044421837097  0.68206293215330271
  0.68484542008823446  0.69068588360008865  0.69958527876236554  0.70728488919969734
  0.71393938023206183  0.72277247906082043  0.72944132772199355  0.73571465073743603
  0.74543413195630570  0.75313345743031790  0.76337834337883981  0.77189044875900747
  0.77695063126326080  0.78106771561133226  0.78719168797536920  0.80153669144429485
  0.81184885654556660  0.82254806252634882  0.83345387908331625  0.84523719650981510
  0.85710299106573162  0.86797443295484222  0.87863056529920447  0.88981054262392612
  0.90527750701439247  0.92678446402642667  0.95649771864409683  1.00000000000000000
 -0.00178009145909901  0.00656771635515540  0.01669208921055135  0.02618176032760447
  0.03896034412464544  0.05581744950211537  0.06415251991382510  0.07461722691461013
  0.08437664078919485  0.09515100797085294  0.10901460040770912  0.12597134836299653
  0.14335166047209796  0.15410702933899123  0.16545622274940561  0.17719642616818576
  0.18704370490970662  0.19627251595069889  0.20808474943641397  0.21924200933451918
  0.22779163333484281  0.24109289633482467  0.25610881563573018  0.26122397103825312
  0.26639963252958287  0.27166980946331920  0.27699360138701029  0.28235669983151224
  0.30198050598197013  0.33347664938317834  0.37623452693585074  0.41083567031499224
  0.43119218257846342  0.44481671085878371  0.45694784677941613  0.46801219802379179
  0.48383399668896576  0.50308856637675470  0.51520126790245169  0.52783770291959020
  0.54574150595639292  0.55711797635238214  0.56728123718692280  0.57896103583564473
  0.59073676021640908  0.60435266836949120  0.61809578296022738  0.63587492572588833
  0.65389332734772931  0.66666275555373322  0.69043984288190907  0.70337998135083579
  0.70724927609380606  0.71111857083677643  0.71498786557974681  0.72029736531950361
  0.72818506534650507  0.73607276537350652  0.74396046540050798  0.75136760186832463
  0.75628201166185627  0.76119642145538791  0.76611083124891954  0.77102524104245129
  0.79607963505888013  0.80609936418639250  0.81674548735990482  0.82621482845648841
  0.83094181528781530  0.83752412842358204  0.84798669975880347  0.85943780539788583
  0.86775506091619348  0.87959066640491368  0.89482600659004319  0.90896737141305983
  0.92090801126832489  0.92829107246830256  0.93470415410187380  0.93984048753286653
  0.94504178245665682  0.95186533384176686  0.95907178468673149  0.96330636733184172
  0.96615376275743581  0.96827119868304146  0.97067328295151356  0.97353461954377307
  0.97612450002251361  0.97767086076797183  0.98054900122496835  0.98372088653123391
  0.98687742466843131  0.99044549578544794  0.99495289996044656  1.00000000000000000
 -0.00548390445475916 -0.00026484336838733  0.00463039895867101  0.00952564128572935
  0.01442088361278769  0.01931612593984604  0.02374582536908389  0.02746518331822489
  0.03118454126736589  0.03490389921650688  0.03862325716564788  0.04909578023718372
  0.05871250213012746  0.06761737017501963  0.07450455112453701  0.08109527585875330
  0.08858256260811218  0.09339459773513213  0.09896936411240212  0.10699898173372073
  0.11612987889640368  0.12897623971719233  0.13765397115010705  0.14398024559621059
  0.15056201755766896  0.15757551023510649  0.16539280416712054  0.17311451841167080
  0.18001151394692513  0.18616768912818407  0.19015786283376934  0.19412490411699532
  0.20035323509484490  0.21154048993346700  0.22242263064441636  0.24701873562036927
  0.26229288851133103  0.27282013823510587  0.28527858594714123  0.29650784814216175
  0.31071692789271865  0.32427073256146272  0.33892605312160190  0.35278102269975375
  0.36469192186197391  0.37865991281815498  0.39002272968384605  0.40369974925605973
  0.42232406138602863  0.43434773756078809  0.44101795277538330  0.45185953792816619
  0.46222185672658361  0.47090263711146896  0.47989432481349414  0.48879229673065289
  0.49757526956994702  0.50418355685904603  0.50835494806228254  0.51465491776921646
  0.52252030502056923  0.53254684777266181  0.53830836216221101  0.54355444245227524
  0.54935333101158301  0.55603479236041908  0.56887146095717944  0.58320968143593310
  0.59562012392372743  0.61430932396666005  0.62466923604308855  0.63524287998473461
  0.64501219502697327  0.65084870928391469  0.65831629077246590  0.66284275293306372
  0.66532058069278677  0.66652360349464213  0.66772593209194631  0.66892791847581745
  0.67053635683089230  0.67230938341208490  0.67591487862538313  0.69223957985103557
  0.71915045144443956  0.74827764464903856  0.78325604583352904  0.81231305275484733
  0.84244926848898449  0.87377817900634491  0.90030213278742999  0.91988585982353654
  0.93981782226574928  0.96387351704044022  0.98292467421412233  1.00000000000000000
 -0.00073246071868607  0.02879025648827040  0.04506245961852907  0.05087684102691620
  0.05669122243530332  0.06250560384369044  0.06806806435108777  0.07306370632271664
  0.07805934829434549  0.08305499026597436  0.08797495577468217  0.09233985873067535
  0.09670476168666854  0.10106966464266172  0.10543456759865491  0.11672180152184052
  0.12343395204228473  0.13143455921260483  0.14058143650006438  0.15508974906513290
  0.19555822488873728  0.24427707570103196  0.26934982108465488  0.28318075683435895
  0.29217779256114457  0.29867825286455818  0.30973524545702974  0.32419057169886312
  0.34495268773240828  0.36855515280669682  0.38860684848182436  0.40270604579224822
  0.41350546348103501  0.42078729028673589  0.42447808224040695  0.42977974680630793
  0.43618382939643768  0.44046083243916545  0.44838284815341428  0.45853402981743574
  0.47636898853797383  0.49905193041474272  0.51994332353173200  0.53842330490026169
  0.55164087054939970  0.56267978650858730  0.57259094359032825  0.58405224228449271
  0.59543581765256914  0.60581244839783610  0.61973628044978724  0.63145331956768302
  0.64320711037479872  0.64837740621979933  0.65260182197653738  0.65748727911778582
  0.66315271225102224  0.66847837133851296  0.67348369725015800  0.67772937187879845
  0.68132912024204728  0.68594587869052881  0.69326877587493052  0.70322256783343939
  0.71280803637339751  0.72182010811205044  0.72904342739410677  0.73934993600427923
  0.74757349164393794  0.75574542530139754  0.76408627638621684  0.77234824971549509
  0.78051421663527831  0.78904049575850765  0.79707368391801692  0.80892707622022220
  0.81754778805987061  0.82355448920991492  0.82864496175065416  0.83647881312264794
  0.84460957932081748  0.85230109176851943  0.85916278207908792  0.86621617605897494
  0.87097021496474691  0.87420880424678660  0.87911475456402699  0.88490017024388212
  0.89077620785624279  0.89703655257548187  0.90329689729472096  0.91066996724429106
  0.91847673895825444  0.93291968627409005  0.95167431367282107  1.00000000000000000
 -0.00308881627957722  0.01443015005815119  0.02653377840996486  0.03791157964604960
  0.05292628496825917  0.06830322041318189  0.08317299624971342  0.09772844097686090
  0.11059723962483299  0.12314012909394816  0.14169705443755787  0.16154565475342170
  0.17554789223858613  0.18185633654166869  0.18721272410262976  0.19287106232399159
  0.19872259362484743  0.20612797110617448  0.21302176570898179  0.21837477314229203
  0.22635085441279240  0.23488776175958023  0.24352356489305532  0.25664924600093736
  0.28187376081217608  0.30012489091336519  0.31708715599280457  0.32643222286860291
  0.33527168245044481  0.34462956390857707  0.35446413314155839  0.36097070880490423
  0.37177412785134589  0.38740460119397035  0.39507554297378822  0.40075302871194812
  0.40624333394411927  0.41169682097816335  0.41636495281946001  0.42091721600695486
  0.43228585818592424  0.44699611038160064  0.46270718085773316  0.48204366533976012
  0.49849812115271147  0.51279280640285585  0.52766770078530967  0.53967563966914445
  0.55809863576723595  0.56548034979977901  0.57250800635433818  0.57670410215476309
  0.57947060981658061  0.58195194925929605  0.58457463487751904  0.59118355361049213
  0.60146241763689479  0.60501454384840325  0.60856667005991183  0.61211879627142030
  0.61567092248292876  0.62162302054540097  0.62757974022152163  0.63353645989764229
  0.63949317957376284  0.64486343941112123  0.65010173805113280  0.65534003669114438
  0.66057833533115595  0.67111739190179842  0.68659001802570274  0.70210423876085892
  0.71829893281569390  0.73193645994387080  0.74515597191678584  0.75940257932956856
  0.76981431077593598  0.77879051406943423  0.78899674308112422  0.79385743762431960
  0.79967957166169557  0.80693640483882134  0.81913993907761740  0.83714783830866901
  0.84989822823259764  0.86284637231138250  0.87789059804647207  0.89522799575623624
  0.91356560751619997  0.92997954869294053  0.94587664703124574  0.95887998809419939
  0.96854295404909296  0.97820303066149905  0.98871084613723814  1.00000000000000000
  0.03413931548471760  0.47033833430097949  0.55502107553278124  0.59188941571341891
  0.64724923790373090  0.68156965309257100  0.69891738790369617  0.70694781479012136
  0.71642836553009692  0.72981522894741380  0.74426495609035181  0.75492690445077448
  0.76137624110240487  0.76554096384496173  0.76918187626140022  0.77241169945288424
  0.77661977132208071  0.77900972038792826  0.78063179807178851  0.78230689003764831
  0.78389929080254084  0.78545459533963191  0.78770738233359960  0.79088056185743971
  0.79449396282819995  0.79643213317845973  0.79760736673155164  0.79883822202960364
  0.80018330599289877  0.80152593688336415  0.80286345011111870  0.80403299654645577
  0.80530544614001065  0.80669710805407535  0.80812077640371849  0.81055471692110714
  0.81299758413323953  0.81551066067797406  0.81742116231826079  0.81907841968867023
  0.82157106419610126  0.82351404302865050  0.82504681946836056  0.82708197236328096
  0.82892098704026329  0.83052366511102838  0.83133241625905374  0.83214116740707900
  0.83294991855510436  0.83374072241687625  0.83449051823164011  0.83524031404640398
  0.83599010986116784  0.83670292052612916  0.83735063518074238  0.83799834983535570
  0.83864606448996892  0.83987441867387269  0.84221770639800519  0.84484129590790236
  0.84774477690831318  0.85149472372286672  0.85471274243175266  0.85728859879081420
  0.85993481209546918  0.86283450510228732  0.86568861290608767  0.86697452300187450
  0.86752341060035643  0.86807091632556466  0.86861160957228534  0.86915316045651847
  0.86969846290589969  0.87049179248376829  0.87198546239356123  0.87313436932683486
  0.87449085167245066  0.87594509639317464  0.87741459762237217  0.87901680120482273
  0.88041797979756498  0.88340002314293808  0.88667211716430294  0.89076161951062627
  0.89603108262789399  0.89978698109902533  0.90475669564825978  0.90967867041483175
  0.91435828309191136  0.91885646778853403  0.92305962548183440  0.92873647940141291
  0.93659711614985719  0.94583203519848491  0.95623846386093947  1.00000000000000000
 -0.03301282229818302  0.16691340925736042  0.22820433483888100  0.26554051205133006
  0.28729733292196347  0.31408146244450746  0.32544791060817851  0.33696379583783065
  0.34758986080118515  0.35784506195598181  0.36501950475623762  0.37196261731923763
  0.38704170389217007  0.40878219620466116  0.43216370587734398  0.44842537164881385
  0.46080692247926980  0.46746392108601287  0.47268008493854852  0.47803179931872081
  0.48388633400210451  0.49215440704702701  0.49866933655526147  0.50650633867219319
  0.51218048213303602  0.51572883514442658  0.51914519278642524  0.52213244448568641
  0.52511969618494747  0.52782317041991123  0.53052104363344665  0.53573678360494470
  0.54173471994928890  0.54472252642708174  0.54695646550757027  0.54881431094979927
  0.54998170265449897  0.55027864400161475  0.55057558534873041  0.55087252669584619
  0.55121007867952720  0.55173099388626168  0.55225190909299615  0.55277282429973063
  0.55330748895045534  0.55420781548554643  0.55510814202063763  0.55600846855572872
  0.55690879509081992  0.56145385675502812  0.56758148379507223  0.57533066196286387
  0.58375234309857715  0.59014007134392488  0.59444520534334166  0.59888482753187333
  0.60338700661488953  0.60761364852148714  0.61144264974251905  0.61477561107843859
  0.61928244085094897  0.62563240395240649  0.63314826570483074  0.64175290701560594
  0.64747750214143696  0.65095097618510089  0.65412708229665639  0.65675358910498538
  0.65923679852739381  0.66270888761833069  0.66642193678470307  0.66954625564364223
  0.67177472002720817  0.67324462061511525  0.67517106497780643  0.68001277769348478
  0.68448785658065447  0.68869716953906546  0.69397307697186594  0.70502438994648386
  0.71504035029246060  0.72466310025604230  0.73475018947128667  0.74403636758995206
  0.75503893418275836  0.76570657053773872  0.77242087166756168  0.77757502461363759
  0.78108800571232018  0.78608390147790441  0.79381003060728794  0.80357096950605567
  0.81717140139459832  0.83794913637972435  0.89058029090792257  1.00000000000000000
   1.8294580604884112E-016  -1.0000000000000000     
 T F F F F F F F F F F F F F F F F F F F T F F F T F F F F F F F F F F F T F F F T F F F F F F F F F F F F F F F F F F F F F F F F F F F F F F F F F F F F F F F F F F F F F F F F F F F F F F F F F F F F F F F F F F F F F F F F F F F F F F F F F F F F F F F F F F F F F F F F F F F F F F F F F F F F F F F F F F F F F F F F F F F F F F F F F F F F F F F F F F F F F F F F F F F F F F F T F F F F F F F F F F F F F F F F F F F T F F F T F F F F F F F F F F F T F F F T F F F F F F F F F F F F F F F F F F F F F F F T F F F F F F F F F F F F F F F F F F F T F F F T F F F F F F F F F F F T F F F T F F F F F F F F F F F F F F F F F F F F F F F F F F F F F F F F F F F F F F F F F F F F F F F F F F F F F F F F F F F F F F F F F F F F F F F F F F F F F F F F F F F F F F F F F F F F F F F F F F F F F F F F F F F F F F F F F F F F F F F F F F F F F F F F F F F F F F F F F F F F F F F F F F F F F F F T F F F F F F F F F F F F F F F F F F F T F F F T F F F F F F F F F F F T F F F T F F F F F F F F F F F F F F F F F F F F F F F
  <DiscreteSampler_grid>
  grouped_processes
  1 # 1 for a reference and 2 for a running grid.
  10 # Attribute 'min_bin_probing_points' of the grid.
  1 # Attribute 'grid_mode' of the grid. 1=='default',2=='initialization'
  0.0000000000000000 # Attribute 'small_contrib_threshold' of the grid.
  0.5000000000000000 # Attribute 'damping_power' of the grid.
 # binID   n_entries weight   weight_sqr   abs_weight
    16   10   6.095955259258752E-015   2.972962685713365E-028   6.095955259258752E-015
    17   10   6.095955259257307E-015   2.972962685711817E-028   6.095955259257307E-015
    19   10   9.773196869679856E-015   8.432634648982004E-028   9.773196869679856E-015
    20   10   9.773196869672701E-015   8.432634648968880E-028   9.773196869672701E-015
    22   10   2.135827552839089E-014   3.133753328687730E-027   2.135827552839089E-014
    23   10   2.135827552838277E-014   3.133753328684924E-027   2.135827552838277E-014
    28   10   9.423833457338008E-015   6.518405095233634E-028   9.423833457338008E-015
    29   10   9.423833457334624E-015   6.518405095227791E-028   9.423833457334624E-015
    31   10   2.528666426870939E-014   3.039104525320296E-027   2.528666426870939E-014
    32   10   2.528666426870585E-014   3.039104525319346E-027   2.528666426870585E-014
    34   10   5.005954304050828E-014   6.047666954724958E-027   5.005954304050828E-014
    35   10   5.005954304050333E-014   6.047666954723223E-027   5.005954304050333E-014
    40   10   6.095955259258737E-015   2.972962685713345E-028   6.095955259258737E-015
    41   10   6.095955259257182E-015   2.972962685711682E-028   6.095955259257182E-015
    43   10   9.773196869679810E-015   8.432634648981936E-028   9.773196869679810E-015
    44   10   9.773196869672813E-015   8.432634648969072E-028   9.773196869672813E-015
    46   10   2.135827552839117E-014   3.133753328687835E-027   2.135827552839117E-014
    47   10   2.135827552838313E-014   3.133753328685050E-027   2.135827552838313E-014
    52   10   9.423833457338311E-015   6.518405095234100E-028   9.423833457338311E-015
    53   10   9.423833457334532E-015   6.518405095227652E-028   9.423833457334532E-015
    55   10   2.528666426870956E-014   3.039104525320342E-027   2.528666426870956E-014
    56   10   2.528666426870550E-014   3.039104525319248E-027   2.528666426870550E-014
    58   10   5.005954304050836E-014   6.047666954724980E-027   5.005954304050836E-014
    59   10   5.005954304050301E-014   6.047666954723096E-027   5.005954304050301E-014
    64   10   6.095955259258572E-015   2.972962685713176E-028   6.095955259258572E-015
    65   10   6.095955259257396E-015   2.972962685711901E-028   6.095955259257396E-015
    67   10   9.773196869679786E-015   8.432634648981789E-028   9.773196869679786E-015
    68   10   9.773196869672826E-015   8.432634648969144E-028   9.773196869672826E-015
    70   10   2.135827552839044E-014   3.133753328687599E-027   2.135827552839044E-014
    71   10   2.135827552838306E-014   3.133753328685034E-027   2.135827552838306E-014
    76   10   9.423833457336624E-015   6.518405095231417E-028   9.423833457336624E-015
    77   10   9.423833457335207E-015   6.518405095228755E-028   9.423833457335207E-015
    79   10   2.528666426870999E-014   3.039104525320490E-027   2.528666426870999E-014
    80   10   2.528666426870705E-014   3.039104525319632E-027   2.528666426870705E-014
    82   10   5.005954304050901E-014   6.047666954725276E-027   5.005954304050901E-014
    83   10   5.005954304050369E-014   6.047666954723334E-027   5.005954304050369E-014
    88   10   6.095955259258561E-015   2.972962685713157E-028   6.095955259258561E-015
    89   10   6.095955259257294E-015   2.972962685711795E-028   6.095955259257294E-015
    91   10   9.773196869679818E-015   8.432634648981875E-028   9.773196869679818E-015
    92   10   9.773196869672941E-015   8.432634648969336E-028   9.773196869672941E-015
    94   10   2.135827552839078E-014   3.133753328687718E-027   2.135827552839078E-014
    95   10   2.135827552838340E-014   3.133753328685158E-027   2.135827552838340E-014
    100   10   9.423833457336922E-015   6.518405095231881E-028   9.423833457336922E-015
    101   10   9.423833457335230E-015   6.518405095228801E-028   9.423833457335230E-015
    103   10   2.528666426870972E-014   3.039104525320400E-027   2.528666426870972E-014
    104   10   2.528666426870700E-014   3.039104525319623E-027   2.528666426870700E-014
    106   10   5.005954304050860E-014   6.047666954725113E-027   5.005954304050860E-014
    107   10   5.005954304050352E-014   6.047666954723265E-027   5.005954304050352E-014
  </DiscreteSampler_grid>
