 -0.00000006861696065  0.00000063016123049  0.00000139056756633  0.00000173112157299
  0.00000207167557965  0.00000271213266670  0.00000347014757090  0.00000422816247511
  0.00000526537624719  0.00000633431698125  0.00000741429708018  0.00000922121262843
  0.00001068455666306  0.00001244531606342  0.00001444365758072  0.00001543300007690
  0.00001585771360081  0.00001616830413626  0.00001635127533893  0.00001654307688211
  0.00001696695336563  0.00001750990960129  0.00001784852350208  0.00001799456312290
  0.00001817137491122  0.00001836652570733  0.00001862951434301  0.00001892452434027
  0.00001917311820497  0.00001936453525665  0.00001961979214159  0.00001989686407066
  0.00002035014242297  0.00002079099017436  0.00002110051578049  0.00002138193452979
  0.00002165023465813  0.00002190807742913  0.00002218270535751  0.00002244277017172
  0.00002274689026987  0.00002317530308854  0.00002353109509598  0.00002382457089225
  0.00002412845380233  0.00002484859989696  0.00002583590574882  0.00002643487550835
  0.00002710516296695  0.00002885340367581  0.00003320432240601  0.00004028133256943
  0.00004317330162512  0.00004541916555380  0.00004741085199776  0.00004774844115016
  0.00004808603030256  0.00004842054950613  0.00004874932652634  0.00004907810354656
  0.00004961660700451  0.00005023419364243  0.00005057967598157  0.00005096606550029
  0.00005134997732344  0.00005181513603494  0.00005237399665573  0.00005281292672134
  0.00005311247311153  0.00005341126926853  0.00005370754541622  0.00005402562106251
  0.00005434953719922  0.00005467416443723  0.00005499946978727  0.00005545102351226
  0.00005606423227198  0.00005666629136531  0.00005749471536777  0.00005878257765443
  0.00006017227163970  0.00006141196141572  0.00006266906194178  0.00006420695353369
  0.00006699943024078  0.00007240387687215  0.00007681280646402  0.00008238913748372
  0.00008901247312597  0.00016200338609202  0.00029544390700284  0.00049155186091916
  0.00080945163441823  0.00233504032095139  0.28077446477880658  1.00000000000000000
 -0.00015162912732794  0.00114514051620902  0.00163708376020735  0.00183998820377118
  0.00200090183025375  0.00226790149694832  0.00260304779653011  0.00279465208207883
  0.00289152012327152  0.00306153674314055  0.00342384495682721  0.00408694807512182
  0.00487303005805678  0.00532555223898822  0.00557113637071734  0.00583541776432269
  0.00606716239651204  0.00627515688691638  0.00646419017322005  0.00663750687990522
  0.00694962224575515  0.00736241213078689  0.00780548466327351  0.00830847176333191
  0.00877486557606701  0.00926858974618106  0.00960356027464277  0.00993925299440780
  0.01018425293630974  0.01038796616131258  0.01057546236562184  0.01072267569747008
  0.01083653929301199  0.01095040288855390  0.01106546288041375  0.01118711973443953
  0.01130877658846530  0.01143043344249108  0.01152588544821445  0.01161483603885844
  0.01170378662950242  0.01197322214324449  0.01221016530976379  0.01231702877155384
  0.01241917513837549  0.01252980959687553  0.01263660929984440  0.01272699554816724
  0.01282454464531328  0.01302686116387198  0.01360193887880172  0.01434181053266134
  0.01470085489581727  0.01491846229452280  0.01507325525249081  0.01521646358076737
  0.01547196839927319  0.01563104371885544  0.01579441983334934  0.01598484812473155
  0.01623054754682936  0.01647978843583204  0.01677084155585195  0.01710422392688176
  0.01731886011074981  0.01742244292159293  0.01749647693756343  0.01757151953234996
  0.01762433809875470  0.01767253954350773  0.01772221358982854  0.01776897537907968
  0.01781423147705212  0.01788573207913879  0.01797406929780458  0.01804942379052136
  0.01811917407267371  0.01816953634257183  0.01821783465529543  0.01826459779025447
  0.01831012474264207  0.01836381403047187  0.01843226156202763  0.01851695873820319
  0.01857078708749332  0.01861352559832503  0.01865905965814018  0.01870262745954358
  0.01874047873666720  0.01877284890284494  0.01881971522067213  0.02113079513815742
  0.02172265942420120  0.02234688396237038  0.02366064078575741  1.00000000000000000
 -0.00149929962241182  0.01104409106052938  0.01463836169570055  0.01615405804907859
  0.01696987162461247  0.01745666312674390  0.01774451351567325  0.01808318107221777
  0.01833217643263533  0.01872500844614523  0.01960688404415953  0.02145519331613781
  0.02147527958762087  0.02149488419845708  0.02151261618753217  0.02153584662781431
  0.02155786960619590  0.02156607959572057  0.02157280515713016  0.02157953071853974
  0.02158601468191563  0.02159238872987621  0.02159876277783679  0.02160515441652061
  0.02161157259863656  0.02161799078075250  0.02162807473693465  0.02166216864326777
  0.02173085725556942  0.02180361538588689  0.02186245689532455  0.02190886987605026
  0.02195451486539404  0.02199668855557827  0.02203496545982170  0.02207779301375423
  0.02211826649727765  0.02215733620497633  0.02220734954976757  0.02225409633244823
  0.02235151425608113  0.02254331028638408  0.02275024954885507  0.02291976331768337
  0.02308024344876139  0.02322535203020956  0.02345331861157872  0.02372887104084897
  0.02391162568238513  0.02399439144324693  0.02407857979745842  0.02415440302030896
  0.02423635899137044  0.02432558421999847  0.02442492469599771  0.02456285532021145
  0.02467021007372134  0.02473498625400383  0.02479834644554901  0.02488454356528488
  0.02498121822612985  0.02510915397665615  0.02531615809472659  0.02558535769815004
  0.02590246025571821  0.02627624785096076  0.02679724786526983  0.02724716939748281
  0.02756087293334712  0.02772553777997865  0.02786572385640657  0.02792277579167452
  0.02799393279193278  0.02811707654153306  0.02825076121636849  0.02830509320128721
  0.02834983153909437  0.02838863454028483  0.02843069974785506  0.02847930516889787
  0.02872995976942685  0.02915078808975460  0.02969979313964545  0.03042708373098595
  0.03139601201304177  0.03294670854166499  0.03492124376371006  0.03717788078009657
  0.03927959760800789  0.04247020637659315  0.04508868241823039  0.04792736060060254
  0.05430705154554012  0.06619124953081887  0.08722354047898138  1.00000000000000000
 -0.00000265823893739  0.00001454260313724  0.00002096332245048  0.00002335829891391
  0.00002670798763592  0.00002847990215412  0.00002913337939697  0.00002933923988445
  0.00002957292876762  0.00002985395561831  0.00003020183297778  0.00003060162126744
  0.00003091811508650  0.00003127466543162  0.00003175995494825  0.00003224742101920
  0.00003259879474176  0.00003327316868780  0.00003417142621862  0.00003498781613386
  0.00003546562806542  0.00003585763675202  0.00003618486978749  0.00003685355692833
  0.00003842453319507  0.00004749112648788  0.00005655771978070  0.00006233530689193
  0.00006698858928409  0.00006957616959037  0.00007070064094851  0.00007198254658914
  0.00007339676852443  0.00007436523617795  0.00007482182101579  0.00007527840585363
  0.00007571912819142  0.00007605680943098  0.00007639449067053  0.00007673217191008
  0.00007703296008916  0.00007732346485916  0.00007761396962916  0.00007806099982264
  0.00007873023366460  0.00007955594871644  0.00008007127640723  0.00008060833249933
  0.00008129461683262  0.00008181733420071  0.00008234166937132  0.00008302701755769
  0.00008336192159860  0.00008367311915412  0.00008411385702620  0.00008559065111428
  0.00008792818882356  0.00008992600612162  0.00009164604856119  0.00009277276094093
  0.00009361539464576  0.00009429054221137  0.00009478199656892  0.00009522888695709
  0.00009586557300810  0.00009646179665021  0.00009719173603433  0.00009769983224149
  0.00009818516310135  0.00009901059673245  0.00010020951349943  0.00010152766768276
  0.00010282373441897  0.00010464813154190  0.00010694465372782  0.00010902353734081
  0.00011188328302945  0.00011742497464325  0.00012562088741884  0.00014199432994936
  0.00015281529605348  0.00016163683238416  0.00016924482003626  0.00018203120513192
  0.00020737858786686  0.00025783296653308  0.00031842558860613  0.00041737152669229
  0.00051086650058730  0.00060995353551685  0.00075224024388924  0.00097254156226393
  0.00161216954982037  0.00341196257441708  0.02464290665124301  1.00000000000000000
  0.02967636011112175  0.03506742003903317  0.04026671048801906  0.04668376177461824
  0.05778298080126501  0.07110877674052220  0.08440160295933265  0.08912842972469689
  0.09195359070356676  0.09472872700480774  0.09748343320479996  0.10037351663162944
  0.10858799040262306  0.11677826806378239  0.12629512243379379  0.13701834065734575
  0.14573037947312970  0.15907404796910019  0.17090220820962046  0.18867076168087360
  0.20552280038344850  0.21700574631807795  0.23290291277317254  0.24125457896693228
  0.24421623436036047  0.24688618738833618  0.25269650358837475  0.26428913589430592
  0.27318965190202832  0.27932336078668635  0.28413365924954492  0.28562970553192174
  0.28712575181429861  0.28862179809667549  0.29274201059946470  0.29750233100980339
  0.30226265142014214  0.30841990229175298  0.31543625696044952  0.32245261162914607
  0.32978627860790577  0.33564789853121696  0.33950121039696268  0.34326645776352305
  0.34544118129415513  0.34715697832841164  0.35033610250842406  0.35137198953811227
  0.35194303172433450  0.35267359523433939  0.35398134297733436  0.35882194702599490
  0.36936743504187097  0.38503680383465688  0.39452682879031536  0.40544927390956492
  0.41749759909333400  0.43511043553347811  0.44490416977285391  0.45611428965647910
  0.46836026312176993  0.48114624312313792  0.49612609040567124  0.51556363592413568
  0.53108735768411863  0.54458972024483887  0.55584669114146068  0.56775611620036048
  0.57759174244478217  0.58966463672927560  0.60140085282436528  0.61280946684333315
  0.62312798516045109  0.62821377158957525  0.63301057917990888  0.63989013221425295
  0.65375730130301102  0.67017966046760791  0.68974743664068339  0.70700650200902126
  0.72084718361152733  0.73257651608673735  0.74352680259850379  0.75366499518370611
  0.76186920396616720  0.76936077797739333  0.79026368420599713  0.82769807425916198
  0.86506029427737563  0.89716721017310308  0.91603663787836820  0.93449414260188923
  0.95259317016629375  0.96361403280662505  0.96987865642185955  1.00000000000000000
 -0.00112438603056774  0.00457541616619351  0.00950915732396996  0.01270581417154860
  0.01432268594875136  0.01598289668844006  0.01984185695433992  0.02611781135633749
  0.03527271360352681  0.04597863844791407  0.05820438258647866  0.07072923240673031
  0.08157037864825883  0.09229251434282604  0.10514062862616762  0.11438538871037693
  0.12419043616362563  0.13097309098026957  0.13626808162395948  0.14137173554751825
  0.14691229144108736  0.15269126312568440  0.15715466983365911  0.15986118255763371
  0.16302302956900905  0.17094026893473893  0.17789129942121670  0.18339253046955417
  0.19037504557681659  0.19956698453814886  0.20928550805615267  0.22140382074694609
  0.23157748112215690  0.24544079440572383  0.25743618514815686  0.26461672315354906
  0.26909045664468823  0.27421054338842044  0.27875012923946740  0.28221410009201059
  0.29004043520709832  0.30183332978246918  0.31696199655894169  0.32991662738816685
  0.33782989713674821  0.34419511802203806  0.34991570674734301  0.35503404863531884
  0.35898961659769191  0.36535195596412517  0.37351552256990933  0.38516690442490353
  0.39742215817837417  0.40708308240101782  0.41551247790519913  0.42379274740422301
  0.43309180750362103  0.44196348071120195  0.45097244831663585  0.45358856388054858
  0.45829326119910685  0.46703117779570696  0.47198441259499818  0.47525864452908168
  0.47880908805134098  0.48284887726051934  0.48928773926885671  0.49653998414317418
  0.51441943792030043  0.55002511444782931  0.59385092928638994  0.62071020839285307
  0.63622674970815563  0.65232450604382175  0.67274534883950432  0.69646108229251891
  0.71651043274083470  0.72705443284726756  0.73475418024617134  0.73938945676261214
  0.74408637682543033  0.75098091605580863  0.76855378191985158  0.78860099994901989
  0.81704718872220383  0.83346181055414481  0.84532704025269889  0.85719226995125297
  0.87115665343596183  0.88665160803462861  0.90214656263329540  0.91856476967725154
  0.93892357725793885  0.95928238483862616  0.97964119241931347  1.00000000000000000
 -0.00131814903719288  0.00770537418035749  0.01570584015003183  0.02447079244333712
  0.03330354221651254  0.04284386859998893  0.05293607178605336  0.06178902355584889
  0.07421563139742106  0.09068100502540669  0.11037389781699927  0.13623911912967471
  0.16998082301871081  0.19015642568207758  0.19171469245202202  0.19328693139796785
  0.19483912785639401  0.19612784058045882  0.19747129721497581  0.19891728396995950
  0.20033393876215136  0.20278367002499292  0.20483641632272900  0.20723951118843731
  0.21126441651504799  0.21735570049155306  0.22394568824853403  0.23191928154266672
  0.24227362575584666  0.25307231163872518  0.27109032481258605  0.27923156331735471
  0.28575760194052974  0.29067496205761129  0.29527076680756348  0.30110215489445225
  0.30814421380330026  0.31625194095069770  0.32822092442147766  0.34192089893488331
  0.34628197863277793  0.35166760316872492  0.35720720102615483  0.36335506896406122
  0.37220885073568133  0.37515307754801303  0.37725380828402272  0.38674518637049460
  0.40228822519121366  0.40801342465480833  0.41376277969258585  0.42444553888210756
  0.43878913168182332  0.45237079622188731  0.46190768984462988  0.47441604582488051
  0.48145116591800974  0.48940354909829636  0.49784190130815303  0.50620651141793027
  0.51507915980906638  0.52347684396899330  0.53092875730507583  0.53860017255447268
  0.54560808045990083  0.55352662826838672  0.56420793223178545  0.57939009861627844
  0.60280315506408200  0.62901946022018118  0.65725499778565877  0.68133223308205082
  0.70287861110138505  0.71839226720315708  0.72721904566220841  0.73568599581296612
  0.74472633132885868  0.75425407288924673  0.76378181444963478  0.77214725058223010
  0.77905619554893157  0.78596514051563304  0.79238506619917903  0.79684569398879102
  0.80130632177840289  0.80576694956801476  0.81453378213388317  0.82334353469311161
  0.83170406214009174  0.84251558212692668  0.85411661600166711  0.86661257469666586
  0.88413053780777195  0.90792209255230727  0.94146178025297311  1.00000000000000000
 -0.00364073147005624  0.00978253419199569  0.02022352505576152  0.02895426795802624
  0.03758578466083155  0.04424486052103914  0.04976175296908394  0.05597271183676843
  0.06492878973139056  0.07420397917491461  0.08751656947910467  0.10501009681394230
  0.12735362223625030  0.15509744175922349  0.17236447326902449  0.18561334529098483
  0.19931918161413192  0.21188930907770567  0.22494050118045922  0.24061151252324869
  0.26052823134700037  0.28715194052159920  0.30810819699012504  0.32159113147373924
  0.33327119245479697  0.34415030565928295  0.35720484250958146  0.37420336061657666
  0.39251302639482089  0.41281020041847716  0.43608069549612666  0.45513801184155922
  0.46648426133922433  0.47630900659205611  0.48734992211029521  0.49492759907261302
  0.50425167095884937  0.52133881318280140  0.54983107459799418  0.57691947447271152
  0.60102167074410706  0.61157373666265891  0.62571599011455514  0.63602157491749667
  0.64732626266219262  0.66599089800043076  0.68043345036031710  0.68980297666392709
  0.69607481496755996  0.70323041767137140  0.70490575050828896  0.70650566911448087
  0.70810558772067289  0.70999714473554454  0.71228710272498208  0.71457706071441973
  0.71686701870385727  0.71977469655356530  0.72278350038123751  0.72579230420890961
  0.73111250227007463  0.74814512717057857  0.76407951801828056  0.77266042807399082
  0.77740987543478535  0.78037219980033479  0.78443748953065051  0.79279759395368576
  0.80449418789010529  0.81380372501551457  0.82750410470523561  0.83818000857505170
  0.84397464182833726  0.84696413851080554  0.84961373611409197  0.85267961181802843
  0.85611102486389001  0.85860319731935320  0.86088846560250620  0.86313774753738282
  0.86453128318281303  0.86704264258648989  0.87114779126603192  0.87492881773727571
  0.87783611990247412  0.88105940823735074  0.88626647979032247  0.89036917191652043
  0.89801446069799640  0.90891487639717750  0.92004143030573415  0.93257153159318384
  0.94648073888177753  0.96109297110437919  0.97940087953596022  1.00000000000000000
 -0.00300821356067254  0.01868181588676140  0.02641350548756100  0.02962224988875562
  0.03283099428995023  0.03596533521627475  0.03905844757147595  0.04215155992667716
  0.04536468456173130  0.04867369528510463  0.05198270600847796  0.06076328324931753
  0.07587594546275842  0.08852604337827900  0.10145492170545296  0.12468690825415372
  0.16295411994833309  0.19591587353305415  0.20475829869534823  0.21353916111185334
  0.22131545172692255  0.22765587971172591  0.23194566657323082  0.23720711461590449
  0.24424415005870145  0.26320462049678733  0.29469900718285330  0.32003544802732148
  0.34085023571678874  0.36047064418192271  0.37899410025141622  0.39606199796887492
  0.41051113902898040  0.41785720834264040  0.42175721435246083  0.42366371545196657
  0.42557616998573622  0.42749661403257516  0.42975032842201566  0.43258204827578706
  0.43555954195522761  0.43801261587658402  0.44219634197473351  0.44498681334746398
  0.44642631716287351  0.44787319750730370  0.45515203986218877  0.46251878089760762
  0.46869341270462705  0.47401692326563521  0.48098513351253436  0.49297726808587261
  0.51508793194063307  0.54040633053424836  0.56427677080701788  0.58337518350567275
  0.59620748783673849  0.60530042216165725  0.61415258894320024  0.62330837480480650
  0.63296020628818706  0.64372444152758601  0.65843974993869081  0.67954237219363189
  0.70016037178908053  0.71397282255836747  0.72155401879824321  0.72547377793859336
  0.72940128743145327  0.73313039178274697  0.73563756759393661  0.73922236322167389
  0.74523289786697133  0.75250384808845683  0.76881504515972088  0.79208479946291710
  0.80763732316569203  0.81785280541472583  0.82575122308551407  0.83215087227742068
  0.83729683951120193  0.84515328046593119  0.85195774572586125  0.85845681871554202
  0.86575166936640446  0.87006129271151178  0.87271516756419010  0.87481465313694085
  0.87940236870464306  0.88591127027706007  0.89028225872142153  0.89331301019848308
  0.91457571884693267  0.93615674293561379  0.96238733289098777  1.00000000000000000
 -0.00075168085752866  0.00695722308037900  0.01650293669761162  0.02319472903810469
  0.02792666605011296  0.03431316896458546  0.04105257658481890  0.04656475092342171
  0.05154869073059111  0.05631157817382430  0.06458471284879547  0.07133680777400382
  0.07538589803230615  0.07943498829060848  0.08394680172971675  0.08969173548202104
  0.09543666923432532  0.10118160298662961  0.10687695903262523  0.11256535622796854
  0.11825375342331186  0.12683756292088727  0.13869307892068691  0.14784037280275569
  0.16098005109588603  0.18652760958402831  0.22655879074910171  0.25482923090609316
  0.27437718559658880  0.28402214676245813  0.28953887876797668  0.29251492295850495
  0.29516096974786427  0.29741018261125585  0.29925647771977376  0.30267606087213589
  0.30503789686003280  0.31275109698467285  0.31656063342685370  0.31810651930516087
  0.31960261971041815  0.32187813365808443  0.32614951347288584  0.33236071009229856
  0.34246116179157726  0.35712248292143400  0.37064516962083305  0.38187548370111946
  0.39408774165279109  0.41608618049357599  0.44471487095355205  0.46072635509551491
  0.47446295623971924  0.48662164258568441  0.49615709466887281  0.50568353810267819
  0.51435980064350006  0.52129831702005902  0.53080609333819040  0.54425656160925051
  0.56355035977692691  0.59885084762159058  0.63590763967383224  0.66241233363957674
  0.67815740347260134  0.69105107751868466  0.70240638134235245  0.71227948158769916
  0.72038365691305151  0.72762326520108300  0.73398624441056537  0.74446624811168927
  0.75872005230582684  0.77410918013582874  0.78859897020105263  0.80945957524857670
  0.82912450495450174  0.84622986088891761  0.86238724283667634  0.88095255177058751
  0.89932512477753823  0.91005593758652481  0.91859758608209086  0.92531125795292535
  0.93221903979518583  0.94112883083679044  0.95076854443044490  0.96087558741359325
  0.96715651912989664  0.97076004945122607  0.97483213932482371  0.97951030559303565
  0.98388048655634064  0.98901219749119207  0.99453905546940791  1.00000000000000000
 -0.00525583978324744  0.02536793122530041  0.03775928419214822  0.04838132167544768
  0.05853290575775145  0.06592231127669956  0.07477704298000540  0.08963616751313050
  0.10242102348133982  0.12375361933313489  0.15596342569250918  0.17081621824199786
  0.17552994687085852  0.18117674105423701  0.18500752155586775  0.18864839671054059
  0.19239728659645280  0.19707870204182637  0.20407102722139295  0.21909889842753816
  0.22935228230954000  0.23898540099730045  0.24843392053317565  0.25780276265273661
  0.27288484209720060  0.28977939753654697  0.30472567252341326  0.31805051187447358
  0.32983800663395269  0.34335995688594123  0.35917954860271267  0.37794430089508257
  0.38792749130087917  0.39794883830575312  0.41085495252522219  0.42009905266175546
  0.42809323510673719  0.43570222501679545  0.45438776409207987  0.46900201877390463
  0.47620363181057168  0.48096476159773344  0.48651648410598952  0.49295524897688053
  0.50208563468250045  0.51298682845555732  0.52272791118910655  0.52828229543809735
  0.53359469283552363  0.53902196664900814  0.54468743929915886  0.55005047668189455
  0.56184542764914791  0.57488314640007931  0.58803667003984816  0.59846168169463831
  0.61534587593601286  0.63940906357888572  0.66777267127620921  0.68545719430949559
  0.70012481702504048  0.71168729971406564  0.71948130017616929  0.72336162814229044
  0.72829911598448960  0.73372083909125663  0.73895778689728342  0.74320486917896655
  0.74727561443792678  0.75279017791580238  0.75835467870712858  0.76962237413496015
  0.79131968170194666  0.80471495487077782  0.81759752084474446  0.83173702338270650
  0.83969996893325349  0.84423512651106625  0.84906645632639977  0.85359150524531802
  0.86628900937122422  0.87846048357176143  0.88399806617447696  0.89028306601327822
  0.89588646815797324  0.90239410363773442  0.91109898392432065  0.92355416244760125
  0.93342029573805130  0.94038841774930204  0.94735653976055267  0.95463709579902811
  0.96597782184927106  0.97731854789951400  0.98865927394975694  1.00000000000000000
 -0.00658556908498856  0.03221628315932717  0.04610990039937023  0.06291267259006918
  0.07366060248464912  0.08559994745663804  0.09855833429578087  0.10740014616945286
  0.11669596326876597  0.12914065658480831  0.14345322913945954  0.15693483201763594
  0.16533174491568800  0.17533748457389556  0.19335684582202228  0.20948708443540304
  0.22508510157235007  0.23955678172256123  0.25100684213314550  0.26104853424604668
  0.27091109737320257  0.28059174122392028  0.28419957162691961  0.28674627033170236
  0.28940838418840947  0.29330246078173894  0.30061163387739825  0.31795026419597100
  0.32855226797633397  0.33498349948061340  0.33788182143227868  0.34126762088662782
  0.34533525498097972  0.35032427355805984  0.35499036741256629  0.35953984833763125
  0.36292336251579738  0.36772610588267091  0.38219231490631517  0.40248756150153514
  0.41691711984133228  0.42788090063048945  0.44103202653292894  0.46043352050701203
  0.49268597393582664  0.52529793198504071  0.53924767719724431  0.54739928863807552
  0.55331274752676085  0.55754195686294239  0.56148810571354857  0.56672546398662216
  0.57108995373110127  0.57413584007019347  0.57492233503611478  0.57564695046143077
  0.57937231662509048  0.58553033933067533  0.58735637331424273  0.58915786067074472
  0.59095934802724670  0.59283563424471319  0.59472813957726489  0.59662064490981670
  0.59849937088667338  0.60036972525439991  0.60224007962212645  0.60808334296714961
  0.62028815716781871  0.63645051010672482  0.65289107601915941  0.66742070472869242
  0.67789031848589565  0.68597661212912053  0.69318642851745083  0.70077899874431726
  0.71169602362246032  0.72774708077857853  0.74421346482966233  0.76256897879235686
  0.77821162677059663  0.79062358717598225  0.80152764706028279  0.80845757952874098
  0.81228514834428855  0.81635695311745504  0.82205415275342797  0.82783510297936347
  0.83571818926257069  0.84526753208938510  0.85364911175749536  0.86866611964558138
  0.89456301515084991  0.92331386792931025  0.96001515439391172  1.00000000000000000
 -0.00181465672513547  0.00855220827937998  0.01917310940477889  0.02927993857759827
  0.03906433570882115  0.06479890330958196  0.10057937665203195  0.12364959598368601
  0.13921228431348603  0.16606318287184027  0.19360731124660202  0.21850473013763291
  0.23376994402066001  0.24766570149385328  0.26122872092401622  0.27644953266609212
  0.28965527764215515  0.31004934073006157  0.32747500814131270  0.34308278871376369
  0.35671238511783693  0.36418152609487253  0.37053437454149829  0.38226478646823558
  0.38923095177122419  0.39440664374868578  0.40078563293192149  0.40932886480871111
  0.42294716270097771  0.44371952692309702  0.47087150535877681  0.49530259029861551
  0.50960865577618297  0.51901677360645360  0.52547756235150511  0.53228733246880700
  0.53896024092314088  0.54463851008090425  0.55223237211504572  0.56034914405190117
  0.56698500355557679  0.57314813231182471  0.58602446365927796  0.60578118627667010
  0.62249407693612258  0.63527242748365753  0.64700711295011737  0.65984015986949929
  0.66856191537499654  0.67394573450024131  0.67925594066562545  0.68561960760571805
  0.68711974754796312  0.68850005022574368  0.68988035290352412  0.69116249839224986
  0.69242805753217163  0.69369361667209350  0.69479274367880528  0.69583145840536131
  0.69687017313191746  0.70017481338715837  0.70473031820782284  0.70854578964710602
  0.71210592393524685  0.71577765432370422  0.72057436414995313  0.72674574695691252
  0.74195707283981360  0.75692278895705567  0.76574844846520718  0.77356259698693419
  0.78192143126561686  0.79091103310443933  0.80176841815811251  0.82107949665315816
  0.84276203084931156  0.86718897059268962  0.88783458127235848  0.89508153468641427
  0.90419582506974494  0.92144169612392046  0.93630489185053201  0.94234743746537952
  0.94874557645832702  0.95610556050376905  0.95973916009007110  0.96248850481648018
  0.96642999909727223  0.96935219236624826  0.97384980963854184  0.97553317058220057
  0.97732205310070874  0.97961572008917008  0.98596460574975153  1.00000000000000000
 -0.00375254213835590  0.01234214706941766  0.02654685601725032  0.03652814803794642
  0.04171780777335890  0.04499153436267762  0.04881944846125420  0.05233271456958331
  0.05578982012625387  0.05921731713625052  0.06272475095916515  0.06634776750985454
  0.07002967130897828  0.07417342868444540  0.08082469642205728  0.08905897948628541
  0.09945158479835020  0.11519055228736273  0.12656787895269689  0.13591159403477421
  0.14263052516853683  0.14730668511007905  0.15033540549501240  0.15627287606233398
  0.16260580991506304  0.16561168529230341  0.16959671213578464  0.17608434442352514
  0.18187045165080523  0.18593027182659511  0.19032015530985405  0.20455746407459718
  0.21449321909894534  0.22518160415508512  0.23912947546166149  0.26242443772395108
  0.28050258980362452  0.29096068189689345  0.29465819419136352  0.29926507149511389
  0.30614737106807688  0.31928396644265672  0.35158363323476233  0.38678992968202303
  0.42374523996204388  0.45883878913692516  0.48343346074214122  0.50380274945885406
  0.52032296525668886  0.53792260633781364  0.55514837483934087  0.56522851483631709
  0.57461980763080989  0.58598869940609521  0.59575173173361118  0.60937547523165736
  0.62728822776140236  0.64942113098345955  0.67312631742144446  0.69832921985732543
  0.72011430616399752  0.72908939474966461  0.73806448333533159  0.74703957192099868
  0.75566293914364346  0.76425887238070600  0.77285480561776854  0.78053486852116305
  0.78754544096596468  0.79455601341076620  0.80576509789901440  0.83196709098521837
  0.84303620943183455  0.84813004456032925  0.85228501399755185  0.85531240357809180
  0.85873252473764428  0.86246893186935680  0.86686659374511799  0.87131906615745869
  0.87523563273384430  0.87788298482021421  0.88059467909606226  0.88316149232516028
  0.88584438250012087  0.88906342902833779  0.89423613634874821  0.89899138071361562
  0.90830660214957959  0.92248044144328989  0.93730070881764294  0.95101674721312868
  0.96137136912923948  0.97134194906462057  0.98458744191356140  1.00000000000000000
 -0.00285617337120474  0.01425589348089853  0.01664196287467455  0.01850777344601408
  0.02016519556717718  0.02400764589286722  0.02827476439701393  0.03489723279586185
  0.04855187465608731  0.05489037189407658  0.05901412316603809  0.06313787443799962
  0.06727297331617577  0.07141414243268840  0.07555531154920103  0.07972595123139103
  0.08394209910147912  0.08815824697156721  0.09369937084587612  0.10796263241083874
  0.12584100833003009  0.13455033330930929  0.14162069647085529  0.14865844123013111
  0.15489280105994166  0.15895934248389543  0.16342035476438599  0.16866967899920784
  0.17271969487374295  0.17636233655392050  0.18544944635660870  0.20645533446132422
  0.23176690977931391  0.24288814616617174  0.24893957998256147  0.25729161359451513
  0.26612666688733960  0.27817051598025339  0.29561468504515631  0.31293207004402362
  0.32949234275924599  0.34329302410352808  0.35850502423152297  0.37455598992537753
  0.38612066869517381  0.38978702773182594  0.39168181146347292  0.39317471899941220
  0.39425097204221277  0.39666857862531602  0.40159337767112679  0.40698796469956755
  0.41901335395074724  0.43964181277067060  0.47227663178015700  0.50398811966672374
  0.52753962655730113  0.54259693216723082  0.55564432063738989  0.56997951521082602
  0.58093707627015800  0.58949178764126509  0.59847467816575650  0.60698208771637363
  0.61296166114143535  0.61947148643495731  0.62615911516637490  0.63067461962229421
  0.63282310143501275  0.63426921252748891  0.63581608893838426  0.63761669792433773
  0.64011271677607384  0.64163607929842359  0.64594547043124506  0.65893102717296725
  0.68774532559660717  0.72532047870627214  0.76725673838828989  0.78810866756483677
  0.81210562332730007  0.83929820163605451  0.85791018828640353  0.87959461972934017
  0.90441136591684845  0.92843493363281282  0.94101764497888718  0.94935918424753296
  0.95486536711730363  0.95955204138322980  0.96389461700900048  0.96721090423108191
  0.97066659662371935  0.97879960656904041  0.98854366777445335  1.00000000000000000
 -0.00503130760200350  0.02119566553113240  0.02413733139894617  0.02563463076927059
  0.02714098893640070  0.02886610332369835  0.03196944030834045  0.03510760829992271
  0.03669090955754012  0.03801412902940014  0.04081287546327311  0.04400085284898892
  0.04746024975396423  0.05269394487782193  0.05952043028829713  0.06309879177545435
  0.06619184960239670  0.06893587444406794  0.07011970550589927  0.07146290664104768
  0.07214131279022871  0.07406674985963603  0.07636465315590009  0.07895896823807771
  0.08212982838261465  0.08709552491639985  0.09310719444195198  0.09965496325270277
  0.10598309777168959  0.11003295043767143  0.11313766581848592  0.11633815622941324
  0.11717358056028773  0.11800900489116223  0.11884442922203672  0.12002374134245571
  0.12131973836934699  0.12261573539623828  0.12409675947745949  0.12570740960108007
  0.12731805972470067  0.13045605192190118  0.13811524864036592  0.15686963340320664
  0.18973364103481249  0.23265044004539465  0.26458149222661942  0.28957138088330242
  0.31560103574624820  0.36519691409521987  0.40370807104632789  0.43684544332026670
  0.46201845760752908  0.48075752169649855  0.49256624317900594  0.50281383453260597
  0.51172078883349625  0.51778286226226511  0.52948297091598850  0.55643388449920173
  0.58267261053603137  0.59725788709144656  0.61390211208896428  0.64460997571487566
  0.67415220561417610  0.70148555573166926  0.72572850627942542  0.74684608243687378
  0.76577312843482981  0.78744986728814337  0.80126343154816326  0.81407319680546630
  0.82488003766739026  0.83334005548932266  0.84339420681064536  0.85505867936274327
  0.86748512968138969  0.87900377076388336  0.89234726186537283  0.90496635578423434
  0.91641313245270595  0.92218322075917558  0.92797073965421317  0.93316053515513187
  0.93757158407647334  0.94116357691041186  0.94420542720938017  0.94898780688324347
  0.95401563161052083  0.96042013456337616  0.96690143121836025  0.97237072230382093
  0.97923731262960823  0.98560914320568993  0.99210240486220758  1.00000000000000000
 -0.00280835840397640  0.00743920849240757  0.01766811465910776  0.02911160695392638
  0.04372411223709638  0.06839918620853930  0.07867137668310098  0.08891558546243560
  0.09939604271005462  0.11412443822706754  0.13884209296480787  0.18487658996772324
  0.20362824818542188  0.22034287320692422  0.23538783978995842  0.25057072845226419
  0.26724590184027808  0.28627091456646447  0.30373853485874824  0.32367996320554110
  0.34299902080284239  0.35811029765077756  0.36933555445295141  0.37962874643431926
  0.38946350741837710  0.39873097691825105  0.41219789451869326  0.41538700488846503
  0.41707411087891538  0.41905819726153565  0.42114565479332911  0.42423528085517648
  0.42710722063749706  0.43151966134657527  0.44608954221969782  0.46681885515075511
  0.48223629009074465  0.49142000904949673  0.49960664004535399  0.50660860675219599
  0.51381714361857556  0.52273413731677243  0.53439184964478914  0.54429384244573242
  0.55643713483963753  0.56219949870950026  0.56578718109989812  0.56962335910821893
  0.57427361671605370  0.57860836672336047  0.58300863060944774  0.58837084789855609
  0.59772543642675657  0.60845720550489057  0.61199617829188402  0.61584551175135382
  0.62238132650977351  0.62895169903051773  0.63190063155982612  0.63484956408913451
  0.63779849661844290  0.64178499519579446  0.64588732618477551  0.64998965717375667
  0.65400817235879094  0.65797852482686969  0.66194887729494833  0.66784764851647982
  0.67917683765028924  0.68691572429563275  0.69431857369594030  0.70057698217798103
  0.70794658737012173  0.71677611136762043  0.72041267987275293  0.72463000538256539
  0.73000363269748525  0.73247582502420772  0.73495564729171692  0.73795766684576125
  0.74314991994849855  0.74891056984365822  0.75513541479053825  0.75950015388663583
  0.76188919002269384  0.77639556399738119  0.80234571639846219  0.82704612262443677
  0.84814503324621637  0.86705801808977800  0.88337711176458045  0.90372822078819204
  0.92367709079502247  0.94320383842072086  0.96784582666017394  1.00000000000000000
 -0.02689889673609668  0.59114384460400471  0.76317667907628384  0.77824129578514389
  0.78836231765220055  0.79310568284755667  0.79661394733068080  0.79899575313260662
  0.80026091708905323  0.80092355120811176  0.80117996896566102  0.80142129525047323
  0.80172350262379821  0.80214282452530439  0.80390682625070320  0.80658828188303333
  0.80839821275575896  0.81061992812279338  0.81283174160624616  0.81562647926041520
  0.81964960651640040  0.82434154215279476  0.82803491810420693  0.83129768242012159
  0.83278814666304857  0.83338213373417513  0.83390358599340109  0.83448459199685210
  0.83529626839595938  0.83626987101640937  0.83745406806562572  0.83879642408397004
  0.84040657748484349  0.84423527215112792  0.84847399077101804  0.85198288832978897
  0.85543927374537265  0.85774608701716348  0.85913613980627246  0.86021569175394352
  0.86125094361976884  0.86207187856125511  0.86276629829182172  0.86341141508192909
  0.86421653249266195  0.86567883257231759  0.86695781536027106  0.86817756468909812
  0.87022635364546663  0.87179070684203430  0.87237550348355841  0.87284785749574656
  0.87333308507965868  0.87426066905541944  0.87558335516248098  0.87682861132579792
  0.87789125703681803  0.87906483757529041  0.88041757089072636  0.88196627866569033
  0.88329803522995565  0.88457369105833461  0.88571490963891653  0.88625607247248295
  0.88679723530604937  0.88733839813961590  0.88791841064957999  0.88850880395403919
  0.88909919725849829  0.88970019886895302  0.89030975006801849  0.89091930126708385
  0.89212932569959014  0.89489367852636481  0.89758344279930513  0.90029714341886746
  0.90331268974782086  0.90645947311433339  0.90959523215778249  0.91217908623454580
  0.91462805160619043  0.91680280162283967  0.91853494388656554  0.92123082070114881
  0.92262028087596859  0.92374642655169359  0.92461684765558272  0.92571631223687545
  0.92745628799760538  0.92931891597431604  0.93118675397524242  0.93408523515753772
  0.93846010031300386  0.94251152738432586  0.96294290168648189  1.00000000000000000
 -0.02905324667947481  0.13673366678740900  0.19560842781111767  0.22140371368073464
  0.24217706087354990  0.25751714836800788  0.26782431960257491  0.27675838157469668
  0.30431036944133050  0.32176897283107364  0.33400301003989746  0.34549863945365283
  0.35518432334398992  0.36881989249176461  0.38911509396999511  0.40835397295912812
  0.42115436560425112  0.42984437312494211  0.43784706627582476  0.44852802568366701
  0.46071584249530945  0.47241484881336349  0.48363592606142680  0.49312648850514323
  0.50130071228416584  0.50689387211342662  0.51043620763792508  0.51275653668074495
  0.51509558604778116  0.51772326931385171  0.52091696857666059  0.52489998991597930
  0.53130028645440630  0.53888091759891288  0.54599337991553354  0.55116828593810407
  0.55513807990619024  0.55815385017798902  0.56239108861269060  0.56981941001520442
  0.57425810486297357  0.57761040353205328  0.58158811073284034  0.58610534488008825
  0.58725158084187756  0.58889572582944727  0.58997678472470261  0.59119094348936885
  0.59255183912923359  0.59322615591079242  0.59505969776094703  0.59763587363679271
  0.59962895294286744  0.60670626437441555  0.61162727715441345  0.61648334795944915
  0.62183080863765516  0.62904876419561206  0.64449558599980217  0.66292072805932245
  0.67298376761899392  0.67697857821446683  0.67987503796394833  0.68314896397738611
  0.68856314026452248  0.69517637640056806  0.69859018234839909  0.70132358349952340
  0.70349981145861495  0.70641309644208583  0.71076766567787797  0.71519419691748221
  0.72162766160424929  0.73020493892275962  0.73801369326728461  0.74331911239156567
  0.74726521782796429  0.75120088952200659  0.75485102802924609  0.75977958660081457
  0.76530893919880649  0.77316973852638460  0.77726361581896286  0.77915173295434237
  0.78103985008972199  0.78417298766273735  0.78882924997178638  0.79348551228083541
  0.79878482991178801  0.80708277515892746  0.81538072040606691  0.82367866565320635
  0.84323132173068016  0.87135522218851780  0.93397224962377468  1.00000000000000000
   4.3297359342641446E-017  -1.0000000000000000     
 T F F F F F F F F F F F F F F F F F F F T F F F T F F F F F F F F F F F T F F F T F F F F F F F F F F F F F F F F F F F T F F F F F F F F F F F F F F F F F F F F F F F F F F F F F F F F F F F F F F F F F F F F F F F F F F F F F F F F F F F F F F F F F F F F F F F F F F F F F F F F F F F F F F F F F F F F F F F F F F F F F F F F F F F F F F F F F F F F F F F F F F F F F F F F F F F T F F F F F F F F F F F F F F F F F F F T F F F T F F F F F F F F F F F T F F F T F F F F F F F F F F F F F F F F F F F T F F F T F F F F F F F F F F F F F F F F F F F T F F F T F F F F F F F F F F F T F F F T F F F F F F F F F F F F F F F F F F F T F F F F F F F F F F F F F F F F F F F F F F F F F F F F F F F F F F F F F F F F F F F F F F F F F F F F F F F F F F F F F F F F F F F F F F F F F F F F F F F F F F F F F F F F F F F F F F F F F F F F F F F F F F F F F F F F F F F F F F F F F F F F F F F F F F F T F F F F F F F F F F F F F F F F F F F T F F F T F F F F F F F F F F F T F F F T F F F F F F F F F F F F F F F F F F F T F F F
  <DiscreteSampler_grid>
  grouped_processes
  1 # 1 for a reference and 2 for a running grid.
  10 # Attribute 'min_bin_probing_points' of the grid.
  1 # Attribute 'grid_mode' of the grid. 1=='default',2=='initialization'
  0.0000000000000000 # Attribute 'small_contrib_threshold' of the grid.
  0.5000000000000000 # Attribute 'damping_power' of the grid.
 # binID   n_entries weight   weight_sqr   abs_weight
    16   10   3.276122494884851E-022   3.751948365296372E-043   3.276122494884851E-022
    17   10   3.276122494884855E-022   3.751948365296418E-043   3.276122494884855E-022
    19   10   4.910069544437843E-022   1.160325818569438E-042   4.910069544437843E-022
    20   10   4.910069544437963E-022   1.160325818569382E-042   4.910069544437963E-022
    22   10   1.063749224121994E-020   1.042854916816511E-039   1.063749224121994E-020
    23   10   1.063749224122000E-020   1.042854916816528E-039   1.063749224122000E-020
    28   10   2.321732729517652E-022   2.034181035726613E-043   2.321732729517652E-022
    29   10   2.321732729518029E-022   2.034181035727061E-043   2.321732729518029E-022
    31   10   6.149696298591347E-022   1.897340322064006E-042   6.149696298591347E-022
    32   10   6.149696298590943E-022   1.897340322063598E-042   6.149696298590943E-022
    34   10   7.825393701294644E-022   2.297392273237929E-042   7.825393701294644E-022
    35   10   7.825393701294646E-022   2.297392273237887E-042   7.825393701294646E-022
    40   10   3.276122494884820E-022   3.751948365296312E-043   3.276122494884820E-022
    41   10   3.276122494885212E-022   3.751948365296998E-043   3.276122494885212E-022
    43   10   4.910069544437579E-022   1.160325818569361E-042   4.910069544437579E-022
    44   10   4.910069544438227E-022   1.160325818569469E-042   4.910069544438227E-022
    46   10   1.063749224121985E-020   1.042854916816493E-039   1.063749224121985E-020
    47   10   1.063749224121944E-020   1.042854916816413E-039   1.063749224121944E-020
    52   10   2.321732729517705E-022   2.034181035726642E-043   2.321732729517705E-022
    53   10   2.321732729517985E-022   2.034181035727043E-043   2.321732729517985E-022
    55   10   6.149696298591268E-022   1.897340322063976E-042   6.149696298591268E-022
    56   10   6.149696298590948E-022   1.897340322063596E-042   6.149696298590948E-022
    58   10   7.825393701294543E-022   2.297392273237857E-042   7.825393701294543E-022
    59   10   7.825393701294676E-022   2.297392273237908E-042   7.825393701294676E-022
    64   10   3.276122494884980E-022   3.751948365296600E-043   3.276122494884980E-022
    65   10   3.276122494884866E-022   3.751948365296472E-043   3.276122494884866E-022
    67   10   4.910069544437769E-022   1.160325818569381E-042   4.910069544437769E-022
    68   10   4.910069544438655E-022   1.160325818569629E-042   4.910069544438655E-022
    70   10   1.063749224121992E-020   1.042854916816510E-039   1.063749224121992E-020
    71   10   1.063749224122050E-020   1.042854916816629E-039   1.063749224122050E-020
    76   10   3.276122494884959E-022   3.751948365296542E-043   3.276122494884959E-022
    77   10   3.276122494884969E-022   3.751948365296641E-043   3.276122494884969E-022
    79   10   4.910069544437777E-022   1.160325818569395E-042   4.910069544437777E-022
    80   10   4.910069544438552E-022   1.160325818569582E-042   4.910069544438552E-022
    82   10   1.063749224121982E-020   1.042854916816487E-039   1.063749224121982E-020
    83   10   1.063749224122045E-020   1.042854916816619E-039   1.063749224122045E-020
    88   10   2.321732729517728E-022   2.034181035726671E-043   2.321732729517728E-022
    89   10   2.321732729517938E-022   2.034181035727026E-043   2.321732729517938E-022
    91   10   6.149696298591395E-022   1.897340322064016E-042   6.149696298591395E-022
    92   10   6.149696298590935E-022   1.897340322063587E-042   6.149696298590935E-022
    94   10   7.825393701294796E-022   2.297392273237994E-042   7.825393701294796E-022
    95   10   7.825393701294546E-022   2.297392273237856E-042   7.825393701294546E-022
    100   10   2.321732729517755E-022   2.034181035726668E-043   2.321732729517755E-022
    101   10   2.321732729517931E-022   2.034181035727033E-043   2.321732729517931E-022
    103   10   6.149696298591319E-022   1.897340322063987E-042   6.149696298591319E-022
    104   10   6.149696298590907E-022   1.897340322063583E-042   6.149696298590907E-022
    106   10   7.825393701294695E-022   2.297392273237931E-042   7.825393701294695E-022
    107   10   7.825393701294583E-022   2.297392273237852E-042   7.825393701294583E-022
  </DiscreteSampler_grid>
