 -0.00000004164061742  0.00000036260024097  0.00000094224010012  0.00000191992247863
  0.00000315050895593  0.00000435782145184  0.00000594956098958  0.00000712789815939
  0.00000793984901975  0.00000868266392861  0.00000951782775320  0.00001010933626440
  0.00001081463094045  0.00001159514548332  0.00001239417649539  0.00001329501453697
  0.00001429507256347  0.00001530769528709  0.00001600670306439  0.00001666953500626
  0.00001724494885285  0.00001776368484985  0.00001824094980654  0.00001867817010620
  0.00001917597467950  0.00001976156529420  0.00002024166194166  0.00002076235602984
  0.00002130789187718  0.00002174359243609  0.00002208689121537  0.00002245296161121
  0.00002273465623866  0.00002297336743804  0.00002319857967226  0.00002345427838031
  0.00002375174334575  0.00002418363666857  0.00002456172955514  0.00002483008984433
  0.00002507077377118  0.00002534590710759  0.00002565870249281  0.00002602205900006
  0.00002643236183965  0.00002677661461802  0.00002702705798832  0.00002721942131589
  0.00002741533032730  0.00002761739960729  0.00002781946888729  0.00002806288232652
  0.00002830688248546  0.00002871115860190  0.00003107338707875  0.00004467441454972
  0.00004729220803622  0.00004801974277443  0.00004865079849432  0.00004920939422469
  0.00004970473123580  0.00005018706088708  0.00005082540767659  0.00005145832527823
  0.00005210147308493  0.00005278098941492  0.00005344358788098  0.00005412532397025
  0.00005478273707731  0.00005553992980611  0.00005645795253357  0.00005739411643055
  0.00005856242730482  0.00005975157114841  0.00006158558124451  0.00006394852015589
  0.00006672480206472  0.00007007552806651  0.00007374233994311  0.00007755134577199
  0.00008151100010625  0.00008602524273993  0.00009141013708540  0.00009648521298125
  0.00010284547183933  0.00011006260107491  0.00011876779505127  0.00013424020000331
  0.00016246337384630  0.00019941485567828  0.00026348246042836  0.00041300610243739
  0.00095558218768322  0.00206308484639564  0.02146196528149397  1.00000000000000000
 -0.00001430741988204  0.00008261865457123  0.00016576801084918  0.00021506331923167
  0.00027947819615340  0.00033708163567287  0.00039519284034854  0.00046324996077588
  0.00054061399188971  0.00062117319678903  0.00071460377638537  0.00078462664595195
  0.00082849179004362  0.00086258219229608  0.00089337420528420  0.00093435376543725
  0.00099322944570290  0.00104355637082345  0.00107921067768632  0.00111376162589036
  0.00115170351727594  0.00118164864429188  0.00120524633009203  0.00123066033655060
  0.00126238056441508  0.00129426377349148  0.00135189594719005  0.00143330075365148
  0.00150569357269601  0.00156733367752139  0.00163273811427572  0.00170093829928477
  0.00176806869642675  0.00183483036407518  0.00190665606321877  0.00199577720002454
  0.00208454176030480  0.00217978924459073  0.00228852577109404  0.00239643279814929
  0.00248113975061184  0.00256243539198087  0.00262700904045573  0.00268985056257232
  0.00275713514305880  0.00281465246452574  0.00286438517581732  0.00292999445783625
  0.00301841788998559  0.00315447682163137  0.00327773952628130  0.00338363304916830
  0.00347985818402575  0.00356673239671894  0.00364017664774871  0.00372228012319908
  0.00381814179493553  0.00389988867640155  0.00398965803894294  0.00409044629188044
  0.00419179312224712  0.00429412745608148  0.00441974817636964  0.00451172277803850
  0.00458070166153060  0.00467189742512111  0.00477114321949475  0.00487385874010023
  0.00492434719582922  0.00496994533243973  0.00507715562479548  0.00519193358025093
  0.00533188853486750  0.00547789886800644  0.00566095935118150  0.00582390309146399
  0.00594792190577755  0.00608208476258556  0.00624168013894401  0.00642420106881239
  0.00659866903825013  0.00680970569512059  0.00713215805532954  0.00752227393278924
  0.00800412524999243  0.00846430153530128  0.00890257400316412  0.00935946780623264
  0.01003218821839664  0.01059873713220686  0.01135827968294163  0.01227974221911179
  0.01360839901845647  0.01667150240426352  0.02148624962932438  1.00000000000000000
  0.00002110331822826  0.00032215001973625  0.00052200323874049  0.00064704138760443
  0.00079165098161222  0.00093256539527867  0.00107126524888306  0.00117201162185444
  0.00125796735965745  0.00141142402342414  0.00156197696645852  0.00170915602958634
  0.00187630474183653  0.00203661388343295  0.00217322822066993  0.00230400930635791
  0.00245516597528764  0.00263102050756385  0.00279831781119065  0.00294195927075692
  0.00309763968661174  0.00329672985601769  0.00351175651518578  0.00367500028138901
  0.00375505121826039  0.00382122070346587  0.00388522707444523  0.00398752845134114
  0.00410932280078154  0.00418179530142312  0.00427049032873673  0.00437335899789166
  0.00447837128753965  0.00458649841041545  0.00469089380982362  0.00480437479856866
  0.00492230742177316  0.00504486627296470  0.00520319761384812  0.00542688465980843
  0.00565102905953351  0.00585135331277063  0.00603884008019563  0.00618251389498799
  0.00629278908034337  0.00640110979440209  0.00649168663905137  0.00657438907389772
  0.00666400600240603  0.00677041095387811  0.00688455436858985  0.00700398245428340
  0.00715285764694462  0.00731711245607043  0.00749530723337662  0.00767503230547983
  0.00783898418174314  0.00794492830026705  0.00804244963707904  0.00813374137083568
  0.00819832447334241  0.00830450953312236  0.00846272224695720  0.00861899127430960
  0.00881585546073176  0.00899979576486754  0.00916610440733991  0.00933870956551490
  0.00957316222126287  0.00990346911930376  0.01021796453033421  0.01047581621776339
  0.01069760137353547  0.01087441539533030  0.01101196736221403  0.01113239162631610
  0.01125918726525056  0.01141990050105495  0.01166934525974670  0.01202827594936342
  0.01233455854382222  0.01265489896266282  0.01282828764257775  0.01300508305340035
  0.01323560326700180  0.01347367374578770  0.01372199384893771  0.01413311609489081
  0.01450432626093394  0.01475232549176706  0.01493592887959679  0.01520853464006255
  0.01586822705934198  0.01749339407149479  0.02206203617246019  1.00000000000000000
  0.02886955806581136  0.04109590055971654  0.05469355427695710  0.06537953974517462
  0.07496658263668020  0.08049850194144637  0.08688157108909388  0.09680725373131800
  0.10901522699329924  0.13227322530131772  0.15197868894762334  0.16809387375859919
  0.18494093456694155  0.20047679755834497  0.21285083159004822  0.22086810214876665
  0.22877739758760288  0.23769651910562287  0.24932979027340571  0.25860622271598965
  0.26764723433461868  0.27507286605349884  0.28325511196045516  0.29130426808627374
  0.30104072259981918  0.31170654077240512  0.32179657452443006  0.33186002569520923
  0.33970574343599891  0.34523309210023517  0.34994860582861642  0.35398842744239239
  0.36006885137713307  0.36836881954339917  0.37425223263724822  0.37977189431281866
  0.38587208097439257  0.39310059464234587  0.40228062217096511  0.41132367836479233
  0.41866419639442914  0.43195747957298719  0.44637794012793425  0.45951152090065694
  0.47730904533389956  0.49509808307621078  0.51172423997844985  0.52268865436619938
  0.52977583927510996  0.53806560052377628  0.54911011654809483  0.55722834099932383
  0.56312805163430524  0.56963479833940311  0.57663664634646716  0.58144269424476103
  0.58694922495987212  0.59370137907383580  0.60162419388953514  0.61059914465656795
  0.62017513598409368  0.63148173834976795  0.64133166351704451  0.65001805564472548
  0.65900424405533387  0.66916144713737780  0.67874579516597833  0.68593161189292540
  0.69324768677517978  0.70114114750448076  0.71017835285100883  0.71883975659818866
  0.72688440365797469  0.73481572167582432  0.74234379313325949  0.74929189644188487
  0.75720498229673494  0.76734217437772123  0.78048086450976994  0.79413974203125182
  0.80740998731387292  0.82186467835712518  0.83734303368399088  0.85233126745195953
  0.86680968080683551  0.87718391894729841  0.88622030364011817  0.89956313413348310
  0.91125602520580118  0.91690034928376807  0.92290727444774379  0.92943168978401658
  0.93972174224775962  0.95554623697013275  0.97137073169250532  1.00000000000000000
  0.02137183424637988  0.02204918578383946  0.02243776211444103  0.02270757297092401
  0.02297659995235666  0.02326874876452501  0.02360769799015375  0.02394299877662916
  0.02421382866287372  0.02443963333732328  0.02460123843980038  0.02475551034532038
  0.02492141783759074  0.02503938070560879  0.02517080074004221  0.02528261917640310
  0.02537699665557078  0.02545778147768894  0.02553398261904708  0.02561394879558663
  0.02571242190382355  0.02588964608142723  0.02604003999315061  0.02615658522074838
  0.02624115798504663  0.02633282602651843  0.02642187758435410  0.02659355515070469
  0.02679803207804068  0.02714502603664454  0.02743342306990747  0.02777921890793573
  0.02813160335346900  0.02843860080668397  0.02870551707253937  0.02896549180777683
  0.02923510330061059  0.02949440430284212  0.02977784212833562  0.03008574806794122
  0.03033125103457945  0.03051410518752390  0.03068448095758352  0.03087846678480712
  0.03110535526558431  0.03136017161441743  0.03163643215039761  0.03191674082702442
  0.03223483773971800  0.03251859266365083  0.03284629285287146  0.03327033346638885
  0.03386205261483980  0.03435636886041325  0.03479120290658903  0.03526606014669312
  0.03579171084248838  0.03624079625899700  0.03690785549918262  0.03785294018649552
  0.03876295043181943  0.03952692442149376  0.04030884671931633  0.04122842395827341
  0.04216983198081641  0.04303746567910868  0.04346910198700482  0.04382094001417557
  0.04417607215321195  0.04469663824981853  0.04545323162058619  0.04621462787902998
  0.04646535026023119  0.04671189409285508  0.04698095916451048  0.04725994754633702
  0.04761496197404818  0.04807767530886988  0.04867499150519929  0.04993721277612374
  0.05093698912322822  0.05203972580130037  0.05343438085243842  0.05597338831985601
  0.06104781200424761  0.06371300345803474  0.06774410789260964  0.07164976968111776
  0.07565090037173032  0.08321783063729761  0.08874454757664173  0.09647183608413473
  0.11505004959866694  0.20557754390651062  0.33173853152483496  1.00000000000000000
 -0.00389323197129121  0.01332063003946896  0.02025205418243530  0.02610702161633126
  0.03222373712015225  0.03642750071103229  0.04525231322776550  0.05627892982834083
  0.06829646011713890  0.07931862897082224  0.08659745366423614  0.09467313534444002
  0.10378987532926147  0.11455681869212793  0.12640577242557391  0.13577370948462519
  0.14308529891726418  0.15219229765903264  0.16109972948706988  0.16971550611669506
  0.17831884624509337  0.18520090664273231  0.19399550822638092  0.20356882519440811
  0.21410364934312670  0.22880071005454922  0.24253885477382411  0.25188532251199558
  0.26061193225163964  0.27238960510807486  0.28308554488898985  0.29746196932415159
  0.30721121176290372  0.31696045420165581  0.32708362128135748  0.33766446384088317
  0.34824530640040885  0.35500557045254100  0.36104510635856124  0.36746486210977042
  0.37466668123880797  0.38189017601512465  0.38729809218332234  0.39136535486463309
  0.39527102532851133  0.40097473514553789  0.41050437145111973  0.41945326643737596
  0.42981778344060506  0.44586634121336410  0.45935793031555477  0.47307341118139856
  0.48833607439419646  0.50586422475110293  0.52059089179398410  0.53030679230640876
  0.54145123065987499  0.55618047389655467  0.57468459223311952  0.58996082926311411
  0.60497860424840555  0.61907125781493333  0.63251738206934549  0.64701100878068363
  0.66645861145986640  0.69049252831756469  0.70176308445124913  0.70998487854768322
  0.71578916302224416  0.72314858927897185  0.73338616052272931  0.74608320868452005
  0.76012777460965553  0.77031967963629211  0.77680454312365743  0.78206922386378241
  0.78796229662890038  0.79122158739834447  0.79441904401973651  0.79741708366234443
  0.80244406395115764  0.80928838966269889  0.81738047230642452  0.82580077031635846
  0.83337235566519552  0.84127600305410710  0.85130278785885027  0.86260272615233236
  0.87258136726538460  0.88546868591748995  0.89778679902846048  0.91211342556912334
  0.92700134673437773  0.94606569262199569  0.97044144777472208  1.00000000000000000
 -0.00600132673920651  0.01447699255242764  0.03183167769942150  0.04604605649488120
  0.05705851008126303  0.06276000006172169  0.06844413010295915  0.07376925726911367
  0.07905717672740392  0.08324868074251741  0.08761664290553227  0.09452418643572434
  0.10142347575015304  0.11061453171080303  0.12078230834800889  0.13215502592536324
  0.14451839336518957  0.15678992190265897  0.16907703562918583  0.18070588562141476
  0.19186444886653434  0.20370288091413058  0.21499607149110417  0.22621812910250633
  0.23688149398987635  0.24801637102696633  0.26083945568541694  0.27799267266368155
  0.29690789182627908  0.31323570430308190  0.32779624184930611  0.34236392463652759
  0.35759632310027778  0.37462092344826048  0.39495501555666529  0.41151683215276996
  0.43056375636611616  0.45282569160346142  0.47746302231623639  0.50102570802535418
  0.51426847711794799  0.52087877327373966  0.52559920584758524  0.53180882135415730
  0.53907686587888681  0.54561843337724403  0.55441330114592491  0.56761734048168566
  0.58030424521582535  0.59225412856861648  0.59897307612478878  0.60809571718162614
  0.61723244478579020  0.62738766128063450  0.63720052465247567  0.64666505843648647
  0.65502863172265524  0.66244773735479401  0.67168184801867437  0.68266778057608335
  0.69796174723721893  0.70878320349087798  0.71378330142266422  0.71748646068639521
  0.71986649663310620  0.72319407308136996  0.72798482845101364  0.73432626461851058
  0.74152567694091420  0.75069501938742333  0.75716676002354732  0.76282067354280836
  0.76892551000685760  0.77688924835091522  0.78541279934187624  0.79363822121100680
  0.80864905639625839  0.82498875208960398  0.84047274391535487  0.85040182098036465
  0.85928021924364495  0.86637881281447726  0.87196214589447552  0.87686491611320017
  0.88433280411924942  0.89339860615956279  0.90385573629014004  0.92006438026247983
  0.93161520172662671  0.94097583843833199  0.95017568963640653  0.95781909457013137
  0.96571399529856583  0.97793858566585679  0.98944286891206279  1.00000000000000000
 -0.00220013006718509  0.00623460935226598  0.01327922156224964  0.01936204056273318
  0.02434589138220125  0.02959721158825015  0.03697133322519221  0.04884967360113946
  0.06024827473120849  0.06658871323911496  0.07266362113312329  0.08466851649868382
  0.10164383495206189  0.11884192912966836  0.13191877737138516  0.14345317711512248
  0.15465544744837209  0.16392743603158097  0.17353003551652296  0.18328254975900546
  0.19293887784605587  0.20670411350610443  0.22294899303891028  0.24380774734274818
  0.26739270134354159  0.28901561384436991  0.30393600971051843  0.31441797634570601
  0.32350544319687446  0.33262400222713850  0.34103824491524598  0.34948807367922019
  0.35790898110960523  0.36762794857917808  0.37894944595785701  0.39031881933121759
  0.40244001720609229  0.41485971628244878  0.42787703284424011  0.44215448387626827
  0.45681386129306395  0.47325621443184723  0.48791587667144420  0.50285291707759827
  0.51516870481366972  0.52475743310225820  0.53321513718240332  0.54152941250706566
  0.55338400804451537  0.56216879694329747  0.56903010509300356  0.57599679282280813
  0.58434693366898083  0.59732896293836946  0.61253145695984945  0.62714247577197835
  0.63813045664477619  0.64497983169139983  0.65200728061199742  0.66353586088563365
  0.67760069362195352  0.69168353092697055  0.70689577040996465  0.72106704825310808
  0.73253343480933142  0.74491121269903326  0.76166471949884851  0.77925338159901925
  0.79240674520639898  0.80199890650209837  0.81154534217596719  0.82143678681305587
  0.83158810213500489  0.84180587204101187  0.85487110998386362  0.86500636306982881
  0.87343399048318893  0.88144498744329081  0.88753835775759948  0.89553238930087875
  0.90324209513525378  0.90815585037795987  0.91284713366160875  0.91755395883310031
  0.92226781634385879  0.92759202410183417  0.93378772652985587  0.94171755037586402
  0.95306900968885966  0.95880615327089225  0.96538172433682545  0.97380932847995350
  0.98047553956210609  0.98658425107674852  0.99427787925795408  1.00000000000000000
 -0.00226645011134754  0.01115348002165412  0.02584755277632421  0.03837350192362473
  0.05180510803168071  0.06614436495664325  0.07899445290775095  0.09149109218606619
  0.10033043026100394  0.10702929266276361  0.11430633875633585  0.12229119474983885
  0.12985787135440544  0.13924185914539330  0.15165417262810812  0.16310192435437862
  0.17429695944839779  0.18527937747435649  0.19586148244488544  0.20459871524074930
  0.21383539853613448  0.22693984821584351  0.24506267371256782  0.26385672196760590
  0.27484994690230735  0.28070796141304544  0.28955776262312705  0.29633219546213629
  0.30343323933318556  0.31012744479643861  0.31705892458697882  0.32242042113672070
  0.32883864246771932  0.33887469682873539  0.34865973157942703  0.35652251030739535
  0.36488285437080581  0.37327247770730010  0.38278386887343419  0.39345232421653881
  0.40901426487390630  0.42106159784487435  0.43101139925075355  0.44132851121846078
  0.45122957933232383  0.46243406130560166  0.47758072025317116  0.49461662301502324
  0.51749043697875463  0.53161058598673117  0.54489385649572408  0.55461296078053102
  0.56171585687081560  0.56809773125342700  0.57492625328677238  0.58270115170308689
  0.59135551260299124  0.60220287346396328  0.61529030807236651  0.62825776159757640
  0.64097440909673598  0.65331545341093034  0.66658580364733844  0.68104528672374309
  0.69504969560974872  0.70693961135113315  0.71776474861529194  0.72840851777284910
  0.73835972389345750  0.74804008346786699  0.75791843844099949  0.76397461963170610
  0.77026035878213905  0.77735754882708508  0.78432844027655757  0.79083153790274019
  0.79768290793154339  0.80924579480621428  0.82216079903469452  0.83676380122443517
  0.84881099491860501  0.85520931481243645  0.86115080807820721  0.86660914160535585
  0.87663302943623345  0.89067946087577554  0.90572429358692430  0.91692077491026824
  0.92680903064953657  0.93632453993675691  0.94594900396496029  0.95643356699769744
  0.96699883720724278  0.97811819765459818  0.98907756240079192  1.00000000000000000
 -0.00120232914752997  0.00631449472762375  0.01636646454902728  0.02555453140701127
  0.03206957325865772  0.04161919731900406  0.04836313044154160  0.05438933365265322
  0.05983201274872791  0.06633044998393614  0.07217359152409716  0.08140239647846838
  0.09002957638864387  0.09780304056652224  0.10592415992643772  0.11501201179641313
  0.12476951579160203  0.13429277358760042  0.14258496001021342  0.14888366967410580
  0.15715988751319251  0.16772429152492035  0.18222389994620053  0.19703453666057616
  0.21172150709351198  0.22868078266819383  0.24347092714553295  0.25209253757503619
  0.25905251837495979  0.26578269131982052  0.27502629992473809  0.28443134456456109
  0.29508057417454014  0.30943340566198030  0.32231841585658660  0.33047681946294294
  0.33804522584229812  0.34614021249287008  0.35568365501275401  0.36616491034401089
  0.37543603525155672  0.38870422921183378  0.40416919668096413  0.41887668760592933
  0.43094212479719285  0.44444575120989732  0.45923420674386572  0.47514252319540701
  0.48869546018059801  0.50403434000812486  0.51479863109210267  0.52122202414855123
  0.52847936495357339  0.53610152071544404  0.54305741392506635  0.55287045812225355
  0.56685834884401864  0.58307253804129144  0.59825464500765357  0.61127732364909249
  0.62268963027370894  0.63193794692956995  0.63792953228336891  0.64602556790714338
  0.65469359013985196  0.66312611844343228  0.67172431695387158  0.67837924308991071
  0.68446290727301518  0.69140002389935629  0.69863521764668102  0.70603175573236376
  0.71351285539038789  0.72507314183982619  0.74056743878633635  0.75710570805152977
  0.77545143321376120  0.78793187073539417  0.79493208220116940  0.80243920487912357
  0.81109496333944509  0.82223017570003021  0.83567056821542163  0.85604388815798882
  0.87709721838000965  0.90069604393973812  0.91067522797035116  0.92143044462001422
  0.93295136818948798  0.94434177560542332  0.95669811539824867  0.97095513636682129
  0.97901427488913606  0.98510036296677594  0.99322224056090813  1.00000000000000000
 -0.00092134713657169  0.00557333024182316  0.01310056616443027  0.02393356192683390
  0.03545178551742359  0.04463138805117350  0.05801741597794197  0.07534135582565064
  0.09517435791475598  0.11189996475623203  0.12395634905102769  0.13405862889800738
  0.14733257473376471  0.15865930912360901  0.16915142835992383  0.17916209310252712
  0.18843819711960513  0.19724032104900724  0.20651119402167850  0.22208581617648707
  0.24044069423270170  0.25607648154638046  0.26886279596321516  0.28001615954182602
  0.29026616208880124  0.29904953301875581  0.30684586715190415  0.31620043801341924
  0.32673744977765939  0.33729203788647966  0.35027665232373129  0.36444959329973931
  0.37696084310036376  0.38799506429844055  0.39631630056373629  0.40288192046634463
  0.41175501723341429  0.42291135205246549  0.43432447405021352  0.44644942328478215
  0.45863680608163848  0.46834789081216061  0.47670555557655753  0.48326123844326302
  0.49265510692261877  0.50255438345361203  0.51259309924839491  0.52290681742528689
  0.53304709928008376  0.54030986543561554  0.54581502442396090  0.55117793384813196
  0.55607545120174773  0.56199757824309671  0.57439995640883867  0.58837512393796121
  0.59727364205542022  0.60587567541270582  0.61550733146309777  0.62642402732775793
  0.63554919864066051  0.64355889929690768  0.65041661843756926  0.65771285496587617
  0.66741165270487413  0.67877707944851262  0.69421024379273355  0.70881006099790023
  0.71935224034785550  0.72991129579687808  0.74051781928413118  0.75051545478191095
  0.75781208578232195  0.76613113761321350  0.78336634834119800  0.80048024406440410
  0.81665342702705934  0.82940402401097058  0.83871878110253273  0.84645715793067167
  0.85433132526412414  0.86010219703640167  0.86409714266270732  0.86724613326710320
  0.87133902341317537  0.87611819411880254  0.88197420370869195  0.89038035376491775
  0.90041048415218083  0.91159159122022992  0.92450135130962274  0.93716710379281698
  0.95018552779865062  0.96445431733795683  0.98114481573213586  1.00000000000000000
 -0.00193271306573631  0.00924921611800117  0.01993070888480251  0.02913118282127602
  0.03853746522980916  0.04882955221429876  0.06208936508416660  0.07645335719245341
  0.08556795625575082  0.09319717858310970  0.10035429629361113  0.10753113753141355
  0.11495933632630664  0.12424717911919775  0.13282662502815173  0.14320240298460293
  0.15951242091472026  0.17693548425816488  0.18750642510252435  0.19569395686516458
  0.20598525665615194  0.21820962608088657  0.23660722031911707  0.25129566551917126
  0.26147869040276561  0.27009732084216848  0.27748510661010345  0.28552038331864105
  0.29495664487022394  0.30296238151504895  0.31043728384647568  0.32115865848256187
  0.33029137970157446  0.33911313794109477  0.34735003561070504  0.35612100729507928
  0.36490511519196800  0.37204041619492217  0.38497988092445184  0.40086951214146976
  0.42136611905039267  0.44327239294523219  0.46239146876651366  0.48385505891883973
  0.50485309999778294  0.51730046209490488  0.52688976940672849  0.53637482400577396
  0.54624336949645536  0.55523544060621166  0.56374172297596115  0.57196627500514774
  0.58792419652196604  0.60053328436545605  0.60734613560958461  0.61412815809976673
  0.62081399955047423  0.62671719503183465  0.62970936196000238  0.63375401365279027
  0.64195181877265484  0.64969596884640790  0.65645530919986839  0.66202629550704617
  0.66717868621497345  0.67544085376669349  0.67885246403252009  0.68168014015274014
  0.68692569200105724  0.69553546709825398  0.71148777699222066  0.72416444910839595
  0.73554062416531030  0.74796927160078663  0.76378394450814180  0.78338081169026563
  0.80392355675368898  0.82259014624040583  0.83666189931718993  0.84919191418331119
  0.86005060027964442  0.86975267968244452  0.88136626941607144  0.89591115730150206
  0.91006885960342609  0.92685279893039607  0.93484678331210902  0.94121076508988211
  0.94848694104075681  0.95629228153978940  0.96276099602401499  0.96948736717033968
  0.97622207772853087  0.98254742382387117  0.99028672967551368  1.00000000000000000
 -0.00440380478717591  0.01342110839301516  0.03089990411006390  0.04569985782692996
  0.05727062302740586  0.06736271077725350  0.07727705669657460  0.08796529630123553
  0.09981215704082536  0.10721576629687030  0.11259336076685021  0.11772517347788067
  0.12271169240495551  0.12578822994516384  0.12888922946390663  0.13206733306374452
  0.13569665604691331  0.14019970399921786  0.14815997634264505  0.15935186473023147
  0.16965973796421882  0.17777892395535769  0.18175628942829158  0.18648681149859969
  0.19136743021493974  0.19871060791369743  0.20803928854274295  0.22049265479097874
  0.23569681584254690  0.24865974871310006  0.26459245146857935  0.27971461197349118
  0.29620470651278824  0.31119043968283794  0.31804970334746407  0.32368726206224202
  0.32795325676346487  0.33353634394342352  0.34370823661992728  0.35436315389169626
  0.36025378259329260  0.36740920528717746  0.37195170619956230  0.38634171789433969
  0.40255420045770157  0.41847885430453141  0.43568946668262171  0.45320657552499682
  0.47146076552265387  0.48911800669304956  0.50425014373353316  0.51534809569266149
  0.53133242997815266  0.54938767489744467  0.56476113238478898  0.57625266437139877
  0.58415361255902265  0.58971573801666455  0.59600878792946943  0.60505784241728267
  0.61498364199441413  0.62442169568193806  0.63312225344791462  0.64160803615170781
  0.65270175831767629  0.66562410808820260  0.67883745368273962  0.68542305391154623
  0.69316777600473967  0.70085366490455736  0.70740366072337091  0.71738793928411748
  0.73035429910682970  0.74384717141177914  0.75518899810305273  0.76592426287772675
  0.77647588630155107  0.78722011669833858  0.79875956598209552  0.81523106857331396
  0.82866921024483753  0.84110554495724177  0.85244544756593632  0.86394601643135172
  0.87647627672960582  0.88720147178710163  0.89564400217493645  0.90657081412019092
  0.92140797564051047  0.93403570979589223  0.94315985127212632  0.95122113280986376
  0.95989300541802702  0.97068896642472657  0.98406675946124889  1.00000000000000000
 -0.00316007402078779  0.01303094761389972  0.03004758364543183  0.04808493863170792
  0.06715549508835431  0.08228435031901803  0.09982986247286625  0.11784530880607232
  0.12927160626322162  0.13938493083194850  0.14826469241452042  0.15527099990755230
  0.16538918819920567  0.17517561990874811  0.17915430948500835  0.18581989032567800
  0.19027113610088361  0.19472758706162607  0.20218036312239338  0.20963313918316070
  0.21658593722601482  0.22347691324007621  0.23528445642202728  0.24957024566038902
  0.26152278701736886  0.27207285392174513  0.27729269067973211  0.28191198358697828
  0.28616536763136469  0.29121407682535511  0.29579911726874036  0.30348041633767847
  0.31152476892333419  0.32202126141121928  0.33144800607877095  0.34124817106160193
  0.35242510622829742  0.36719400001536640  0.38659406692649839  0.40045650779842101
  0.40994615664946144  0.42039645354600008  0.43317686120050819  0.44679107175551391
  0.46155389926520646  0.47129951153837879  0.48258919078450269  0.49602249144859017
  0.51036891608578605  0.52038819388192559  0.52943518193563865  0.53974060448859063
  0.55065829019665236  0.56066871599420975  0.56966474631474018  0.57878193365276787
  0.58897459602703428  0.60041510165934198  0.61277695772349516  0.62408363092432539
  0.63307219624421607  0.64110493551227832  0.65019419033387871  0.66115032459889833
  0.67266719423570331  0.68840536081605819  0.70603944161364740  0.72388293193970266
  0.73805854289135420  0.75019284178723078  0.76225525648228876  0.77656007533616789
  0.79597576017925609  0.81168700599542853  0.82343944611424025  0.83481626620699134
  0.84572424826330939  0.85727848750850710  0.86730651679062920  0.87692099272432178
  0.88439587088702354  0.88953336034127162  0.89551011639373002  0.90110729968616388
  0.90552962235879464  0.90998463159275056  0.91364726806635732  0.91865787802175369
  0.92693777153968715  0.93839530040360608  0.94969646654261020  0.95987904292642567
  0.96998402650362825  0.98069498450118531  0.98882513008758677  1.00000000000000000
 -0.00369534928912977  0.01264788594250923  0.02237834860001711  0.03244923564071226
  0.04287108713355721  0.04807572664170321  0.05828362014864754  0.06922001897776624
  0.07938695067466978  0.08970410973582398  0.09675845292576170  0.10269353356851850
  0.10982576586340463  0.11959940052116680  0.13177840145412786  0.14460875251188571
  0.15682913688258257  0.16829016746143222  0.17746963321070416  0.18519747771560016
  0.19299278266029798  0.20029994347811939  0.20816253553155040  0.21703375631872790
  0.22453423138802897  0.23295126560859575  0.24386025032296244  0.25652590089011656
  0.26586347486620482  0.27421555513324919  0.28375079671938830  0.29387745480676902
  0.30427255867216207  0.31596961777405441  0.32807657768777487  0.33768224490612192
  0.34455858132708428  0.35143365937066101  0.35913457706015867  0.37093263477646543
  0.38080054586193623  0.38890099718205634  0.39695458574586845  0.40492715572607069
  0.41255895152687061  0.41896557871384660  0.42566235580456840  0.43678921592643982
  0.45072939520587230  0.46317797925210596  0.47151655425383748  0.48149394268287804
  0.49536381335831964  0.51089501498189593  0.52852358114826103  0.54284182427580596
  0.55585214777069403  0.56468588780920181  0.57176876551840783  0.58250445217705416
  0.59143450954449217  0.59981429119465768  0.60888967148652451  0.61805854864461607
  0.62337755221729740  0.62814977929197480  0.63714329321233254  0.64951755512006426
  0.66590323618157798  0.68184514872606206  0.69750011264233958  0.71346227077323776
  0.73039585244746019  0.74898562064960950  0.76965908348170442  0.79211858689757719
  0.80712297657830656  0.81981784222063936  0.83852219610936962  0.85798243185672529
  0.86981764074251067  0.88044632120547128  0.89141778036856212  0.90264428276553477
  0.91332245031465631  0.92289543656691808  0.93085460251746777  0.93919613823354164
  0.95067553060858034  0.96073718167760380  0.96808604529225695  0.97375201991778404
  0.97948841884247118  0.98679193450072966  0.99349179914887253  1.00000000000000000
 -0.00212567253212359  0.00648729673452319  0.01598252006727343  0.02655549092935672
  0.03859992084954395  0.04923556970508331  0.05860330798882009  0.06749775884465814
  0.07799647350565936  0.08834869953427697  0.09846608906109162  0.10643787296593740
  0.11443018324997864  0.12266495163088639  0.13181066083945431  0.13790437783039919
  0.14238960603728357  0.14690252847006133  0.15200397194842213  0.15610439346487923
  0.16060246216247584  0.16295200699430787  0.16912494946046083  0.17649436330121299
  0.18115601858968364  0.18514895182318972  0.18975465404348227  0.19613478386891151
  0.20959080166959340  0.22491674493980018  0.23963874925793088  0.25287445889376009
  0.26422494027546006  0.27317980646886497  0.28116645990309047  0.28820449176162494
  0.29563827575293761  0.30345035305745255  0.30942668739024587  0.32447781262780800
  0.33820926124930456  0.35142419989183649  0.36564550089337339  0.38307608967446138
  0.40049350457223692  0.41963191651275172  0.43600389814522000  0.44935510177115207
  0.45989551410248303  0.46879695271286098  0.47753958650956585  0.48671426858738398
  0.49609050642083979  0.51286604486254084  0.52993755833643619  0.54819565375811741
  0.56483255006385125  0.58136832284397855  0.59355911121975602  0.60531462431540872
  0.61433776879562463  0.62290770968840159  0.63371786652223516  0.64546935489517610
  0.66220847727884757  0.67924560093777397  0.69457012474187885  0.70754163031093631
  0.71805877535511742  0.72858371027932911  0.73979872789527723  0.75166179490920293
  0.76245230121401419  0.77583477400317613  0.79171156050719460  0.80541172870680577
  0.81379191886084112  0.82208997222899849  0.82978613401972956  0.83748229581046052
  0.84431233712047171  0.85109072564235866  0.86212994137249988  0.87403384277714646
  0.88654660313615885  0.89733708190327754  0.90647638674761533  0.91933414179546635
  0.93217052744188511  0.94028332912117008  0.95047646235866223  0.96223226594607525
  0.97082339438201903  0.97857787598849111  0.98915482060954840  1.00000000000000000
 -0.00261154353699198  0.01109353289542538  0.02855254670936709  0.04538032187768994
  0.06493162405149083  0.08092575632247333  0.09556039594199303  0.11072143815139515
  0.12601139719783144  0.14169921979835917  0.16048034689634566  0.17690387254159462
  0.19177667982790833  0.20376146838115794  0.21431961753240297  0.22186473929391981
  0.22992731809357539  0.23923212273020572  0.24593687991633886  0.25198629359203301
  0.25996089240702841  0.26719274033162832  0.27655519380980537  0.28013460207198237
  0.28385903806175222  0.29404664724054336  0.30423425641933449  0.31156448193867659
  0.31867633798424483  0.32876793082620082  0.34482061816222304  0.36044781226331435
  0.37289796601149267  0.38742884865721489  0.40464443976555720  0.42075976981035035
  0.43367673896781322  0.44349258239225881  0.45265066129884302  0.46145206099162611
  0.46847428826459264  0.47510156303163442  0.48390766456567452  0.49556547693461583
  0.50781452213558120  0.52215205417630295  0.53139998531100463  0.53993541401717426
  0.54828268075309361  0.55653711251996507  0.56362670604987053  0.57334207253338543
  0.58782519605434946  0.60805500235456078  0.62959250826405200  0.64088806754751126
  0.64993468296617640  0.65828948313412106  0.66572432521915259  0.67179316926902755
  0.67863467512433806  0.68761464234740954  0.69555358150802293  0.70678023600771778
  0.71914607374756090  0.72936160819931184  0.73728071444851107  0.74536780371094036
  0.75627601952816748  0.76735492210914236  0.77824392781641083  0.78524014037749490
  0.79971393784333922  0.81103589597516845  0.82141477943498220  0.83114459776572935
  0.84098603415537654  0.85422206837351411  0.87082134641708042  0.88373509395284311
  0.89382902902150396  0.89920033524053256  0.90521204550945333  0.91353595844766478
  0.92003397471905757  0.92762691115710727  0.93524471228235706  0.93911002645519714
  0.94162662209826709  0.94465801939378569  0.94920098789977958  0.95551662396073755
  0.96288363507397823  0.97369336069803958  0.98528566137577733  1.00000000000000000
  0.00631979294127245  0.26458130679570024  0.31995411863927403  0.34256384375574872
  0.35494943044042682  0.36809347867058118  0.38217780188175571  0.39285897904648387
  0.40246023093556627  0.41177839861275112  0.42176769090697525  0.42764494366192857
  0.43267964864009734  0.43782950829339229  0.44394219699779786  0.44777229918763173
  0.45243073210827844  0.45807575020417368  0.46336803225454748  0.46807436312956885
  0.47504560004636576  0.48393423567337313  0.49091172669557581  0.49670861089384305
  0.50277311872130170  0.50918484368980799  0.51393260292595844  0.51808962993398344
  0.52205293155953536  0.52728865914658085  0.53474048211874048  0.54022452400498167
  0.54271067019736152  0.54550192892003757  0.54842296160578163  0.55136198695343330
  0.55449339163331834  0.55917781380806042  0.56569820804467497  0.57220708612662519
  0.57782293676344110  0.58341120523401280  0.58929080757954078  0.59541064861880755
  0.60235439294041793  0.60880539959027480  0.61483781717186969  0.62106264898885200
  0.62690724980183954  0.63133817696340333  0.63525231024962592  0.64004328749309924
  0.64623743715083581  0.65249759808027463  0.65682147798827906  0.66087359138044677
  0.66484007556340063  0.66961781693119804  0.67660109804570112  0.68231467737474516
  0.68475390198806640  0.68623527057280465  0.68771688378854579  0.68924382842035481
  0.69077077305216383  0.69312317828671122  0.69557031380487677  0.70239998663663350
  0.70905607235546408  0.71731902047171980  0.72491558886946161  0.73224530892385653
  0.73998732577504933  0.74579274241017124  0.75037130490764214  0.75468079212903116
  0.75778624491974311  0.75990972435960968  0.76175266969158206  0.76436974658566470
  0.76786657806468639  0.77359356811929281  0.78311055916003824  0.79165275391342305
  0.79962751519494535  0.80656695041939930  0.81359527726422043  0.82059109540052966
  0.82855739513116489  0.83758827951565185  0.84719476530549664  0.85767509933543784
  0.87097570371194566  0.88773778285320215  0.91647156846393873  1.00000000000000000
 -0.02546789134373132  0.13734829032187471  0.19114486160594438  0.22981223978592119
  0.26425267608191538  0.28083561972862930  0.29537090065686405  0.31451370514544719
  0.32855612097510256  0.33499605304943719  0.34055290995473936  0.34485951861199787
  0.34900533325795907  0.35294046666281120  0.35685379693468749  0.36483258880420127
  0.37237825389106982  0.38254337382149906  0.39532701188741071  0.40805343184433590
  0.41832668906933101  0.42641549873582629  0.43314375405027999  0.43996588648720353
  0.44855144257160712  0.45632164284344101  0.46499452376747602  0.47319610130466050
  0.48052281855584639  0.48767488832874079  0.49388677829560196  0.49987645110374662
  0.50613797057603993  0.51246180004114150  0.51872685033174348  0.52490296309024831
  0.53027873122333524  0.53593862173254048  0.54217763183819490  0.54897065043788684
  0.55496656928997523  0.56023428612244186  0.56522368969566339  0.56938927726645960
  0.57430189690609912  0.57892035127677854  0.58279387209935840  0.58636270910170318
  0.58947479029674110  0.59257441940907130  0.59602400185444460  0.60038154675880051
  0.60764229620599663  0.61565470153574864  0.62288457748670811  0.63020885718279795
  0.63684414440275672  0.64343196146777271  0.64952098744605891  0.65498129024227825
  0.66001136933142579  0.66440712350835773  0.66742396843489826  0.66897752277210121
  0.67081638560982781  0.67278389320472920  0.67491996161187218  0.67687081333459154
  0.67903435907773824  0.68205375732183171  0.68636348032232108  0.69102288142038504
  0.69632465842949343  0.70111866990439076  0.70573991099430389  0.71107502607467776
  0.71607494959875484  0.72124751660348585  0.72543620086941785  0.72877050120738240
  0.73455682086902119  0.74119079699627588  0.74865523762018571  0.75715321541227754
  0.76627123014570520  0.77526698241755976  0.78423241476520744  0.79439448567693816
  0.80629944419149813  0.81958628715597881  0.83394266506181247  0.84610012199855522
  0.85744753989818279  0.87870957932617799  0.90662226381503452  1.00000000000000000
   1.0865336206562030E-014  -1.0000000000000000     
 T F F F F F F F F F F F F F F F F F F F T F F F T F F F F F F F F F F F T F F F T F F F F F F F F F F F F F F F F F F F T F F F F F F F F F F F F F F F F F F F F F F F F F F F F F F F F F F F F F F F F F F F F F F F F F F F F F F F F F F F F F F F F F F F F F F F F F F F F F F F F F F F F F F F F F F F F F F F F F F F F F F F F F F F F F F F F F F F F F F F F F F F F F F F F F F F T F F F F F F F F F F F F F F F F F F F T F F F T F F F F F F F F F F F T F F F T F F F F F F F F F F F F F F F F F F F T F F F T F F F F F F F F F F F F F F F F F F F T F F F T F F F F F F F F F F F T F F F T F F F F F F F F F F F F F F F F F F F T F F F F F F F F F F F F F F F F F F F F F F F F F F F F F F F F F F F F F F F F F F F F F F F F F F F F F F F F F F F F F F F F F F F F F F F F F F F F F F F F F F F F F F F F F F F F F F F F F F F F F F F F F F F F F F F F F F F F F F F F F F F F F F F F F F F T F F F F F F F F F F F F F F F F F F F T F F F T F F F F F F F F F F F T F F F T F F F F F F F F F F F F F F F F F F F T F F F
  <DiscreteSampler_grid>
  grouped_processes
  1 # 1 for a reference and 2 for a running grid.
  10 # Attribute 'min_bin_probing_points' of the grid.
  1 # Attribute 'grid_mode' of the grid. 1=='default',2=='initialization'
  0.0000000000000000 # Attribute 'small_contrib_threshold' of the grid.
  0.5000000000000000 # Attribute 'damping_power' of the grid.
 # binID   n_entries weight   weight_sqr   abs_weight
    16   10   8.441251784797965E-017   6.113542790439145E-032   8.441251784797965E-017
    17   10   8.441251784798030E-017   6.113542790439248E-032   8.441251784798030E-017
    19   10   1.644632024206227E-016   2.452941198231083E-031   1.644632024206227E-016
    20   10   1.644632024206221E-016   2.452941198231065E-031   1.644632024206221E-016
    22   10   1.717125605483070E-016   2.660564385176950E-031   1.717125605483070E-016
    23   10   1.717125605483067E-016   2.660564385176942E-031   1.717125605483067E-016
    28   10   8.441251784797959E-017   6.113542790439135E-032   8.441251784797959E-017
    29   10   8.441251784798018E-017   6.113542790439226E-032   8.441251784798018E-017
    31   10   1.644632024206226E-016   2.452941198231079E-031   1.644632024206226E-016
    32   10   1.644632024206223E-016   2.452941198231073E-031   1.644632024206223E-016
    34   10   1.717125605483071E-016   2.660564385176953E-031   1.717125605483071E-016
    35   10   1.717125605483069E-016   2.660564385176949E-031   1.717125605483069E-016
    40   10   8.441251784797991E-017   6.113542790439185E-032   8.441251784797991E-017
    41   10   8.441251784798051E-017   6.113542790439278E-032   8.441251784798051E-017
    43   10   1.644632024206225E-016   2.452941198231077E-031   1.644632024206225E-016
    44   10   1.644632024206224E-016   2.452941198231077E-031   1.644632024206224E-016
    46   10   1.717125605483070E-016   2.660564385176950E-031   1.717125605483070E-016
    47   10   1.717125605483071E-016   2.660564385176956E-031   1.717125605483071E-016
    52   10   8.441251784797987E-017   6.113542790439179E-032   8.441251784797987E-017
    53   10   8.441251784798039E-017   6.113542790439259E-032   8.441251784798039E-017
    55   10   1.644632024206223E-016   2.452941198231072E-031   1.644632024206223E-016
    56   10   1.644632024206227E-016   2.452941198231086E-031   1.644632024206227E-016
    58   10   1.717125605483070E-016   2.660564385176950E-031   1.717125605483070E-016
    59   10   1.717125605483074E-016   2.660564385176964E-031   1.717125605483074E-016
    64   10   3.688953968920270E-017   5.837368292621979E-033   3.688953968920270E-017
    65   10   3.688953968920297E-017   5.837368292622060E-033   3.688953968920297E-017
    67   10   3.770099033588191E-017   7.618872773487371E-033   3.770099033588191E-017
    68   10   3.770099033588223E-017   7.618872773487453E-033   3.770099033588223E-017
    70   10   3.914092371017038E-017   8.224410120098005E-033   3.914092371017038E-017
    71   10   3.914092371017070E-017   8.224410120098101E-033   3.914092371017070E-017
    76   10   3.688953968920270E-017   5.837368292621979E-033   3.688953968920270E-017
    77   10   3.688953968920297E-017   5.837368292622060E-033   3.688953968920297E-017
    79   10   3.770099033588188E-017   7.618872773487354E-033   3.770099033588188E-017
    80   10   3.770099033588226E-017   7.618872773487465E-033   3.770099033588226E-017
    82   10   3.914092371017034E-017   8.224410120097988E-033   3.914092371017034E-017
    83   10   3.914092371017069E-017   8.224410120098098E-033   3.914092371017069E-017
    88   10   3.688953968920267E-017   5.837368292621970E-033   3.688953968920267E-017
    89   10   3.688953968920300E-017   5.837368292622069E-033   3.688953968920300E-017
    91   10   3.770099033588190E-017   7.618872773487371E-033   3.770099033588190E-017
    92   10   3.770099033588226E-017   7.618872773487469E-033   3.770099033588226E-017
    94   10   3.914092371017036E-017   8.224410120098008E-033   3.914092371017036E-017
    95   10   3.914092371017072E-017   8.224410120098106E-033   3.914092371017072E-017
    100   10   3.688953968920267E-017   5.837368292621972E-033   3.688953968920267E-017
    101   10   3.688953968920299E-017   5.837368292622069E-033   3.688953968920299E-017
    103   10   3.770099033588188E-017   7.618872773487359E-033   3.770099033588188E-017
    104   10   3.770099033588228E-017   7.618872773487475E-033   3.770099033588228E-017
    106   10   3.914092371017034E-017   8.224410120097994E-033   3.914092371017034E-017
    107   10   3.914092371017071E-017   8.224410120098101E-033   3.914092371017071E-017
  </DiscreteSampler_grid>
