  0.02430704749930178  0.03207332520636742  0.05780677166540218  0.07264366502290197
  0.08721979807930257  0.10112443547103502  0.11527534716868683  0.12789934502257155
  0.13880684394487450  0.14876791184010815  0.15871982695185211  0.17012316386617948
  0.18027062926564910  0.19201111604458404  0.20749422984246979  0.22624501417693518
  0.24266338665020043  0.24798504094323767  0.25224166868244102  0.25783105598206141
  0.26445407933331500  0.26872119973425618  0.27219995859078816  0.27386161838064121
  0.27660766138772963  0.28137734890886051  0.29002459643220113  0.30197492269367343
  0.31443017632534542  0.32653330625893778  0.33661480048027292  0.34793804316766191
  0.35652726760724618  0.36674885143568758  0.37743415572875594  0.38940305563977934
  0.40089170853182260  0.40910393096155873  0.41753372973559005  0.42736090593584120
  0.43740070105152484  0.45320249202691865  0.46747646622069583  0.47922395264686773
  0.48543642038562113  0.48952573896055240  0.49496008051734103  0.50142869800258216
  0.51079482807354037  0.52486239631384468  0.53211120869181594  0.53421275042633387
  0.53631429216085169  0.53841583389536962  0.54051737562988744  0.54368198481080088
  0.54685153298548117  0.55002108116016135  0.55319062933484164  0.55620552687530145
  0.55900261303097376  0.56179969918664607  0.56459678534231839  0.56739387149799059
  0.58293170406388117  0.59727936160739470  0.60915259300830937  0.62235992637267235
  0.63540262806884518  0.64485569695419143  0.65101129532915103  0.65922129230668425
  0.66887593544258073  0.67827166608799283  0.68859903045786164  0.69892991374851909
  0.71038398944545755  0.72401997254355421  0.74099523409681733  0.75680625171898974
  0.77473373488408248  0.79591564347828836  0.81270726306313557  0.83010041600647455
  0.84696586112747851  0.86460822393595882  0.88628564082429484  0.90615151601400679
  0.92520627755373253  0.93890149508598220  0.94678353176530627  0.95271061301011573
  0.95948879774198326  0.96568438619691721  0.97195411471360194  1.00000000000000000
  0.03043092440120540  0.03052851125954977  0.03063445206303478  0.03070037970349930
  0.03077625482170338  0.03083963101169158  0.03089705373754977  0.03095383664659594
  0.03102028271238706  0.03111373058146378  0.03124100404914231  0.03138904412910400
  0.03152434934535192  0.03164207772450518  0.03176024766333600  0.03185279433848618
  0.03196407693331431  0.03209532230778072  0.03225212263651003  0.03246817455261113
  0.03267300123036036  0.03281800302785438  0.03295086672886784  0.03309375563387710
  0.03324202175549499  0.03330007573192281  0.03334393229529412  0.03338778885866542
  0.03343164542203673  0.03347592845828101  0.03352084402086490  0.03356575958344879
  0.03361067514603268  0.03365559070861657  0.03372897359182114  0.03380507238745819
  0.03388117118309524  0.03395726997873229  0.03415689744037012  0.03451569180210882
  0.03483235072081869  0.03509261027775180  0.03529238025983063  0.03542395863531340
  0.03555435305555945  0.03569396168936699  0.03586347898219993  0.03613599083669058
  0.03636265674964062  0.03649112095903925  0.03660185154605314  0.03675767610533286
  0.03688016697906792  0.03708759876551967  0.03734733565103891  0.03757275525624650
  0.03776120097384125  0.03794922834740279  0.03826348107583637  0.03863502895678346
  0.03887841766777285  0.03907385920613537  0.03922128346333235  0.03937145170496457
  0.03959660700696040  0.03978696554808395  0.03998899188314117  0.04035666349971716
  0.04077392563094946  0.04113093438827527  0.04138715499878722  0.04167720132687482
  0.04198156165515795  0.04229595047088192  0.04270619004676969  0.04330772865382033
  0.04384809453438233  0.04432720068716511  0.04460682192614900  0.04482254290594307
  0.04506943585463895  0.04576990352726223  0.04700623720286979  0.04747085230356526
  0.04783670329029732  0.04851495289243921  0.04920014614113390  0.04994821476379154
  0.05081545769707467  0.05201025340213505  0.05429581097223416  0.05611436599293981
  0.05772360944872016  0.06068178224524966  0.06423345020821752  1.00000000000000000
  0.93784227358827521  0.94085495048204648  0.94284267350520334  0.94343274394533083
  0.94384761937755379  0.94460647367485906  0.94596928849857698  0.94640115478224729
  0.94675190839869372  0.94701197000627124  0.94713549848082990  0.94725677761061711
  0.94737722253723999  0.94749846253823711  0.94767232497788756  0.94799622180972254
  0.94836666295245164  0.94886910790343459  0.94923525746421011  0.94953022552401656
  0.94984927432783584  0.95033388326705925  0.95071051783378957  0.95113027777866799
  0.95171896888111196  0.95237475312039410  0.95296159502598188  0.95354748185491700
  0.95406228717825525  0.95440109624557479  0.95471072662064338  0.95496760753610554
  0.95511407371098744  0.95527591963627156  0.95556862827772604  0.95595104368609585
  0.95638894725449408  0.95688010996141959  0.95728670273009164  0.95760192690672286
  0.95787133533969659  0.95805238370531520  0.95826793896720286  0.95857860327678901
  0.95895739913260658  0.95938051627436505  0.95968110856884381  0.95989105418746157
  0.96010888100516589  0.96031454542349659  0.96051901008883933  0.96077432162798870
  0.96104121113817609  0.96136411070807493  0.96186120441365208  0.96232739941290080
  0.96265541765929652  0.96290720758756687  0.96315983264535943  0.96345618515254816
  0.96377270617144106  0.96406342115177412  0.96433604478110291  0.96455675280206465
  0.96477276167188719  0.96498282579751360  0.96513455354789490  0.96528477242223809
  0.96547355580878869  0.96570489864234421  0.96592805538747473  0.96615502776949158
  0.96623108953435066  0.96630715129920974  0.96638321306406882  0.96646018345080509
  0.96654790890185693  0.96663563435290867  0.96672335980396051  0.96681017275193748
  0.96687768638775373  0.96694520002357010  0.96701271365938635  0.96708250414124175
  0.96725064999333710  0.96740952562091398  0.96753718635258046  0.96764814912785990
  0.96777862187900277  0.96798593405728206  0.96815314458389812  0.96829590928842957
  0.96845060650357706  0.96860170994833117  0.96873450005091744  1.00000000000000000
  0.02831611975938708  0.03782364491742121  0.04048641517182584  0.04213675151578280
  0.04349803099680877  0.04495230702695786  0.04695918736250850  0.04955934880436727
  0.05160259732676949  0.05239057075608444  0.05292919077790995  0.05337049603192448
  0.05412950873985226  0.05535204158422277  0.05688550451853253  0.05824567685662682
  0.05949341011725512  0.06091421021065020  0.06235735050125585  0.06344277533170897
  0.06424498778231008  0.06502144037668950  0.06573723575326013  0.06655780546419983
  0.06722053636084004  0.06770548308705784  0.06808962655582425  0.06833538060097934
  0.06858113464613443  0.06882688869128951  0.06907264273644460  0.06937782061176748
  0.06968450080221376  0.06999118099266005  0.07029786118310632  0.07064375545121369
  0.07100081124461832  0.07135786703802294  0.07171492283142757  0.07260167948126908
  0.07380220741815494  0.07500448869926256  0.07580775770687768  0.07663387484526109
  0.07749891332955404  0.07839087686656848  0.07945499495755297  0.08084753739304161
  0.08186144799976017  0.08300737284078835  0.08363786461611054  0.08410868061450509
  0.08453757684653256  0.08506070770011433  0.08608021707313283  0.08698935119095691
  0.08830981226258244  0.08996541615401747  0.09203453472130523  0.09520502713293734
  0.09832163721718570  0.10060187035512812  0.10191148897322558  0.10321437789091946
  0.10444317309770469  0.10565525487946024  0.10711647522410807  0.10899560252052479
  0.11065432213450818  0.11232493266038861  0.11442024928546619  0.11727241330197589
  0.12035501517184928  0.12377137307538330  0.12669122007396871  0.12909905166768357
  0.13262687025939898  0.13569829810416087  0.13802480943493076  0.14062629255658068
  0.14410712909200821  0.14855249705873202  0.15399657988171470  0.16216733357090193
  0.16820773538721370  0.17489713729025133  0.18210948106563868  0.19568368964046351
  0.20660232265864692  0.21645550494321869  0.23243240404180607  0.25084856911695458
  0.28159123893082338  0.32083641315944900  0.36799273882636580  1.00000000000000000
 -0.00761074788949072  0.03404216692077743  0.06144062329104279  0.08463699462765939
  0.10793029108232476  0.13222493837775676  0.15734013105188296  0.17771262614493616
  0.18920247225780554  0.19678151240445707  0.20440827041460349  0.21084120051918354
  0.21596907738128238  0.22035344659613496  0.22535883280422955  0.23024318758312631
  0.23305812964820238  0.23924576610814202  0.24656990102075485  0.25439472447384448
  0.26364521784083317  0.27325421888279261  0.28058944299268407  0.28997524262278573
  0.30176218867971827  0.31560707227510743  0.32784796884336681  0.34131229271248043
  0.35572060672523620  0.37242128252045292  0.38767305662843582  0.40192565250510759
  0.41634740065116504  0.43655453169828484  0.45762902444885978  0.47266871395113697
  0.48661654726762532  0.49915885414965427  0.50857418957359779  0.51574998437763353
  0.52466741734622402  0.53479288384330781  0.54752626607759936  0.55839651428420345
  0.56906285808150359  0.58515210529416051  0.58825887195570947  0.59136563861725844
  0.59447240527880740  0.59757917194035637  0.60069054506829200  0.60381106812041951
  0.60693159117254702  0.61005211422467454  0.61317263727680205  0.61640047576371348
  0.61973739035668673  0.62307430494965987  0.62641121954263301  0.62974813413560626
  0.63901774881834972  0.65240840773335351  0.66854896933663166  0.68638453891948070
  0.69826414481306409  0.70917780482652670  0.72027972756547454  0.73401683467620260
  0.74339381670462956  0.75234197222607557  0.76373977202839749  0.77449821078946890
  0.78260247915912784  0.78872272391140819  0.79351160276512955  0.80060192331392199
  0.81441823306545258  0.83298703345123659  0.84612394030713078  0.85308157450258004
  0.85818968295966891  0.86312149753368139  0.86934280217600823  0.87565293532274224
  0.88396901055310462  0.89090189593769398  0.90168965126487155  0.91297530473924859
  0.92402991627598818  0.93260834030587403  0.94157135755319654  0.94909024308213408
  0.95633324479166737  0.96590451554395607  0.98137198032037387  1.00000000000000000
  0.00508237005164778  0.01035069708489325  0.01601082044186445  0.02258355065566871
  0.03087138138857939  0.03750017214860948  0.04287887133978974  0.04786321342655670
  0.05305108199455826  0.06241869712660109  0.07409816964000202  0.08186886102305789
  0.09092821685232282  0.09848470054718285  0.10746342731430182  0.11633227234430296
  0.12644472929713990  0.13807490905518136  0.15068850962630453  0.16363943316165278
  0.17869951194785288  0.19084514026652491  0.20165960733175087  0.20902896122120368
  0.21475950667138985  0.22279294328862115  0.23049577755309378  0.23709970326939059
  0.24712788988372919  0.26226837684509652  0.27266742253976040  0.28674081157753123
  0.30254428628894148  0.32372095081025032  0.33958701292198723  0.35175630025306520
  0.36337180718224937  0.37647888813734753  0.38506434488021413  0.39396985334601892
  0.40309099055694225  0.41640927098293895  0.42411362629846799  0.42885584202375876
  0.43520415033761478  0.44054246027620864  0.44282246349136428  0.44586380892420607
  0.45260843487286978  0.46226098134113153  0.48151573249992780  0.50894488842715657
  0.53539669001241930  0.55450185339736335  0.56455368042395682  0.57302708101913535
  0.58123733191652172  0.58956419756242862  0.59820823866242834  0.60666347899195439
  0.61279533149999210  0.61727331870756508  0.62221212794710934  0.62925479730731948
  0.64355513773208139  0.66391481635319460  0.68919255504765298  0.71312280582833121
  0.73169393525915893  0.74636307156878590  0.75955753341605892  0.77502458760671045
  0.77711721569937831  0.77920984379204605  0.78130247188471380  0.78339509997738155
  0.78561114940844790  0.78791047652665269  0.79020980364485738  0.79250913076306218
  0.79484764308903588  0.79736110581096287  0.79987456853288985  0.80238803125481672
  0.80490149397674371  0.81786231229411521  0.83094304804245223  0.84470144495762223
  0.86496969768504561  0.88005597080173525  0.89224876299678746  0.90411458955402879
  0.92465915149810818  0.94611729177787063  0.97305864588893554  1.00000000000000000
 -0.00479586275666923  0.01506675230910308  0.03359939929560030  0.05306961377991523
  0.07503406780494906  0.09675306594534744  0.10965892263808560  0.11914194480623141
  0.12868819192024564  0.14550651084167265  0.16018874958444629  0.16779455402377566
  0.17275242327057541  0.17830724242890397  0.18616536875640194  0.19601890517797044
  0.20367312099097210  0.21755437815307527  0.23326413686352987  0.24613945446102051
  0.25664850193549066  0.27128080305351993  0.29164599086659881  0.31832283282635659
  0.33703093861677041  0.34785713416628694  0.35989119627464494  0.37058126145605175
  0.37436132422920243  0.37814138700235311  0.38192144977550374  0.38570151254865442
  0.39234656928312966  0.40032380588034544  0.40830104247756122  0.41627827907477699
  0.42425551567199277  0.42996030709577820  0.43563089363487484  0.44130148017397153
  0.44697206671306822  0.45349227401590247  0.46247624621219341  0.47264717293418679
  0.48227448473146989  0.48953551904560794  0.49914640433635132  0.51065139552984773
  0.52135581717143853  0.53119631824705704  0.54123756707966897  0.55087624249010969
  0.56078380787160309  0.56847308603847413  0.57343361250624125  0.57871922567800227
  0.58716604910385217  0.59813431351802049  0.60977863140331467  0.62045490833387673
  0.63623724842637575  0.65178679536708872  0.67053856657881394  0.69458783074852060
  0.71479509575804046  0.72941837199758908  0.74238483588324167  0.75463472536141352
  0.76468200206772885  0.77248342356360034  0.78130943674200592  0.78681181513606013
  0.79142354847198981  0.79695316820563999  0.80279023570570074  0.80891119634522912
  0.82000792728040239  0.83079470950187018  0.84012721085666697  0.84871671041226682
  0.85588920763592813  0.86206245595933972  0.86842866878494795  0.87301948152019493
  0.87818843440137173  0.88337366342381685  0.89428627416624307  0.91596347233750242
  0.93315939371296952  0.94447069758572644  0.95524960579541074  0.96423972238142763
  0.97059256385085280  0.97713168203690393  0.98685372802196913  1.00000000000000000
 -0.00282631464684631  0.01242337495770659  0.02073433956370363  0.02315383602248950
  0.02557333248127536  0.02799282894006123  0.03034112773177100  0.03228794626885036
  0.03423476480592971  0.03618158334300907  0.03813381960013116  0.04013514416703474
  0.04213646873393832  0.04413779330084190  0.04667316014937605  0.05835272911723575
  0.07214127102340162  0.08063115742727975  0.08683567708556601  0.09212968334995777
  0.09726200605359218  0.10158085596989071  0.10589274199616647  0.11396441197435009
  0.12183373588821639  0.12820358720964559  0.13363562408264140  0.13884130775405254
  0.14692665317499101  0.15835224257519512  0.17271783409246216  0.18655689083739369
  0.19685299799514858  0.20744268145682676  0.21256065729812101  0.21652062901423960
  0.22100667968479357  0.22569828463374658  0.23130595166629184  0.24258285607470831
  0.26820606730856461  0.29125915943681613  0.30360373979525612  0.31684200189111483
  0.34461168019353067  0.37648412494434841  0.41285707360965168  0.45478174158072626
  0.48776839175127107  0.51592555581581900  0.54056054603429993  0.55997074163976457
  0.57416498288657147  0.59352410173059633  0.60927184269624879  0.62019975024334573
  0.63350614956951001  0.64678217193903975  0.65852315775047754  0.67899394556722303
  0.70715790096244613  0.73333083713852210  0.77108148299034029  0.79239036680613228
  0.79917091439416421  0.80337427903557468  0.80847357213401450  0.81468076298892345
  0.82296813558863191  0.82798790191381666  0.83243498094521096  0.83885787097384146
  0.84554217309243063  0.85245064734233700  0.85972942520793150  0.86815938691403882
  0.87752492509876434  0.88732478462307107  0.89650411150948617  0.90602213453586888
  0.91736172924297665  0.92856961489526169  0.93931203057329293  0.94821748224033220
  0.95594207436452350  0.96148505859654287  0.96567259483736512  0.96942175707212042
  0.97376891427033030  0.97908846811520889  0.98452087347486072  0.98914848855673732
  0.99214736795713421  0.99450642431002412  0.99714419851567238  1.00000000000000000
 -0.00052369482369547  0.00555961196576643  0.01499344056125874  0.02396954396675181
  0.03222804645067964  0.03444191070981503  0.03665577496895042  0.03886963922808581
  0.04108350348722120  0.04294905284673977  0.04474078627672971  0.04653251970671964
  0.04832425313670957  0.05005765226608080  0.05164223780363444  0.05322682334118807
  0.05481140887874170  0.05639599441629533  0.06560312311195124  0.07073876669319085
  0.07671127295194019  0.08421219164630804  0.09323977855901847  0.10337826433314448
  0.11552971734831294  0.12569422867800140  0.13387176204062420  0.14150559418719930
  0.14878239061990750  0.15871126493816706  0.17085518509679704  0.19096423920527802
  0.21184163164283670  0.23117624919158281  0.24651798239061104  0.25845581371936721
  0.26961375924518666  0.27906711340176926  0.28590786289685471  0.29297027893171540
  0.30034691715034012  0.30663484634904925  0.31210840838151066  0.32489412482189678
  0.34086533541915831  0.35642730603345024  0.36918426018640482  0.38920728188820186
  0.41621554273504502  0.44291020154176725  0.46563306905079094  0.48464147608171265
  0.49544300811116343  0.50154390299470208  0.50738673675379975  0.51326541248169644
  0.51907111216365620  0.52381984292491002  0.53223403958661430  0.55058451039440004
  0.57307254762923154  0.59360794882065027  0.60981092536588632  0.62499241401532601
  0.63772660569292128  0.64891418503217180  0.65967683824609957  0.66953371703406095
  0.68063709071177536  0.69415033612877919  0.70921771603520067  0.72500159003043996
  0.73778709761031136  0.74570100115239712  0.75466361599338561  0.76534164691994300
  0.77526804486966694  0.78385390837759261  0.78928802401234777  0.79598911946071271
  0.80352277940679673  0.81046967235162848  0.82145381068655521  0.83423120889400737
  0.84560512110606412  0.85562391427902917  0.86499390055936642  0.88235021649411516
  0.90425321839383777  0.92453763730830918  0.94160308476615073  0.95366421989963268
  0.96536841814109586  0.97668322820425690  0.98815243471468794  1.00000000000000000
 -0.00287844499676546  0.01405335051877118  0.02583610211370621  0.04089001044309382
  0.05716146951819558  0.07552002201172890  0.09369501569030103  0.10321212452066350
  0.10937095834731234  0.11585052706731937  0.12605125259104857  0.14047237127368595
  0.15771338247935365  0.17057057394820060  0.17378241663538199  0.17699425932256335
  0.18020610200974471  0.18341794469692607  0.18710710575428904  0.19125530635283539
  0.19540350695138170  0.19955170754992804  0.20369990814847438  0.20798444505360247
  0.21229620510453229  0.21660796515546207  0.22091972520639189  0.22609635043906051
  0.24172548412745759  0.25374951088240916  0.26504617364829480  0.27619824737772625
  0.28758313324188656  0.30166322351660468  0.31536583307476479  0.32998052851253090
  0.34412951872157177  0.36251845181046272  0.39002745669640926  0.41255322999821892
  0.42620016604705324  0.43479400094033605  0.43946726014398996  0.44407259615225914
  0.45001269585926984  0.45463648703557563  0.45930049444147170  0.46587387368662375
  0.47186645375373676  0.47663236392179753  0.48172860056878808  0.48668719524897619
  0.49205792242721313  0.49888193880878251  0.50680299858004885  0.51610191943595596
  0.52676822189903583  0.53844910184230355  0.54886626037152653  0.55584972514408060
  0.56350355793616680  0.57079890166180502  0.57840431733582298  0.58876896640497567
  0.59959056476179229  0.61530104471982028  0.63543518664924159  0.65920488443154501
  0.67837276306728367  0.69171491080041281  0.70310533941185926  0.71485079649372607
  0.72705208760592499  0.74159519507105498  0.75428008141605063  0.76593128821892231
  0.77518969073397803  0.78284848121228612  0.78917032905094597  0.79613316592300343
  0.80379976025490885  0.81599056810785420  0.82955320141128208  0.83984678939045188
  0.84708607109223366  0.85517254892799932  0.86245914556309233  0.87008191309167493
  0.88695274130510804  0.90901144050019078  0.92563387173067513  0.93901349549184043
  0.95433503358432326  0.97144574987049137  0.98416469118858030  1.00000000000000000
 -0.00175792371423125  0.01018949243964586  0.02460633123071801  0.03716097532183252
  0.04820595491388267  0.05930153322163574  0.07041123393775746  0.08029597844661815
  0.08969120241517427  0.09912036743812577  0.10699585304008573  0.12069053741137775
  0.13779838872039760  0.15069350870920029  0.16403272118395626  0.17535045950211386
  0.19537679881495157  0.21752301898991558  0.22763759060349617  0.23622389766241600
  0.24616534935149104  0.25415182629080868  0.26058378195851511  0.27369161647884660
  0.28868197687072233  0.30222042191869164  0.31294536315319071  0.32340201783183986
  0.33213778469451771  0.34625475622277951  0.36213839328565456  0.37747752197661477
  0.39494383340519446  0.40728029515776604  0.41649467360633657  0.42417567088816804
  0.43295067283124328  0.44320608718745219  0.45610461124321716  0.46777364147408101
  0.47913124639302757  0.49267033540641314  0.50255714747296254  0.50792020152663564
  0.51558957761903290  0.52602394433067123  0.53665302500519119  0.54856598793717115
  0.56595727075152358  0.58245339010270458  0.59651613948594684  0.60814896116435624
  0.62088009915906006  0.63361942496013746  0.64597020044926867  0.66095845757703153
  0.67436760959291031  0.68651215059684911  0.69930699261379248  0.70999115869605123
  0.72078895445804114  0.73285603009349709  0.74407533157266526  0.75901119746903412
  0.77614461342226559  0.78338801262335911  0.79285385199849179  0.80438676768588080
  0.81534941201041999  0.82463621165799661  0.83650521279380430  0.84442723479428072
  0.85002464398042554  0.85654204406503864  0.85914288553158213  0.86120933948705047
  0.86327579344251870  0.86534224739798693  0.86741488202431438  0.86949681346045848
  0.87157874489660259  0.87366067633274669  0.87574260776889079  0.87808316379874951
  0.88045141365827184  0.88281966351779428  0.88518791337731673  0.89294917916568450
  0.90154963418065637  0.91044964905560821  0.92113617113335611  0.93180827013313727
  0.94554038161202980  0.96041516662331150  0.97791755842855088  1.00000000000000000
  0.00501970308809828  0.00999940251212383  0.01434482973288145  0.01993172560702894
  0.02557467794793838  0.03083445321355174  0.03423065650911873  0.03975920878865916
  0.05074263392662581  0.05985360102025140  0.06934930166219318  0.07871259687159844
  0.09123352242028536  0.10662981280588653  0.12393333047617891  0.14061284976387123
  0.14932695976228200  0.15581215758864475  0.16343089893531054  0.16967718537170662
  0.17519601567461540  0.18228206827851778  0.18724535535487569  0.19649689715197688
  0.21239693720383740  0.23519295068126975  0.24685635082408258  0.25075561799187784
  0.25465488515967316  0.25855415232746842  0.26238907830560332  0.26590245313872307
  0.26941582797184283  0.27292920280496258  0.27644257763808228  0.27982808017827149
  0.28316310546123502  0.28649813074419850  0.28983315602716203  0.29704529237545396
  0.31548725215632734  0.33356429132530419  0.34999712416402251  0.37238885542816558
  0.39243122274254366  0.40722659703880165  0.42068457391832909  0.43027712492089193
  0.43731519258399637  0.44203446248721417  0.44612773209449125  0.44965396640704858
  0.45535232588180535  0.46665179385856809  0.48132650877845717  0.49260238132909634
  0.50357714565034206  0.51373066629724495  0.52456151362693171  0.53625131635697898
  0.55282433185818447  0.57258309995818601  0.58930343759259374  0.60200524668452571
  0.61373357630806580  0.62289598992456074  0.63326902994166345  0.64451000182736884
  0.65618743168407301  0.67447299400635707  0.69451630318181512  0.71370769367513875
  0.73203217338204285  0.74960804749966403  0.76861083878100223  0.78720045327533650
  0.80680291913922453  0.82098027418382191  0.83556718381446904  0.84994436568157672
  0.86720512605297828  0.88607109315922972  0.89719955544424079  0.90561293936230336
  0.91378539539641179  0.92221853974137447  0.92926755765210411  0.93529144487664084
  0.94118139940939050  0.94718588123913117  0.95647355474662132  0.96851128008334020
  0.97576824120269168  0.98303520180128590  0.99105065118066216  1.00000000000000000
 -0.00633654944177850  0.01977329981071796  0.03482966576272518  0.04931274686954338
  0.06462305034113744  0.07774801606758726  0.08946273854623910  0.10318110465397905
  0.11304282500794506  0.12117900751223609  0.12798518622320179  0.13612710090980079
  0.14488512473395807  0.15331651879988592  0.17128382352228266  0.18971932560825153
  0.20041399835079482  0.21093178524219447  0.22145288735775912  0.23251734106434563
  0.24125470556036177  0.25014365806767780  0.25957684388379654  0.27008097656458169
  0.27861145508224799  0.28540498525697994  0.29411185048043459  0.30480835363446207
  0.31911940202788025  0.33370066639977219  0.34916946179190916  0.36893685482030314
  0.38714232075399918  0.39770178062964007  0.40664265855804815  0.41544189015862965
  0.42815214028179244  0.44130457158526853  0.45669128857878855  0.46949220392541308
  0.48028740424860805  0.49225570219524240  0.51289758566033727  0.53661055903015120
  0.54905176106723863  0.55954261882917389  0.56902392131335500  0.57638186134776270
  0.58132370792618682  0.58837850564944327  0.59543059243088525  0.60165873812778536
  0.60856729703765422  0.61488202505127632  0.62237424654549967  0.63105934781468576
  0.64098682106555604  0.65152170233333762  0.67250316612038352  0.69368945263879900
  0.71523658797374501  0.73678068029441190  0.75434384342251526  0.77173134659610110
  0.79391026247833918  0.81283653988588545  0.82789773977745251  0.84333179893736276
  0.85715229715053953  0.86646490955331779  0.87392353833775582  0.88248676167480089
  0.89018963953735752  0.89306069324463977  0.89593174695192213  0.89880280065920437
  0.90167385436648662  0.90433577137516374  0.90695523427676616  0.90957469717836859
  0.91219416007997089  0.91473907470970095  0.91708387502202005  0.91942867533433914
  0.92177347564665824  0.92411827595897733  0.93018736746630437  0.93647146978891038
  0.94317113049835033  0.94986072009907563  0.95736419722826938  0.96499299922250226
  0.97192979517955336  0.97917366495638603  0.98730196451967955  1.00000000000000000
 -0.00218142381989439  0.01138585550708899  0.02354268240423855  0.03401560389022723
  0.04427333699693598  0.05427654121260757  0.06531618509061571  0.07976970043603693
  0.09585121767013514  0.11085505941566948  0.12818455985973082  0.14638418497787631
  0.16032640997273753  0.17013007734504623  0.18291098826714883  0.19552916833327316
  0.21399251557147289  0.23817645273536811  0.26236467554323134  0.27662971757491006
  0.28521004201169664  0.29310099188794253  0.30200577959327479  0.30849882420319241
  0.30989036644648638  0.31103667977899596  0.31218299311150549  0.31332930644401502
  0.31448550653109997  0.31564968422211276  0.31681386191312555  0.31797803960413834
  0.31924623194142099  0.32152201021224108  0.32379778848306123  0.32607356675388133
  0.32834934502470142  0.33411666717441163  0.34215471296959710  0.34982603443393806
  0.36027592659059327  0.37459155827762575  0.38966371319689258  0.40089752586233596
  0.41042264119450078  0.42286919202251755  0.43430727575504047  0.44476308012752536
  0.45784498621882347  0.47234663329462967  0.48534203434928697  0.49794415978939260
  0.52668773700284777  0.54725594505748898  0.55323432561087182  0.55842132296756697
  0.56354968312534948  0.56753545585975751  0.57127181124330584  0.58120932208624709
  0.59328210697523931  0.60282105566083766  0.60800165821461205  0.61491397250393964
  0.62959490364122039  0.64169851335885442  0.65256202188490509  0.66564480177833540
  0.68054374399249207  0.69795101338388199  0.72204349219837027  0.74531475958433835
  0.76555807110308971  0.77548623725688592  0.78306346589429965  0.79214197444833412
  0.80356564579857481  0.81682266834595196  0.82523566620589428  0.83914648108906376
  0.85443810587294067  0.87053700634898723  0.88728448931001647  0.90048159252772830
  0.91223001160107697  0.91876389417562654  0.92458833974175092  0.93322365375875638
  0.94194191769918356  0.94835260630751550  0.95399026962286237  0.95993212304848818
  0.96892951195843913  0.98220198921956914  0.99175876443890298  1.00000000000000000
 -0.00227514811141793  0.00892867164809225  0.01898419808115102  0.03354290507677458
  0.05746691008680541  0.07389529581711399  0.08404541719485520  0.09128999966252037
  0.09688700109117256  0.10113687653896687  0.10430524945673907  0.10662087980212924
  0.10880678485929433  0.11171760337392266  0.11765064951734626  0.12637717086220057
  0.13753891379350885  0.14050006111493643  0.14346120843636398  0.14642235575779153
  0.14938350307921910  0.15255423314871347  0.15588379646673303  0.15921335978475259
  0.16254292310277216  0.16587248642079172  0.16945796007184269  0.17306441694733321
  0.17667087382282373  0.18027733069831425  0.18802571585121935  0.20444968257652230
  0.22133162317546010  0.24294602796702675  0.26027514333508922  0.27699422028358195
  0.29357289293619765  0.30677912241305344  0.32060856532035081  0.33263781806927822
  0.34249555537217968  0.35378938448562153  0.36476882045085574  0.37437829172133191
  0.38381293237906894  0.39250374758288753  0.40407785128307300  0.41999907202311304
  0.43849866463901271  0.45520695879020573  0.46825160616311506  0.47749351057549183
  0.49003787930985787  0.50605547335350309  0.52512098169783039  0.55227313992863125
  0.57902432368725920  0.60062317030936319  0.61090148991865634  0.61588164715153759
  0.62103908703211941  0.62630109180623328  0.63362415264287719  0.64293199969859749
  0.64890800665429915  0.65927479329926930  0.67219961255808336  0.68882532855046696
  0.70297453327622506  0.71614550990440673  0.72936602022357089  0.74208962621803498
  0.75396040705374312  0.76210173817473104  0.77383896832026844  0.78388277797667216
  0.79672137138189214  0.80744652218028068  0.81435873007642079  0.81789869360705891
  0.82128970219934061  0.82459648433200416  0.83075711919693374  0.84044430527270619
  0.85677478143145480  0.87487121401057566  0.89362589834289652  0.91234175141568596
  0.92404037888575941  0.93172059128805640  0.93801156905001171  0.94398793515748769
  0.94972089818420691  0.96228485832748389  0.98254852162674422  1.00000000000000000
 -0.00364654762989992  0.01766097257033199  0.02595568289684352  0.03414488066881140
  0.04292795628229041  0.05332188239175965  0.06444410589610168  0.07300029140280585
  0.08063790547042553  0.08886860709788172  0.09860553241291764  0.11140140265064322
  0.12795536751902731  0.14585083656333839  0.16416462469952267  0.18326152194480327
  0.19933387170040248  0.21374353065857390  0.22930525821597003  0.24104871754749396
  0.25656698990692800  0.26352971925211410  0.26679270673809036  0.27005569422406656
  0.27331868171004281  0.27665798507206824  0.28032591761500403  0.28399385015793982
  0.28766178270087561  0.29132971524381135  0.29694481388081306  0.30366098949356701
  0.31037716510632096  0.31709334071907491  0.32460095836756636  0.33723091095970475
  0.34590479479961700  0.35166401960704996  0.35661350631976124  0.36151223268086624
  0.36819351816508955  0.37735583602415107  0.39220477772669038  0.40867928803510428
  0.42300692604650281  0.42898886588135693  0.43325713436208696  0.43847572745843688
  0.44679952497017100  0.46048177285290637  0.47072380716646556  0.47778009520689513
  0.48550243133091708  0.49216410697381052  0.50028420190427603  0.50930777541075489
  0.51740356821062217  0.52480960654583830  0.53301749585995895  0.54470058642939245
  0.55911563610264403  0.57724190276908904  0.60143391103295518  0.63295018281706716
  0.66684396886164454  0.68863482480173976  0.70292420599675121  0.71495023604909558
  0.72711788436653435  0.74243858895445447  0.76172936713318007  0.77907385849190114
  0.79373580879663119  0.81011208746878405  0.82465518696768236  0.83546606836407433
  0.84221477184240712  0.84922875067366332  0.85754618973259611  0.86604317143980214
  0.87245202305310288  0.87768955604681431  0.88333808152348425  0.88954754393513469
  0.89808252740250472  0.90571730015813445  0.90727409659141534  0.90859599292982918
  0.91005785820401830  0.91367708840216111  0.91811554674727969  0.92315480455385690
  0.93477898319536024  0.95765984273479943  0.98303910862825039  1.00000000000000000
 -0.00318396798676993  0.01688804232409598  0.03816009083498856  0.05405238065633071
  0.06552024053945064  0.07777972729973499  0.09069868721500600  0.10948636352547506
  0.13027781823399875  0.15360176529552072  0.18624469452155948  0.21178213701632265
  0.22785544265153199  0.23573621054324909  0.24355442527020588  0.25132842867461336
  0.25897857608522956  0.27087155609473651  0.28386973839890817  0.29659983429152581
  0.30984848809996396  0.31977353070029174  0.32936895803424221  0.33756671565288410
  0.34684570912391410  0.35423610660245497  0.35843850101787506  0.36019186056859481
  0.36194522011931457  0.36369857967003427  0.36545193922075403  0.36817052647681714
  0.37104928735394516  0.37392804823107317  0.37680680910820119  0.37994957901978410
  0.38359931883702331  0.38724905865426246  0.39089879847150161  0.39454853828874081
  0.40966821520650704  0.42600532953348746  0.43974628183479864  0.45250941824138374
  0.46992229661327167  0.49523406385266616  0.51487538990735726  0.52904144058250846
  0.53946880314449053  0.54875118746191409  0.55797517794104778  0.56583592426214702
  0.57096627080335838  0.57693062577709242  0.58512396226813235  0.59286311070486819
  0.60283709231639371  0.60985882934993729  0.61406568239686987  0.61915339636504985
  0.62488479346324999  0.63099301996415658  0.63777583908641433  0.65085023737528513
  0.66180152803962988  0.66553414022969681  0.67249530246106237  0.68194562355722643
  0.69551419945005521  0.70696341464501500  0.71879295788597675  0.73041159164137970
  0.74645289326019826  0.75952133193168070  0.77134159379822920  0.78458684680118884
  0.79697625811412354  0.80999307271605170  0.82393448283232840  0.83809814108120895
  0.85096280761575371  0.86443786027417202  0.87782715187662563  0.88547261568831481
  0.89307662081164141  0.89968317678430099  0.90487196097625844  0.91357354098315890
  0.92064431556604975  0.92757291672272557  0.93463074467676555  0.94139973053849269
  0.95038385283562210  0.96036220094435742  0.97738249954790601  1.00000000000000000
 -0.00755197139731002  0.35302107831489304  0.41741634738746103  0.48561588804992223
  0.56017063192336258  0.60481210830003385  0.63669468543206242  0.66125785838571260
  0.68834773506216573  0.71560354083966626  0.73847587234776113  0.75580767027800722
  0.77155356905326844  0.78119063908285336  0.78595471539737294  0.78940748460201227
  0.79213665613883788  0.79400959907352175  0.79498878603030032  0.79612588807290696
  0.79692681744986560  0.79785507910660947  0.79998681237917213  0.80354621883024369
  0.80575119609207102  0.80614333665999638  0.80653547722792163  0.80692761779584699
  0.80731975836377223  0.80770157832181722  0.80807512600860332  0.80844867369538931
  0.80882222138217541  0.80919546023258859  0.80956545294561633  0.80993544565864406
  0.81030543837167179  0.81067543108469953  0.81229596475593835  0.81366776141783070
  0.81466834311719061  0.81533751960983814  0.81602823992256912  0.81674859278590795
  0.81714279061658623  0.81753455274889408  0.81816370480205225  0.81893103280244628
  0.81962244121123673  0.81991813107240286  0.82026281591172190  0.82064649443329896
  0.82103240718702575  0.82192758322677806  0.82289234548773305  0.82400664008010438
  0.82549636026084250  0.82727746463883822  0.82887118448340624  0.83055734969899542
  0.83240506039990991  0.83425227913674904  0.83617039715779284  0.83840698241808820
  0.84026873747145137  0.84160520169072550  0.84268225588065948  0.84365577742341002
  0.84456619179772185  0.84555084425779226  0.84654940405540802  0.84827546205826265
  0.85026267111705356  0.85200870055757916  0.85367047622939296  0.85584127909917318
  0.85814405309488040  0.86018045436989232  0.86217006886143521  0.86423765877224945
  0.86658667125083766  0.86944083648065151  0.87285774546164685  0.87662709090721613
  0.87968185457790837  0.88260332656399088  0.88515648721370987  0.89002178942212262
  0.89578319953068086  0.90461578294165124  0.91340521075851067  0.91943728373064215
  0.92334543619096221  0.92778608220229697  0.93679842763565080  1.00000000000000000
 -0.03722357696396674  0.17053697858526767  0.23577315383604072  0.27544211521932038
  0.28989267960505133  0.30161193317765417  0.31561859157593386  0.33455077504924507
  0.35769688877929029  0.37271091051445160  0.38615708456327186  0.39639048296549684
  0.40566602424268339  0.41416349428392907  0.42326126933387087  0.43342670207652034
  0.44133520691079753  0.44919617444612286  0.45738135625477555  0.46590147136053189
  0.47292410139400154  0.47952107571327390  0.48564359835501419  0.49169235905345393
  0.49736866014480469  0.50404159943284321  0.50975651783104337  0.51547270428643455
  0.52459460852636997  0.53451180329272963  0.54199082207545579  0.54929789732496370
  0.55538097084373483  0.55861483391126554  0.56106920379152947  0.56354771051270569
  0.56654333178292471  0.57111683834140159  0.57479797703136126  0.57778721650791864
  0.58260920584078668  0.59127112376009305  0.59666423687323211  0.60203652514773365
  0.60733638656234745  0.61438318543314618  0.61761648983409811  0.61938442092520263
  0.62115235201630714  0.62292028310741177  0.62454340111057760  0.62586296529757446
  0.62718252948457132  0.62850209367156828  0.62982165785856514  0.63107179804822611
  0.63228595788386122  0.63350011771949644  0.63471427755513155  0.63592843739076665
  0.63881105739081023  0.64237750079600353  0.64726420767738202  0.65208261678804846
  0.65843674233395966  0.66445184219868780  0.66949968833554285  0.67350213624876532
  0.67744280004911395  0.68223563145849886  0.68637619814909279  0.69006119449027237
  0.69342294173987973  0.69623424023009639  0.70006735940788900  0.70355689113784925
  0.70647723875641377  0.70925262981011061  0.71221948633804188  0.71911133811362749
  0.72875011494291420  0.73846388932907325  0.74985099256676402  0.75832639637413601
  0.76519150971565419  0.77003912777137784  0.77516592657737082  0.78025351202289905
  0.78431834107012111  0.78844001025121380  0.79720683057309183  0.81326184086367981
  0.82915215455093438  0.85518327371613123  0.88730452990666164  1.00000000000000000
   3.9839541501382539E-016  -1.0000000000000000     
 T F F F F F F F F F F F F F F F F F F F T F F F T F F F F F F F F F F F T F F F T F F F F F F F F F F F F F F F F F F F T F F F F F F F F F F F F F F F F F F F F F F F F F F F F F F F F F F F F F F F F F F F F F F F F F F F F F F F F F F F F F F F F F F F F F F F F F F F F F F F F F F F F F F F F F F F F F F F F F F F F F F F F F F F F F F F F F F F F F F F F F F F F F F F F F F F T F F F F F F F F F F F F F F F F F F F T F F F T F F F F F F F F F F F T F F F T F F F F F F F F F F F F F F F F F F F T F F F T F F F F F F F F F F F F F F F F F F F T F F F T F F F F F F F F F F F T F F F T F F F F F F F F F F F F F F F F F F F T F F F F F F F F F F F F F F F F F F F F F F F F F F F F F F F F F F F F F F F F F F F F F F F F F F F F F F F F F F F F F F F F F F F F F F F F F F F F F F F F F F F F F F F F F F F F F F F F F F F F F F F F F F F F F F F F F F F F F F F F F F F F F F F F F F F T F F F F F F F F F F F F F F F F F F F T F F F T F F F F F F F F F F F T F F F T F F F F F F F F F F F F F F F F F F F T F F F
  <DiscreteSampler_grid>
  grouped_processes
  1 # 1 for a reference and 2 for a running grid.
  10 # Attribute 'min_bin_probing_points' of the grid.
  1 # Attribute 'grid_mode' of the grid. 1=='default',2=='initialization'
  0.0000000000000000 # Attribute 'small_contrib_threshold' of the grid.
  0.5000000000000000 # Attribute 'damping_power' of the grid.
 # binID   n_entries weight   weight_sqr   abs_weight
    16   10   3.902210557526742E-012   4.096186775998520E-023   3.902210557526742E-012
    17   10   3.902210557569171E-012   4.096186776096802E-023   3.902210557569171E-012
    19   10   1.030193064014381E-012   2.844951005693383E-024   1.030193064014381E-012
    20   10   1.030193064019780E-012   2.844951005711699E-024   1.030193064019780E-012
    22   10   7.266299080814300E-011   1.467705686436897E-020   7.266299080814300E-011
    23   10   7.266299080806914E-011   1.467705686433240E-020   7.266299080806914E-011
    28   10   4.914622236388057E-012   4.339360629359654E-023   4.914622236388057E-012
    29   10   4.914622236381053E-012   4.339360629346430E-023   4.914622236381053E-012
    31   10   2.853284148117461E-012   1.600138246505096E-023   2.853284148117461E-012
    32   10   2.853284148136715E-012   1.600138246517358E-023   2.853284148136715E-012
    34   10   2.065548536781508E-010   3.415551309449933E-019   2.065548536781508E-010
    35   10   2.065548536780659E-010   3.415551309450110E-019   2.065548536780659E-010
    40   10   3.902210557526048E-012   4.096186775996983E-023   3.902210557526048E-012
    41   10   3.902210557570166E-012   4.096186776099051E-023   3.902210557570166E-012
    43   10   1.030193064014805E-012   2.844951005695272E-024   1.030193064014805E-012
    44   10   1.030193064019770E-012   2.844951005711686E-024   1.030193064019770E-012
    46   10   7.266299080813919E-011   1.467705686436696E-020   7.266299080813919E-011
    47   10   7.266299080806889E-011   1.467705686433252E-020   7.266299080806889E-011
    52   10   4.914622236388302E-012   4.339360629360049E-023   4.914622236388302E-012
    53   10   4.914622236382076E-012   4.339360629348577E-023   4.914622236382076E-012
    55   10   2.853284148117264E-012   1.600138246504712E-023   2.853284148117264E-012
    56   10   2.853284148136815E-012   1.600138246517312E-023   2.853284148136815E-012
    58   10   2.065548536781524E-010   3.415551309449990E-019   2.065548536781524E-010
    59   10   2.065548536780655E-010   3.415551309450144E-019   2.065548536780655E-010
    64   10   3.902210557525728E-012   4.096186775996002E-023   3.902210557525728E-012
    65   10   3.902210557569838E-012   4.096186776098643E-023   3.902210557569838E-012
    67   10   1.030193064014320E-012   2.844951005693014E-024   1.030193064014320E-012
    68   10   1.030193064018939E-012   2.844951005707961E-024   1.030193064018939E-012
    70   10   7.266299080814369E-011   1.467705686436934E-020   7.266299080814369E-011
    71   10   7.266299080807793E-011   1.467705686433704E-020   7.266299080807793E-011
    76   10   3.902210557524798E-012   4.096186775993665E-023   3.902210557524798E-012
    77   10   3.902210557569761E-012   4.096186776098408E-023   3.902210557569761E-012
    79   10   1.030193064014282E-012   2.844951005692782E-024   1.030193064014282E-012
    80   10   1.030193064018895E-012   2.844951005707816E-024   1.030193064018895E-012
    82   10   7.266299080814388E-011   1.467705686436944E-020   7.266299080814388E-011
    83   10   7.266299080807808E-011   1.467705686433725E-020   7.266299080807808E-011
    88   10   4.914622236387905E-012   4.339360629358524E-023   4.914622236387905E-012
    89   10   4.914622236381433E-012   4.339360629347405E-023   4.914622236381433E-012
    91   10   2.853284148116977E-012   1.600138246504638E-023   2.853284148116977E-012
    92   10   2.853284148136909E-012   1.600138246517479E-023   2.853284148136909E-012
    94   10   2.065548536781529E-010   3.415551309449958E-019   2.065548536781529E-010
    95   10   2.065548536780628E-010   3.415551309450065E-019   2.065548536780628E-010
    100   10   4.914622236387853E-012   4.339360629358463E-023   4.914622236387853E-012
    101   10   4.914622236381723E-012   4.339360629348090E-023   4.914622236381723E-012
    103   10   2.853284148117235E-012   1.600138246504816E-023   2.853284148117235E-012
    104   10   2.853284148137090E-012   1.600138246517519E-023   2.853284148137090E-012
    106   10   2.065548536781515E-010   3.415551309449958E-019   2.065548536781515E-010
    107   10   2.065548536780626E-010   3.415551309450109E-019   2.065548536780626E-010
  </DiscreteSampler_grid>
