 -0.00000085125730002  0.00000542199350347  0.00000904498821554  0.00001059203050934
  0.00001196924146437  0.00001387172389089  0.00001545214118903  0.00001851171264693
  0.00002108654327143  0.00002362731752483  0.00002582559058967  0.00002737185269394
  0.00002842122322414  0.00002932669334973  0.00003035658295627  0.00003149552734311
  0.00003272747087806  0.00003394092816720  0.00003423592711197  0.00003453092605673
  0.00003482592500149  0.00003512092394625  0.00003543346338864  0.00003585366075717
  0.00003627385812570  0.00003669405549423  0.00003711425286276  0.00003756251482459
  0.00003807694624062  0.00003859137765665  0.00003910580907267  0.00003962024048870
  0.00006119548165408  0.00006371532280421  0.00006475649432587  0.00006533463956100
  0.00006592466759642  0.00006656045422164  0.00006725616183980  0.00006785359366740
  0.00006841849992127  0.00006886987894935  0.00006920485956114  0.00006966695708491
  0.00007029638456675  0.00007112437269879  0.00007196131821174  0.00007273751497941
  0.00007339031827622  0.00007408327764676  0.00007492684281759  0.00007561065154447
  0.00007614874783043  0.00007650843085739  0.00007687010988304  0.00007706475785495
  0.00007725448238710  0.00007748997536413  0.00007789241387619  0.00007811577075553
  0.00007832980795306  0.00007863362480913  0.00007902074122465  0.00007963928762753
  0.00008060042703161  0.00008139430168336  0.00008209362774722  0.00008295037519278
  0.00008366510292989  0.00008442441368009  0.00008614903702880  0.00008977006372742
  0.00009616606042322  0.00010328225407296  0.00010961258647288  0.00011583565314457
  0.00011980477514195  0.00012407278039334  0.00013063476754012  0.00014429943910573
  0.00016771172181064  0.00019562150805603  0.00022589542329850  0.00027795893134885
  0.00032062187661218  0.00036532929895989  0.00046819016481453  0.00050756318349064
  0.00053804894970697  0.00059730133490233  0.00065495170374064  0.00077925764311123
  0.00093921312384713  0.00156845295358851  0.25453642750233901  1.00000000000000000
 -0.00002171673694244  0.00007260558093696  0.00014047066963120  0.00020964724583771
  0.00026149055973649  0.00028155928068615  0.00030502202393976  0.00032529507280694
  0.00034158976837012  0.00035005370732623  0.00039328363830051  0.00043623852663689
  0.00046636768121831  0.00050407764806748  0.00053523628944428  0.00054795083526438
  0.00056066538108448  0.00057337992690458  0.00058727626425944  0.00060381002211591
  0.00062034377997238  0.00063687753782885  0.00065316413007289  0.00066824944900452
  0.00068333476793614  0.00069842008686777  0.00071550080293900  0.00077737022990464
  0.00082100194092088  0.00084547920993719  0.00086246944543796  0.00088058048249266
  0.00089536450583139  0.00091118828472196  0.00092664881798907  0.00094528862255619
  0.00096701809591831  0.00099208197212799  0.00101184020087360  0.00110937353885845
  0.00115194635209380  0.00117012737087530  0.00118737677708294  0.00120855126347371
  0.00123016109648197  0.00125083718004965  0.00127194112684812  0.00129255230036097
  0.00131350340388992  0.00133479580058605  0.00136582214249887  0.00142565639947559
  0.00148494683018120  0.00153569394022429  0.00157146752436374  0.00160209141774532
  0.00162672329432039  0.00167659406332347  0.00174587811020603  0.00178816576887964
  0.00181246610902270  0.00183311826111153  0.00185394463444956  0.00187826870784439
  0.00190837321100710  0.00193866718736026  0.00197443026682737  0.00200968775055761
  0.00204749625052698  0.00212829763660702  0.00220914628794617  0.00224558546974455
  0.00225901314022273  0.00226923122290554  0.00227923460833496  0.00229167152173082
  0.00230645524665746  0.00232348656961152  0.00233689018633984  0.00234807485737736
  0.00237006137034342  0.00239469168318244  0.00241878534768514  0.00244085219907604
  0.00245637838607691  0.00247569575042689  0.00249937960690358  0.00287644000936803
  0.00338357370767025  0.00363648944586965  0.00389327335834331  0.00427555438288012
  0.00521657383517305  0.00722239481291044  0.42881715984312108  1.00000000000000000
 -0.00008297143945758  0.00090703089353309  0.00121378191475030  0.00142728814773336
  0.00154461781559886  0.00169806166630113  0.00185357247541059  0.00202731288661964
  0.00215887502504431  0.00221136483216348  0.00222033730744915  0.00222930978273482
  0.00223828225802049  0.00224716643563200  0.00225559058716669  0.00226401473870138
  0.00227243889023607  0.00228086304177075  0.00228939421810914  0.00229793814675263
  0.00230648207539611  0.00231502600403960  0.00236014541587303  0.00246556071005927
  0.00292489053392859  0.00341104344218837  0.00351932144229396  0.00353809493372430
  0.00355364824420774  0.00356948006953291  0.00358534716300010  0.00360197011883970
  0.00361939752045958  0.00363948242617414  0.00366274211174424  0.00368324825863518
  0.00370551531923806  0.00373148587012053  0.00376152043742921  0.00380783625020761
  0.00388179775150583  0.00395282287393057  0.00400700281263570  0.00403616558935565
  0.00406304941616717  0.00408994115406724  0.00412026413845464  0.00415911561416126
  0.00419945199749586  0.00424786688653234  0.00432034763966139  0.00437060031859755
  0.00440046857490601  0.00442160913460896  0.00444421554008861  0.00446002170227233
  0.00447283250325923  0.00448585486054248  0.00450364627597391  0.00452325669167142
  0.00454104359400535  0.00456044612425572  0.00458422320642342  0.00465071061620472
  0.00472890967351376  0.00480379981577052  0.00486849415331052  0.00491936105617051
  0.00498757622089253  0.00505491487639392  0.00519524852427587  0.00534730412018284
  0.00545783983981734  0.00551710416788513  0.00555819669960274  0.00562630296474557
  0.00572013227223537  0.00585482653499904  0.00596331640514414  0.00606265083952069
  0.00617540937737772  0.00631357075930639  0.00643920513054763  0.00660779802937793
  0.00679410006047707  0.00725755630921779  0.00779368044143448  0.00823277449909049
  0.00878386214376041  0.00959411850585674  0.01066353706757055  0.01232453840721750
  0.01555962775031810  0.06047665073513236  0.52904264791859579  1.00000000000000000
 -0.00021787695183236  0.00182650073335169  0.00231919857336007  0.00236586746615794
  0.00240824179275604  0.00245061611935414  0.00249299044595224  0.00253536477255034
  0.00257240889837599  0.00260181445809026  0.00263122001780453  0.00266062557751880
  0.00269003113723307  0.00271943669694733  0.00274722085749845  0.00277468899358413
  0.00280215712966982  0.00282962526575550  0.00285709340184119  0.00293149821183342
  0.00308946195900536  0.00322077350227829  0.00331229328239059  0.00343584153907266
  0.00362599095390413  0.00389161630284460  0.00401501685457740  0.00416983361249527
  0.00427522610116574  0.00438058778254960  0.00449122433885529  0.00456916153862825
  0.00465123695733883  0.00481059454452415  0.00524887954867938  0.00557148303823642
  0.00576527312543680  0.00589968734159551  0.00601203603420120  0.00616311067355056
  0.00635551391325789  0.00650389828353606  0.00665499453253780  0.00683510813540473
  0.00695926163536160  0.00705734951092849  0.00716659424722830  0.00731674617105258
  0.00748876147562183  0.00761797618896473  0.00774382086198118  0.00789658396261649
  0.00808214213783998  0.00828014333128334  0.00848377229629810  0.00872500697612405
  0.00924854342881185  0.00958145940230625  0.00982464624831468  0.01004116232821135
  0.01028115497137144  0.01057828994448340  0.01093973851346756  0.01135450794453861
  0.01160747667207819  0.01188710847232552  0.01213690345169914  0.01236190361113080
  0.01259212222996963  0.01287350531726714  0.01320116613943570  0.01350012090829531
  0.01384013901717005  0.01422492854768049  0.01456805318730700  0.01486547942462688
  0.01513315977639546  0.01543055903219727  0.01577373237654667  0.01624285851800427
  0.01672992630963307  0.01722557026103541  0.01794983409024988  0.01873393990166871
  0.01968776096395536  0.02066678406464884  0.02135446422375799  0.02210086244022874
  0.02328043201885974  0.02510975836497454  0.02818845020911530  0.03238573252974851
  0.03766149602464603  0.05030274237065802  0.80762102750043718  1.00000000000000000
 -0.00054847157860220  0.00328700536688658  0.00384685724684066  0.00430136627157135
  0.00445009804475747  0.00462812564508174  0.00468038478393013  0.00468974751262702
  0.00469911024132390  0.00470847297002079  0.00471783569871767  0.00472739525198547
  0.00473982411903280  0.00475225298608013  0.00476468185312747  0.00477711072017480
  0.00478953958722213  0.00480341942355021  0.00481917232442819  0.00483492522530616
  0.00485067812618414  0.00486643102706211  0.00488218392794009  0.00495185712056322
  0.00503191702728929  0.00518171858353678  0.00542313409977445  0.00557525157809533
  0.00583108654215017  0.00613210295351108  0.00663900758874978  0.00713452681191651
  0.00759704112986345  0.00848408624928008  0.00937086148301970  0.01018706896324650
  0.01114650054122936  0.01246152500364658  0.01357698642793216  0.01424669603579460
  0.01479407720060287  0.01539147328630262  0.01598502171944365  0.01649772378288768
  0.01685849533041333  0.01709775215362374  0.01729728648459593  0.01758025887036377
  0.01807699384420569  0.01849906157980935  0.01893655527700284  0.01962213151979570
  0.02003466062057288  0.02039936972007647  0.02084049262817216  0.02131079293489424
  0.02173086953245976  0.02214039105488191  0.02268301933394352  0.02357046441446505
  0.02496748166319742  0.02676870722053652  0.02822063463810046  0.02883956412383199
  0.02920998786194593  0.02949122725668146  0.02976044335112844  0.03004269675382202
  0.03035210307148284  0.03075860466726846  0.03124481897936944  0.03162028504260168
  0.03226543827021248  0.03308049102986456  0.03422220312141675  0.03605067592592477
  0.03920177469702438  0.04223198978690947  0.04467641936285766  0.04674915280649683
  0.04878630689309346  0.04965811087343375  0.05056140746686053  0.05159073367770860
  0.05302377035182783  0.05496505384617079  0.05811846196291653  0.06109044508027096
  0.06341630481635964  0.06569833063998735  0.06820527147354759  0.07149002148279177
  0.08264748619891725  0.10732635923307805  0.86440971439895520  1.00000000000000000
 -0.00005939499972640  0.00063917732303949  0.00248136974355474  0.00785365178349297
  0.01306775943032270  0.02115878093852240  0.02904945162297612  0.03850047216760327
  0.05022549728680209  0.05797745452942327  0.06379006211984292  0.07364637496380078
  0.08329916580602369  0.09181571893561695  0.09881420792549754  0.10234052106777949
  0.10865449628434652  0.11482207295286403  0.12071940363539532  0.13329345617210234
  0.14910292368737901  0.16563124261495271  0.18395615307551424  0.20736960096882934
  0.22807908960292100  0.24363266214535378  0.25701316901282867  0.26677901806384491
  0.27630361528174263  0.28144062156283800  0.28576418110463048  0.28954838997500054
  0.29504119941881757  0.30383807855272038  0.31184993953452111  0.31545728005073198
  0.31892043386543573  0.32175689864966422  0.32599932357972511  0.33042453885304474
  0.33803526844429077  0.34508750803645233  0.35179053612719396  0.35644434219549542
  0.36068783422027156  0.36517822172945963  0.37252980046277839  0.38225615101246552
  0.39042787719811384  0.39692996279283754  0.40297862315419858  0.40940806184870326
  0.41568326095097785  0.43119629475651150  0.44872466730643379  0.46996613869580212
  0.50177081187999573  0.52479579427508005  0.54595122778272331  0.56284351557600565
  0.57782047226426314  0.58506211605903191  0.59230375985380079  0.59954540364856967
  0.60678704744333845  0.61600872196229006  0.62548302325236460  0.63495732454243914
  0.64443162583251368  0.65118686466876219  0.65653969383724908  0.66189252300573598
  0.66724535217422276  0.67527304784898301  0.68546891817043565  0.69049421350986173
  0.69558518085289500  0.70087389341083028  0.70587421131434736  0.71176702784900681
  0.72002103846316401  0.72646844159098967  0.73300938337738286  0.74145662880965313
  0.75336299249974137  0.76235090577533582  0.77038444466897760  0.77867122633832286
  0.79710947886818817  0.81546946838617818  0.82729177232701390  0.83800320914894499
  0.84742324783815015  0.87491571143790270  0.92402784171809749  1.00000000000000000
 -0.00306990053054847  0.00537435937616623  0.01413715665597758  0.02344453350943538
  0.03408317309358291  0.04641398875205214  0.05698170513250534  0.06755944518642593
  0.09079839537348797  0.11350310169330888  0.13559605636806940  0.15318581561470487
  0.16903238022044123  0.18632195857221109  0.19299668404044984  0.20173579167352521
  0.20873293483850047  0.21118268939537563  0.21388214659254320  0.21648171468219549
  0.22436644087366558  0.24213987203739473  0.26357148791496432  0.28105844360187326
  0.29254111874236138  0.30096666432839031  0.30302454361430670  0.30508242290022308
  0.30714030218613947  0.30928673981575372  0.31274963914592563  0.31621253847609754
  0.31967543780626945  0.32313833713644141  0.32545707314823924  0.32777013619044293
  0.33008319923264656  0.33239626227485020  0.34246246110042805  0.35502793819598877
  0.37656452581050248  0.39953513383101630  0.41700342834049892  0.42583447060143814
  0.43218205572446622  0.44180318495895593  0.45224126933481085  0.45924429501668557
  0.46328845291959292  0.46556419328791376  0.46878732256730327  0.47240982905001466
  0.47889331142362912  0.48876358227682837  0.49867247780605473  0.50915968008625045
  0.51708507088097388  0.52352304831821617  0.52958329702128726  0.53531220444524219
  0.54094308396967339  0.54700196013394908  0.55335718197845984  0.56189218480938696
  0.56933988386198253  0.57522725516105144  0.59066988433103629  0.61093440938899568
  0.62977985191364549  0.64955789757535309  0.66064056285268102  0.67312199977369969
  0.68857050969741007  0.70263821692352868  0.71580779786776105  0.73055098338275415
  0.74812420451750961  0.77222204627715674  0.79607482561743848  0.81126690092399356
  0.81833079724560864  0.82263085968794369  0.82757583934264711  0.83611791067775454
  0.84130813748020505  0.84451882316839355  0.84877003164460707  0.85862026902113076
  0.86594471439302201  0.87346225122612642  0.88672169767809617  0.90462241523476372
  0.92210407411137674  0.94019820767346218  0.96570277662621407  1.00000000000000000
 -0.00301180957635739  0.00837548381148201  0.02179723330465997  0.03370900064754041
  0.04329378082428526  0.05290577040166503  0.06385692608540923  0.07398346995501932
  0.08520884362870181  0.09368781114966812  0.09771930271410174  0.10148143039007004
  0.10790441331302589  0.11851695330060709  0.13507300064382313  0.14347482772607512
  0.15285917582865891  0.16290932225486573  0.17374046523859427  0.19437283156051371
  0.22363159078397468  0.24831937942302529  0.26689878506636633  0.27769824535227922
  0.28876400108782402  0.29996732941794507  0.31550316490388397  0.33336964748164671
  0.35215793836967552  0.37683743878739751  0.40233085588468043  0.42766656385930996
  0.44420032630090461  0.45771382602712601  0.46895317886086468  0.47465376222403871
  0.47888440782324471  0.48254400714316248  0.48581859261176347  0.48918760293346442
  0.49284036254986741  0.49841802279215303  0.51968652226790102  0.54794168960069012
  0.55355513471361317  0.55703841872070847  0.55903911299443965  0.56078479398994141
  0.56282216292178122  0.56516656591673586  0.56894822537084888  0.57321683255860745
  0.57756536712438833  0.58269057095467680  0.58787496231436076  0.59904175954694416
  0.61410695535706850  0.64150298508479520  0.65780782481735200  0.66299179131522945
  0.66817575781310701  0.67335972431098456  0.67833275159474971  0.68319360239688132
  0.68805445319901304  0.69291530400114476  0.69570448083072978  0.69774616689785718
  0.69978785296498458  0.70182953903211198  0.70802702850168797  0.71478496417087978
  0.72009118048252219  0.72483259115814214  0.73079212869853172  0.73580574446682134
  0.74008893836183121  0.74249420424038670  0.74873232236912568  0.75620493136677913
  0.76484710106790232  0.77773127326427061  0.79490050338548679  0.81527947578068050
  0.83253013107879448  0.84739421233949719  0.86616879764427934  0.88959331592923208
  0.91595994246924306  0.93530845226281423  0.94755844271964118  0.95770399831107555
  0.96942629120587642  0.97948959786854439  0.98970671815603528  1.00000000000000000
 -0.00350806576665649  0.01321059279627496  0.02302462144874852  0.03146202427228562
  0.03753223883458603  0.04120479265739583  0.04622536534260924  0.05337772578983646
  0.06307614449572513  0.06697671797171079  0.06894924172714340  0.07240033332816963
  0.07825085732017256  0.08113153483586330  0.08845345213444460  0.10568189866210008
  0.13220625334335476  0.15631228872966563  0.17857731609074776  0.19959588937496325
  0.21793631958012694  0.23235750783943296  0.24316124561537425  0.25368871752751732
  0.26749019437501909  0.29341375101344458  0.32656418635966922  0.34805672955035438
  0.36357787364992511  0.37538696819999579  0.38762478147824869  0.40042951661627391
  0.40980223095865609  0.41705331321007127  0.42333394805700647  0.42966161839745076
  0.43785595012999867  0.44216637993805535  0.44416189361595287  0.44773698743227208
  0.45274166139215022  0.45809757541448520  0.46364078144692489  0.46950596451710125
  0.47837811267875263  0.48379151970180034  0.48942069308451885  0.49406504660578099
  0.49871156827514368  0.50416885412493007  0.50873191639649595  0.51301307798636731
  0.51713721997249040  0.52760813359018022  0.53795042567912521  0.54885638833805184
  0.56083986024514432  0.58444782238971271  0.61676337200326303  0.64159609819233387
  0.66009153159983480  0.67799858748841513  0.68974694322104457  0.69846692081920314
  0.70481736125879479  0.71020261280739827  0.71668850137804896  0.72758650364666544
  0.73876451794989206  0.75111908744875389  0.76475132923737787  0.77347041354309509
  0.77864002927326681  0.78380964500343842  0.78897926073361002  0.79452105971761322
  0.80048300865028188  0.80644495758295043  0.81240690651561909  0.81795893207322878
  0.82237246495917360  0.82678599784511841  0.83119953073106323  0.83680499813738418
  0.85298244213144081  0.86908030758189703  0.88236696043476048  0.89825487010866067
  0.90724342538988545  0.91488954578725123  0.92372728559730877  0.93285119116818160
  0.94234822360011217  0.95312857367309456  0.97177723759149648  1.00000000000000000
 -0.00169908598012543  0.01258473662157155  0.02250386028233270  0.02499312156626249
  0.02751754381851563  0.03278095394214166  0.04108901910376915  0.04743532326261774
  0.05306143964525030  0.06040573275403167  0.07061473173503208  0.08287549044908979
  0.09763960664432826  0.12045777798447195  0.13866965245973509  0.14868294798108056
  0.15354108485234755  0.15666661841494289  0.16339652418608644  0.17576465767502161
  0.18342875488588886  0.18920037986945201  0.19401581465873294  0.20110704246808925
  0.21435816062347815  0.23132965378880385  0.24395579017214697  0.25523817227175527
  0.26577229284677439  0.27278776308051617  0.27930773271893178  0.28781462351408643
  0.29921893429879448  0.30705994618265059  0.31095381548508672  0.31505983086483347
  0.32220795429622751  0.32993917218335300  0.33612589211131644  0.34308642446151744
  0.34897579747008839  0.35567921520952034  0.36412050310923538  0.37804204681424797
  0.39229021930344304  0.40409018258055956  0.42639977290594328  0.44684442495167725
  0.46315491695676636  0.48080235464017262  0.49636735048655262  0.50700520212616673
  0.51594343216314509  0.52448913225249305  0.53465466990533972  0.54617668257277230
  0.56138515382497933  0.57843572139689803  0.59111307989939899  0.59651978780580484
  0.60239079046514388  0.60774820886731062  0.61274187749253717  0.62145483122026257
  0.63209960021447553  0.64118326445116791  0.64800574426366442  0.65320434757983459
  0.66290369559544127  0.67831603856459888  0.71322195311212688  0.74427360987770574
  0.77345846013386577  0.79400846236035105  0.81112763747432726  0.82442617534083085
  0.83757633797923536  0.84138954582490855  0.84520275367058184  0.84901596151625502
  0.85300830905782110  0.85778419337567913  0.86256007769353726  0.86733596201139540
  0.87200693914295457  0.87605603228319295  0.88010512542343133  0.88415421856366971
  0.88900525673551334  0.89997645444690333  0.91072043185827112  0.92483115152757367
  0.93961809368286342  0.95715987329149554  0.97510267387665106  1.00000000000000000
 -0.00479065255436889  0.01375326399765132  0.02892236739427809  0.04319902406385552
  0.05775395244454103  0.06623434272082472  0.07586369972931641  0.08475754549073337
  0.09217503332968423  0.09955654786399883  0.10734204502184343  0.11692141894278943
  0.12641258584303966  0.13425314272520511  0.14228663995598137  0.14834230894785097
  0.16091061124163114  0.18387972643563158  0.19368495190672336  0.19964452373873456
  0.20583304312469342  0.21150058093052851  0.21666380464064047  0.22184679715860994
  0.22784472937374167  0.23200933961183898  0.23431526404026140  0.23639173836361260
  0.24063397013686755  0.24895518670496644  0.26120337657112991  0.27240008768916096
  0.28213529309435947  0.31151536219307197  0.34378129353077908  0.35491450034028743
  0.36708844862393852  0.38222459153911570  0.39670101635302701  0.40136270339342350
  0.40381185205137199  0.40626100070932047  0.40871014936726896  0.41067951492219718
  0.41258981577104681  0.41450011661989644  0.41641041746874607  0.41802453584578875
  0.41963177946692271  0.42123902308805661  0.42337163330784672  0.43181487849864780
  0.44408970847535090  0.46222326034706396  0.48464042110761796  0.50428857738092880
  0.52149634829090963  0.53354872971837453  0.54220675424320008  0.55010023338944758
  0.55557520997030740  0.56765208071627615  0.58245301746948330  0.59732495408024033
  0.61788007262893307  0.64162298480932289  0.66453609320862328  0.68012201953132778
  0.69914920309322637  0.72029875477534056  0.73534968997481143  0.74325531501417430
  0.75352917681545151  0.77523971627576471  0.80848771043380996  0.83578748791638835
  0.85333479160720205  0.86962271745139452  0.87954545232015013  0.88757200563585836
  0.89692379634980324  0.90258222790578846  0.90678558524719644  0.91242092927425844
  0.92476044933878443  0.93378573264349529  0.94080086510729466  0.94853181474487358
  0.95662913664912841  0.96170859656049001  0.96492574733547787  0.96855363689725071
  0.97516831461272058  0.98290152043482037  0.99042360752226677  1.00000000000000000
 -0.00311532916368924  0.00716547571015672  0.02476018583766341  0.04209695715773612
  0.05784720692699534  0.06928237688348814  0.07970736955243878  0.08995596984987048
  0.11221787125998975  0.13165732094892857  0.14022042993343600  0.14718880882436072
  0.15386157976361897  0.15958404065529955  0.16629334072450311  0.17274963550566957
  0.17721702919460405  0.18081682792912687  0.18495932258221506  0.19248943241974625
  0.20819912338493030  0.23335395101664849  0.25106710780299979  0.26273147978056294
  0.26846455345918546  0.27219700875492908  0.27579141913378985  0.27976999437260308
  0.28330412263698690  0.28769783758523804  0.29426617269292998  0.30216618134946510
  0.30704954144867935  0.31194923698410015  0.31956540285640633  0.32839531969392732
  0.33664124026621345  0.34442071264258062  0.35429206270405483  0.36552631423991944
  0.37778543760868477  0.38612817305586450  0.39574247906919213  0.40679137537119864
  0.41731899029817143  0.43298988835624652  0.46240255714721501  0.49578197322928452
  0.52158937610848499  0.53725415667932286  0.54077850658969517  0.54430285650006760
  0.54782720641043992  0.55091146837565763  0.55198724165015667  0.55306301492465570
  0.55413878819915474  0.55521150504141337  0.55625373742918649  0.55729596981695961
  0.55833820220473274  0.55940765709078744  0.56430717820198673  0.56978618218253596
  0.57541677716764361  0.58039355263600445  0.58935968179279208  0.60148680709146785
  0.62138267011019943  0.65939149001266972  0.67168476816379652  0.67924046616513234
  0.68982877043150814  0.70249948790407823  0.71228357227609307  0.72416870053673477
  0.73931955687932083  0.75273088652483333  0.76759453409029788  0.78717486637578860
  0.80293296270356918  0.81849571972577961  0.83656826105555493  0.85186358335804879
  0.86348210983585627  0.87349830501890147  0.88404562767208350  0.89706531230859343
  0.91282378806805475  0.92585028779386758  0.93798026972457360  0.95120729305108154
  0.96145617510428572  0.97284546502117508  0.98592221868485452  1.00000000000000000
 -0.01227258838783589  0.05061957803537862  0.05765420766888349  0.06500204428688768
  0.07208769801302593  0.07980947917920589  0.08625214288136325  0.09083759223902244
  0.09506933138519089  0.09934839467996445  0.10376582989284236  0.10965512538114859
  0.11575638414274855  0.12229061875830143  0.14534133434018304  0.16316800381846380
  0.17047620304719738  0.17402716919599090  0.17832585002213797  0.18234656042723521
  0.18643955712369278  0.19309876521312597  0.19903474004628346  0.20255395622527281
  0.20511685965916129  0.20911003046060753  0.21416948391559745  0.21905202970988669
  0.22320583815147974  0.23182930655378237  0.23920786236892733  0.24814515789466426
  0.25604852358722546  0.26387642208416162  0.27695309924118366  0.29023197438809045
  0.30978904816835584  0.34128411429385580  0.37509360167822015  0.40443248228428602
  0.42766582293669747  0.44157527025571747  0.44737213293334688  0.45194774849861868
  0.45652336406389049  0.46109897962916230  0.46587955242617302  0.47076642250797807
  0.47565329258978306  0.48054016267158811  0.48525829405677889  0.48984102655696338
  0.49442375905714792  0.49900649155733245  0.52157746073994593  0.54872396514635524
  0.55356599739883161  0.55733545371999027  0.56458220157200223  0.57506794436694930
  0.58206704756299965  0.58912710410725366  0.59872779518183639  0.61633462879218970
  0.62689464479959323  0.63538838218761129  0.64351821795693154  0.65590945592147243
  0.66974696675962941  0.68542544309956899  0.70374351964794046  0.71566933293049761
  0.72313200147722412  0.73291361711751890  0.75427565873454050  0.78470121669238990
  0.79837303510152668  0.80833491061136753  0.82259761717902369  0.83687159031767255
  0.85319693627216675  0.87250613903056196  0.89566652601180885  0.91628744628027503
  0.92814894286289984  0.93527383124903152  0.94188424598055920  0.94803539426577565
  0.95386175353179847  0.95863483984375519  0.96640877462289532  0.97020026572375806
  0.97318093731560329  0.97596421480341222  0.98469279759182415  1.00000000000000000
 -0.00234372847144779  0.01329823135232838  0.02354883990378568  0.02956073987859835
  0.03453006010445168  0.04174750050567709  0.05016795284772102  0.06325034159214660
  0.08020571110261963  0.09889988981427737  0.11852879234386283  0.13128912022587766
  0.14086450964122105  0.15001371297345376  0.15745036104910984  0.16847096988081706
  0.18630242549321760  0.20953024568214015  0.23566877743991524  0.25304140211867826
  0.26608150004196640  0.27872856674688806  0.29255355951923900  0.30763541102358888
  0.32432405610299719  0.33863288663214264  0.34423369021000294  0.34983449378786319
  0.35543529736572349  0.36105864780574132  0.36670229231809842  0.37234593683045553
  0.37798958134281263  0.38208872859296150  0.38566536096813842  0.38924199334331538
  0.39281862571849235  0.40512225696429066  0.41343958879465731  0.42204672132874227
  0.43289374290195481  0.43806135571181887  0.44157541393985467  0.44775220720912812
  0.45648867672294879  0.46653839175304318  0.48266496666945619  0.49795755294140936
  0.50944786562664635  0.51970543464077479  0.52831237389277530  0.53276721278232064
  0.53511744177159559  0.53816137655751861  0.54236805586786851  0.54821536766696222
  0.55991432851012168  0.57116904902632437  0.59177180289323361  0.62003275719042916
  0.62911551166752067  0.63781438134081114  0.64547604130148462  0.65190550773359623
  0.65792522368584594  0.66464219286005599  0.67104658704940201  0.67790575914869811
  0.68471901224975651  0.69008273551313559  0.70733707000750468  0.72763045862328446
  0.74620610298260504  0.76409545504405463  0.77293025936852611  0.78028183935861362
  0.78918659092140853  0.79650601423926981  0.80267618057352130  0.80922713985255057
  0.81693968776411197  0.82427519108599434  0.83035621764650147  0.83594187937832443
  0.84243053157880177  0.85502139680290490  0.87641969855139967  0.89595658703343439
  0.91036110456796859  0.92395237720642953  0.93577349020023792  0.94823436259000660
  0.96100710976441328  0.97311513412619299  0.98769967181129648  1.00000000000000000
 -0.00677382163632943  0.02508915560959658  0.04852110759278525  0.06323539328119530
  0.07188652609431258  0.08479919712027345  0.10361377821612620  0.11802531551176984
  0.13686203839993960  0.15514756098650051  0.16944998044910123  0.18035070957968499
  0.18786142071648695  0.19537333645577404  0.20291798885631190  0.20775371017890032
  0.21463285126046400  0.22500652432016721  0.24058099970889568  0.26144309075095040
  0.27915980837095733  0.28963964811449999  0.29654734900844498  0.30494619174234078
  0.32277188644787430  0.34957001410092131  0.37956880036751933  0.40987526119642864
  0.42894866716822416  0.44263830194364062  0.45279799086428407  0.46135161388931617
  0.47127554150318551  0.48695882796157008  0.50845266727802396  0.52930551449592367
  0.54651429691822151  0.56740316385167588  0.59214280477061143  0.61967945560050397
  0.64279460960915435  0.65580898986573644  0.66493315273546905  0.67684509647414082
  0.69034094461773221  0.70337300689137705  0.71382677655134186  0.71978087999304274
  0.72546091188883022  0.73194326709625201  0.74175545020573597  0.76290469954579332
  0.77732760210786489  0.78456938013548660  0.78817873123313131  0.79368239534412788
  0.80285007019704591  0.81496067868946009  0.82551641916842544  0.83347428795270129
  0.83756406589704735  0.84284623102247802  0.84863162491372435  0.85317666973359807
  0.85757099432350248  0.86095105187334231  0.86435405099627838  0.86776536489379053
  0.87112249323487456  0.87410085207450994  0.87726336595204801  0.88068810149565679
  0.88477935454401380  0.89454276268589894  0.90554958972767619  0.91491694754456554
  0.92330476055143540  0.92782281063457095  0.93076424668526136  0.93414636077651148
  0.93575577296600576  0.93727681839305343  0.93909004372752969  0.94369428909440656
  0.94961243406021956  0.95781662965999437  0.96503363729722946  0.96751917834892742
  0.97000471940062538  0.97249026045232334  0.97524887184256781  0.98019909747405420
  0.98514932310554060  0.99009954873702710  0.99504977436851350  1.00000000000000000
 -0.00284430625445552  0.01891918964597372  0.03196375984468899  0.05135748704473568
  0.07150435420694781  0.08379838206042280  0.09782561591580283  0.11414352387908377
  0.13446203402219745  0.15218886560662750  0.16772388354276876  0.18759839547103480
  0.20702845442511503  0.22527951025802356  0.24481796586334956  0.26993407884524823
  0.29195410787075660  0.31008148816054260  0.32727948234370902  0.34085026628587406
  0.35423159515221930  0.37050554681706527  0.39053340172824030  0.40555457984556809
  0.41822146123857523  0.43928932186716063  0.45251042184030876  0.46302033043493845
  0.47258011425589602  0.48166797875024386  0.49102907213805103  0.50121197758148983
  0.51158385063285272  0.52171167893776360  0.52885624512327312  0.53375404992433384
  0.53926552980713138  0.54447047052887920  0.55044458821904474  0.55519867994181826
  0.55703031620475052  0.55886195246768278  0.56069358873061514  0.56236208194878989
  0.56383085310744552  0.56529962426610114  0.56676839542475677  0.56826674549443024
  0.56979140134590300  0.57131605719737577  0.57284071304884854  0.57890169582990003
  0.58289326731465396  0.58805063573528016  0.60081705570823596  0.60898962178492166
  0.61876355290759222  0.62689727939240236  0.63587701967728738  0.65229685285198169
  0.66659939006226687  0.67251029157505460  0.67625821674263209  0.68009981641716744
  0.68473445253137766  0.69554296572803676  0.70684905281873467  0.71604143839817291
  0.72715561286263086  0.73954079056184119  0.75252948644712547  0.76288650117536472
  0.76720896328052035  0.77157420317242731  0.77632363150590911  0.77983705350479493
  0.78251614300079742  0.78461928766600242  0.78671914531144282  0.78974716855011440
  0.79702118709819514  0.80582708941981107  0.81758493519438236  0.82823433552682391
  0.84034733950809093  0.85409776783089408  0.86489520632247885  0.87477213718699098
  0.88423569053041062  0.89433825081954144  0.90985146103612269  0.92789845053112407
  0.94555265729851490  0.96210556641889133  0.97837721739977768  1.00000000000000000
 -0.00501018349467701  0.02325966314067826  0.03985740023345919  0.05169921882672655
  0.06163374831230987  0.07066302909255834  0.09039821425099992  0.11549496727146302
  0.12365649234593272  0.12815429811766871  0.13265210388940468  0.13714990966114066
  0.14025706868038784  0.14272681513255261  0.14519656158471742  0.14766630803688219
  0.15007594683465114  0.15240148011728791  0.15472701339992470  0.15705254668256147
  0.16104760716573302  0.17379320082563232  0.19933484841167803  0.23197973212707093
  0.26134990914387340  0.28235447421001292  0.29119006946588161  0.29678778586655680
  0.30245561011037575  0.31023274981937421  0.31377246980229745  0.31675135463080417
  0.32095141307708730  0.32328848483092126  0.32534717688814829  0.32726529397133897
  0.32869549056504727  0.32988220389618805  0.33060876236551889  0.33245453033106120
  0.33625994593271408  0.34322057188435340  0.35196988051756445  0.35920382499015269
  0.36424656791488380  0.36842701259146493  0.37567769605829626  0.39432289787786018
  0.40539675803064412  0.42295492989810429  0.45026512356166215  0.47679132739400260
  0.49483642798323513  0.50866830072889302  0.52052866763315631  0.53118141238349603
  0.54121998207207067  0.55223395596049762  0.56460430616690704  0.57123203916992893
  0.57968937753752581  0.58698794341248006  0.59518530588373353  0.60831376944476745
  0.62160512657864186  0.63324149090701054  0.64592285861045773  0.65972404155188658
  0.67417492403974733  0.69535186370219126  0.71973455051727031  0.74354381528386715
  0.76403571052202901  0.78135770722955278  0.79851264913195064  0.81440569974394184
  0.83080354597536632  0.84393200703055837  0.85604756860634679  0.86916568555691065
  0.88015122726431405  0.88505008018278208  0.89053753264136548  0.89550442186800305
  0.89869842875498640  0.90124615961023125  0.90568083418429735  0.90854227873835047
  0.91042372422141959  0.91200742601582763  0.91351811593808496  0.91741068887785560
  0.92846538141275980  0.94921956180183553  0.96996190093524948  1.00000000000000000
  0.26046162991986577  0.97090420290086743  0.97469014119323627  0.97718577275962082
  0.97957493046075894  0.98250623984125984  0.98434541519502305  0.98502256266662536
  0.98630863567316529  0.98846694510036759  0.98905189907903890  0.98926838226233427
  0.98942523290006401  0.98958368197761504  0.98970024578914184  0.98982407200650768
  0.99027034561104577  0.99078040913591348  0.99132985954118280  0.99150616980836515
  0.99162141029316941  0.99173665077797379  0.99185189126277806  0.99195775538014996
  0.99204456783118156  0.99213138028221315  0.99221819273324485  0.99230500518427645
  0.99236368719789558  0.99241521348353945  0.99246673976918343  0.99251826605482729
  0.99265000772986300  0.99301578232319498  0.99337393674994501  0.99367778796503736
  0.99384593665045684  0.99397117701148385  0.99408098404875367  0.99418629013355331
  0.99429450134964503  0.99440361971143088  0.99447076952889280  0.99453768380847751
  0.99460421458866621  0.99466989955142804  0.99475420420186866  0.99483379060069432
  0.99490782980276460  0.99498273413977656  0.99506225176766816  0.99519968350094079
  0.99532796859154993  0.99539994253850994  0.99545876823344814  0.99552820179967028
  0.99561164240536681  0.99572379567382729  0.99586272072123316  0.99601218064763120
  0.99619098810496076  0.99636155350996580  0.99648055875623642  0.99659934875735412
  0.99672131581731327  0.99683333678788844  0.99696399770539512  0.99710624020139071
  0.99724492445112423  0.99741061838928935  0.99755308113478935  0.99764901125635375
  0.99771369930121778  0.99777869911617978  0.99784358904892045  0.99791920695784997
  0.99798678375249628  0.99807104036081340  0.99814140838698884  0.99819687409487556
  0.99825436706524739  0.99831533165922559  0.99837538528915659  0.99844360001259758
  0.99850937658669925  0.99859250991756066  0.99869203538881390  0.99881715383318725
  0.99897798409657912  0.99907593713713283  0.99914988755777145  0.99922086954273182
  0.99929828447927371  0.99936560770708360  0.99951810720974688  1.00000000000000000
 -0.01791116921314892  0.12277229268913067  0.20110395290504215  0.26735416347217605
  0.30540492929224222  0.32055411920976568  0.33292607766309740  0.34412771271098896
  0.36489667406001247  0.38519123493860802  0.40438002223204261  0.41664635864728977
  0.42617545150756314  0.43446653159750070  0.44326282381790960  0.44553815003749203
  0.44781347625707446  0.45008880247665689  0.45244129423565294  0.45562486618819503
  0.45880843814073718  0.46199201009327928  0.46518165842330550  0.46843697065757839
  0.47169228289185128  0.47494759512612417  0.47866551132643947  0.48909191557171150
  0.49956000099015496  0.50948442936524829  0.52217744147709300  0.53472552505198845
  0.54012413494423506  0.54685058126800834  0.55177789164703139  0.55413387769359146
  0.55646533514838326  0.55872240693431974  0.56159734569848485  0.56465817806012231
  0.56840679898362623  0.57199742210904370  0.57542578875997241  0.57869493487403978
  0.58115627819366489  0.58493463259565015  0.58999047381306258  0.59289727908494705
  0.59579350439408119  0.59878354165563252  0.60189445975437006  0.60601138275206512
  0.61050426428916105  0.61411363710615607  0.61587852759827388  0.61746461598176761
  0.61917784269404952  0.62072200892830431  0.62206658288281647  0.62394532917575352
  0.62565209516733022  0.62701991603295948  0.62915076849582086  0.63572786850381513
  0.64129123480914474  0.64725803061299902  0.65242143162835631  0.66116511333000705
  0.66745214129929376  0.67304662666703863  0.67721208556863888  0.68094357681095907
  0.68520008619972694  0.69116492965992538  0.70075867282945203  0.71024235977457961
  0.71671692402095377  0.72209365713657669  0.72730437671184900  0.73395552193345304
  0.74415629474623379  0.75036875917736656  0.75444885857156174  0.75823667588857935
  0.76158075173726358  0.76493591516532611  0.76870507752314043  0.77277653315165107
  0.77695339769664362  0.78011127065377461  0.78295302877308504  0.79530008815804498
  0.82002525701683304  0.85403481992021191  0.88749332338142506  1.00000000000000000
   1.3710337766403066E-020  -1.0000000000000000     
 T F F F F F F F F F F F F F F F F F F F T F F F T F F F F F F F F F F F T F F F T F F F F F F F F F F F F F F F F F F F T F F F F F F F F F F F F F F F F F F F F F F F F F F F F F F F F F F F F F F F F F F F F F F F F F F F F F F F F F F F F F F F F F F F F F F F F F F F F F F F F F F F F F F F F F F F F F F F F F F F F F F F F F F F F F F F F F F F F F F F F F F F F F F F F F F F T F F F F F F F F F F F F F F F F F F F T F F F T F F F F F F F F F F F T F F F T F F F F F F F F F F F F F F F F F F F T F F F T F F F F F F F F F F F F F F F F F F F T F F F T F F F F F F F F F F F T F F F T F F F F F F F F F F F F F F F F F F F T F F F F F F F F F F F F F F F F F F F F F F F F F F F F F F F F F F F F F F F F F F F F F F F F F F F F F F F F F F F F F F F F F F F F F F F F F F F F F F F F F F F F F F F F F F F F F F F F F F F F F F F F F F F F F F F F F F F F F F F F F F F F F F F F F F F T F F F F F F F F F F F F F F F F F F F T F F F T F F F F F F F F F F F T F F F T F F F F F F F F F F F F F F F F F F F T F F F
  <DiscreteSampler_grid>
  grouped_processes
  1 # 1 for a reference and 2 for a running grid.
  10 # Attribute 'min_bin_probing_points' of the grid.
  1 # Attribute 'grid_mode' of the grid. 1=='default',2=='initialization'
  0.0000000000000000 # Attribute 'small_contrib_threshold' of the grid.
  0.5000000000000000 # Attribute 'damping_power' of the grid.
 # binID   n_entries weight   weight_sqr   abs_weight
    16   10   1.683190894180479E-026   1.101115084943186E-051   1.683190894180479E-026
    17   10   1.683190894180478E-026   1.101115084943185E-051   1.683190894180478E-026
    19   10   2.752465129639579E-026   4.200908659152434E-051   2.752465129639579E-026
    20   10   2.752465129639562E-026   4.200908659152374E-051   2.752465129639562E-026
    22   10   5.667652967642370E-026   1.619602679472988E-050   5.667652967642370E-026
    23   10   5.667652967642350E-026   1.619602679472974E-050   5.667652967642350E-026
    28   10   2.984881175585568E-026   3.306497507995426E-051   2.984881175585568E-026
    29   10   2.984881175585562E-026   3.306497507995409E-051   2.984881175585562E-026
    31   10   5.174518945086717E-026   7.645268530686193E-051   5.174518945086717E-026
    32   10   5.174518945086695E-026   7.645268530686105E-051   5.174518945086695E-026
    34   10   7.250332797311345E-026   1.444184017990654E-050   7.250332797311345E-026
    35   10   7.250332797311324E-026   1.444184017990647E-050   7.250332797311324E-026
    40   10   9.696474053374653E-026   3.113204828659975E-050   9.696474053374653E-026
    41   10   9.696474053374631E-026   3.113204828659956E-050   9.696474053374631E-026
    43   10   8.980940390770221E-026   2.752459032037528E-050   8.980940390770221E-026
    44   10   8.980940390770190E-026   2.752459032037502E-050   8.980940390770190E-026
    46   10   1.685113066506904E-025   9.283322487598763E-050   1.685113066506904E-025
    47   10   1.685113066506900E-025   9.283322487598708E-050   1.685113066506900E-025
    52   10   2.263951638113108E-026   2.286027579803324E-051   2.263951638113108E-026
    53   10   2.263951638113107E-026   2.286027579803329E-051   2.263951638113107E-026
    55   10   3.958639625156446E-026   6.636989847634413E-051   3.958639625156446E-026
    56   10   3.958639625156445E-026   6.636989847634418E-051   3.958639625156445E-026
    58   10   3.397415075664066E-026   2.499751626257920E-051   3.397415075664066E-026
    59   10   3.397415075664055E-026   2.499751626257910E-051   3.397415075664055E-026
    64   10   1.683190894180478E-026   1.101115084943183E-051   1.683190894180478E-026
    65   10   1.683190894180479E-026   1.101115084943187E-051   1.683190894180479E-026
    67   10   2.752465129639576E-026   4.200908659152425E-051   2.752465129639576E-026
    68   10   2.752465129639562E-026   4.200908659152375E-051   2.752465129639562E-026
    70   10   5.667652967642365E-026   1.619602679472985E-050   5.667652967642365E-026
    71   10   5.667652967642351E-026   1.619602679472974E-050   5.667652967642351E-026
    76   10   2.984881175585569E-026   3.306497507995427E-051   2.984881175585569E-026
    77   10   2.984881175585561E-026   3.306497507995407E-051   2.984881175585561E-026
    79   10   5.174518945086715E-026   7.645268530686181E-051   5.174518945086715E-026
    80   10   5.174518945086695E-026   7.645268530686098E-051   5.174518945086695E-026
    82   10   7.250332797311344E-026   1.444184017990654E-050   7.250332797311344E-026
    83   10   7.250332797311321E-026   1.444184017990646E-050   7.250332797311321E-026
    88   10   9.696474053374642E-026   3.113204828659969E-050   9.696474053374642E-026
    89   10   9.696474053374627E-026   3.113204828659951E-050   9.696474053374627E-026
    91   10   8.980940390770213E-026   2.752459032037522E-050   8.980940390770213E-026
    92   10   8.980940390770194E-026   2.752459032037506E-050   8.980940390770194E-026
    94   10   1.685113066506903E-025   9.283322487598748E-050   1.685113066506903E-025
    95   10   1.685113066506901E-025   9.283322487598723E-050   1.685113066506901E-025
    100   10   2.263951638113107E-026   2.286027579803319E-051   2.263951638113107E-026
    101   10   2.263951638113107E-026   2.286027579803329E-051   2.263951638113107E-026
    103   10   3.958639625156446E-026   6.636989847634418E-051   3.958639625156446E-026
    104   10   3.958639625156446E-026   6.636989847634423E-051   3.958639625156446E-026
    106   10   3.397415075664067E-026   2.499751626257921E-051   3.397415075664067E-026
    107   10   3.397415075664057E-026   2.499751626257913E-051   3.397415075664057E-026
    112   10   1.683190894180480E-026   1.101115084943187E-051   1.683190894180480E-026
    113   10   1.683190894180476E-026   1.101115084943180E-051   1.683190894180476E-026
    115   10   2.752465129639574E-026   4.200908659152417E-051   2.752465129639574E-026
    116   10   2.752465129639561E-026   4.200908659152374E-051   2.752465129639561E-026
    118   10   5.667652967642363E-026   1.619602679472983E-050   5.667652967642363E-026
    119   10   5.667652967642349E-026   1.619602679472974E-050   5.667652967642349E-026
    124   10   2.984881175585570E-026   3.306497507995426E-051   2.984881175585570E-026
    125   10   2.984881175585559E-026   3.306497507995403E-051   2.984881175585559E-026
    127   10   5.174518945086714E-026   7.645268530686181E-051   5.174518945086714E-026
    128   10   5.174518945086691E-026   7.645268530686093E-051   5.174518945086691E-026
    130   10   7.250332797311339E-026   1.444184017990652E-050   7.250332797311339E-026
    131   10   7.250332797311318E-026   1.444184017990643E-050   7.250332797311318E-026
    136   10   9.696474053374655E-026   3.113204828659975E-050   9.696474053374655E-026
    137   10   9.696474053374631E-026   3.113204828659954E-050   9.696474053374631E-026
    139   10   8.980940390770219E-026   2.752459032037528E-050   8.980940390770219E-026
    140   10   8.980940390770197E-026   2.752459032037509E-050   8.980940390770197E-026
    142   10   1.685113066506905E-025   9.283322487598769E-050   1.685113066506905E-025
    143   10   1.685113066506902E-025   9.283322487598744E-050   1.685113066506902E-025
    148   10   2.263951638113109E-026   2.286027579803324E-051   2.263951638113109E-026
    149   10   2.263951638113108E-026   2.286027579803330E-051   2.263951638113108E-026
    151   10   3.958639625156449E-026   6.636989847634425E-051   3.958639625156449E-026
    152   10   3.958639625156446E-026   6.636989847634429E-051   3.958639625156446E-026
    154   10   3.397415075664070E-026   2.499751626257925E-051   3.397415075664070E-026
    155   10   3.397415075664066E-026   2.499751626257923E-051   3.397415075664066E-026
    160   10   1.683190894180481E-026   1.101115084943189E-051   1.683190894180481E-026
    161   10   1.683190894180476E-026   1.101115084943182E-051   1.683190894180476E-026
    163   10   2.752465129639574E-026   4.200908659152420E-051   2.752465129639574E-026
    164   10   2.752465129639561E-026   4.200908659152374E-051   2.752465129639561E-026
    166   10   5.667652967642363E-026   1.619602679472984E-050   5.667652967642363E-026
    167   10   5.667652967642348E-026   1.619602679472973E-050   5.667652967642348E-026
    172   10   2.984881175585574E-026   3.306497507995435E-051   2.984881175585574E-026
    173   10   2.984881175585559E-026   3.306497507995403E-051   2.984881175585559E-026
    175   10   5.174518945086711E-026   7.645268530686175E-051   5.174518945086711E-026
    176   10   5.174518945086690E-026   7.645268530686086E-051   5.174518945086690E-026
    178   10   7.250332797311338E-026   1.444184017990651E-050   7.250332797311338E-026
    179   10   7.250332797311315E-026   1.444184017990643E-050   7.250332797311315E-026
    184   10   9.696474053374651E-026   3.113204828659970E-050   9.696474053374651E-026
    185   10   9.696474053374624E-026   3.113204828659950E-050   9.696474053374624E-026
    187   10   8.980940390770215E-026   2.752459032037525E-050   8.980940390770215E-026
    188   10   8.980940390770195E-026   2.752459032037509E-050   8.980940390770195E-026
    190   10   1.685113066506905E-025   9.283322487598775E-050   1.685113066506905E-025
    191   10   1.685113066506903E-025   9.283322487598771E-050   1.685113066506903E-025
    196   10   2.263951638113108E-026   2.286027579803323E-051   2.263951638113108E-026
    197   10   2.263951638113108E-026   2.286027579803329E-051   2.263951638113108E-026
    199   10   3.958639625156448E-026   6.636989847634427E-051   3.958639625156448E-026
    200   10   3.958639625156445E-026   6.636989847634424E-051   3.958639625156445E-026
    202   10   3.397415075664070E-026   2.499751626257925E-051   3.397415075664070E-026
    203   10   3.397415075664064E-026   2.499751626257920E-051   3.397415075664064E-026
  </DiscreteSampler_grid>
