  0.00000005063832981  0.00000101567008446  0.00000156485394936  0.00000187913354382
  0.00000221571428466  0.00000253485407231  0.00000285377280646  0.00000319487062059
  0.00000353618319150  0.00000401084861654  0.00000451142469867  0.00000530822492044
  0.00000619333760966  0.00000708892151447  0.00000782285161310  0.00000842279778435
  0.00000899238994481  0.00000972640238242  0.00001043547422596  0.00001085493273082
  0.00001103093505724  0.00001119791664571  0.00001138694525034  0.00001169278198760
  0.00001195024712516  0.00001219531104672  0.00001245988819118  0.00001270396243905
  0.00001303503529157  0.00001334129492119  0.00001377777155649  0.00001436277861900
  0.00001501229921855  0.00001591063197294  0.00001654207307540  0.00001686621223998
  0.00001735372595051  0.00001781773633788  0.00001828912139310  0.00001882462966655
  0.00001930969190517  0.00001965951012516  0.00001997480640122  0.00002043023137569
  0.00002079002688073  0.00002105840521910  0.00002131056909495  0.00002169934399352
  0.00002195373326399  0.00002212593042629  0.00002241385454363  0.00002317348012033
  0.00002355350379644  0.00002377056056197  0.00002399842731020  0.00002462175004046
  0.00002505355474597  0.00002541342087196  0.00002592697204473  0.00002622886295273
  0.00002642618275567  0.00002667461930046  0.00002694796407565  0.00002744448473582
  0.00002801111184911  0.00002847285768037  0.00002878994697171  0.00002925475246279
  0.00002970640557597  0.00002988707231848  0.00003002281554391  0.00003015160456529
  0.00003031811863778  0.00003056932817096  0.00003074318101615  0.00003093098892120
  0.00003115852953883  0.00003142349693378  0.00003173635141547  0.00003222247782779
  0.00003277181383385  0.00003300601520281  0.00003317549889551  0.00003386689809780
  0.00003426854737621  0.00003446147743316  0.00003465440749010  0.00003484733754705
  0.00003507145438819  0.00003565502579422  0.00003623859720025  0.00003682216860627
  0.00003740574001230  0.00003798931141833  0.00008060541469518  1.00000000000000000
  0.00000031730897310  0.00000085441625835  0.00000100114030666  0.00000117122806487
  0.00000138011539521  0.00000184655138488  0.00000255044122224  0.00000297794855626
  0.00000329454849105  0.00000358713399221  0.00000390212066816  0.00000432058379806
  0.00000467898447128  0.00000487350449030  0.00000505205588467  0.00000540044513494
  0.00000554714077351  0.00000567230864282  0.00000579527116126  0.00000591872461168
  0.00000620791578776  0.00000636667846349  0.00000645902885539  0.00000655758770464
  0.00000670453141705  0.00000697298690345  0.00000715877303486  0.00000734098241249
  0.00000761746733604  0.00000799863391713  0.00000812405926415  0.00000824593446973
  0.00000840641937434  0.00000858753034690  0.00000873511880491  0.00000888961416769
  0.00000908851238470  0.00000929244811416  0.00000956276072420  0.00000976332029821
  0.00000985804797357  0.00000990337819782  0.00000994678338816  0.00001001796358157
  0.00001013509006862  0.00001024899919286  0.00001034079948246  0.00001042031511826
  0.00001049361218010  0.00001065596352035  0.00001096743495051  0.00001118409420489
  0.00001140075345926  0.00001156415745055  0.00001170539644331  0.00001184048000677
  0.00001194187810863  0.00001204327621049  0.00001237143532372  0.00001291037129201
  0.00001328921639659  0.00001366697503697  0.00001404442926051  0.00001443559988569
  0.00001483136083431  0.00001535278737340  0.00001593249227197  0.00001679695769793
  0.00001789144545915  0.00001888951738075  0.00001957968300262  0.00002026832787669
  0.00002093653778123  0.00002151392104488  0.00002222424203849  0.00002302834148117
  0.00002382515066042  0.00002456360299264  0.00002527874301763  0.00002610488408416
  0.00002711694817703  0.00002777890165276  0.00002846417126222  0.00002903176914863
  0.00002957545644567  0.00003003345358511  0.00003049146317327  0.00003101543293651
  0.00003162617656985  0.00003212431409176  0.00003266412331354  0.00003325123348760
  0.00003387603935500  0.00003451651179755  0.00007271737915510  1.00000000000000000
  0.02405152014219543  0.05742204864064746  0.08093226534010685  0.09540530055868997
  0.10552834841453915  0.11945072077623491  0.13099349470014526  0.14643091471000719
  0.16629139426591485  0.17751158534244954  0.18645972737644778  0.19473900267718591
  0.20237779590034291  0.21257992189598229  0.22311579683056326  0.23133128451981619
  0.24038452211901984  0.24966182382829186  0.25964378917569003  0.27530202981448426
  0.28816847992140765  0.29987297847480832  0.30877592595152731  0.31200891841133943
  0.31658294645436336  0.32265975969030364  0.32806471720879898  0.33341632556333867
  0.33627260038608425  0.33905215119928928  0.34187906918468558  0.34546702958473946
  0.34905498998479334  0.35276143722628434  0.35723393887347005  0.36170644052065581
  0.36695898796026094  0.37627545933982726  0.39216005178289620  0.41135812339113148
  0.44107419828978867  0.47058785167681333  0.49425690746071871  0.50546286501078697
  0.50844175169587580  0.51412741010122909  0.51760510586408226  0.52083701224406698
  0.52779954598155143  0.53481863916797323  0.54115755712984237  0.54747986985522767
  0.55399319301852101  0.55978991246036691  0.57369843848250179  0.59348296149027446
  0.61303830692828076  0.62444930323618952  0.63307863861608404  0.64071309320463488
  0.64805119585629734  0.65577595959438406  0.66188105289081367  0.66653503173472528
  0.67104903385432846  0.67685234694198426  0.68821875221031714  0.69849186072440206
  0.70370575208234953  0.71059644502358377  0.72327451039755508  0.72641976748509340
  0.72830606240599871  0.73107101379015271  0.73342716448019929  0.73662128692263207
  0.73863170256240418  0.74461203650799779  0.76980974430055416  0.78658112155211057
  0.79605175597158595  0.81000906264948436  0.82677604200670773  0.84575804060286652
  0.87583127788397552  0.89641012897300032  0.91440395410649311  0.92576388562455414
  0.93605687241619895  0.94084328607240275  0.94599861354782322  0.95300060549877852
  0.95938047968122564  0.96503577135417884  0.96983860361877983  1.00000000000000000
  0.02776500648131708  0.02790551367616349  0.02806067012062571  0.02826283919110634
  0.02839706970139525  0.02854631646663468  0.02866726339703844  0.02876259736343301
  0.02884957659349677  0.02894497051045119  0.02905193218341974  0.02917096339829316
  0.02927802964772822  0.02937024733963474  0.02945599572244839  0.02955505987440554
  0.02967610046757896  0.02980863510167255  0.02996093934240464  0.03010103656574522
  0.03023611040909905  0.03044220245819160  0.03065557856295425  0.03086978765801263
  0.03105484258844117  0.03112298844666288  0.03115450489490239  0.03118602134314191
  0.03122318736415970  0.03126277876127310  0.03130237015838649  0.03134311433822035
  0.03138439528323644  0.03142567622825252  0.03156084992041915  0.03173850987997732
  0.03193066281882637  0.03217056237095592  0.03244292795867102  0.03267793298519975
  0.03283702573598075  0.03298578020556168  0.03312379616757562  0.03323808505636040
  0.03330257686817644  0.03338008250961810  0.03347117120586775  0.03356655961383904
  0.03370625968918065  0.03383916708744271  0.03403489061560369  0.03428688697195028
  0.03443036779488147  0.03452077369904149  0.03457889514831673  0.03463875158462015
  0.03471679518230908  0.03479483877999800  0.03492897548851084  0.03507373524577094
  0.03538067213443744  0.03563668909526979  0.03584902008293479  0.03590665792844621
  0.03597544136073506  0.03603219106614420  0.03611369385954342  0.03619231369789082
  0.03629208185326677  0.03639040004828900  0.03669714225000425  0.03743061925298934
  0.03806549022239931  0.03859117185720675  0.03891117407351941  0.03919118577794763
  0.03947789742242735  0.03981676029862048  0.04014463490729383  0.04036070004460797
  0.04050645585210234  0.04064227540414315  0.04075406155308117  0.04100091555012528
  0.04123708028218515  0.04150181053243125  0.04259108102735717  0.04466237407024474
  0.04535033338829022  0.04601846863551174  0.04744979428767648  0.04855824486092606
  0.05001151799760278  0.05306316144872002  0.06217590100386166  1.00000000000000000
  0.93481639033551944  0.94109566296340186  0.94238753334911241  0.94472274111810339
  0.94719703066411798  0.94808327197128595  0.94930042785533453  0.95036209603391963
  0.95126333857784950  0.95200154748174970  0.95245609611831561  0.95273656755987424
  0.95301139784745981  0.95327530135195204  0.95355687494155894  0.95384755026848433
  0.95426971648745640  0.95463978017698936  0.95495279558515478  0.95535125314260927
  0.95556864951517539  0.95579392812864139  0.95620988780011784  0.95667186085909284
  0.95716836881384226  0.95779121144599677  0.95855258420938361  0.95901274756665356
  0.95917889688651037  0.95931683381838984  0.95962500590024369  0.96001458214775026
  0.96040448881594132  0.96066778248316631  0.96081784344104848  0.96101299558866637
  0.96126232339495965  0.96168349212119508  0.96206000454996132  0.96234562022557879
  0.96260628353628130  0.96273426962701458  0.96282858945381922  0.96291617528352491
  0.96300208751660843  0.96309170455016047  0.96318771268907777  0.96327611776300726
  0.96344063956105530  0.96369504363240743  0.96395612566365929  0.96418482200291677
  0.96430874222588381  0.96437399132259838  0.96446368614393152  0.96467560467201574
  0.96485269170624433  0.96497943842655431  0.96510618514686441  0.96533013771406684
  0.96555568776338940  0.96573650455523374  0.96584841465579341  0.96596032475635307
  0.96619489912345635  0.96635031064961496  0.96651158466418663  0.96661067553776414
  0.96672887142226427  0.96684031943884619  0.96692538338150946  0.96702381410051652
  0.96713132667434254  0.96730238740751928  0.96749000435211974  0.96758614505103790
  0.96766914844203322  0.96772454910193972  0.96777240063441450  0.96781834906806430
  0.96785990010891643  0.96790052831998574  0.96794231416045284  0.96800160930317969
  0.96806748067017923  0.96821437789739018  0.96836365924085310  0.96852625061919884
  0.96868885903052659  0.96883187151594152  0.96899067050061360  0.96913423006423483
  0.96925023409008548  0.96934284122132441  0.96945861571403102  1.00000000000000000
  0.00057095431083950  0.00643543896351313  0.01176272058334128  0.01759271981424762
  0.02611528174286473  0.04185872207786878  0.06179098189816722  0.07871276246928571
  0.09610508654325461  0.11645442749343127  0.13193482650275742  0.14761174786019907
  0.16629229834690434  0.18620288135700769  0.19717422835579740  0.20847852310538917
  0.22160287363494047  0.24184710138926030  0.24902213151755254  0.25421315482413792
  0.26038664131740841  0.26966777456445057  0.27599105385043032  0.28122628277859141
  0.28685411893563240  0.29529125594657807  0.30785655798711337  0.32350281930271008
  0.33900239825538686  0.35743237758775503  0.38249629469805463  0.40445516337730325
  0.42174293448764211  0.43601481598378727  0.45176691664203389  0.46721402486250618
  0.48061326348617167  0.49502127893801434  0.51229005221334978  0.51940124952351185
  0.52589648214815765  0.52991012040173224  0.53220527342402968  0.53440242347120370
  0.53657275520941272  0.53869977701007132  0.54082073213675019  0.54422940694257516
  0.54908150615558160  0.55281532974166758  0.55817718348860246  0.56301445353589552
  0.56699159047563885  0.57589067010309691  0.58421100205707277  0.58694297980849142
  0.59001953582737332  0.59472439026560897  0.60063156508365856  0.60525240044957074
  0.60828808833391590  0.61194195386257833  0.61574411249913064  0.62123361168327729
  0.62764602921650214  0.63350136186693140  0.64346802511497980  0.64622216834521529
  0.64897631157545077  0.65159151759555733  0.65382409382411977  0.65605667005268231
  0.65781956808872477  0.65876605664530818  0.65971254520189171  0.66128581751589510
  0.66244788759388240  0.66343106875352975  0.66615505220965876  0.66820070696292044
  0.67006972247179186  0.67180173468517501  0.67356178273085099  0.67879797621818283
  0.68423443378356863  0.68923301000247927  0.69254212189091147  0.70528911416693485
  0.72905407877197348  0.75891565713732367  0.79274518764638324  0.82711392993930555
  0.86661185882028935  0.90822640188365300  0.95147363056167933  1.00000000000000000
 -0.00639357457323473  0.00291471560817089  0.01128608739030708  0.01965745917244326
  0.02757150616326361  0.03274402546646649  0.03791654476966935  0.04332378607907314
  0.06361114166312175  0.08158323500357907  0.10163945632336024  0.12850619904075772
  0.14682455189172078  0.16310979890059568  0.18695687023034172  0.20859813995930829
  0.22653754536103904  0.24634495614768848  0.26345826823384294  0.27548052246094962
  0.28372195155203084  0.29002440861737677  0.29210420510280272  0.29498603497141035
  0.30041064951841251  0.30675116075779774  0.31187510693784998  0.31710875472049876
  0.32271470825721749  0.33009671063378077  0.33576597289812893  0.34020874554439018
  0.34385416910787236  0.34804035349304774  0.35194152264320505  0.35653056229313063
  0.36461009115338011  0.37657621548136277  0.39129313010608330  0.41226138120941536
  0.43306743311195567  0.45667912928285731  0.48546743481297489  0.50244328845877295
  0.51164580925688496  0.52109169315874271  0.53220066724223625  0.53919545715943540
  0.54450411209383753  0.54702651381065182  0.54824238899146005  0.55132229266425981
  0.55824689310698139  0.56631852883071820  0.57291334059083832  0.57808152726206119
  0.58358796781340139  0.58751520694081283  0.59362799895797946  0.59674598124136358
  0.60219422287485336  0.61512335238797378  0.63460549997808091  0.65569893279983815
  0.67392229055585440  0.68604287268860586  0.69174087677276308  0.69741892460657295
  0.70291637258652784  0.70841382056648283  0.71444841482182742  0.72089266235497507
  0.73829342295186762  0.75698421082706968  0.77061032822174835  0.78261842655215819
  0.78998014536213690  0.79857122730879848  0.80630437862040083  0.81186230933373837
  0.81622733281813364  0.81910419538060208  0.82503413156379424  0.83344728039291960
  0.84345581083944632  0.85280256512097341  0.85998201515007466  0.86748616853272009
  0.87568443650860772  0.88088701719967777  0.89590515068752596  0.91813314590034445
  0.94378721702354185  0.96672894159099965  0.98412341673462911  1.00000000000000000
 -0.00162728593849554  0.00888057424117859  0.01502394236450105  0.02358133251942506
  0.03137238369114345  0.04373205314294359  0.05741681188531542  0.06721769134281698
  0.08039328689914321  0.09439459545478016  0.11090759555210182  0.12754961080490682
  0.14511303607880899  0.16269567936941423  0.18224754094812073  0.19448476350916161
  0.20037299467048353  0.20422480584779279  0.20871602084109209  0.21335050675890729
  0.21593344964817762  0.21818166860927776  0.21966428605842872  0.22112709804370920
  0.22252478360235650  0.22848991394889226  0.23825539362098999  0.24577387610292947
  0.25369884493477368  0.26565369877201073  0.27586639724409695  0.28098966361883221
  0.28506582874646141  0.28823753934051616  0.29082507816329667  0.29355337888319299
  0.29514362217535239  0.29779316617991186  0.30101880841945011  0.30238807408420093
  0.30378188560060648  0.30628013148360461  0.31751952211794299  0.32927464176892646
  0.34892808000924974  0.36905012591121744  0.38099280117446305  0.39319344133428291
  0.40494390796408647  0.41560351642211985  0.42162944362194338  0.42444837758291909
  0.42726731154389480  0.42976049656457682  0.43210550625138133  0.43445051593818579
  0.43755786559546095  0.44085445426412573  0.44415104293279045  0.45590486284685150
  0.46536223429619505  0.47710998727070736  0.49267234456899534  0.50525719357527898
  0.51624738498359390  0.53268655454870761  0.55340333978534861  0.57087453997050852
  0.58354886253808269  0.60351681341804952  0.63962177174441626  0.68991087813418084
  0.73604768226376682  0.77105012723419275  0.78669768936862916  0.79775124201314473
  0.80915914328286065  0.82100054501212438  0.83100351664132177  0.83612511783393739
  0.84149127039989402  0.84757734174724175  0.85583217296428238  0.86310074781641266
  0.86945305163382824  0.87675331583880467  0.88260668320864732  0.89005276551784418
  0.89818173009460744  0.90492910669450677  0.91391309701325441  0.92275103830490579
  0.92857479535096588  0.93270779661470993  0.96536602108381753  1.00000000000000000
 -0.00239453746577256  0.01085711823413492  0.02483307756972706  0.04039265454883086
  0.04582724819370224  0.05259638097344528  0.06147934034291437  0.06822376099198622
  0.07380637546174262  0.07926139947679169  0.08585189593360308  0.09556741810673744
  0.11343812339444330  0.12896267636440500  0.14058804561429350  0.15186406475440364
  0.15613494508912143  0.16488996686730265  0.17171446987079222  0.17777235789895707
  0.18456183563377399  0.19013181032000989  0.19522516927837610  0.20037075585255243
  0.20531834350261380  0.21460788726914659  0.22445256619967688  0.23515982086872173
  0.24822385502766833  0.26660238554010846  0.28347867789845110  0.29653021505767979
  0.30399922386144546  0.31272258166639250  0.32344173593032804  0.33648948073606921
  0.34346426564648802  0.35116558472346254  0.36468603803461602  0.37836590579533375
  0.39408909641671885  0.40982807550372685  0.43025476223046843  0.44026139546824011
  0.44977275563428543  0.46186118779524943  0.46955782004251556  0.47389283321377479
  0.47632467007699136  0.47843000527083207  0.48219728967479220  0.48860322023973068
  0.49541436646111631  0.50391563705579656  0.51386127264928450  0.52382062772723259
  0.53349896725720858  0.54295707753636024  0.55529144297879185  0.57234198035982609
  0.59408182713693336  0.61069915185928925  0.61580227213377070  0.62031459587136140
  0.63042580719627717  0.63533699072579164  0.63914872542838475  0.64554775604577208
  0.65321764672941540  0.65896447409719650  0.66092130982995645  0.66287814556271640
  0.66459071987995622  0.66609653832205629  0.66760235676415636  0.67163383865341275
  0.67681568658919566  0.68199753452497858  0.69745445480664769  0.71405999981388912
  0.72952312982780942  0.74625233410398462  0.76098147084646595  0.77314648094531380
  0.78232944755906331  0.79395035405970793  0.80824447168326186  0.82806956856694236
  0.85499718161293226  0.86764474271446246  0.87708386651404857  0.89317734979229657
  0.90922516166155443  0.92792537524208962  0.95084745123318182  1.00000000000000000
 -0.00318180017320082  0.01161923480846366  0.02211618633215426  0.03233068839637473
  0.04996059494912068  0.06798412785432088  0.07744374737179818  0.08690336688927550
  0.09610968314154653  0.10470904953134799  0.11330841592114944  0.12098074301030969
  0.12336699402050447  0.12575324503069923  0.12832899030198330  0.13736648109383592
  0.14326716753703342  0.14785727565061241  0.15691574975592398  0.16439948376612895
  0.16797031499534543  0.16964953520512607  0.17064344743445314  0.17180054726128080
  0.17327760336022674  0.17471031982975910  0.17679491225607435  0.17910196967483100
  0.18330556459425090  0.19411094315212224  0.21006644151417722  0.22522905995275752
  0.23316378128988025  0.24109850262700297  0.24642735638426275  0.25145702727041580
  0.26042212221484834  0.27289121184926507  0.28641458204229930  0.30179776062693664
  0.31676014132734792  0.33041882808485629  0.34050066488353287  0.35140560264457205
  0.36600863617913537  0.37478576322462720  0.38073076015839646  0.38611232301048543
  0.39126222823051504  0.39674465417360971  0.40690488932808322  0.42233679854023565
  0.43643140819996196  0.45456923920131720  0.47365023116653615  0.49643316595167131
  0.52588677163062147  0.55557215053791242  0.57297389996272563  0.58159979126689298
  0.58647029073293899  0.59209830627092075  0.60126130504972519  0.60569709906975167
  0.60961919400765219  0.61305946870157702  0.61699924640547388  0.62137213735459929
  0.62655340507460677  0.63283866656136512  0.63964275385676161  0.65235993948704030
  0.67324447727652337  0.69806973216005264  0.71439175248636921  0.72298413216080981
  0.73029629018367637  0.73496868716277752  0.73920508832797516  0.74586143480562339
  0.75352257326514760  0.76270540922230545  0.77574079755012071  0.78993131916670911
  0.80830665078228925  0.83061776087855177  0.84977545084036554  0.87700592432126168
  0.90290371378680578  0.91097187271384195  0.91773675165495505  0.92715041523571418
  0.93795286141153789  0.94985904518293496  0.96993978191795394  1.00000000000000000
 -0.00462260138259711  0.02268983835750270  0.03034205822452668  0.04109015340804597
  0.04711645809086010  0.05176079274753295  0.05952959303304223  0.06802434943822781
  0.07664017254617052  0.08567715179975674  0.09545008531602431  0.10920405424363323
  0.12409581834657707  0.13887855147024591  0.14765178483023814  0.15322393863434389
  0.16168695133529407  0.16584436139744224  0.17070562887628676  0.17472001799114720
  0.18099084861421055  0.19224151199440798  0.19920651639248249  0.20282826499017687
  0.20616708020775218  0.21151105993609728  0.21840787962411501  0.22658941462153173
  0.23617519901247674  0.24774152882551301  0.25892878118100204  0.26974189341726668
  0.28104880855733683  0.29408190858432520  0.30719541966712399  0.31508539756278736
  0.32297537545845073  0.33081679460480756  0.33836132192180085  0.34590584923879419
  0.35350264903878115  0.36167300656132068  0.36984336408386020  0.37801372160639979
  0.39556663217797483  0.41132495403681824  0.42685548316473521  0.44415113964572167
  0.46334169876727388  0.48141212374354919  0.49701206363290212  0.51112694996102426
  0.52552963644421635  0.54291540301047925  0.55927444832396844  0.57216627341465343
  0.58833364343106176  0.60435624910524144  0.61778187545965713  0.62094993542977373
  0.62268229446582291  0.62739704132440111  0.63356557178556572  0.64043956530123614
  0.64591149485846044  0.65106971547484815  0.65590258439000104  0.65798912490608708
  0.65966537191607799  0.66154861316921298  0.66353396298210698  0.66539695299419088
  0.66840328125748705  0.67241492840717787  0.67609616443929343  0.68268887172965542
  0.69263741310250471  0.70198897288323481  0.71046403609039921  0.71827767191959424
  0.72475208313789596  0.73063597913293521  0.74591686900371712  0.76574081975112684
  0.78782022005781982  0.81103501024811964  0.83597600619480528  0.86010022352041993
  0.87297364599227190  0.88792808103219323  0.90468163442691263  0.91707463013932944
  0.92821331510849781  0.94218286176162591  0.96387949578949950  1.00000000000000000
 -0.00675134461831080  0.02254238217010932  0.05012754323922401  0.07694268526694294
  0.10431475098653373  0.13115120406821040  0.15581541021585937  0.17661501527609141
  0.19516560793305199  0.21252253583139596  0.21914646218539879  0.22577038853940165
  0.23239431489340448  0.23871612795716313  0.24501169140353557  0.25130725484990801
  0.25383536026504488  0.25547988332904625  0.25712440639304762  0.26331067599338209
  0.26880867346232895  0.27440218158418256  0.27910831031047489  0.28255551439110427
  0.28544212433604865  0.28869946527661422  0.29343882589040376  0.30017405139956538
  0.31313670832396190  0.34288409748483967  0.37613439302744422  0.38708003903005195
  0.39084631414723797  0.39364881485202341  0.39643069071408471  0.39988581599933659
  0.41241553290506217  0.42169807411055232  0.42532482988276477  0.42914004723182037
  0.43341537245502110  0.44016452757532942  0.44482090803291996  0.44715701487430670
  0.45623669030125119  0.46799965836699620  0.48171901724844807  0.49646082070921904
  0.50960583301992302  0.52072833544483255  0.53289147272069348  0.54636753209518540
  0.55895710495372297  0.56947021478915905  0.58123040092445544  0.60016922734484290
  0.61527398624905039  0.63369371020421905  0.65399761036721171  0.67188408919712861
  0.69461067623947237  0.70804338177287107  0.71919326337405820  0.73367900792119278
  0.75463365551873474  0.77766323040688756  0.79245653385062065  0.80476338063309982
  0.81193072910018915  0.81620958154098100  0.82086905446759217  0.82452612681120718
  0.82738878080257927  0.83071098666863097  0.83476587784145895  0.83806711832375103
  0.84492807418876492  0.85638490031953840  0.86628389581681142  0.87304550211180210
  0.87931653264821574  0.88417494594874557  0.88692484624577794  0.88966376818335036
  0.89213030598676779  0.89841436761662219  0.90599298745773382  0.91201699707652695
  0.92047732124111692  0.92731644619341747  0.93579566029312689  0.94670841378242199
  0.95872409992580554  0.97274662561692848  0.98800070111583027  1.00000000000000000
 -0.00410160771017725  0.02054645658633638  0.02934299157086252  0.03871586194836477
  0.05112821170288313  0.06922726136426732  0.09984465534684633  0.13898863508580728
  0.18315385362559428  0.21443923084368618  0.23544336633988250  0.24698054364506949
  0.25655392835756574  0.26537347738705130  0.27345589548009935  0.28226852057109530
  0.29830410005999664  0.32550600946031966  0.34907003684142113  0.36779912671414100
  0.38314933577010135  0.39569536215432016  0.40598317911558102  0.41586767065767594
  0.42747849519759706  0.43236582376131094  0.43510472030370190  0.43621570187845821
  0.43740943569620727  0.43959265982836104  0.44209991745190019  0.44565330672122111
  0.45192043592583053  0.47308376583393535  0.49366467796784558  0.51348687670993165
  0.52966474260140017  0.54079721665938263  0.54742009379695844  0.55348641885107330
  0.55984615434387275  0.56666685283777174  0.58189083578972434  0.61484351595008979
  0.65817424472994357  0.69025513244441816  0.70252687758989463  0.71493145386357071
  0.72137055009707440  0.72689376498878566  0.73293369764191152  0.73892032969938470
  0.74402743251223591  0.75053514688354106  0.75264999939364907  0.75507195749442357
  0.75939364100575657  0.76487184292652866  0.77003294511062059  0.77548289318643948
  0.78003148507391851  0.78471940852422217  0.79563159321452448  0.80942168936242820
  0.81565608216790830  0.82152101812289846  0.82518849467212263  0.82913044594240848
  0.83338866851960880  0.83761028424464234  0.84310526394107521  0.84859280027196293
  0.85281983718905752  0.85603095738507096  0.85943495101370848  0.86317764850604772
  0.86645076625781325  0.86916148320437647  0.87216949582056735  0.87840292902338024
  0.89612640990995196  0.91610614565299886  0.92633622901565871  0.93183283690209295
  0.93849651763119035  0.94891049236292957  0.95829581724432522  0.96220721900044870
  0.96581720521624037  0.96947438955597609  0.97329398969881109  0.97711358984164620
  0.98096969986666571  0.98486439747984011  0.98875909509301452  1.00000000000000000
 -0.00253778942933147  0.00765464792992029  0.02387577594281459  0.03719893101171767
  0.04911392936358218  0.06030325447739549  0.07238391068548153  0.08639061287844181
  0.10582666104905926  0.12982962865927303  0.15777581011223601  0.19549485771317773
  0.21257561341058812  0.22693329917162983  0.23582821631400533  0.24406000513660664
  0.25031261461018545  0.25776754103173510  0.26715829981896916  0.27380636702213357
  0.27991761148655891  0.28591995467031328  0.28799007641060576  0.28959130895159579
  0.29673116766818347  0.30642674226070443  0.31340985686338230  0.32047567684425926
  0.32549184931282021  0.33063767852409243  0.33523517645624706  0.33929194683667180
  0.34296576754929864  0.34599709181058186  0.34867627415607266  0.35140726465892713
  0.35421864084404636  0.35652338269039813  0.36264931952153390  0.37007833566303172
  0.37324090828156092  0.38408722636131676  0.40038213837053238  0.41943371920281819
  0.43988136467951267  0.46374960657403502  0.48343084724155672  0.51583035269040223
  0.54954511489066804  0.58310679205927307  0.60977639542104123  0.63489347674779595
  0.65490139396584213  0.67077415467551560  0.67906450320351930  0.68332122226180603
  0.68742159596942842  0.68930201094851573  0.69170268860989936  0.69417693914923284
  0.69762282474825832  0.70033836227132373  0.70266702487090482  0.70474495985634911
  0.70692052304139830  0.70970589440316556  0.71200813066587954  0.71736610915804222
  0.73097651950226672  0.74391080681368127  0.75195124377053457  0.76234902039588082
  0.77163251546939216  0.77793133391134706  0.78384444482951610  0.79297407675891940
  0.81146385616840733  0.82600444106368176  0.83764445509429575  0.84928446912490974
  0.85988342358994552  0.86937940215953202  0.87887538072911853  0.88648852064193229
  0.89159084324610649  0.89669316585028069  0.90473831161028495  0.91363527414032775
  0.92256254218838596  0.93323848925609731  0.94205454642015141  0.94901870242263564
  0.96118726905974972  0.97327686735487606  0.98582132162283986  1.00000000000000000
 -0.00272736700786590  0.01537593093223881  0.02668804914156809  0.04113387777254163
  0.04569125607141688  0.05036839206172478  0.05520966272523390  0.06027775484011574
  0.06546693540569844  0.07657084244394356  0.08889413581250782  0.10375746333300878
  0.11658004887764120  0.12829236566179289  0.13638104996953665  0.14631244928835943
  0.15411791956182852  0.16055244051578674  0.16384496140544913  0.16729879289234942
  0.17291405530474935  0.18575498746228891  0.19616115070177612  0.20632198841989571
  0.21670543154199098  0.22597462270761079  0.24018702825640417  0.25690915975682349
  0.26881439893752512  0.27763787796162664  0.28670294550350006  0.29574932215036132
  0.30473235976911606  0.31683291137638347  0.33511899600491124  0.34757657359221356
  0.35478102449467042  0.36198547539712733  0.37300804516314784  0.38467915446759693
  0.39620630292585740  0.39918759682563776  0.40216889072541812  0.40612668681331715
  0.41395732542936670  0.42114421416831199  0.42756727350910029  0.43269447138291706
  0.43782487393054659  0.44425098918518785  0.45082573687289168  0.45872721572397507
  0.47197435022762296  0.48702642287243764  0.50053984912644833  0.51389799719933871
  0.52789340711089583  0.54278171248081442  0.56086178171531942  0.58215582705465396
  0.60182661541461824  0.61796478060268467  0.63382646865165682  0.65008879422194843
  0.65940220937618255  0.67046731768955803  0.68616605817602827  0.69761391536489981
  0.71269702282195702  0.73306838151575637  0.74829951889048019  0.75661460495659894
  0.76335604048899575  0.77034191684825082  0.77736077306292284  0.79387009942102049
  0.81801848396473886  0.84259057482206334  0.86026395072745798  0.87142269608167700
  0.87967326183206795  0.88633255270999656  0.89017748857658185  0.89233158357849962
  0.89418567642546021  0.89650433103071114  0.89926914533189917  0.90174657663143898
  0.90806470334447198  0.91203363034075435  0.91464869241427760  0.93021168913594676
  0.94640886279390335  0.96387830732194824  0.98179388380866672  1.00000000000000000
 -0.01319398936171991  0.03965337901547833  0.06405497672747874  0.08092181091410179
  0.09397028035730599  0.10123127677642617  0.11030132761846344  0.11801561907687748
  0.12871048148258335  0.14223601042932588  0.15544496113349776  0.16734795788958221
  0.17607590263455117  0.17947243851207914  0.18719934951105685  0.19793844215919221
  0.20649812159152564  0.21568291077237073  0.22128567533607815  0.22743323476382882
  0.23612262265160730  0.24341192265576167  0.25123058566893475  0.25845887321447564
  0.26382229861771428  0.27392587806099566  0.29239430934045690  0.30940134754131260
  0.31664331947933316  0.32331393703005629  0.32698275793151654  0.32881568689641349
  0.33064861586131039  0.33240309094449189  0.33412828284650387  0.33585347474851585
  0.33747590091234336  0.33908639765076459  0.34114265194478210  0.35088113627518291
  0.35895910629311856  0.36166261305701214  0.36473693470252549  0.36861245517362912
  0.38719345875726446  0.41009344655794028  0.42902424654322008  0.44355302208316966
  0.45745843970619016  0.48169681310178408  0.51325769135811639  0.54622999525541427
  0.56709972472401926  0.58639682241456048  0.60604817295951230  0.61413779176057626
  0.62013713007533111  0.62554400356016404  0.63068412016177255  0.63695648638475422
  0.64826091385607365  0.66718542734808262  0.68571073679939087  0.70673297356303832
  0.71964293397254109  0.73051503448027377  0.73847820648425866  0.74358889561933539
  0.74974156490700505  0.75619675393539731  0.76557611443761797  0.77692304210260210
  0.78493995135016037  0.79130121342170456  0.79788989835675905  0.80411933077329667
  0.81217936374145072  0.82072778876135244  0.82676054837927770  0.83464799809611323
  0.84187995240073055  0.84452130952787452  0.84753738924389566  0.85042921052056164
  0.85354413334952040  0.85745175374791383  0.86247533637010498  0.87108523352139233
  0.88394891852042268  0.91463747683652852  0.93616047503005251  0.96059730382921060
  0.97221206807441041  0.97993003304219795  0.98572986093500381  1.00000000000000000
 -0.00676280352658942  0.01460847473741417  0.03746948036779368  0.05986476834161591
  0.07990431693882503  0.10178629539307618  0.12375672091854105  0.14842980086574195
  0.17381066355413027  0.20567229271523069  0.23584811312487025  0.25884536112273449
  0.28211645770672966  0.29421126040381790  0.29934101503615657  0.30240019451822386
  0.30547463089859223  0.30864192745400582  0.31220450878134354  0.31569796789486138
  0.31979993829093301  0.32689994815652468  0.33117400878371284  0.33498250520163192
  0.33870968605679569  0.34298835886732798  0.34925822544907076  0.35326901864346549
  0.35983214905814992  0.37384170230841635  0.38633060432738925  0.39438960498763059
  0.39775650628338727  0.40021192597161942  0.40233160325049250  0.40507381713658580
  0.40784103627243573  0.41107643054048382  0.41536086166044511  0.42058812656581257
  0.42580071768084121  0.43198454933011377  0.43939002462273657  0.44625347767348450
  0.45271563755759570  0.45761969752035786  0.47151786037940813  0.47929183140648635
  0.48906294366699410  0.49272348729599103  0.49695587789256873  0.50129671294223366
  0.50626708406101883  0.51030127230122380  0.51431433669634508  0.51863503286590551
  0.52580515906359460  0.53293313829168865  0.53562735958477792  0.53832158087786719
  0.54149912523502897  0.54506159387281117  0.54862406251059337  0.55229637400124365
  0.55604882319312610  0.55980127238500843  0.56524969014792259  0.57207674181097024
  0.57995738117805928  0.58869703935581408  0.59889919406385239  0.61027449763880803
  0.63623872267666404  0.67208628376559898  0.69752777663745114  0.71885399380334680
  0.73363015003713505  0.74684563985496988  0.75791559829607524  0.77031326779393927
  0.78605187963568657  0.79938014450124506  0.81109423696169103  0.83243831584238126
  0.85286430696017601  0.86794880460960033  0.87483365633612398  0.88024697856174150
  0.88716056937592047  0.89587164074215564  0.90483399611099891  0.91188909257430117
  0.91995278129912084  0.92996374574989538  0.94331807772192500  1.00000000000000000
 -0.02622325561194522  0.13520147546778022  0.15304286828207270  0.17070473234433969
  0.19328069601635176  0.21649195704639043  0.24072755041134627  0.27412271301473046
  0.29635526485254959  0.30835208248945073  0.31620984678282499  0.32674964713650828
  0.33619202893202799  0.34494056714737054  0.35305655499506766  0.36150641301850006
  0.37085974775546188  0.38021308249242375  0.39135858633122539  0.40315407564857209
  0.41459961101734544  0.42558021482428959  0.43839031331422779  0.45148564222321647
  0.46396082177365872  0.47537663546691200  0.49176052032617784  0.50365153130378182
  0.50725363653649702  0.50896822277537435  0.51067983358289226  0.51242401252239189
  0.51424260426634560  0.51659519812102361  0.52229686327092262  0.52828814903768151
  0.53319427022439536  0.53935802984957459  0.54285403720453229  0.54536908638406101
  0.54783848911902855  0.55043374670000678  0.55395011526822002  0.56036264357764887
  0.56427775246460032  0.56821853073726658  0.57277205532364495  0.57617506260374718
  0.57810365176043266  0.58023057605404693  0.58378271206030030  0.58780608780198429
  0.59108093885254875  0.59449659580350300  0.59777396072072886  0.60313570653777870
  0.61089349249266167  0.62365211235960438  0.64163131003305329  0.65904938044393357
  0.67317685530746074  0.68157278728207760  0.68425028040861957  0.68692777353516143
  0.68920282434677460  0.69024370338969565  0.69128458243261670  0.69219117150377074
  0.69234965827512085  0.69250814504647107  0.69276875330002008  0.69377325188247230
  0.69526760769479845  0.69727618151995874  0.69968390628096622  0.70197987152398500
  0.70329564240955267  0.70458066646060102  0.70902823413315608  0.71955895728209063
  0.74015772402314250  0.75886606324885908  0.77098894423736286  0.78277709627020986
  0.79645208234987430  0.80607549379132115  0.81460026800964025  0.81920817038801297
  0.82408037536674128  0.83134984104876375  0.83915694881136871  0.84862537681310668
  0.88245277879924666  0.91729707406752625  0.95448807186138251  1.00000000000000000
 -0.04724046255904858  0.18270895082901201  0.24502613028650824  0.26230809572087505
  0.26889546591224001  0.27546955184446292  0.28050329923748474  0.28464886405037337
  0.29266104941601406  0.30413873388266610  0.31620509959901805  0.32924727878627585
  0.34837537181678352  0.36773613048169052  0.38073232203732438  0.38686815382689932
  0.39270899410968713  0.40268281864218380  0.40982377301832412  0.41822242857415454
  0.42938858762254817  0.43874299959740493  0.44221842401485095  0.44627945714539091
  0.45164596529627082  0.45849271147208293  0.46778628060675637  0.47797767138467950
  0.48320477737332257  0.48759822593403002  0.49138665910061591  0.49566376082027863
  0.50175469054524846  0.50857995316392546  0.51323282240009316  0.51649079916376084
  0.52003887185923914  0.52332307179830406  0.52651359781210638  0.52969791816017608
  0.53326662894240595  0.53718548478950690  0.54066455808076985  0.54290410252883503
  0.54455190815947374  0.54677810500012047  0.54848263436373856  0.55016718323552782
  0.55221265880190940  0.55464172905194808  0.55930881158213552  0.56804620101720915
  0.58455440117600421  0.59461419767231782  0.60364830201414232  0.61141324553121223
  0.61747290315418346  0.62794487128265741  0.63606099789689929  0.64086592110286078
  0.64324863644137509  0.64563135177988940  0.64810860188027697  0.65072122583410130
  0.65333384978792575  0.65677700955617535  0.66116605897190417  0.66555510838763299
  0.67220128833679405  0.68097220996338659  0.68836193390925127  0.69849201906839231
  0.71092618625285864  0.72454601159152943  0.73787695027530587  0.74994235645868890
  0.76256562135065098  0.77495059313347903  0.78445905226015189  0.79045679892026754
  0.79587549089643594  0.79998947739443937  0.80423209638833137  0.80881755611915362
  0.81604629484081703  0.82343706332651123  0.83001758340108023  0.83708631988497850
  0.84477150653416577  0.85293082559287725  0.86290769825821501  0.88233732348352312
  0.90180365327588707  0.91190901885913422  0.92031976243801505  1.00000000000000000
   2.2666628025985251E-018  -1.0000000000000000     
 T F F F F F F F F F F F F F F F F F F F T F F F T F F F F F F F F F F F T F F F T F F F F F F F F F F F F F F F F F F F T F F F F F F F F F F F F F F F F F F F F F F F F F F F F F F F F F F F F F F F F F F F F F F F F F F F F F F F F F F F F F F F F F F F F F F F F F F F F F F F F F F F F F F F F F F F F F F F F F F F F F F F F F F F F F F F F F F F F F F F F F F F F F F F F F F F T F F F F F F F F F F F F F F F F F F F T F F F T F F F F F F F F F F F T F F F T F F F F F F F F F F F F F F F F F F F T F F F T F F F F F F F F F F F F F F F F F F F T F F F T F F F F F F F F F F F T F F F T F F F F F F F F F F F F F F F F F F F T F F F F F F F F F F F F F F F F F F F F F F F F F F F F F F F F F F F F F F F F F F F F F F F F F F F F F F F F F F F F F F F F F F F F F F F F F F F F F F F F F F F F F F F F F F F F F F F F F F F F F F F F F F F F F F F F F F F F F F F F F F F F F F F F F F F T F F F F F F F F F F F F F F F F F F F T F F F T F F F F F F F F F F F T F F F T F F F F F F F F F F F F F F F F F F F T F F F
  <DiscreteSampler_grid>
  grouped_processes
  1 # 1 for a reference and 2 for a running grid.
  10 # Attribute 'min_bin_probing_points' of the grid.
  1 # Attribute 'grid_mode' of the grid. 1=='default',2=='initialization'
  0.0000000000000000 # Attribute 'small_contrib_threshold' of the grid.
  0.5000000000000000 # Attribute 'damping_power' of the grid.
 # binID   n_entries weight   weight_sqr   abs_weight
    16   10   1.976756809632598E-009   3.593224464983941E-017   1.976756809632598E-009
    17   10   1.976756809632599E-009   3.593224464983944E-017   1.976756809632599E-009
    19   10   5.958342459572402E-010   2.370341948503923E-018   5.958342459572402E-010
    20   10   5.958342459572410E-010   2.370341948503926E-018   5.958342459572410E-010
    22   10   5.885046018860411E-010   2.354697250435818E-018   5.885046018860411E-010
    23   10   5.885046018860423E-010   2.354697250435824E-018   5.885046018860423E-010
    28   10   9.321192625751613E-009   8.477670195771406E-016   9.321192625751613E-009
    29   10   9.321192625751631E-009   8.477670195771436E-016   9.321192625751631E-009
    31   10   1.400823121013102E-008   1.917625375484515E-015   1.400823121013102E-008
    32   10   1.400823121013103E-008   1.917625375484519E-015   1.400823121013103E-008
    34   10   1.400831748147351E-008   1.917661718309775E-015   1.400831748147351E-008
    35   10   1.400831748147352E-008   1.917661718309779E-015   1.400831748147352E-008
    40   10   1.976756809632599E-009   3.593224464983946E-017   1.976756809632599E-009
    41   10   1.976756809632600E-009   3.593224464983944E-017   1.976756809632600E-009
    43   10   5.958342459572404E-010   2.370341948503925E-018   5.958342459572404E-010
    44   10   5.958342459572410E-010   2.370341948503926E-018   5.958342459572410E-010
    46   10   5.885046018860414E-010   2.354697250435820E-018   5.885046018860414E-010
    47   10   5.885046018860421E-010   2.354697250435822E-018   5.885046018860421E-010
    52   10   9.321192625751621E-009   8.477670195771414E-016   9.321192625751621E-009
    53   10   9.321192625751631E-009   8.477670195771436E-016   9.321192625751631E-009
    55   10   1.400823121013103E-008   1.917625375484520E-015   1.400823121013103E-008
    56   10   1.400823121013104E-008   1.917625375484522E-015   1.400823121013104E-008
    58   10   1.400831748147352E-008   1.917661718309780E-015   1.400831748147352E-008
    59   10   1.400831748147354E-008   1.917661718309784E-015   1.400831748147354E-008
  </DiscreteSampler_grid>
