  0.02220959570130869  0.03701147235337573  0.04938065549877355  0.05932907303987704
  0.06758169812163824  0.07656954986419659  0.08444568498880801  0.09234619966682256
  0.10131113416160741  0.10947066731944419  0.11986606557277589  0.13353373845279487
  0.15178095205858561  0.17695725471831630  0.20616101723112168  0.23160696341207465
  0.25092496307175144  0.27117160386722783  0.28262694204962957  0.29228776913056442
  0.30234584058670372  0.31450370187463333  0.32197790649476854  0.33344201645145360
  0.34566151917236543  0.35530151173864616  0.37402171759330649  0.38943614351666278
  0.40487543366020962  0.42288561535691632  0.44463710201392265  0.46690995714351036
  0.48176560738802365  0.49066380160008194  0.49540727038792132  0.50101384404163007
  0.50745899794099958  0.51858278252142143  0.52702859580450945  0.53087396913577756
  0.53446540236915474  0.53845284154965745  0.54605017458624794  0.55465336507486795
  0.55783365960839926  0.55915326376713770  0.56030631950406595  0.56162960827873531
  0.56361639815586617  0.56547549588459922  0.56768626899016528  0.56957510897881791
  0.57075561481807535  0.57193282342284835  0.57606575687869810  0.58265172380741093
  0.58534469963486613  0.58803767546232144  0.59502878659407832  0.60298596810422966
  0.61094314961438112  0.62008769310728118  0.62946540009654628  0.63884310708581127
  0.65077547710171313  0.66521087862829287  0.68579327171179660  0.69877803604970645
  0.70646854434958284  0.71189132010877265  0.71683035532720352  0.72344567867365250
  0.72971487726022100  0.73453845508819704  0.73943972963468652  0.74488627627405857
  0.75524596987523929  0.76480064237627099  0.78322862787233249  0.80475551896537190
  0.82759214058563846  0.84631766309188572  0.86075659592801779  0.87394415465119279
  0.89049810753119685  0.90617736814808092  0.92212404214079058  0.93384332688347804
  0.93951562119222110  0.94405827455303526  0.94781108288768401  0.95091781290580912
  0.95570100210125664  0.96487998159237465  0.97393731391721905  1.00000000000000000
  0.00004127324330663  0.00007087607643168  0.00008012288212523  0.00008465129893518
  0.00008976303449922  0.00009526513697994  0.00009877521751520  0.00010189346624990
  0.00010496097629887  0.00010821401908740  0.00011414771278045  0.00012171617954058
  0.00012956488607375  0.00013468074824051  0.00013883707421772  0.00014247336586204
  0.00014597827844001  0.00015299164064027  0.00015872214907141  0.00016424010560847
  0.00016971585498910  0.00017519052654391  0.00017928405775045  0.00018267054785650
  0.00018633064066803  0.00019039745199276  0.00019738026218002  0.00020784210405922
  0.00021946272387423  0.00023047908040766  0.00023954834429617  0.00024748684706487
  0.00025632058124252  0.00026300075130110  0.00026792249468219  0.00027360570433697
  0.00028085074523834  0.00028687988481651  0.00029261317148898  0.00029879757407150
  0.00030672472621280  0.00031389586912351  0.00032100511618220  0.00032835179239706
  0.00033542154941512  0.00034098946958767  0.00034810071595108  0.00035655567715195
  0.00036662544457464  0.00037753894842385  0.00039079010986246  0.00040874558481050
  0.00043320809208205  0.00045755431819599  0.00047695868219547  0.00048960224745269
  0.00050090910734855  0.00051688566501569  0.00052722616395981  0.00053226354619055
  0.00053699537366707  0.00054223237354504  0.00054810333654225  0.00055419985784362
  0.00055842706001729  0.00056226174020584  0.00056623899734938  0.00057340834792619
  0.00057835666362125  0.00058173132066377  0.00058423237338435  0.00059556526938527
  0.00061282803414535  0.00064024646564662  0.00067071657529692  0.00070533980864680
  0.00073800553228495  0.00077066601955539  0.00080550232079131  0.00084579275030921
  0.00088608317982710  0.00092713092760541  0.00096930695459464  0.00101148298158386
  0.00104886050317839  0.00108217813882956  0.00111000646968438  0.00117220758144718
  0.00129889906997113  0.00141833709715968  0.00148055609768683  0.00159393635201620
  0.00181253614167068  0.00218877737467611  0.05966833829978314  1.00000000000000000
  0.00004089962612252  0.00010492432639905  0.00015330282290657  0.00018353028210492
  0.00020486628420684  0.00022378291722333  0.00023872120698114  0.00024849446848682
  0.00025861715796667  0.00027142499007378  0.00028423282218089  0.00029624410477090
  0.00030818653993005  0.00034098329339546  0.00036047170315440  0.00037898268844415
  0.00039414772084968  0.00040891466403610  0.00042120665152807  0.00043682961095979
  0.00046555655755850  0.00048766842158433  0.00051080164684908  0.00052087115859641
  0.00052845569742948  0.00053542016791192  0.00054284047737561  0.00055435249739632
  0.00057095160675982  0.00059021001379139  0.00060618042877797  0.00061908729655330
  0.00063256125663380  0.00064686222482420  0.00066585143535499  0.00069643228563841
  0.00073314742731945  0.00077362223232426  0.00080115284129187  0.00081836102443219
  0.00083323927252298  0.00085501947677520  0.00088459439503355  0.00090002183176014
  0.00090610530903101  0.00091085109648009  0.00091731909760844  0.00092251827712503
  0.00093369169152830  0.00095165611164243  0.00097686454305749  0.00100062779904140
  0.00102426618689918  0.00104906212839649  0.00107051300830168  0.00109109667664551
  0.00110122892177316  0.00110851688062044  0.00111784836095152  0.00113145326174931
  0.00115557047636497  0.00117311270602254  0.00117772158798657  0.00118329744933319
  0.00118912165257599  0.00120154091580331  0.00121320040786853  0.00122534438127993
  0.00123962689490462  0.00125632030663634  0.00126728440226838  0.00127196133414718
  0.00127663585227961  0.00128129828727487  0.00128596072227012  0.00129058628319188
  0.00129521010391572  0.00132985341498706  0.00137767470237714  0.00142461442777691
  0.00147669684474501  0.00154692178255224  0.00162847713922665  0.00170938104907166
  0.00178486509394783  0.00190206747292469  0.00196512533973534  0.00201195675467180
  0.00207445629154599  0.00219318006604297  0.00240966867651459  0.00267950541121805
  0.00292218739915748  0.00357595348594249  0.40385510484664805  1.00000000000000000
 -0.00004325228780775  0.00065836759374000  0.00074896276076232  0.00086018806902425
  0.00095423293851901  0.00108059170305056  0.00113818219366143  0.00117634385711726
  0.00120547532082385  0.00123268524250097  0.00126127846885291  0.00129797960367215
  0.00134172840592881  0.00138968944217804  0.00141787585138907  0.00143994083719381
  0.00146194369020326  0.00148077031871016  0.00150472065414071  0.00153952090478768
  0.00157272470704980  0.00159477594153042  0.00162221203848317  0.00167128363464499
  0.00171429383138556  0.00174824137754322  0.00178464374757361  0.00183075534698447
  0.00186696522902224  0.00190284211766996  0.00193278172993220  0.00196919997523235
  0.00199727278718185  0.00202542313063593  0.00205083841364258  0.00207040869186667
  0.00208244894780935  0.00209416464637790  0.00210320645890808  0.00211063013071319
  0.00211972745354554  0.00213245035922627  0.00214633211448275  0.00216543514398634
  0.00218560612482951  0.00220779302951736  0.00222216878221906  0.00223372579767579
  0.00224755095006716  0.00226660915857871  0.00228276790124417  0.00229273018046208
  0.00229890016908209  0.00230464772305224  0.00231167775529640  0.00231845427920271
  0.00232482595743502  0.00233210036680086  0.00233932489552191  0.00234650057653760
  0.00235634074138575  0.00237268622745395  0.00238762314953273  0.00239969755073641
  0.00240792626086546  0.00241508654575439  0.00242237344649630  0.00243049329457293
  0.00243891164394221  0.00244657375779476  0.00245750098928506  0.00246985170263256
  0.00248214545915046  0.00257817495057789  0.00331797811506440  0.00361822523560261
  0.00368547405382824  0.00373854258926562  0.00377616623147546  0.00380908471048286
  0.00384515665987418  0.00389790565459347  0.00395975495744663  0.00401577201209893
  0.00408829363480928  0.00419800187880447  0.00427219673800562  0.00434639159720678
  0.00447100762189845  0.00460520575248165  0.00473877333925201  0.00487110357347808
  0.00500343380770415  0.00575749936602983  0.00789201681951232  1.00000000000000000
 -0.00007590593663016  0.00184439954637820  0.00214687744087068  0.00257298352043596
  0.00299912328932197  0.00337763785282225  0.00355467323067564  0.00359896769541010
  0.00360543378032387  0.00361355905150133  0.00362204126207352  0.00363105986583723
  0.00364063530778108  0.00364845759930964  0.00365612478976834  0.00365920154220239
  0.00366227618571706  0.00366534668233947  0.00366843918660146  0.00367154425115463
  0.00367773391650620  0.00368388096504597  0.00369023905019771  0.00369837422631433
  0.00371583429454018  0.00373275300077315  0.00375003268989199  0.00376399664920315
  0.00378881153875123  0.00380895842289391  0.00383088203668132  0.00385030227309650
  0.00386935359558830  0.00388415920133416  0.00389887102373981  0.00391331622306778
  0.00393446198119294  0.00396003758718968  0.00398381267209503  0.00400693651194713
  0.00403094673477811  0.00406619734114357  0.00411071420464838  0.00415337771000422
  0.00419188769648089  0.00423491797732301  0.00427400171146947  0.00429590483148398
  0.00430957595128473  0.00432297300442163  0.00434241309201825  0.00438517456959491
  0.00447914056610704  0.00463763272872132  0.00488515120382803  0.00522622130119396
  0.00539575963194689  0.00550731976343062  0.00559948674331171  0.00568806940597258
  0.00576817189661579  0.00586700665872949  0.00600203421566877  0.00607302203377136
  0.00614400985187395  0.00620132057161031  0.00624635095395560  0.00629065662350083
  0.00632761555956148  0.00636457449562213  0.00646941754867485  0.00661202710191544
  0.00675150556919654  0.00687512354780222  0.00699159346256820  0.00711688529089716
  0.00729813080080914  0.00751164664066084  0.00773593220412557  0.00808187630772214
  0.00876806824188155  0.00955229435886604  0.01007333013193228  0.01044009903220606
  0.01080389619581288  0.01118407761623888  0.01193913850368031  0.01311704160763334
  0.01453525330047761  0.01671909872490880  0.01845284662326787  0.02080333202946673
  0.02372084873300724  0.02733364725254387  0.03205080588656733  1.00000000000000000
 -0.00005744767443134  0.00136389315041299  0.00618673632373565  0.01437370071071735
  0.02104093874273995  0.02916967895335141  0.03937628627868033  0.05137497335087772
  0.06036715696099817  0.06932128471361473  0.07589765343006545  0.07943133130265882
  0.08017974956404866  0.08089541717678143  0.08187195652627405  0.08404808946259087
  0.08627471864120685  0.08898573185766820  0.09304109377508160  0.09769104430601586
  0.10195896161088241  0.10599376765832555  0.11680089257809115  0.13692494290517093
  0.15172258600782113  0.16534875552089623  0.18060884269958147  0.19823888096074510
  0.22301449008091273  0.24701836843239797  0.26791755940878631  0.28098226995106274
  0.29134177025597591  0.30632089244054200  0.31406073636752990  0.31777301932036567
  0.32148530227320143  0.32490060361474749  0.32825484743927874  0.33160909126381005
  0.33580421592953341  0.34011497235225402  0.34442572877497463  0.35444912163050046
  0.36430178656315276  0.37941557033828710  0.39732068096379258  0.41791608177362838
  0.43381536330590803  0.44162696399965129  0.45064457017409437  0.46324387101372339
  0.47872967886020168  0.48846293543164077  0.49658224477436752  0.50487883337333506
  0.51411507580486693  0.52434794396946871  0.54662845148004713  0.56263682609704657
  0.57701813620291853  0.58631077665011067  0.59548959483070751  0.60419300515817942
  0.61366283300546931  0.62475040397603909  0.63399384485676225  0.64270262425572888
  0.64896114285801765  0.65459494418270381  0.65895857703313188  0.66507592965867834
  0.67170699138334689  0.67921701130667844  0.68698540719755730  0.70151285336646385
  0.72180421653274529  0.74233095510553682  0.76100512429028966  0.77484177708076574
  0.78473782895133515  0.79359601509668021  0.80540459076084858  0.81612853503814187
  0.83125948821750062  0.84440878219002991  0.85435023586192627  0.86482386758488894
  0.87410974226592009  0.88397368649965269  0.89705677208789947  0.91699560069915387
  0.94013320011348067  0.96209438330325558  0.98170833136808977  1.00000000000000000
 -0.00375932491260164  0.01674183108956397  0.01935576176662677  0.02111096585245573
  0.02286085590980556  0.02458775460873588  0.02630623524867948  0.02983413422863589
  0.03312539096843057  0.03653194825354642  0.04054039532601088  0.04533499294361625
  0.04769981041983579  0.05017088319758705  0.05308730644781329  0.05725028929867055
  0.06348893999255742  0.06870123502243246  0.07326236149339801  0.10056227513121624
  0.11683612144485282  0.13264379796812886  0.14799552165412075  0.16427297713067526
  0.18335304396601398  0.21377232447919478  0.23617752894525637  0.24483771171558641
  0.25120432161315243  0.26046467571493725  0.26838001617337742  0.27623185015299656
  0.28882566958660583  0.30579772153240259  0.31591511211935347  0.32266406951716886
  0.32871046654475983  0.33978358176231166  0.35206041606289940  0.36471156980882752
  0.37570306198007719  0.38711566759924060  0.40497550580449732  0.42152138363608743
  0.43908995552876284  0.47334887183132568  0.49655703867690515  0.50981861168671816
  0.51960255919188303  0.52953373785183411  0.54000946519604642  0.54976297310918265
  0.55826624145101889  0.56301016789215130  0.57207114353085475  0.58079075142252157
  0.59030208009451957  0.59696873143373275  0.60173425188918805  0.60557075554416517
  0.61032031321745395  0.61387823354353499  0.61556911444748841  0.61740749512726556
  0.62002226717597764  0.62263703922468971  0.62507478822972484  0.62743236059533503
  0.63010714701090231  0.63456409622141252  0.63940148260666629  0.64713348944716953
  0.65970042182244959  0.67367659235489508  0.68961562018114564  0.70591940761074889
  0.72501248691495634  0.74152253118025324  0.75193686690426720  0.75848618118395938
  0.76393765801946045  0.77050604949949308  0.78021527100697718  0.79234232039334573
  0.80747251328265301  0.83123860188640608  0.86691155733276182  0.89432246494926171
  0.91124920100624451  0.92797627659556203  0.94383977679130060  0.95313933041095056
  0.96265520690602291  0.97382805510674642  0.98668568753778629  1.00000000000000000
 -0.00443786221447609  0.02231013843608831  0.03787547888351734  0.04698738988028214
  0.05452182526999175  0.06046529897328481  0.06815954593786738  0.07907767263946462
  0.09604641724095395  0.10732900150560391  0.11198690328783634  0.11621260854877825
  0.12171077764205278  0.13252466188415316  0.14506876718533715  0.15299555361625192
  0.16218937486666671  0.17429662571112670  0.18187241874883581  0.19191822860548960
  0.20871882946705070  0.22343466765496367  0.23522777347434751  0.24295004551295013
  0.24917407772378400  0.25136565856753401  0.25302630451503599  0.25478474664541162
  0.25668296545771169  0.25960979827011810  0.26617413835887299  0.27584489785069621
  0.28674457961650740  0.29435252703927595  0.30214284069130898  0.31010003476506232
  0.31804100771764499  0.32729491921603465  0.33719239967343145  0.35294366775005048
  0.37156304314594080  0.37979127313780842  0.38940177735054998  0.40040326731844073
  0.41808940539516382  0.44035063534976104  0.46844344872286275  0.49140544064637398
  0.51578612409251734  0.54146555504486238  0.56306563816840649  0.57674422444607210
  0.58855796149826800  0.59701107654612628  0.60408341893467477  0.61391473044367151
  0.62594077757432931  0.63917956745562254  0.65358566241296301  0.66692577435972433
  0.67775664765156818  0.68771749518945846  0.69695395218203049  0.70680317277756699
  0.71966016243090580  0.73500095275411459  0.75762172578283660  0.78166086189421025
  0.78624044510026836  0.79185442681696527  0.79726547659334557  0.80274493079832321
  0.80884257472407617  0.81518469780235625  0.82116151277283012  0.82667563450238035
  0.83208190824312367  0.83735249307056592  0.84149802850505284  0.84501569173729896
  0.84861225247306260  0.85817378007535539  0.87238518881628724  0.88066989053443401
  0.89084173113511034  0.90123388005909677  0.91011676257104657  0.91899964508299636
  0.92839902497269233  0.93808875261752178  0.94753670493388209  0.95316606815240001
  0.95879543137091805  0.96783140813225721  0.97998990404450903  1.00000000000000000
 -0.00758390351771170  0.03216820970885396  0.04938498613628606  0.05816347577701766
  0.06317987031388926  0.06830826997966793  0.07343211392270302  0.07771753615368773
  0.08434765098097971  0.11076543558887372  0.13368947132595804  0.14914658557846830
  0.15974410388406227  0.17182744734925426  0.18871287719999055  0.20686160878966883
  0.22378953708244187  0.23821831575418800  0.24449083212228506  0.25076334849038212
  0.25648202085621286  0.26084625401075695  0.26521048716530099  0.26951871449529136
  0.27311119328715106  0.27670367207901070  0.28029615087087034  0.28704982405721136
  0.29500900756662385  0.30649550957366845  0.31993414802887632  0.33475562203913289
  0.34538058125739385  0.35213642247881360  0.36031534322339603  0.36934752786515601
  0.37759696180915592  0.38578085342173313  0.39994009453014162  0.41063453865479643
  0.42472149237865625  0.43661701904240557  0.44548330899291400  0.45306178746072789
  0.45732253720201355  0.46132449241105061  0.46457576839481624  0.46802719755182870
  0.47232429924822572  0.47611192229100135  0.47947696982011995  0.48299340534646451
  0.48665679484085489  0.48993284372355494  0.49265759977108459  0.49538462012147566
  0.50649983926844289  0.52748314332596591  0.54367044761969274  0.55717150961144168
  0.56996972744506291  0.58111401216882619  0.59249521159519836  0.60337384717214493
  0.61309158200516523  0.62557138579688965  0.63652620283135264  0.64578279312721809
  0.65574621629691732  0.66687003495993702  0.68177807516909805  0.70331363495539490
  0.73204685269610670  0.75399189000893463  0.77946582259520247  0.79613169014628382
  0.80777359143764504  0.81766541699033546  0.82784286672837293  0.83956947382606351
  0.85219366289402165  0.86568315719474165  0.87971295765122626  0.89239897563030779
  0.89768208583546383  0.90022414640438120  0.90530424395522269  0.91365692667362863
  0.92133314885929873  0.93080765684922828  0.94397269455458221  0.95538552051142189
  0.96422134519714919  0.97367795624368236  0.98549237439795467  1.00000000000000000
 -0.00381721138633689  0.00613741667346144  0.01549490258642418  0.02285554096386230
  0.03021617934130041  0.03612376191477003  0.04190261638295820  0.04546386887167364
  0.04786967250304512  0.05041936972152395  0.05358174130920038  0.05662316644639590
  0.05950824274967223  0.06662816256200108  0.07711836397942540  0.08562032799531241
  0.09318611895750122  0.10184757274077015  0.11089254707090732  0.12079233159722111
  0.13015327278996761  0.14386834160149309  0.16318016739403646  0.18402687109957946
  0.20205646167110872  0.21654677073841469  0.22969217560958741  0.24286768019484112
  0.25753689043167916  0.28454183851610015  0.31226631159031559  0.33311711563964108
  0.35097122456045804  0.36783283672786288  0.38232765387482787  0.39635444707355000
  0.41354784415286733  0.42964152168096953  0.44171449442311733  0.44891004675115553
  0.45474419208534483  0.46112208078298417  0.47066731088697505  0.48342634190120254
  0.49696454783123750  0.50404083772454089  0.51124010573518164  0.52335120910746979
  0.53251370584652791  0.53918163326852142  0.55129531130406950  0.57121138653629633
  0.59275188848018012  0.61486339093784392  0.63160005719173218  0.63394046599458587
  0.63574014197847029  0.63784310601510186  0.64000110580323688  0.64206027527691234
  0.64405038633738654  0.64589660968049478  0.64825598626350434  0.65034988543990380
  0.65241086318415520  0.65869754596566732  0.67163310788464792  0.68516891278181558
  0.70564324564269409  0.71314407462558893  0.71904686935894135  0.72492810357759019
  0.73068348764638447  0.73643887171517874  0.74185889444417952  0.74673598392553009
  0.75161307340688055  0.76404194306296125  0.78389665698314626  0.80696358612710672
  0.83121983464484006  0.86089272354374402  0.87052472910395562  0.87530205295664776
  0.88054628299074611  0.88772563504445712  0.90750803839395522  0.93348406999162870
  0.94636502579356963  0.95424658840401344  0.96123456966089615  0.97059238062171160
  0.97909564368316837  0.98331102436159168  0.98990950585477611  1.00000000000000000
 -0.00134093567669198  0.00401748872359134  0.01015570414541012  0.01713483183772472
  0.03287103166984582  0.04585357564677571  0.05420693300137067  0.06270105668918460
  0.07129591959497096  0.08732228903651218  0.10777278169486385  0.12181349354357868
  0.13336458407459251  0.14412506732905717  0.15319136992957247  0.16005465758847218
  0.16604300816391254  0.17230038235113757  0.17872117548483379  0.18479562307759173
  0.19079604923306254  0.19941512145899379  0.20898157607185794  0.22331248205576187
  0.24757757608920966  0.28043219747696174  0.30761107397809484  0.32312875738932562
  0.33247362846082179  0.33698560318603715  0.33919496182781450  0.34228715618940153
  0.34504132070275401  0.34810178781339590  0.35136596620717342  0.35438697242781675
  0.35738996187461669  0.36079078248348323  0.36372350965328976  0.36644769749200412
  0.36976057620708225  0.37389818074970599  0.38917856159856001  0.40853548175760934
  0.42555359936015080  0.44535239291591006  0.46666816433804725  0.48140003675655113
  0.50150796775006934  0.52622113834225792  0.55137588698831952  0.55994397494595205
  0.56562723133042470  0.57104125415342000  0.57533233355429048  0.57962341295516107
  0.58350303925461167  0.58704496258086847  0.59058688590712527  0.59934695811978367
  0.60882064054303409  0.61616935510413007  0.62578721832136641  0.63942800609623340
  0.64846857276922021  0.65499986235800300  0.66504445245873234  0.67420052572312550
  0.68217349656999593  0.69632668397006148  0.70749553345051786  0.71742744887761400
  0.72489023978230094  0.73265397758725359  0.74118476127458455  0.75589721669087762
  0.76776445400833615  0.78486049342302999  0.79939978126614131  0.81021577518368015
  0.82075693242244629  0.82858867215817411  0.83430568294020546  0.84288886188267109
  0.85523372452571500  0.86911156149928559  0.88315968073620466  0.89746574836629700
  0.91616543610550683  0.92774114589481671  0.93780294444866241  0.94731451351639895
  0.95912691771850445  0.97332764237097724  0.98672307181616081  1.00000000000000000
 -0.00601199790928254  0.02824536334467361  0.05588668903248653  0.07182985220502869
  0.08591370242620130  0.09520480711664192  0.10311575497275942  0.11264577098582759
  0.12206090378771935  0.13292666314035581  0.14278384285938150  0.15335579499959553
  0.15673057312313673  0.16010535124667791  0.16295319557232754  0.16525735139953082
  0.16756150722673410  0.17182216194324246  0.17614321937135127  0.18323228223959162
  0.19514403362751626  0.20542602390146214  0.21647507582011885  0.22933092894409848
  0.25347446198579726  0.27426631841941468  0.28689398303005215  0.30000583388215679
  0.31668252821228343  0.34798622794786932  0.38290679951430151  0.40318489316103145
  0.41507256546877186  0.42577740242942275  0.43677347205645622  0.44852324432980917
  0.46136866935259269  0.47580467080578437  0.49280495111886624  0.50807882172557850
  0.52247671224689829  0.53021993680495560  0.53814408541547665  0.54532404568234705
  0.55237254342514464  0.56124260523820979  0.57075436424866954  0.57996072218640426
  0.59476279273967569  0.61482766793133059  0.63112703679113846  0.64618339313681561
  0.65655532480472101  0.66817892061031192  0.67833233179093810  0.69025348178827239
  0.70577667480411477  0.71825512172886485  0.72342011524462202  0.72683113448884040
  0.73136395948899302  0.73610960081203092  0.74362520528095066  0.74716388652338495
  0.75085961251849398  0.75485014247562443  0.76201979946682219  0.77151035196188622
  0.78885631282699842  0.80609499896327397  0.81721629749642732  0.82783316941070051
  0.83818586613193913  0.84837885168649640  0.85612767447549465  0.86266283079590433
  0.86852389365507665  0.87196648806557897  0.87544912555288368  0.87894662318852290
  0.88243307450302411  0.88789019888410403  0.89165329017317541  0.89551666249288431
  0.89975322157978022  0.90148441625319342  0.90577381630166021  0.91107504785288174
  0.91937345276435478  0.92830487078666968  0.93857950262926548  0.94819943404587270
  0.95832380811987006  0.96922356211180716  0.98123484412545092  1.00000000000000000
 -0.00217124836871881  0.01395708798428573  0.02586607121887160  0.03434050638114942
  0.04210209527958259  0.04994113626040594  0.06358501214610163  0.07728297642683121
  0.09246513737977564  0.10683785669117940  0.11790942991959033  0.13102590887143084
  0.13947510367678440  0.14774298844532957  0.15669872881815913  0.16477321740173892
  0.17342099689339419  0.17865837461802342  0.18177916338441677  0.18495252930550790
  0.18791611597413505  0.19019838861594776  0.19251517315006553  0.19520433564605266
  0.19811825717253026  0.20056164181353178  0.20275965591673148  0.20488097138036582
  0.20812504477869226  0.21967037098438447  0.22938290804457862  0.23964166102422946
  0.25140610438259686  0.26407119828351178  0.28720042556897196  0.30976791912351020
  0.33628676296226434  0.35620953053005350  0.36689029520646155  0.37583045072043136
  0.38618731437653442  0.39770641484007702  0.40823946070580380  0.41733723258546940
  0.42643500446513494  0.43419070415327043  0.44181845662500657  0.44822391442918430
  0.45275816064381175  0.45729240685843919  0.46818228160670139  0.47931721755087686
  0.48952257170463981  0.50281058963487102  0.51131791135006111  0.51657357410750337
  0.52054093531963175  0.52476809657834689  0.52956112966382329  0.53856452503088392
  0.54993446023303516  0.56187838458070949  0.57608271996762961  0.59354168359631820
  0.61050980996141646  0.62665251401493416  0.64656314515277036  0.67099257366613585
  0.69787800880450090  0.72446451797234668  0.74785593304273568  0.76903980122086835
  0.79119207613410536  0.81506155256876944  0.82598802413691963  0.83078972165474252
  0.83453565797893581  0.83895505992234243  0.84759429114196261  0.85650378059026788
  0.86202342161289158  0.86710903543498175  0.87410025332794383  0.88283141406742871
  0.89336632388286263  0.90217848565881864  0.91029895974516806  0.92304186414775613
  0.94154887293925216  0.94838333262153363  0.95423942897909697  0.96052326150283540
  0.96699340769685194  0.97360217837932239  0.98595671130183360  1.00000000000000000
 -0.00560925638405745  0.02754791728975785  0.04566232960130552  0.05365613488845203
  0.05733740007902270  0.06101866526959337  0.06580489171172471  0.07096625773488707
  0.07612762375804945  0.08175313768503367  0.08742233698698040  0.09334117656132548
  0.10714213102832608  0.12051967031837510  0.13314376641183404  0.14508066890532859
  0.15631258516666943  0.16851106357523843  0.18638605732302962  0.19956206522999156
  0.20780862075120729  0.21829221106701374  0.22542666895919580  0.22807745833399654
  0.23332351532324913  0.24524027734821449  0.26122452738393181  0.28387518104915321
  0.31116778606824569  0.32261394960608963  0.33266810009309072  0.34305307618429959
  0.35520918785487798  0.36517361634139439  0.37947322124453098  0.39564569133414884
  0.41282205176795111  0.43015798744004075  0.44776479861595642  0.46578943021952279
  0.47724879515515206  0.48506832942091316  0.49415857969677018  0.50487834682106192
  0.51881419863599221  0.53579662780637416  0.54962310478261733  0.56085028657977531
  0.57649061569839999  0.59271239073059290  0.61791949896472065  0.65755081788769310
  0.69370676529392417  0.70890986000671952  0.72414424072176631  0.73942276007214303
  0.75507040438107909  0.77092607018842507  0.78677783509557409  0.80262686752583079
  0.81236571710806238  0.82122771105650827  0.82920728796719601  0.83881895583392341
  0.84156151233196130  0.84250648133193806  0.84345648438988130  0.84481540225836971
  0.84620920848762704  0.84782216146847278  0.84939331685568986  0.85030838454532875
  0.85120930634598913  0.85209721809671890  0.85606540325090641  0.86723954747132226
  0.87815449204277052  0.88882257530087094  0.89931205539844461  0.90786114128427853
  0.92141087514563924  0.92939558226141827  0.93968708455647354  0.95187812037089348
  0.96648919962010615  0.96913786704027938  0.97173832548817218  0.97406489750614433
  0.97607283256039634  0.97778119686768394  0.98239423617663746  0.98530772308041703
  0.98808838137456678  0.99071240682141315  0.99558498835770703  1.00000000000000000
 -0.00988170029557168  0.04078097128219408  0.05950216263112371  0.07161112220609259
  0.08060067975126303  0.08757810984860356  0.09527155055302110  0.10251104146584884
  0.10940139261754636  0.11325830225524047  0.11719558352327288  0.12080178779351168
  0.12429782830996242  0.12994254569861827  0.13696651913860977  0.14328456409767854
  0.14845938308837026  0.15417796946545848  0.16328929331710673  0.17745521437336240
  0.18409899853727552  0.19000502227141769  0.19585680375393760  0.20406421521178775
  0.23422511519189951  0.26602023040072315  0.29393571583006511  0.31685845726214507
  0.33106980659217417  0.33595899294021403  0.34084817928825389  0.34529024622446802
  0.34943212986283761  0.35357401350120715  0.35640179977387826  0.35920500489672852
  0.36332741786745426  0.37152352929650551  0.38525972798164959  0.41402999881933089
  0.45300887546499036  0.48872518156387562  0.50769578217459632  0.51526809904519744
  0.52252522248998623  0.52971538301420795  0.53270497099756697  0.53562735156778363
  0.53886069949512239  0.54376116530567631  0.55707585986768016  0.56852468826467661
  0.57862791613477604  0.59091184340284686  0.60540279794102037  0.61278985760282756
  0.61973205647428076  0.62606693450747419  0.63016726572158577  0.63406713842821827
  0.63988132057601055  0.64692149025033363  0.65386343587328855  0.66501451162246750
  0.67855447081158027  0.68376000967703732  0.68844346937589829  0.69762870051734038
  0.70711816205410005  0.71456655037650407  0.71880166310038163  0.72306220615082928
  0.72822130150683917  0.73618397659582924  0.74437089411196311  0.75629725596327446
  0.76519125894971474  0.77561211853960066  0.78737243492312892  0.79934564170443079
  0.81130610855611918  0.81856668131343613  0.82229532752109802  0.82512610961205368
  0.83130433212165067  0.84034198871436161  0.85192288409956429  0.86154292991705717
  0.87013798874878368  0.88047195918571985  0.89230161162290877  0.90810895626341381
  0.93034031266034722  0.95396859678396795  0.97891639723116919  1.00000000000000000
 -0.00046268673007164  0.00344298725261568  0.00770891652251596  0.01022248118292150
  0.01489080493859748  0.02023058398313161  0.02498738670198585  0.03092385983772219
  0.03682571559110449  0.04166116030363606  0.04658373910182734  0.05071868917555018
  0.05359130612929863  0.05821918772181855  0.06498691560774975  0.07182393651828449
  0.07929384387342632  0.08864473268454891  0.09941386788831978  0.10937950227091463
  0.11993410406548378  0.12498128976585554  0.12917702581920046  0.13133480547114690
  0.13336149681076104  0.13539328941353382  0.13812987006354896  0.14159399635608191
  0.14520580828653465  0.15012068843369200  0.15400334028953713  0.15616106584759368
  0.15832466102277251  0.16136562497347881  0.16984744129593438  0.17804045921177122
  0.18514038992832899  0.19306093105380207  0.20106194954316939  0.20882113636532812
  0.22068652826166155  0.23371460609172948  0.25054085226348893  0.27149276831524322
  0.29729606326307539  0.32556458200878680  0.35871994250716083  0.39968610897863488
  0.43813831220760385  0.46333652485466759  0.49304097576238531  0.51418404771055726
  0.53013530219463711  0.54377089540395906  0.55357968768493193  0.56520481371007392
  0.57423952413366286  0.58287020387068900  0.59172983315918593  0.59794216460072036
  0.60190575544986191  0.61279747929351724  0.62447803265998059  0.63112889649027559
  0.63687177715434806  0.64249809281606329  0.64853516126867838  0.66507643724342358
  0.68467205635574402  0.69285822120931129  0.69889897634851184  0.70468850407448358
  0.71280996246523654  0.72058586415079351  0.72431297068481926  0.72791111019388754
  0.73556507711020325  0.74333546618565693  0.75228338755651736  0.75964395357392289
  0.77289892995197562  0.78650281644298825  0.79958995326188498  0.81365857414817955
  0.83471105366434162  0.86007086087746309  0.88622923266410036  0.90496630015537582
  0.91779791944175149  0.93062953872812715  0.94282417905851512  0.95491403523443963
  0.96691089122335783  0.97794059414890533  0.98897029707445283  1.00000000000000000
 -0.00857203974258219  0.01665120281210678  0.03798034954571083  0.04945895815509135
  0.05594074206257178  0.05949406148054903  0.06304738089852627  0.06577032471387563
  0.06824877667607887  0.07072744702636864  0.07320727877417463  0.07568711052198061
  0.08413405981745765  0.09551772782373713  0.10180064076880620  0.10718315642639137
  0.11200792435684558  0.11616773659650896  0.12439140239130117  0.13536650980099690
  0.14774422583143332  0.16046528799573898  0.17201251150756885  0.18014077965991546
  0.18527455431936365  0.19131190736800788  0.19567464804731788  0.19998612307799804
  0.20348477089563480  0.21013790008728522  0.22097474826134939  0.23373369792966223
  0.24919560159461682  0.26718170547741721  0.28198961688017538  0.29185174038530476
  0.30449360709250683  0.32024737574977563  0.33571254656540678  0.35102568728233918
  0.36957267068341321  0.38670000202674720  0.40403649330323455  0.42213203507943226
  0.43138865733192860  0.43851938100710453  0.44457204635957370  0.45180589951253142
  0.45829016786892229  0.46063704326027777  0.46164825755547634  0.46237858516922953
  0.46310970666705370  0.46404201835790898  0.46725251204002538  0.47030235770241174
  0.47249174496951557  0.47458465675181638  0.47744368358040701  0.48139104259952581
  0.48672318531715508  0.49409870223011848  0.51820866454622017  0.55209918696976568
  0.58569096569896095  0.61317823217448042  0.63404632450745713  0.65095671603692717
  0.66682403345142083  0.68467194804867471  0.69865101800123797  0.70646885720911767
  0.71461136478404197  0.72295194396417317  0.73362324045030025  0.74454161200531488
  0.75707197934174064  0.76824195904088943  0.78233158532345659  0.79859477271967960
  0.81576146114085735  0.83794275467113122  0.86263695645492156  0.87773314247561507
  0.88964854009778560  0.90091171611077381  0.91379807593943807  0.92732517196211761
  0.93710987587754013  0.94426395274055874  0.94862646190312383  0.95343397231076177
  0.96152036438926236  0.97122702307246345  0.98536064053902028  1.00000000000000000
  0.09887614087392738  0.92687016710610104  0.93755993344442090  0.94294262967020570
  0.94602841503395740  0.94788994508050739  0.94963129670353730  0.95141825540805980
  0.95248007387568745  0.95290777603450438  0.95327759767732434  0.95378821538862757
  0.95550406421633138  0.95732105539753176  0.95888132681762017  0.95967611626277249
  0.96031098004862125  0.96102302506745430  0.96147617776953676  0.96177809196892505
  0.96234019031654483  0.96304903457303115  0.96397965126005980  0.96490749480627114
  0.96580536211543888  0.96664425594772663  0.96739286541933278  0.96828748824833089
  0.96936650965466054  0.97063302300140786  0.97172180818260112  0.97287914553402366
  0.97412286752212851  0.97541762057987036  0.97684462648969650  0.97839179439774193
  0.97945818275537844  0.98030811881553226  0.98097593336410360  0.98176474736950514
  0.98271187637278323  0.98381247443824815  0.98471378425475686  0.98514616380459952
  0.98544839642272619  0.98567213012713151  0.98581609366315182  0.98595874709785192
  0.98605323335225614  0.98613395363249112  0.98620605274125872  0.98630361100972697
  0.98650401375705532  0.98679226681942278  0.98701953463282721  0.98717248692345749
  0.98734094798173444  0.98751149981096076  0.98766745347802987  0.98777798391848648
  0.98788851435894320  0.98801311908105538  0.98814883315945856  0.98828454723786163
  0.98841822442173888  0.98855137198263010  0.98868817573386947  0.98905920685680415
  0.98957716996831147  0.99017829611171237  0.99081148387381079  0.99122535629771524
  0.99153829311686215  0.99172072043268811  0.99185070896654781  0.99196927716650518
  0.99210531751840492  0.99223901738660669  0.99238450192944361  0.99252451950771625
  0.99264800924213803  0.99278019236120751  0.99291448593367382  0.99302883577622258
  0.99312827120239811  0.99350309382505220  0.99387512967117930  0.99417738423357049
  0.99448214461683204  0.99502935485130461  0.99566587995456679  0.99608413856151912
  0.99649954233214799  0.99696214602887578  0.99756636224959683  1.00000000000000000
 -0.03821454212181796  0.18757715494252697  0.27127265906196313  0.30863485106903904
  0.32625308014932219  0.34362446735408142  0.35677356513754033  0.37342930482029824
  0.39136887951688465  0.41649514024048395  0.44037012955716714  0.45449759494856279
  0.46466959897800464  0.47662482319339006  0.48621066151811598  0.49452231995101031
  0.50237796446670446  0.50908973592206108  0.51536782065606990  0.52088590686688530
  0.52634200485214311  0.53191054917370406  0.53922108207822284  0.54751685339525147
  0.55416893552750934  0.56026831356430717  0.56594036843861650  0.57052310239571291
  0.57481361827977639  0.57997443777573976  0.58682630893187115  0.59063246265477587
  0.59438266992898903  0.59847587487157328  0.60326321042331454  0.60805054597505581
  0.61160565393293320  0.61458211698025123  0.61764093459043368  0.62325225357036507
  0.62626474675958355  0.62941407147562378  0.63263203753209529  0.63476815894194105
  0.63823213943582091  0.64410665878671902  0.64723638744590040  0.64951613136496367
  0.65178123347593575  0.65460518033300186  0.65713510395366392  0.65953663098526671
  0.66336210615254843  0.66854612322115692  0.67387575170381286  0.67832917413818550
  0.68534652054046630  0.69172131651219515  0.69450614635819896  0.69622376159310340
  0.69777480552892002  0.69939919461861799  0.70107798225798568  0.70245774892214374
  0.70370806040440403  0.70499011899146580  0.70649895479224389  0.70808362118552903
  0.70957121373121301  0.71114501995942103  0.71411438051521958  0.71993391383795724
  0.72470594027941349  0.72836106951071589  0.73176650435664148  0.73543783996618917
  0.73923286297562418  0.74323219907735572  0.74800672399917489  0.75690031950565217
  0.76756620705796663  0.77822574527687849  0.78324538546795264  0.78680601986297294
  0.79162983740132153  0.79919065799856970  0.80581747032825579  0.81441782180823186
  0.82404527770210090  0.83326002720802828  0.84247455653812087  0.85641948154870862
  0.87138019401216327  0.90593734170995210  0.95296867085497594  1.00000000000000000
   3.5556254375648815E-018  -1.0000000000000000     
 T F F F F F F F F F F F F F F F F F F F T F F F T F F F F F F F F F F F T F F F T F F F F F F F F F F F F F F F F F F F T F F F F F F F F F F F F F F F F F F F F F F F F F F F F F F F F F F F F F F F F F F F F F F F F F F F F F F F F F F F F F F F F F F F F F F F F F F F F F F F F F F F F F F F F F F F F F F F F F F F F F F F F F F F F F F F F F F F F F F F F F F F F F F F F F F F T F F F F F F F F F F F F F F F F F F F T F F F T F F F F F F F F F F F T F F F T F F F F F F F F F F F F F F F F F F F T F F F T F F F F F F F F F F F F F F F F F F F T F F F T F F F F F F F F F F F T F F F T F F F F F F F F F F F F F F F F F F F T F F F F F F F F F F F F F F F F F F F F F F F F F F F F F F F F F F F F F F F F F F F F F F F F F F F F F F F F F F F F F F F F F F F F F F F F F F F F F F F F F F F F F F F F F F F F F F F F F F F F F F F F F F F F F F F F F F F F F F F F F F F F F F F F F F F T F F F F F F F F F F F F F F F F F F F T F F F T F F F F F F F F F F F T F F F T F F F F F F F F F F F F F F F F F F F T F F F
  <DiscreteSampler_grid>
  grouped_processes
  1 # 1 for a reference and 2 for a running grid.
  10 # Attribute 'min_bin_probing_points' of the grid.
  1 # Attribute 'grid_mode' of the grid. 1=='default',2=='initialization'
  0.0000000000000000 # Attribute 'small_contrib_threshold' of the grid.
  0.5000000000000000 # Attribute 'damping_power' of the grid.
 # binID   n_entries weight   weight_sqr   abs_weight
    16   10   2.142480890456151E-021   2.385630115985284E-041   2.142480890456151E-021
    17   10   2.142480890456148E-021   2.385630115985270E-041   2.142480890456148E-021
    19   10   2.428610973452872E-021   3.087458766822047E-041   2.428610973452872E-021
    20   10   2.428610973452867E-021   3.087458766822033E-041   2.428610973452867E-021
    22   10   3.340990709634071E-021   4.217183571690817E-041   3.340990709634071E-021
    23   10   3.340990709634065E-021   4.217183571690799E-041   3.340990709634065E-021
    28   10   1.377520467441805E-021   8.761638418103532E-042   1.377520467441805E-021
    29   10   1.377520467441812E-021   8.761638418103659E-042   1.377520467441812E-021
    31   10   1.797912067139401E-021   1.831780500162890E-041   1.797912067139401E-021
    32   10   1.797912067139402E-021   1.831780500162890E-041   1.797912067139402E-021
    34   10   2.827239442823628E-021   5.203451328877991E-041   2.827239442823628E-021
    35   10   2.827239442823634E-021   5.203451328878014E-041   2.827239442823634E-021
    40   10   2.142480890456150E-021   2.385630115985284E-041   2.142480890456150E-021
    41   10   2.142480890456148E-021   2.385630115985270E-041   2.142480890456148E-021
    43   10   2.428610973452871E-021   3.087458766822046E-041   2.428610973452871E-021
    44   10   2.428610973452868E-021   3.087458766822034E-041   2.428610973452868E-021
    46   10   3.340990709634070E-021   4.217183571690817E-041   3.340990709634070E-021
    47   10   3.340990709634066E-021   4.217183571690801E-041   3.340990709634066E-021
    52   10   1.377520467441805E-021   8.761638418103525E-042   1.377520467441805E-021
    53   10   1.377520467441813E-021   8.761638418103673E-042   1.377520467441813E-021
    55   10   1.797912067139401E-021   1.831780500162890E-041   1.797912067139401E-021
    56   10   1.797912067139402E-021   1.831780500162892E-041   1.797912067139402E-021
    58   10   2.827239442823628E-021   5.203451328877993E-041   2.827239442823628E-021
    59   10   2.827239442823631E-021   5.203451328877998E-041   2.827239442823631E-021
    64   10   2.142480890456150E-021   2.385630115985283E-041   2.142480890456150E-021
    65   10   2.142480890456147E-021   2.385630115985268E-041   2.142480890456147E-021
    67   10   2.428610973452867E-021   3.087458766822038E-041   2.428610973452867E-021
    68   10   2.428610973452864E-021   3.087458766822021E-041   2.428610973452864E-021
    70   10   3.340990709634064E-021   4.217183571690802E-041   3.340990709634064E-021
    71   10   3.340990709634060E-021   4.217183571690785E-041   3.340990709634060E-021
    76   10   1.377520467441806E-021   8.761638418103534E-042   1.377520467441806E-021
    77   10   1.377520467441811E-021   8.761638418103636E-042   1.377520467441811E-021
    79   10   1.797912067139399E-021   1.831780500162885E-041   1.797912067139399E-021
    80   10   1.797912067139399E-021   1.831780500162885E-041   1.797912067139399E-021
    82   10   2.827239442823634E-021   5.203451328878022E-041   2.827239442823634E-021
    83   10   2.827239442823635E-021   5.203451328878023E-041   2.827239442823635E-021
    88   10   2.142480890456149E-021   2.385630115985282E-041   2.142480890456149E-021
    89   10   2.142480890456148E-021   2.385630115985269E-041   2.142480890456148E-021
    91   10   2.428610973452866E-021   3.087458766822036E-041   2.428610973452866E-021
    92   10   2.428610973452865E-021   3.087458766822024E-041   2.428610973452865E-021
    94   10   3.340990709634064E-021   4.217183571690797E-041   3.340990709634064E-021
    95   10   3.340990709634063E-021   4.217183571690788E-041   3.340990709634063E-021
    100   10   1.377520467441805E-021   8.761638418103517E-042   1.377520467441805E-021
    101   10   1.377520467441812E-021   8.761638418103664E-042   1.377520467441812E-021
    103   10   1.797912067139399E-021   1.831780500162885E-041   1.797912067139399E-021
    104   10   1.797912067139401E-021   1.831780500162888E-041   1.797912067139401E-021
    106   10   2.827239442823635E-021   5.203451328878027E-041   2.827239442823635E-021
    107   10   2.827239442823633E-021   5.203451328878010E-041   2.827239442823633E-021
  </DiscreteSampler_grid>
