  0.02170727891930210  0.04015556904455009  0.05869552974967428  0.06887576221419035
  0.07754317285770866  0.08641832076840772  0.09493286747738797  0.10184372025101418
  0.10846244298463406  0.11597350931049967  0.12208581723434772  0.12825187317242348
  0.13589618558710678  0.14309134188736716  0.14866399633425897  0.15611627269837797
  0.16565844508288052  0.17486675704784138  0.18375932856806595  0.19261135918803421
  0.20188384443748292  0.21312621677827831  0.22552075307744407  0.23782101700212507
  0.24881212737693728  0.25690283974588624  0.26375135449590720  0.27070893974769494
  0.27885704557919017  0.28701079382461858  0.29544282490019907  0.30446475134071399
  0.31366933428877747  0.32316806283722010  0.33402363779045896  0.34635365042776961
  0.35803630316049490  0.36739210931829952  0.37584012494048252  0.38542681748022573
  0.39328830749279520  0.40258578329001199  0.41242050644851808  0.42164382524416621
  0.43070783216416314  0.44051007765621575  0.44805756036998845  0.45777177466298141
  0.46811681921094211  0.47917515002901129  0.49187410994983721  0.50627999901156495
  0.51987139446336872  0.53247099712808310  0.54346396352344206  0.55122254868345522
  0.55835619755085997  0.56690482851308599  0.57534668413875989  0.58371983246123205
  0.59266525705442874  0.60188640952177230  0.61229558198780665  0.62389906737077128
  0.63576074921584769  0.64772852851124418  0.65985450390855094  0.67315440039117369
  0.68295037719261986  0.68988269961698379  0.69733700131299015  0.70449214114642777
  0.71510767599417446  0.72929198784112503  0.74474314390562024  0.75983706205976864
  0.77259665819627965  0.78358580893841390  0.79696113411614844  0.80998531253853367
  0.82055779066437518  0.82936851896361508  0.83777388858678670  0.84730127268907485
  0.85886777032163475  0.86942736018691902  0.87833307156407325  0.88596607735224375
  0.89440970397826314  0.90459604609423183  0.91843349812351416  0.93401792757111379
  0.94729006828964757  0.96026814967924712  0.97322914469684363  1.00000000000000000
  0.00002732562151435  0.00015928472322153  0.00024267198281976  0.00030156020087385
  0.00036130311452081  0.00041136655130268  0.00045344531599459  0.00049173363741244
  0.00053376924878908  0.00058095358668682  0.00063261432475653  0.00068918345022917
  0.00075000967952304  0.00081297410251035  0.00087327526997856  0.00093310775394668
  0.00101184348895105  0.00106975284130971  0.00111681412302246  0.00116878972233765
  0.00122080292292207  0.00126744820676573  0.00131268262941049  0.00137525389396066
  0.00145670734001774  0.00154849756577592  0.00163375878112885  0.00169584980132168
  0.00174260297132728  0.00178273722631998  0.00182687878279462  0.00190486253758064
  0.00198912555817544  0.00206663073434961  0.00211929420225701  0.00219821294719745
  0.00231280241518706  0.00240427399983304  0.00248003078467054  0.00255782380027251
  0.00265452700454707  0.00275257723212824  0.00285336373187298  0.00295691378386522
  0.00307617714251237  0.00319985800828950  0.00331932627337998  0.00343430199420627
  0.00354196940583611  0.00363048401585050  0.00370521084155936  0.00378921757031012
  0.00388120862421186  0.00399823502768649  0.00417068411660987  0.00439388762237932
  0.00461852515480285  0.00475890084765364  0.00490014935563976  0.00502704119027972
  0.00514593178528342  0.00524952467125603  0.00533378815630576  0.00547290936021501
  0.00564991497126845  0.00580098548199781  0.00594104699737060  0.00606832355608934
  0.00621541554683088  0.00640186862104238  0.00657331933344520  0.00671209931843449
  0.00685887781735706  0.00701220133958110  0.00721126943759045  0.00743687228105906
  0.00765698401148520  0.00787302856679920  0.00808225626553596  0.00828482775171563
  0.00853451461588221  0.00875241246539503  0.00903890273472658  0.00938576103754037
  0.00971665076461499  0.01004746503845026  0.01039910922356294  0.01082779041430784
  0.01138798933722269  0.01221831580201639  0.01319334631769973  0.01419901966671855
  0.01552072797639504  0.01863127899159049  0.02884310263029204  1.00000000000000000
 -0.00000005553178926  0.00000066012665095  0.00000188539417682  0.00000339824998951
  0.00000455016447754  0.00000579285050176  0.00000705655443923  0.00000847782522697
  0.00000981826275149  0.00001106138121209  0.00001216056824946  0.00001305855285134
  0.00001382614859283  0.00001461199970012  0.00001545215728877  0.00001631695079487
  0.00001723035832447  0.00001815780579283  0.00001910027460909  0.00001995810560522
  0.00002069144248420  0.00002130786883102  0.00002185127791407  0.00002230980301817
  0.00002268673678161  0.00002309647808474  0.00002350940653295  0.00002397819375234
  0.00002442897903943  0.00002479321540988  0.00002511786825983  0.00002541547828350
  0.00002568564920035  0.00002593166562113  0.00002617407424643  0.00002643088489388
  0.00002670021725271  0.00002698349930369  0.00002727685107700  0.00002757344900947
  0.00002774438123730  0.00002787797368519  0.00002803223250218  0.00002817969665820
  0.00002833872376002  0.00002853764056469  0.00004680975588484  0.00004740420080325
  0.00004796073127752  0.00004843969460109  0.00004878010155945  0.00004914882272009
  0.00004951449480034  0.00004988910572291  0.00005033260179807  0.00005079106104033
  0.00005123832213701  0.00005164347116984  0.00005203161519244  0.00005242720443602
  0.00005282518490385  0.00005326447321525  0.00005370447184999  0.00005418975161776
  0.00005482965704534  0.00005561571680745  0.00005649143593003  0.00005740503853733
  0.00005843910148725  0.00005938382747198  0.00006025896111807  0.00006121407720122
  0.00006225690878167  0.00006337781952969  0.00006454614762964  0.00006589276910360
  0.00006751786128959  0.00006935602036816  0.00007122753901376  0.00007243370214390
  0.00007367745355379  0.00007531355608091  0.00007715980113425  0.00007911227009671
  0.00008220064821823  0.00008615577070181  0.00009095248000592  0.00009686374196964
  0.00010825914884760  0.00012739964959650  0.00016331826327224  0.00024048136302592
  0.00052010573460930  0.00215701852570021  0.02870821088534463  1.00000000000000000
  0.03041452983968988  0.03057548527163797  0.03069863285931449  0.03078514983824075
  0.03086218587225044  0.03094193120827557  0.03102504926913275  0.03111693317738821
  0.03120845638157350  0.03127749652923766  0.03134695360928673  0.03142386524513779
  0.03151462320950681  0.03164798867836795  0.03176694650191532  0.03186440658907102
  0.03195280121575279  0.03205858292964380  0.03218641622713286  0.03230868886448354
  0.03242306885417874  0.03253872971657834  0.03266742771878037  0.03280694523640543
  0.03296624836312440  0.03312949883869550  0.03329641657285186  0.03345695617478164
  0.03361837722710554  0.03377392953609258  0.03392247219059713  0.03407507884127658
  0.03422685135250067  0.03438345530279390  0.03453831225150947  0.03470750813393062
  0.03486829991699070  0.03502227897499766  0.03517904127872647  0.03534478645035168
  0.03551859022233591  0.03567574083935032  0.03583936037780219  0.03601427682116946
  0.03618748938202974  0.03637559596688716  0.03655569517812682  0.03672661504318701
  0.03691735754175785  0.03706899386767216  0.03721499512766559  0.03736430644408393
  0.03753694048027929  0.03775681478753089  0.03796585882211417  0.03811180000913325
  0.03825967532806492  0.03842611804401645  0.03862933490657517  0.03879977005051263
  0.03893030831201284  0.03906552727512852  0.03921136170430600  0.03938178935132944
  0.03952763301636700  0.03974607829904232  0.03999254872759406  0.04025332314195395
  0.04051334191039445  0.04075117988731613  0.04098403322344304  0.04121698797394903
  0.04144781664943538  0.04173651733644693  0.04207741119574580  0.04242215398719250
  0.04289354355740684  0.04337568712145656  0.04382641185823195  0.04431861587182369
  0.04489760500735251  0.04552412419994520  0.04617801934532474  0.04690516481242344
  0.04769677007379555  0.04850645897166791  0.04931457369054005  0.05017103080871994
  0.05137221435275913  0.05272364849647627  0.05392328585630855  0.05513383501499006
  0.05685319481982935  0.05979955734265971  0.06422604104432186  1.00000000000000000
  0.93503544161986063  0.93846719704546699  0.93960623683585398  0.94043705987196025
  0.94151602666755796  0.94245423651820970  0.94322103942910795  0.94383149710684699
  0.94436265929424490  0.94484569880343761  0.94525180098187933  0.94550818254832858
  0.94583192686958928  0.94621622201809663  0.94663327714729695  0.94723667977433912
  0.94795071862675306  0.94836760995174529  0.94867088922682241  0.94895908906794690
  0.94932939543418338  0.94964645575372308  0.94990462972564293  0.95016781476294110
  0.95050427513292868  0.95097391841659429  0.95138311320481483  0.95181915695409669
  0.95227790563420434  0.95273939260417084  0.95314650276196322  0.95350462913448986
  0.95385943712359722  0.95423811577708328  0.95471407289589350  0.95516865209985280
  0.95547535470238554  0.95571655395632304  0.95592468080270321  0.95614630299743419
  0.95642083117698928  0.95671273205797214  0.95707275232415912  0.95739401838659255
  0.95770074083430545  0.95802183349553760  0.95837652944437879  0.95872068429171353
  0.95901414313640654  0.95928012089944037  0.95955462436270200  0.95986679341418102
  0.96018947473370975  0.96051438953657653  0.96081666636010876  0.96109022917706888
  0.96130206422909847  0.96144314747534543  0.96158535338450268  0.96173669081432700
  0.96197112898176551  0.96220157607421186  0.96246421011259475  0.96269005597808455
  0.96290311293523756  0.96313200259991261  0.96338865443667232  0.96367293653087682
  0.96391739195027404  0.96414478013050531  0.96434528667734853  0.96452094551357925
  0.96468347142464583  0.96479104204656640  0.96488292586573132  0.96497524824227743
  0.96507218931048533  0.96516771865091278  0.96533861461351744  0.96558229843961918
  0.96585719264054637  0.96612787729093896  0.96636289782739904  0.96656105345247101
  0.96676003466982996  0.96694787976797303  0.96713072919287113  0.96732318385010041
  0.96753377553189857  0.96774675936325594  0.96796308562091338  0.96817501146799401
  0.96837719346849149  0.96857795844938521  0.96873715200856647  1.00000000000000000
 -0.00169782930728373  0.00924130294798265  0.01752571636395018  0.02372962726213402
  0.03008257555488454  0.03475906434901192  0.03941114057514329  0.04341488703280750
  0.05052810210765956  0.05725762528002145  0.06460938664086335  0.07475472716679812
  0.08455737312814035  0.09187317361930611  0.09958473305926985  0.11062832743042697
  0.12072641771425563  0.12897456843939684  0.13559749458060300  0.14265982364941024
  0.15027239548517252  0.15650351075823554  0.16190751546416973  0.17146906499519235
  0.18772955257905291  0.20177590232499712  0.21555223207453822  0.22801799088404423
  0.23682546726949782  0.24586241400861861  0.25687695734429589  0.27064862292174080
  0.28398726845698180  0.29713438602718062  0.31103086642611377  0.32296008438784202
  0.33473557650173941  0.34347614877950305  0.35267688186540175  0.36111631073066364
  0.36969578889483956  0.37883211744660689  0.38853199694730783  0.39955303105534240
  0.41031043413849089  0.42234677412388655  0.43225334749600297  0.44491745896076385
  0.45553954398302965  0.46600468641150700  0.47719807663798713  0.48776678868106443
  0.49888841047864779  0.51042780860825221  0.52356243969476446  0.53701242763768486
  0.54806701635438726  0.55712462821601527  0.56405213156292133  0.57003112511875831
  0.57727552885345845  0.58604272925830392  0.59592763562456663  0.60471278962246222
  0.61378592338047333  0.62323883480063069  0.63524955914667924  0.65174949846865249
  0.66905651684356460  0.68475723861174065  0.69931523799579975  0.71245467633561588
  0.72749832088294619  0.74301427442136392  0.75877041664898193  0.77247124779148235
  0.78481134384930851  0.79556691573255345  0.80569422082270203  0.81569252339105469
  0.82515659768947380  0.83729161043642175  0.85124269057144886  0.86504376544630779
  0.87788583895605699  0.89050083381380030  0.90383562475654788  0.91456090694296222
  0.92633126138764599  0.93836751512593586  0.95136373912017547  0.96174323502713988
  0.97132717761977982  0.98064127884532004  0.98995741514709967  1.00000000000000000
 -0.00116685107808918  0.00519767488769690  0.01228214749298275  0.02086725735730845
  0.03418781767849900  0.04410245566910748  0.05039360889917383  0.05555082521601843
  0.06120640309543335  0.06707440196533691  0.07915192874528579  0.09375495683440262
  0.10273822903149291  0.11349374099011324  0.12550573117879815  0.13950686992932695
  0.15013480918523389  0.15943867040172283  0.16843943522396365  0.17881716905453954
  0.18965046240839190  0.20018035115935279  0.21091807984989061  0.22248376196847083
  0.23533247522167097  0.24697922655789048  0.25948581637968909  0.27257542153393427
  0.28596233132283777  0.29832754999459532  0.30834612487850416  0.31733888681866107
  0.32730675294724254  0.33727501947164440  0.34721087564836667  0.35709345153225991
  0.36682642920049513  0.37945707081680180  0.39838258185686876  0.40983327295162103
  0.41976808018926204  0.42854877098267730  0.43858239758135864  0.44801779664095226
  0.45510196566016609  0.46635864927105758  0.47751754026965632  0.48912486419217244
  0.50105168899695307  0.51184734488198580  0.52061061950649834  0.52873862250795056
  0.53864313595047797  0.54687778164280143  0.55217902780713468  0.55701769672939005
  0.56329270781980889  0.57097918515610491  0.57768304281215654  0.58376067946194576
  0.58996936975085779  0.59702106359902152  0.60476943897024293  0.61399931453580892
  0.62266115609421313  0.63093218845442378  0.64096515174374902  0.65819050037696192
  0.67368838117234209  0.68314958003082182  0.69319910720229250  0.70508815604643116
  0.71717054482539133  0.72866441650539304  0.73983341913931278  0.75079441157908744
  0.76539999338046849  0.78311674780471086  0.80195402411569106  0.81993371342249854
  0.83034982742628671  0.83945765116873938  0.84948654101866983  0.86061388238724001
  0.87289522035447087  0.88344424068741856  0.89462696504081318  0.90589325779470309
  0.91623977242275056  0.92629859254825442  0.93738393547272214  0.94824806910027570
  0.95876838019038069  0.97020834570990599  0.98292109218828538  1.00000000000000000
 -0.00604084711415471  0.02050257144125969  0.03667901914820212  0.04833861752326803
  0.06020825236638565  0.07234223409756103  0.08905593796879711  0.10829829512437932
  0.12517350186052240  0.14039701976379498  0.15156243168241768  0.16195466555175705
  0.17371145737459603  0.18601281069260936  0.19668312483471018  0.20382276775836591
  0.21042890654447277  0.21709400237227575  0.22502634927645565  0.23221226641293863
  0.23961098059632441  0.24677824881840874  0.25232263753628892  0.25785442418470911
  0.26332707467456540  0.26962883576627095  0.27848265955995960  0.28566888072796837
  0.29432393286450181  0.30847604512900195  0.32097552302502991  0.33471419682750725
  0.34505812709563199  0.35418970796459881  0.36239520232069566  0.37253528745974063
  0.38411422181490279  0.39591737967431528  0.40999684404778186  0.42443326786118529
  0.43783531082284677  0.45219459648730276  0.46768075017913735  0.47903375295937639
  0.48812096510311243  0.49639142504893302  0.50471420280316415  0.51275858282248021
  0.51935703594207050  0.52515890361082085  0.53099227107426772  0.53628093613552141
  0.54176043459078282  0.54913935207704723  0.56057663404330471  0.56940450369589113
  0.57610902535259523  0.58271745514091244  0.59038009957407989  0.60165752032726161
  0.61613209724205442  0.63029014793082838  0.64185847785890715  0.65216627186320153
  0.66253913164180323  0.67220788832797340  0.68135287487873808  0.69209234283426901
  0.70472741540056272  0.71436573301649176  0.72321802799967660  0.73117067914027978
  0.73972382223981092  0.74691540760966135  0.75654005234723953  0.76909198888933894
  0.77982482994363700  0.78836550251206661  0.79556896311726222  0.80279114281717412
  0.81247740794895185  0.82472134935231289  0.83759211970616176  0.85348229633147266
  0.86876123856870169  0.88156419510647421  0.89204196881850506  0.90106559470884962
  0.90921466832093012  0.91949522884582935  0.92899851361089503  0.94022932243230173
  0.95120485297671953  0.96302445137269443  0.97914615081594802  1.00000000000000000
 -0.00139874767288465  0.00831116758986744  0.01862306132974387  0.02695311628190421
  0.03591309186712625  0.04650730881844447  0.05737171241785809  0.07150958967178123
  0.08453648800577464  0.09343809631536208  0.10076528352908462  0.11013787606458998
  0.11939241731605628  0.12766469527594143  0.13497809733299990  0.13951087797648881
  0.14251337178836623  0.14726562683683320  0.15255030286651386  0.15789500838090403
  0.16620371266738407  0.17653633868901306  0.18787328956277730  0.19974084576117690
  0.21119645898667622  0.22225372875557037  0.23313230924872602  0.24423178952724595
  0.25887153583542438  0.27211401668014989  0.28357291966958081  0.29543131281123031
  0.30641560613311758  0.31583196581059525  0.32375172757221726  0.33119029045006765
  0.33971531807212568  0.34952545193030155  0.35906088178418627  0.36669242960370241
  0.37290508566412012  0.38002514329711085  0.39069645201007769  0.40277904916271551
  0.41312152057586310  0.42242925899330885  0.43201821519717720  0.44341905942923759
  0.45959775012404380  0.47458638501877837  0.48792356961130184  0.49951364172435092
  0.51024110417308888  0.52118538338702614  0.53288948708147932  0.54479956456893253
  0.55504575765349717  0.56332103683947121  0.56915587973407700  0.57568415518793459
  0.58488292141579878  0.59524891510088318  0.60609470592499182  0.61855626910860062
  0.63249865821645013  0.64705218053329705  0.66152028532769513  0.67316258329500045
  0.68285584424357215  0.69137858644460082  0.69948145125445160  0.70903863333997175
  0.71715869661235865  0.72510319060426764  0.73378220738454281  0.74516096839110801
  0.75698855727118786  0.76875665652531333  0.78140086859679003  0.79379214497488571
  0.80560247014206554  0.81653746101393510  0.82706392422048380  0.83814360980511327
  0.84899923627684415  0.86179615655397779  0.87561171609766353  0.89009149962978862
  0.90445140064876317  0.91830210887886721  0.93123166417895764  0.94480153259727784
  0.95801562035418530  0.97129745653529509  0.98504014124184380  1.00000000000000000
 -0.00328325204789561  0.00876479350973647  0.02084369392712932  0.03393581419673992
  0.04812743498599207  0.05698062416112029  0.06458801625054583  0.07306965720841400
  0.08435328607866026  0.10205262190330479  0.12419296881439769  0.14041601467179776
  0.15002097728526059  0.15872470378843748  0.16523151641086664  0.17120452654390877
  0.17565822608768400  0.18052755849820967  0.18730258734630922  0.19462829727369318
  0.20408204701453067  0.21319737441222400  0.22268733904942750  0.23137830186268196
  0.24133058882937061  0.25076167943935590  0.26433572724907367  0.27862469485637509
  0.28881458530387050  0.29819434846579701  0.30967090536513997  0.31984412016911579
  0.33026138141311551  0.33979583613759301  0.35011740673163633  0.36051923500959632
  0.37209600163498657  0.38723830515801888  0.40299660536243109  0.41900571408127663
  0.42932647599353924  0.43754690457087181  0.44770612074000388  0.45816566461175967
  0.46705543597196175  0.47872032149667937  0.49335016708971546  0.50879853071784775
  0.52314363705435507  0.53696577923503030  0.55051792309064773  0.56387428891608382
  0.57707890275522267  0.58875776460221252  0.59519814508485736  0.59988392036568761
  0.60373421570296548  0.60856187463269595  0.61413329327857480  0.62604249932719958
  0.64386974991622226  0.65683416997689714  0.66720039898029992  0.67702738907229387
  0.68660240601514555  0.69623659017230322  0.70735700196385465  0.71952472181110394
  0.73063067841103690  0.74063772416942186  0.75030273036609452  0.75949031544169887
  0.76793314583274697  0.77494302879409649  0.78264681890739962  0.79286716112616107
  0.80577888860510383  0.81816109357684141  0.82743403553852202  0.83804326148098440
  0.84949296313520639  0.85990256185968650  0.87037229307934194  0.87923447226163365
  0.88802705027944406  0.89561448130927401  0.90550084035912959  0.91484987064976164
  0.92233593559751648  0.93009653416665772  0.93944375486363807  0.95011933654534031
  0.95951545524114212  0.96849932257289140  0.97953094149885478  1.00000000000000000
 -0.00587994238467706  0.01487985955007477  0.03253396124194741  0.04713665415252061
  0.05951960890638822  0.06989981738330479  0.07747896112930414  0.08480093849640741
  0.09197635207101855  0.10002369816872289  0.10869807260578236  0.11920876399882321
  0.13329652862392877  0.14795598026099532  0.16104976797138751  0.17150673437882694
  0.17846408269069614  0.18599517076610964  0.19455122747152798  0.20414374960103562
  0.21455678852258242  0.22482040587629637  0.23695936995769917  0.25048584932922152
  0.26388639564041588  0.27693836213964063  0.28892036799848708  0.29956033023278633
  0.31025621797706349  0.32139365085402022  0.33464001033676943  0.34705166977959717
  0.35519521364418993  0.36386643587026962  0.37147763656524280  0.37827028635319276
  0.38533573442830277  0.39257613929772078  0.39967991545795162  0.40884976005130014
  0.42141354208500748  0.43612947800188950  0.45068416271292644  0.46381551676735600
  0.47574582577887292  0.48649712445254745  0.49656190528540978  0.50571852224227287
  0.51448966269778285  0.52513297592919439  0.53914950025631247  0.55440545005809749
  0.56829907960489945  0.57807367232580442  0.58588274624252989  0.59360685630903343
  0.60048245206740525  0.60814071538911652  0.61703754866455607  0.62529437511708152
  0.63789086817954666  0.65110238506819496  0.66431676033848008  0.67646438861832703
  0.68721022019653910  0.69664486452076457  0.70355758602664797  0.70960425202647559
  0.71778757661086590  0.72830513272173780  0.73972627173303995  0.75310058210316777
  0.76545096926921685  0.77588765694913464  0.78430277157973738  0.79310435062485163
  0.80349827491937964  0.81714393232863236  0.83223585220707041  0.84466159575876743
  0.85579979924041094  0.86901393534550042  0.88398633396613502  0.89651480928658356
  0.90626027470876613  0.91474573709641716  0.92353067252471155  0.93218567153298004
  0.93937417129988610  0.94483284198537110  0.95174149540147790  0.95893466420283746
  0.96794250133635018  0.97735009137300000  0.98801937062250000  1.00000000000000000
 -0.00182705623617738  0.00777022945395849  0.01807687817923809  0.02822322225291173
  0.03834451351223322  0.05045592937041824  0.06164189290470512  0.07375518050946456
  0.08522424288296858  0.09686623834351556  0.10981809988831287  0.12588672478739091
  0.14398464360446353  0.15939417350930141  0.17069165288865340  0.18147169423856632
  0.19242874818566735  0.20170012713858754  0.20657672015400685  0.21123644238099054
  0.21638139325254402  0.22078676879225659  0.22690944308361166  0.23625829408249918
  0.24830475420906106  0.26125725415787993  0.27297788007240442  0.28377741226932429
  0.29275654678343188  0.30146616655780262  0.31062644164832265  0.32028842334930391
  0.33050030746692344  0.33972321374487791  0.34888511108529335  0.35946559206406903
  0.36986268322861504  0.37989406077440002  0.38919846357186366  0.39902444662481390
  0.41039002966004789  0.42165921268590179  0.43264799289789618  0.44551465283053082
  0.46143931905278091  0.47658371196376303  0.49404427863951789  0.50859792739723142
  0.51785530082378128  0.52670316492416058  0.53471822317380269  0.54315587087408290
  0.54789776728561923  0.55204468948205399  0.55753413949947028  0.56558283065652781
  0.57212670260158949  0.57862131218007762  0.58740342561106462  0.59527175530810150
  0.60251242949744188  0.61031728283962539  0.61973373183083069  0.63112238651382135
  0.65240982664447256  0.66607538680452572  0.67649585827196645  0.68604318345495419
  0.69616012324351662  0.70513537026344542  0.71583365650420516  0.72404416647800951
  0.73281349410264973  0.74123829145440989  0.75205845951423467  0.76382017249156142
  0.77562454200313202  0.78675138347095475  0.79788796835889497  0.81022425737407933
  0.82028218566801292  0.83036924806018220  0.83954043809819257  0.85012876436079798
  0.86166053688839905  0.87069496536261315  0.87696618601553622  0.88231307746136212
  0.88774147488985433  0.89404761008810174  0.90549539626431785  0.91975064365530124
  0.93484100279737192  0.95182556363230919  0.97349153230530194  1.00000000000000000
 -0.00267171613438139  0.00940316408367030  0.02189984154545690  0.03402752439696586
  0.04589841426353608  0.05765466539596042  0.07273421803214208  0.08493235564448474
  0.09240886029550852  0.09987214702052420  0.10777323282988942  0.11799506409965473
  0.12995823455009423  0.14177758638777460  0.15062226987530736  0.15684093964244056
  0.16454643473216579  0.17466725719226123  0.18656822981103571  0.19588278224968222
  0.20251308591911102  0.21103327263097041  0.22258769221855876  0.23588365903813102
  0.24877828676511315  0.26083374700966616  0.27338822553830594  0.28895927204972438
  0.30793130245174327  0.31921855574555152  0.32811925330786718  0.33468752645949718
  0.33981805849381158  0.34680027306667527  0.35478824631112954  0.36328335886851254
  0.37288095666353899  0.38571220565338377  0.39965350856591586  0.41342908456401306
  0.42708856123085193  0.43970409156236157  0.45077408017405601  0.46123020626390204
  0.47050910164404619  0.47958836353764467  0.49015112043727149  0.50229856795972361
  0.51963582048191492  0.53817346678650957  0.55624289535710447  0.57547179542364579
  0.58423084008598858  0.59526929007158635  0.60612227794507245  0.61613143553061922
  0.62365337477129656  0.63096431891041738  0.64120244013858785  0.65298999286586923
  0.66489527362230039  0.67528005223721377  0.68622439266062685  0.69973076530644163
  0.71345943494005293  0.72267272559256179  0.73023442664734972  0.73780032907785831
  0.74497605164284231  0.75148396368757442  0.76075596634203835  0.77105536792196472
  0.77984504365288665  0.78863344278971848  0.79637710592232369  0.80743454697410366
  0.81898914273462720  0.82862441326354286  0.83772413391514766  0.84832832794910484
  0.85902737095331594  0.86847584093770847  0.87878513907826183  0.88845043624963660
  0.89838998979573559  0.90912565213131602  0.91985471210596781  0.92861313305808679
  0.93748693679493156  0.94852702085425245  0.95793407302258593  0.96776714295533839
  0.97492366305511535  0.98167235872785630  0.99069096000726031  1.00000000000000000
 -0.00413443255881266  0.01536734989737175  0.03452024427107010  0.04587510148328463
  0.05595402238418353  0.06466951337188123  0.07319005111742848  0.08291520063263723
  0.09228613007384857  0.10243730850380116  0.11661231115819091  0.13111828694111477
  0.14473867850834554  0.15683432080246962  0.16744540023574003  0.17709253977484687
  0.18516451252179308  0.19196522707566904  0.19923671708444388  0.20617889249058294
  0.21546669901354062  0.22551650200279444  0.23864282180094626  0.25291608879022265
  0.26619476936540509  0.27744095199462582  0.28786740920175841  0.29972143178771632
  0.31045871836860772  0.31940236004110284  0.32819265330053976  0.33931765188447527
  0.35668374432034827  0.37325186274803690  0.39079696660494001  0.40760287421304553
  0.42269235949221390  0.43398184966274428  0.44147715360846262  0.44869663719872521
  0.45894525772476907  0.47097686104203068  0.48071729432544602  0.48872420921175508
  0.49695513781588996  0.50902076443048383  0.52389836833060122  0.53488780172486061
  0.54186067330872756  0.54824438639270923  0.55554093038120267  0.56363517234786420
  0.57529236267019812  0.58718779222438600  0.59784230673828742  0.60717988609509932
  0.61450221470392730  0.62119852760492067  0.62906852128602497  0.63744936150042109
  0.64701392634983745  0.65667096709773265  0.66758831531639173  0.67947481503093832
  0.68945985988183711  0.69870659761241771  0.70509484862448701  0.71221758467713514
  0.71972468577725723  0.72691231320380001  0.73460735557452750  0.74192233788030848
  0.75032614145137722  0.75940143455953657  0.76716688452515769  0.77472710139684275
  0.78192620916911026  0.78930031870811213  0.79745476518628289  0.80754551044453426
  0.81971551664765052  0.83251159336833958  0.84684381895109906  0.86258467640101588
  0.87561926022441128  0.88585239609130373  0.89478095813734826  0.90325379130816985
  0.91239890340714258  0.92251645266766125  0.93431963296945819  0.94874963204418927
  0.96382591452803545  0.97770686828634057  0.98968716030709580  1.00000000000000000
 -0.00205347357769375  0.00874967127697551  0.01974170950582693  0.02999155526208163
  0.04201335922490912  0.05272759908286926  0.06199757964269177  0.06963719615513263
  0.07645676085692599  0.08406126705675686  0.09310894323497179  0.10392927254923129
  0.11638034605448579  0.12863698415799915  0.13940850745432998  0.14913485422034445
  0.15829182901961661  0.16782956480919931  0.17670800399373207  0.18208103236782455
  0.18742387054949469  0.19310679264607711  0.19876816425549118  0.20331766999536052
  0.20806430710357809  0.21357641305545264  0.21979507248272839  0.22989361689304216
  0.24886442800270334  0.26174620772376017  0.27113850823616509  0.28048060161196531
  0.29168080497019117  0.30257682240405104  0.31487552512421180  0.32725556696668018
  0.33823498959047288  0.34712616212011332  0.35484166753258428  0.36356344511737126
  0.37340922785387543  0.38294357232881676  0.39184687793171141  0.39924636513273642
  0.40669980190607435  0.41492283787793505  0.42251701682211523  0.42919594568343411
  0.43597677963104065  0.44405078142616217  0.45279898424763565  0.46239837529690431
  0.47263766985453765  0.48467970766579560  0.49664036640858061  0.50685014223175062
  0.51641410826556533  0.52854833417293923  0.54200724258584998  0.55736059266150639
  0.56616422113010922  0.57610826284591932  0.58727884923344398  0.59885370246467162
  0.61045976052171469  0.62209661554038076  0.63595606499377588  0.64727461682745002
  0.65667230307216584  0.66604217314672942  0.67747996119371012  0.69057128591625638
  0.70333626519595027  0.71476802998503841  0.72740504793237515  0.73871005075041773
  0.75071500663753310  0.76793131935723113  0.78051193880505576  0.79086471524970059
  0.80204476775834488  0.81332645322342290  0.82270881051946598  0.83176287666969262
  0.84282056209609479  0.85351003871374564  0.86228525468579098  0.87245934458332086
  0.88353014132377683  0.89516170911631099  0.90851152261842083  0.92542033314460603
  0.94463744717818143  0.96323960208554860  0.98141948445004501  1.00000000000000000
 -0.00154676209076901  0.00747170708083578  0.01684244779792344  0.02618507936142941
  0.03364545579523587  0.04148284373233754  0.04868853464706023  0.05607055249823161
  0.06571450442582180  0.07666376861230269  0.08852337842612666  0.10190334876020116
  0.11319120016239549  0.12520907896636504  0.13533924469081551  0.14504798232450741
  0.15385265872439108  0.16256241508500255  0.17058082592605300  0.17701244019584439
  0.18311452870132397  0.19177638963048060  0.20226469442069037  0.21263799573971312
  0.22178608105783765  0.23039627864519233  0.23815351763882689  0.24477267446702741
  0.25120270463049676  0.25695504363047705  0.26507564677274992  0.27330788539020051
  0.28097355625706566  0.28869590612951501  0.29589743696035653  0.30462217940590486
  0.31430446845600668  0.32192993664242237  0.33086013002284981  0.33947485906246166
  0.34637579226249532  0.35191919275607864  0.35901333071364055  0.36784566412464664
  0.37875040027732293  0.39181002759614547  0.40266420071349412  0.41073563838650368
  0.41823166682908219  0.42769092793511215  0.43638199100942660  0.44367581414190610
  0.45198749799916277  0.46230786650933681  0.47379054207623766  0.48539719578014795
  0.49654233528362868  0.50623219098527583  0.51841957335845379  0.53431411020830488
  0.55170932878408696  0.56820488527650448  0.58554296005383810  0.60525196364311951
  0.62383202544468752  0.63808630416051804  0.65189112967236640  0.66410421410594089
  0.67358629306947582  0.68142825036467425  0.69017458526683007  0.70189877061956840
  0.71667820660639381  0.73274573108364727  0.74804956147107682  0.76275397691561386
  0.77629636207873831  0.78871847193935751  0.80222977325346978  0.81912494438081351
  0.83314811445659831  0.84885895938943545  0.86674203283318807  0.88424453707951201
  0.89988151571168795  0.91414118298124436  0.92730526312643036  0.93734053593611510
  0.94553778699676239  0.95291491367236425  0.95962411364236555  0.96621789879454179
  0.97261721665450940  0.97807502731119389  0.98673027465861551  1.00000000000000000
 -0.00224139543528916  0.00899317060159960  0.01872332160415277  0.02452837436052280
  0.02986541041927815  0.03410067349926131  0.03637244748315305  0.03938866311050746
  0.04795950745075253  0.05700574658149301  0.06428242529982349  0.07087044334642670
  0.07999546304216718  0.09001894263047013  0.10087584567847677  0.11090119433231135
  0.12090879167474820  0.13565901092440127  0.14769053061052773  0.15900632478412055
  0.17033415268765165  0.18418181983090876  0.19803660155443328  0.21311409813148374
  0.22591947206496524  0.23715884588008845  0.24762772012588283  0.25689513327238045
  0.26518120187989225  0.27247291591759504  0.28022123316087416  0.28863651325061662
  0.29993125810330712  0.31275727702232897  0.33147269494536152  0.35002694255374006
  0.36617727740708561  0.37687380969909118  0.38539829199777664  0.39249360435805836
  0.40054159248652638  0.40875046056682368  0.41804456790440392  0.42849766585318189
  0.44016707997888488  0.45387184199178698  0.46960311147577599  0.48622034726745833
  0.50501168288543818  0.52574965257609763  0.54137653021252097  0.55432448671825552
  0.56601188102027589  0.57853330289393878  0.59059903387565804  0.60309386854247238
  0.61624182953179996  0.62874955558024093  0.64015274616232687  0.64951740571472971
  0.65769759235531045  0.66668752825290534  0.67763879752428791  0.68780482285106470
  0.69771483697710790  0.70617687309683352  0.71980427207527919  0.73614423576598942
  0.74910486931569942  0.76085658185002547  0.77045176801473336  0.77770818267937070
  0.78811528047024015  0.79684952394751074  0.80406930658330733  0.80984348661749306
  0.81723999160681160  0.82609247101360772  0.83795135808428511  0.84934436608868868
  0.85764069440489221  0.86832815859158086  0.87828157464781775  0.88748577964671460
  0.89602600638777907  0.90424704401350975  0.91140551371692768  0.91902896807304701
  0.92818380479734530  0.93733934067024427  0.94591653508736628  0.95368550703140598
  0.96397337029761754  0.97624042074044404  0.98884165847103567  1.00000000000000000
  0.00961298456688599  0.11927154464258653  0.14512825234586479  0.16087735477141768
  0.17400363888472048  0.18764297891404361  0.19930242693433395  0.21037913776333861
  0.22181683880220421  0.23099754088631622  0.23898270087096304  0.24386206332378807
  0.24825364286494953  0.25315021676411620  0.25809499807624126  0.26375724684386254
  0.26940320609553725  0.27675492539425628  0.28462107484150040  0.29205432826496075
  0.29764994777836024  0.30284985257766084  0.30921623799867193  0.31491412431977195
  0.31926336664151145  0.32329794132802614  0.32780353209746099  0.33332819959350474
  0.33957688957769949  0.34600676946090797  0.35238855425730931  0.35850814035071371
  0.36430941269575023  0.36995269107575490  0.37514120626414904  0.38056631672419272
  0.38600918691003117  0.39042137729190862  0.39399079523428127  0.39728318211055663
  0.40070769809327972  0.40425490611667092  0.40850871959247226  0.41363147841085057
  0.41947436222918133  0.42574965684964394  0.43223317676244122  0.43862773605673344
  0.44345969789457890  0.44956326657890783  0.45533354122680636  0.45981566383471617
  0.46375579743211359  0.46771535785869123  0.47171966459871961  0.47639573678369834
  0.48213296543400758  0.48851875694722197  0.49433174249327588  0.50073210908593435
  0.50674099229523983  0.51225569239769686  0.51721173993267000  0.52209319379343311
  0.52765392359322338  0.53347551086385359  0.53901105420041528  0.54535055394337351
  0.55358158029823779  0.56156633773368569  0.56684751130567879  0.57171164526867768
  0.57545886814083880  0.57844695674812763  0.58191961789160984  0.58566610077039338
  0.59006748417757715  0.59581007688442111  0.60209748317636913  0.60910270884783346
  0.61772121580427275  0.62733606110806905  0.63845776098303286  0.65121704243710044
  0.66451088122489788  0.67563983799118654  0.68290304468077279  0.68946994741876733
  0.69650278022517220  0.70361238808553428  0.71100387941255816  0.72391900382238716
  0.74383373197866687  0.76953574820292581  0.80051530894055456  1.00000000000000000
 -0.03549637785563189  0.17770322121203178  0.23995306861999771  0.27571752505726932
  0.29445669206620717  0.30995313387831303  0.32600224819289242  0.34021324974427036
  0.35142549222150105  0.36127551769534033  0.37099690838261556  0.38215825152662442
  0.39360691676310344  0.40310362274901773  0.40988411378769252  0.41534108736930742
  0.42102433569155634  0.42732701912875143  0.43410674528634186  0.44093354108480515
  0.44819644802457143  0.45650309004049566  0.46309415056886288  0.46904395056330211
  0.47450099688144071  0.47966905292981021  0.48470037463710680  0.48985185821372745
  0.49400245193597797  0.49764150863839413  0.50148931117648354  0.50500952085588746
  0.50869916991682307  0.51232101613675796  0.51770711566775396  0.52362665348871540
  0.52924832510044950  0.53450812734017161  0.53997524497689353  0.54372948297173751
  0.54695541340721554  0.55013162661021198  0.55332797686101143  0.55676940685081511
  0.56046736904868688  0.56405119986254781  0.56730295245194129  0.57060293477715018
  0.57370486713833668  0.57714308510092160  0.58083210168040456  0.58514815095777406
  0.58924186639040554  0.59382377356257687  0.59893143539739913  0.60325692755162175
  0.60768163654074159  0.61229765817372350  0.61733511673706476  0.62424823292658527
  0.63114707437808026  0.63573068941336608  0.63881225737790293  0.64229260529304577
  0.64676316352283791  0.65144268012782769  0.65532222595650280  0.65894222416392667
  0.66260997472148209  0.66725249975901679  0.67065952480697522  0.67478348105025143
  0.67827530907856903  0.68323566420465964  0.68714629385143611  0.69402711683996676
  0.69947537177370134  0.70448711247681806  0.71008946249229121  0.71616563652308296
  0.72265722973538815  0.72963343649572621  0.73842251207452803  0.74939086203580640
  0.75834971060831047  0.76627153608727583  0.77377238849939478  0.78049430557433286
  0.78861959829138151  0.79765525931234793  0.80824773449394749  0.82018359036490729
  0.83462422253026047  0.85512747330841288  0.88030186477995720  1.00000000000000000
   1.8503158927585661E-018  -1.0000000000000000     
 T F F F F F F F F F F F F F F F F F F F T F F F T F F F F F F F F F F F T F F F T F F F F F F F F F F F F F F F F F F F T F F F F F F F F F F F F F F F F F F F F F F F F F F F F F F F F F F F F F F F F F F F F F F F F F F F F F F F F F F F F F F F F F F F F F F F F F F F F F F F F F F F F F F F F F F F F F F F F F F F F F F F F F F F F F F F F F F F F F F F F F F F F F F F F F F F T F F F F F F F F F F F F F F F F F F F T F F F T F F F F F F F F F F F T F F F T F F F F F F F F F F F F F F F F F F F T F F F T F F F F F F F F F F F F F F F F F F F T F F F T F F F F F F F F F F F T F F F T F F F F F F F F F F F F F F F F F F F T F F F F F F F F F F F F F F F F F F F F F F F F F F F F F F F F F F F F F F F F F F F F F F F F F F F F F F F F F F F F F F F F F F F F F F F F F F F F F F F F F F F F F F F F F F F F F F F F F F F F F F F F F F F F F F F F F F F F F F F F F F F F F F F F F F F T F F F F F F F F F F F F F F F F F F F T F F F T F F F F F F F F F F F T F F F T F F F F F F F F F F F F F F F F F F F T F F F
  <DiscreteSampler_grid>
  grouped_processes
  1 # 1 for a reference and 2 for a running grid.
  10 # Attribute 'min_bin_probing_points' of the grid.
  1 # Attribute 'grid_mode' of the grid. 1=='default',2=='initialization'
  0.0000000000000000 # Attribute 'small_contrib_threshold' of the grid.
  0.5000000000000000 # Attribute 'damping_power' of the grid.
 # binID   n_entries weight   weight_sqr   abs_weight
    16   10   6.187274538758209E-017   1.838746420913224E-032   6.187274538758209E-017
    17   10   6.187274538758202E-017   1.838746420913314E-032   6.187274538758202E-017
    19   10   9.191523931994427E-017   3.629881830923430E-032   9.191523931994427E-017
    20   10   9.191523931994315E-017   3.629881830923420E-032   9.191523931994315E-017
    22   10   9.384719581751774E-017   3.780609632682799E-032   9.384719581751774E-017
    23   10   9.384719581751635E-017   3.780609632682759E-032   9.384719581751635E-017
    28   10   3.627655236999130E-017   1.003382364496504E-032   3.627655236999130E-017
    29   10   3.627655236999031E-017   1.003382364496450E-032   3.627655236999031E-017
    31   10   2.316517055667173E-017   4.199682005951216E-033   2.316517055667173E-017
    32   10   2.316517055667173E-017   4.199682005951226E-033   2.316517055667173E-017
    34   10   2.394217518777993E-017   4.432730459421682E-033   2.394217518777993E-017
    35   10   2.394217518777990E-017   4.432730459421686E-033   2.394217518777990E-017
    40   10   6.187274538758209E-017   1.838746420913223E-032   6.187274538758209E-017
    41   10   6.187274538758199E-017   1.838746420913314E-032   6.187274538758199E-017
    43   10   9.191523931994424E-017   3.629881830923430E-032   9.191523931994424E-017
    44   10   9.191523931994322E-017   3.629881830923427E-032   9.191523931994322E-017
    46   10   9.384719581751778E-017   3.780609632682802E-032   9.384719581751778E-017
    47   10   9.384719581751642E-017   3.780609632682766E-032   9.384719581751642E-017
    52   10   3.627655236999128E-017   1.003382364496503E-032   3.627655236999128E-017
    53   10   3.627655236999031E-017   1.003382364496450E-032   3.627655236999031E-017
    55   10   2.316517055667172E-017   4.199682005951209E-033   2.316517055667172E-017
    56   10   2.316517055667173E-017   4.199682005951223E-033   2.316517055667173E-017
    58   10   2.394217518777990E-017   4.432730459421669E-033   2.394217518777990E-017
    59   10   2.394217518777988E-017   4.432730459421679E-033   2.394217518777988E-017
    64   10   6.187274538758217E-017   1.838746420913228E-032   6.187274538758217E-017
    65   10   6.187274538758201E-017   1.838746420913317E-032   6.187274538758201E-017
    67   10   9.191523931994407E-017   3.629881830923415E-032   9.191523931994407E-017
    68   10   9.191523931994310E-017   3.629881830923418E-032   9.191523931994310E-017
    70   10   9.384719581751757E-017   3.780609632682787E-032   9.384719581751757E-017
    71   10   9.384719581751630E-017   3.780609632682756E-032   9.384719581751630E-017
    76   10   6.187274538758212E-017   1.838746420913224E-032   6.187274538758212E-017
    77   10   6.187274538758201E-017   1.838746420913316E-032   6.187274538758201E-017
    79   10   9.191523931994417E-017   3.629881830923424E-032   9.191523931994417E-017
    80   10   9.191523931994315E-017   3.629881830923422E-032   9.191523931994315E-017
    82   10   9.384719581751768E-017   3.780609632682796E-032   9.384719581751768E-017
    83   10   9.384719581751635E-017   3.780609632682761E-032   9.384719581751635E-017
    88   10   3.627655236999127E-017   1.003382364496502E-032   3.627655236999127E-017
    89   10   3.627655236999034E-017   1.003382364496452E-032   3.627655236999034E-017
    91   10   2.316517055667174E-017   4.199682005951222E-033   2.316517055667174E-017
    92   10   2.316517055667176E-017   4.199682005951236E-033   2.316517055667176E-017
    94   10   2.394217518777994E-017   4.432730459421686E-033   2.394217518777994E-017
    95   10   2.394217518777992E-017   4.432730459421697E-033   2.394217518777992E-017
    100   10   3.627655236999127E-017   1.003382364496502E-032   3.627655236999127E-017
    101   10   3.627655236999036E-017   1.003382364496453E-032   3.627655236999036E-017
    103   10   2.316517055667174E-017   4.199682005951219E-033   2.316517055667174E-017
    104   10   2.316517055667175E-017   4.199682005951230E-033   2.316517055667175E-017
    106   10   2.394217518777992E-017   4.432730459421679E-033   2.394217518777992E-017
    107   10   2.394217518777992E-017   4.432730459421695E-033   2.394217518777992E-017
  </DiscreteSampler_grid>
