 -0.00000004869960648  0.00000033213069390  0.00000118080790065  0.00000213512405593
  0.00000263021815665  0.00000375385148255  0.00000569853376347  0.00000766415347060
  0.00000885502404596  0.00000935514950377  0.00000964360313929  0.00000994103129821
  0.00001024878930286  0.00001059122469096  0.00001167651497877  0.00001303961592878
  0.00001387443548319  0.00001465001439255  0.00001553215005170  0.00001654920392460
  0.00001746103054613  0.00001808129579034  0.00001856219210388  0.00001906597790563
  0.00001954670243881  0.00002015663455764  0.00002089896756059  0.00002165481684808
  0.00002200637003239  0.00002215906663435  0.00002231176323631  0.00002246345564272
  0.00002258051514699  0.00002269757465127  0.00002281463415554  0.00002292288264681
  0.00002302467759916  0.00002312647255151  0.00002326791574180  0.00002366223833899
  0.00002410742180175  0.00002475996569369  0.00002548123078324  0.00002609057452891
  0.00002659446759022  0.00002701852045678  0.00002735391535570  0.00002770075198983
  0.00002810290205306  0.00002866181270831  0.00002971902531816  0.00004424668651704
  0.00004522897691173  0.00004621126730643  0.00004712621050082  0.00004802886915209
  0.00004868128971269  0.00004885159962771  0.00004902190954273  0.00004951649137765
  0.00004995291132191  0.00005045337442657  0.00005100849906487  0.00005154046834605
  0.00005203849494141  0.00005249002442669  0.00005327851821727  0.00005403791245500
  0.00005483847242473  0.00005563971162311  0.00005646947152902  0.00005726361186012
  0.00005800757259238  0.00005902931598929  0.00005985145863393  0.00006050362267659
  0.00006116728513564  0.00006174897447683  0.00006236649408426  0.00006316500467444
  0.00006424595652695  0.00006556136338801  0.00006749369528608  0.00007079745586582
  0.00007399661727835  0.00007546595832654  0.00007687923754230  0.00007897746980279
  0.00008281832775049  0.00010628245977956  0.00015066160182526  0.00021840243398039
  0.00038015295552214  0.00128624975257026  0.03635163384326607  1.00000000000000000
  0.02731171160237203  0.04401165748694705  0.05887179329041966  0.06912333238394210
  0.07803009981137012  0.08676440412038368  0.09752952839648674  0.11020913425456016
  0.12502646791966293  0.14335659534186254  0.16778075400049339  0.19671688757398820
  0.22264414515204034  0.24496230109466455  0.25919046714974470  0.26636552573570832
  0.27273259753148221  0.28010673442095990  0.28930431708444715  0.30086201215696562
  0.31845021116501782  0.33389116559406939  0.34350648407318168  0.35312625758008220
  0.36781396810290190  0.38052537203876025  0.39220722814034820  0.40169239065169804
  0.40920506997668255  0.41573111907270333  0.42131255734049583  0.42784408196480778
  0.43207933673669985  0.43462641005697600  0.43788061300629011  0.44288827888747540
  0.44899802783386489  0.45679031762677108  0.46227734266448611  0.46829303921599302
  0.47467494643007285  0.48133442222550116  0.48815307708758499  0.50098492275728834
  0.51397707284439575  0.52381395701823974  0.53337491747444266  0.54271163650020482
  0.55023660988977785  0.56410834321288394  0.57723806628860974  0.58572817113170006
  0.59321357821109000  0.60050819407920009  0.60876028112055403  0.61895621200898288
  0.62862737609344954  0.63888905148123887  0.64913288708135408  0.65987758973542177
  0.66700355284827351  0.67124310791470632  0.67444371757206500  0.67662560066282995
  0.67903613165881183  0.68242174404948197  0.68928055645984976  0.69812508017219155
  0.70687246674729498  0.71447928055199184  0.71800461108260905  0.72152994161322626
  0.72505527214384347  0.72908566727276669  0.73339465955570271  0.73770365183863873
  0.74201264412157475  0.74614915931509307  0.75028050476191677  0.75441185020874058
  0.76044495357630204  0.77081544291605175  0.77788731726359606  0.78577817569373531
  0.79586692404388160  0.80646993960124214  0.81327582066983450  0.82062633579510780
  0.82877152719542801  0.83795660560156959  0.85537588085623906  0.88651693149547606
  0.91654916332690783  0.94576751126845360  0.97258490446321466  1.00000000000000000
  0.03029220003344421  0.03123621633768314  0.03149095296115468  0.03180324119231559
  0.03216331573668162  0.03249164426810332  0.03280524951028660  0.03301879148164190
  0.03328634733857345  0.03354609071828232  0.03370953105768298  0.03383053617101509
  0.03393779009393985  0.03405376138025529  0.03420513805353162  0.03437697285810127
  0.03457885038110724  0.03496162763120226  0.03536544613420048  0.03581051696128767
  0.03633293147393746  0.03688429485597409  0.03744349187350425  0.03785527749450684
  0.03827897653281752  0.03875926638802735  0.03927018149862383  0.03981066792350979
  0.04047964216176649  0.04124300604306932  0.04142933323573944  0.04161566042840956
  0.04180198762107968  0.04198607882745883  0.04214208383284510  0.04229808883823136
  0.04245409384361763  0.04260523899733743  0.04272993944754847  0.04285463989775950
  0.04297934034797053  0.04313580110694905  0.04341326585310600  0.04378010803238238
  0.04417600871065561  0.04459366528998586  0.04494726042812278  0.04565318378602055
  0.04617265647417954  0.04662722281484039  0.04701424315080820  0.04743741319169326
  0.04778038659598319  0.04807695501451123  0.04840250127922730  0.04880587460696647
  0.04936139820506674  0.04991919981239786  0.05034371732670406  0.05070240632770758
  0.05106359303671665  0.05160963292732389  0.05230003994830108  0.05283120777149855
  0.05316469681661529  0.05330671560009727  0.05346666855411850  0.05369417388650451
  0.05400723075392445  0.05472225888451406  0.05515155136206365  0.05543055373915760
  0.05572535044336056  0.05611850102904604  0.05663148942942034  0.05711520771929183
  0.05765834376234179  0.05823983864581259  0.05910972065799297  0.06052604886177576
  0.06235138679315089  0.06407147820360574  0.06534669130977769  0.06625844011041439
  0.06698787426781351  0.06767266364459411  0.06836019413666188  0.06952634330334516
  0.07090953742130801  0.07313447699478208  0.07629519202378129  0.08158861267438448
  0.08892020889188575  0.10035828686496022  0.13307242298127162  1.00000000000000000
  0.02998552655164821  0.03639929764425426  0.03840970664437465  0.04013940755205605
  0.04152446092901373  0.04238805852945529  0.04316367254166280  0.04388716378094806
  0.04459295862035726  0.04533281437684219  0.04650434947231796  0.04777165874495313
  0.04888260393126414  0.04985605891094675  0.05093953761455130  0.05215783471572213
  0.05361819622487392  0.05527586027993173  0.05662273559489027  0.05792232105128162
  0.05923103950764833  0.06070733392397840  0.06215805328155494  0.06249758385855564
  0.06283711443555634  0.06317664501255704  0.06349917408106286  0.06367393214575423
  0.06384869021044562  0.06402344827513699  0.06418816328170356  0.06429313897997618
  0.06439811467824882  0.06450309037652145  0.06464695448134276  0.06494686674439967
  0.06534375994111020  0.06570822382629080  0.06610962891132129  0.06670759404092828
  0.06732447726219189  0.06780430326943594  0.06816331890593455  0.06852244938307976
  0.06895494194743890  0.06920104925888150  0.06933827081064155  0.06956881818825464
  0.06985985517517621  0.07026152590831326  0.07105134669942159  0.07131936871332380
  0.07146299379839925  0.07161859156165201  0.07177246669646319  0.07203889668494626
  0.07248170955637979  0.07307868214669526  0.07373592388385607  0.07419095790481266
  0.07458042834766354  0.07507416137484101  0.07590924804850435  0.07657764553615401
  0.07749538201535670  0.07843416344250594  0.07883022832935292  0.07910934844982304
  0.07938387139235896  0.07980928527895012  0.08041534057279125  0.08147712754040340
  0.08242784196342533  0.08315704194571048  0.08393147685085392  0.08456739987929841
  0.08553716378655084  0.08704339806026196  0.08852440200623264  0.08965887189351840
  0.09056511503480866  0.09116387901515313  0.09176444293766461  0.09244352888506004
  0.09310302919903476  0.09397714708217077  0.09527039486111732  0.09704619336835731
  0.09911037970153175  0.10409623319651636  0.10958213520951571  0.11565879516876601
  0.12411949689373199  0.14188732295324066  0.31400710379654023  1.00000000000000000
  0.02656938472968414  0.05309490665514955  0.05797514917599096  0.06248378199676199
  0.07273676335171045  0.08503470918985635  0.08742426705875062  0.08837933123902769
  0.08913387699996769  0.09012139413430283  0.09151374695451239  0.09317958036703634
  0.09468688511227863  0.09581352950711997  0.09638063772220888  0.09701689718145484
  0.09800483331059834  0.09920850884737577  0.10038368751822138  0.10169157610774365
  0.10333845769122948  0.10515894379003893  0.10704376882849559  0.10915108678975717
  0.11134505496739999  0.11339694337185968  0.11467494713669427  0.11606215634006262
  0.11725691554974325  0.11828284072255409  0.11921050167676843  0.12028755861350533
  0.12170670267483166  0.12378824485972768  0.12516983073515558  0.12624444276985589
  0.12790678429863825  0.12957755841699856  0.13080291902017113  0.13202316508612610
  0.13326070659362305  0.13452261527599405  0.13548277576031920  0.13649190868335700
  0.13756880130179522  0.13882620648737046  0.14016783447007175  0.14133649870988613
  0.14245425987851004  0.14402484586039108  0.14493455975171549  0.14549213259557897
  0.14604970543944248  0.14660727828330600  0.14719402162653411  0.14778293023607958
  0.14837183884562505  0.14895164027279198  0.14951411028655173  0.15007658030031146
  0.15063905031407121  0.15232130459993895  0.15366476583119462  0.15498845339969564
  0.15636287970719645  0.15799205567728836  0.16049877210247959  0.16259256828930035
  0.16462273449609666  0.16652067197776765  0.16850462820449597  0.17092351591799698
  0.17578700176757217  0.18224449123369210  0.18678756702371865  0.18954440626586055
  0.19202912563502036  0.19453854602913592  0.19592346388822518  0.19784410155154036
  0.19977164560156921  0.20228863934734329  0.20522594272464836  0.20739937724083116
  0.20919205484565437  0.21267296110205103  0.21753276290155821  0.22237586748358698
  0.22718910959389066  0.23263815304052185  0.24169620158005276  0.25441685157221938
  0.26886295590570686  0.28259893788611357  0.38369933439097514  1.00000000000000000
 -0.00588499527165331  0.02509306711340224  0.03095941606227834  0.03704120440329608
  0.04360878430604764  0.05033632632989622  0.05470328426364776  0.05932275580346156
  0.06408985403377349  0.07040890589401458  0.08164697029639330  0.08645912763246764
  0.08878094327770972  0.09170828705863315  0.09519674806719292  0.10252742139815905
  0.11037643758109374  0.11690447608146882  0.12533125207217566  0.13205380357053428
  0.14152405283236461  0.15046966574715900  0.15659264050095842  0.16222668180937913
  0.16736204085982098  0.17157482215801564  0.17514209948775458  0.18113884050715937
  0.18772596997917312  0.19634483699224986  0.20597499145843873  0.21157003324197932
  0.21536180871672619  0.21874093018257521  0.22441517267123692  0.23955499832149946
  0.28354977873716369  0.31298270621981983  0.34181404991215530  0.36571637157139869
  0.38434136976348016  0.40097082342744073  0.42222505541113381  0.44946408615521433
  0.47138574837328795  0.48552860361045319  0.49705189782472031  0.50887823639461272
  0.51999004138768812  0.52997457274037263  0.53888228575388797  0.54574206001867831
  0.55180960375646715  0.56103822208521570  0.57186525205550198  0.58248292749994379
  0.58928903581250980  0.59835087263972309  0.60799901200544704  0.61940563694740725
  0.63237298864616109  0.64737453210001594  0.66008764345672089  0.67029506175378473
  0.67992668489637054  0.69346874603578479  0.70806123019031275  0.71809429658961432
  0.72830275874667316  0.73598621951890186  0.74967498236481589  0.76524016240941040
  0.77257236296081389  0.77950773945575291  0.78685578489146413  0.79467056595914243
  0.80715162978623589  0.83400704589979480  0.84932292944268239  0.86283557147699719
  0.87328095681499585  0.88542941328356528  0.89896564305116522  0.91175936240756161
  0.92504463376846002  0.94182287084690475  0.95139843061714247  0.95741879510390671
  0.96343915959067095  0.96945952407743519  0.97515998772496337  0.98012799017997065
  0.98509599263497805  0.99006399508998544  0.99503199754499272  1.00000000000000000
 -0.00094253937016786  0.00382017071346582  0.00860543581868942  0.01217204286542720
  0.01704878743345498  0.03172151712375599  0.04286405246949380  0.05240841310336702
  0.06106245090882569  0.06729915707374930  0.07290736484576220  0.07995284121384824
  0.09253701018422210  0.10986839870364633  0.12529968792969479  0.14211017070613474
  0.15895976175812962  0.17899845749334517  0.19400929799155570  0.20179262537754802
  0.21091668819916518  0.22147328558239376  0.23214651570876352  0.24264661205459806
  0.25255844802941319  0.26591349017558691  0.27498991773698872  0.28206208340629185
  0.28872585284550567  0.29259248960146689  0.29922886664079873  0.30505889511352541
  0.31140042308780719  0.31841272071161442  0.32673669209768968  0.33657221968163598
  0.34598548177215671  0.36633468606271324  0.38484736154201993  0.39925884307704107
  0.41765220860615815  0.43644579765412761  0.46218813151242188  0.48610341692209019
  0.50099750773680141  0.50847642118473724  0.51312654216718123  0.51753668355272242
  0.52430041180322673  0.53009178633126852  0.53445781367268175  0.53690519892391175
  0.53943555766516149  0.54132621231023770  0.54355238948486573  0.54706210800732347
  0.55105730672629472  0.55583462934371120  0.56445072063272395  0.58412963238010707
  0.60611124870250788  0.61692982344088609  0.62737733917739991  0.64116377299649263
  0.66293734650311387  0.68268165504592238  0.68890155543522125  0.69512145582452023
  0.70134135621381910  0.70793610411650720  0.71729159995447223  0.72664709579243725
  0.73600259163040227  0.74451453191885753  0.74981707066096082  0.75511960940306422
  0.76042214814516751  0.76650802382459626  0.77937091503569078  0.79069256162900003
  0.80067809321500616  0.82224138095914145  0.84871494615119025  0.87071735293257169
  0.89159047219140231  0.90690186633760306  0.91597222362240283  0.92134954466280483
  0.92693828706514436  0.93273286515206344  0.93982703050541461  0.94819787288669100
  0.95944618439381590  0.97369369795372618  0.98693542831430880  1.00000000000000000
 -0.00712367740068805  0.02789689879175401  0.04457094214016778  0.05820370877052600
  0.06486209951382076  0.06917485540896848  0.07319420271137109  0.07901327882794532
  0.08366208353806093  0.09075260401970059  0.10072863087301878  0.11042326177954061
  0.11844601457074048  0.12592171083250608  0.13523033043376886  0.14683128437798401
  0.15743877112710439  0.16690858615103146  0.17509757795861772  0.18292531011471080
  0.19293547202460315  0.21169465605037324  0.23645095374083985  0.25867350464940930
  0.28323101294276254  0.30336256229080671  0.31760773710014700  0.32581486420409078
  0.33469946592800248  0.34573907298465206  0.35838722582589361  0.37135323392308878
  0.38688475938586897  0.39906367267737469  0.41017500962914283  0.41905996304598353
  0.42743017859287852  0.43345654780754206  0.44042459891133695  0.44807132618410012
  0.45519800408475170  0.46177027044833624  0.47483015037114407  0.48403485817793673
  0.49439467031821388  0.50629504205346554  0.51428442037087152  0.52082575354303107
  0.52403048495926596  0.52767887390982149  0.53238332864316773  0.53557427918066414
  0.54179991732392396  0.54907373679452920  0.55542071449236441  0.56218237693271400
  0.57229788513965907  0.58554792876403527  0.60615821187607999  0.62875954297587988
  0.64332940416809559  0.64994847242726672  0.65466139183555672  0.65937431124384671
  0.66408723065213671  0.66628256565646948  0.66788125564593781  0.66947994563540625
  0.67107863562487469  0.67174818631284650  0.67222027701540943  0.67269236771797247
  0.67319540840043790  0.67599315391934645  0.67858545279174198  0.68158616988218046
  0.68785867451693827  0.69817255735884443  0.70677320357730167  0.71302734407285162
  0.71939968860849468  0.72823794191294977  0.74861716521042032  0.77250215692742841
  0.79353362709047226  0.81097359483777698  0.82771712568826805  0.84662769770164847
  0.87057247061773557  0.89981719784442304  0.92892389762732541  0.95818623633689270
  0.97022921287999797  0.98179237479458992  0.99089618739729490  1.00000000000000000
 -0.00488338731054542  0.02094349104085501  0.03615661535901731  0.04936297489275416
  0.05828745804867592  0.06611924369675413  0.07321140056424211  0.07934978606712720
  0.08676770344669374  0.09580847705565190  0.10636177694899271  0.11809315299933522
  0.12798331225241144  0.13589245245289136  0.14575736532572214  0.16617383216166925
  0.18789279356795857  0.20556441946949530  0.21457655635086664  0.22209672017296211
  0.22992152473738550  0.24362732436015339  0.25443214299932387  0.26486714785243742
  0.27588162938963662  0.29060603941834284  0.30760294866364635  0.32596750685748010
  0.34149899940076267  0.35405497511139561  0.36131914410120713  0.36703565279886491
  0.37227072446956533  0.37718557922011386  0.38179099653883053  0.38542528153538630
  0.38705314610381347  0.38868101067224065  0.39030887524066782  0.39221236435871643
  0.39424731131901880  0.39628225827932112  0.39831720523962350  0.40064010559851237
  0.40298861203673647  0.40533711847496051  0.41001752671268182  0.42230098512761255
  0.42585271069081854  0.42942604489899033  0.43360685856366210  0.43744106017398610
  0.44574817721167470  0.46629147236090190  0.49061594192637453  0.50852974424190733
  0.52644676695932702  0.54219966938400666  0.55404432107987489  0.55882046740450209
  0.56431426213660507  0.57094441320959144  0.57879015930449385  0.58753978936721951
  0.60061453331354697  0.61412729020722845  0.62859402319827362  0.64033832004481006
  0.65335431735477867  0.67022236188569317  0.68870328458181174  0.70268214869168844
  0.71219225459609992  0.71956142827388647  0.72775921556585621  0.73833227562758574
  0.74779291075654086  0.75500341157815487  0.76189572254154936  0.76917932619086848
  0.77913312594878992  0.78749939445309780  0.79811194480112535  0.81061469444649170
  0.83149803732256000  0.85729629781368633  0.88338152224858268  0.89988094648061712
  0.91454797871175264  0.92658378392498941  0.93765197624499841  0.94716311238682893
  0.95584760099988630  0.96631907495399894  0.97939919340744064  1.00000000000000000
 -0.00474723955102853  0.00404700201750321  0.01284124358603494  0.02173358139334451
  0.03072446144836817  0.04209630924140238  0.05167542727527021  0.05725883346553789
  0.06124960885207047  0.06438759335532088  0.07151418581410998  0.08654735581615880
  0.10263289106006374  0.12517209505667323  0.15488542540832956  0.19129542151807563
  0.21451590389266642  0.22297881695961028  0.22778914742292231  0.23144947588720433
  0.23537549290918408  0.24115433433332173  0.25111095706585412  0.27133389163112881
  0.29572593754873644  0.31303767972176127  0.32796811175602625  0.33936918690080631
  0.35392583980117753  0.36134361478859617  0.36767475381531711  0.37400589284203806
  0.38035672832003647  0.38706132946081856  0.39376593060160064  0.40047053174238273
  0.40657132558463077  0.41107536340376111  0.41557940122289139  0.42008343904202172
  0.43196606160414647  0.44440231368248367  0.45608860313937172  0.46801280560801439
  0.48216287946120540  0.49579297132380601  0.50966544389764568  0.52179482214213768
  0.53485198491156116  0.54743207188327259  0.55950330594681341  0.56859708974644929
  0.57913546710265984  0.59066211031812776  0.59761445889136244  0.60449484535059583
  0.61119116024797604  0.61988326166170260  0.62933474332184758  0.63858615493381721
  0.64970505329266948  0.66779122433965088  0.68076830653539722  0.69168215700997004
  0.69984340486025964  0.70649602036078585  0.71300090158532892  0.72155983325211892
  0.72890760813680511  0.73439379008589256  0.73924931144375083  0.74332419296222341
  0.74940383179836523  0.76062034287461833  0.76722617735791110  0.77197454163204304
  0.77806039702700958  0.78742377305924460  0.80265499910143012  0.81741947162020923
  0.83077467559438034  0.84616559747286380  0.86030993463846839  0.87364383994478290
  0.88945613666728873  0.90022201702770988  0.90769787459291162  0.91487887482801600
  0.92228393258539865  0.93029213019052814  0.94048949982224495  0.95480086417472754
  0.96499614501850361  0.97453204408192795  0.98783277801621672  1.00000000000000000
 -0.00653116808050201  0.02782719486800448  0.04221399347853357  0.05725132222805773
  0.07118073591166243  0.08549671540212599  0.10211350244536896  0.12714175233003377
  0.14786163863080884  0.15929654228231874  0.16937849837300464  0.18128170448546296
  0.19633828138323525  0.21285595515890129  0.22870360408987886  0.24409401836713945
  0.25805759648419579  0.26927266892432028  0.28148122896438604  0.29865023680083741
  0.31510612420151490  0.33354665568332348  0.35323025671605018  0.36821726708700775
  0.37398873271238137  0.37963159842843225  0.38501380719863709  0.38966904411743880
  0.39362444902316468  0.39838014202313354  0.40497887383547554  0.41221182563844455
  0.42190744302798944  0.43640401877605522  0.45036290894577541  0.46512950754715715
  0.47954903240233099  0.49237868866512408  0.50682616710884043  0.51872812954936764
  0.52712406145147539  0.52892772153732348  0.53073138162317168  0.53253504170901977
  0.53446659009411213  0.53659150009055168  0.53871641008699112  0.54084132008343067
  0.54241622256360678  0.54376166228213618  0.54510710200066570  0.54655511604966978
  0.55424392070531836  0.56095676257939708  0.56722873023912057  0.57488193334216153
  0.58713019170367575  0.59853080757875932  0.60445837901517097  0.60936540818813723
  0.61582347448607255  0.62419897404159430  0.63468248863423615  0.64259466208546479
  0.65238870232652968  0.65748635893527763  0.66796288928042868  0.68830817762150387
  0.70255330927179005  0.71672679057971522  0.72780226829184647  0.73583610778127029
  0.73783987358017655  0.74069272800067087  0.74443621968044227  0.75431874074563754
  0.76368285707896499  0.77377811303618638  0.78207456693330912  0.79228989364228963
  0.80216015343951896  0.81140520481557066  0.82016247066354142  0.82714725273183409
  0.83458905089150826  0.84416505272021403  0.85537451888782701  0.86403408460973063
  0.87369702739706834  0.88480890280299640  0.89875528490518097  0.91311454612373966
  0.92998737617562499  0.94965114532132655  0.97204663245597467  1.00000000000000000
 -0.00730772719041856  0.01867430787393505  0.04418718293730133  0.06444533359291663
  0.08269022859754266  0.10123848574073781  0.11552305470048553  0.12669922800793254
  0.13324644154855511  0.13621802505109423  0.13877264232848535  0.14359472403136037
  0.15473787032665595  0.16237747149440995  0.16995705708190215  0.18098914227628279
  0.19571933197970376  0.21045591246710446  0.21808643947656334  0.22520333627915648
  0.23391212910015563  0.23783156529263011  0.24366317380666760  0.25495134279934312
  0.27284717718929136  0.29236287212658224  0.30727581067133181  0.31554709947972931
  0.32204644677847233  0.32847042097207735  0.33696823954999711  0.35384382477576937
  0.36645114056998290  0.38330969194755099  0.40185217378808807  0.41700006088837244
  0.43072806138247238  0.44383498462416959  0.45664124722372051  0.46494651738734977
  0.47404528442173366  0.48482908157536619  0.49663471738289083  0.50860248404171393
  0.52280510881556175  0.53928772710080952  0.56145793078254536  0.58245981385357881
  0.59018292296284214  0.59585832324718191  0.60513921339560095  0.61053056640531456
  0.61444631810671757  0.62117339179519848  0.62921439629952802  0.63969435631237881
  0.65183008139397125  0.66807621748425294  0.68101153064604081  0.68588185077644614
  0.69075217090685137  0.69562249103725660  0.69998402145111849  0.70402038325736960
  0.70805674506362082  0.71209310686987204  0.71581987343564213  0.71940475267259030
  0.72298963190953858  0.72657451114648675  0.73574079474745124  0.75119082999592590
  0.76573662142206733  0.77973578960138934  0.79438080829253022  0.80616521453641754
  0.81887265801137232  0.82982506181928584  0.83835864959553785  0.84469210192331168
  0.85104533036197705  0.86000226268920432  0.86913776834607781  0.88089531285578349
  0.89659675817416640  0.90776022806331946  0.91856929023101064  0.93011330946062598
  0.94435242851720735  0.95760873255209567  0.96667360126619295  0.97429470645100547
  0.98166167625976142  0.98862102572646959  0.99426536932852649  1.00000000000000000
 -0.00435159899076232  0.01902578106587044  0.02549530212188791  0.03110011509994568
  0.03998695804340913  0.05100455203676861  0.05889578894848617  0.06536265452826495
  0.07208341734279416  0.07891954403233380  0.08475896459723666  0.08858088463115320
  0.09594144509047678  0.10799053146893441  0.12493972033390222  0.14489687017251035
  0.16316510596878309  0.18863616667337232  0.21456402508950684  0.23361941612138620
  0.25133105172611281  0.26851128418447967  0.28541792536040828  0.30243465335928782
  0.31778188675535468  0.32854842458947570  0.34097639964052551  0.35057106859420656
  0.36163748083386071  0.37364668963637387  0.39678365870404281  0.40723380915182872
  0.41186377968977655  0.41462113382185584  0.41759629796498987  0.42127319788859874
  0.42930030279857273  0.43370163385654409  0.43841617578304726  0.44408192517542067
  0.44734967054155100  0.45144746672737274  0.45833009853346890  0.46272906457472085
  0.46941506463331900  0.47690440922266542  0.48887298833936238  0.50003461989365161
  0.50463740966689485  0.50924019944013799  0.51384298921338123  0.51859973864694719
  0.52343869701275836  0.52827765537856952  0.53311661374438080  0.53755639996435789
  0.54186396998892294  0.54617154001348800  0.55047911003805294  0.55953363285839308
  0.56834056567558933  0.57537585920898215  0.58246896095584300  0.59115585870783316
  0.60419132392199160  0.61993035459111856  0.63619022377979362  0.64995238214942586
  0.66259403190307897  0.67510813698441408  0.68752871321806974  0.69715349676967076
  0.70389755198158155  0.71361804283290209  0.72670489758122592  0.73577356905309776
  0.74652750445359117  0.75544132431544120  0.75954917467211569  0.76298068007656283
  0.76754209872986434  0.77518751772498196  0.78952629462899893  0.80615385562495312
  0.82069796158701458  0.83374437947178570  0.85155645952606707  0.86643118158987131
  0.87711694359417414  0.88851864582010109  0.90954590404852276  0.92782930587249790
  0.94600622862684280  0.96077662161845423  0.97572926440919161  1.00000000000000000
 -0.00267748176412505  0.01155742767054891  0.02342319817109704  0.03778487932389396
  0.05259297372155702  0.06615915129533845  0.07686551358426259  0.08433144800607130
  0.08882549416476518  0.09250451523108819  0.09487585294812824  0.09760258088099637
  0.10187117274993943  0.10758518506235551  0.11765301259176472  0.13574482791662129
  0.15608485808108452  0.17532107867416050  0.19603824863415539  0.21850208937764323
  0.23469749182460090  0.24709410948221941  0.25824147456967234  0.26971428434045758
  0.27556043217519588  0.28122348750983506  0.28894716701131784  0.29933526128058685
  0.30432870161461795  0.30746834489035518  0.31180095188467560  0.31750928702794540
  0.32471200006022599  0.33759461361421145  0.34497919421341433  0.35089652843081953
  0.35681386264822468  0.36273119686562988  0.36546987285679050  0.36806196416344328
  0.37065405547009611  0.37318834528649969  0.37511746206023711  0.37704657883397452
  0.37897569560771188  0.38296482423364692  0.39524576760580399  0.40248552375098090
  0.40684840566446179  0.40901052023808521  0.41111495081994781  0.41574819260704632
  0.42004750038807631  0.42578276264568654  0.43416940847367474  0.44307108524283673
  0.45485723777447579  0.47254070233263423  0.49268862391460277  0.50038315304183834
  0.50718359992688589  0.51284695538782765  0.51771362222511441  0.52216039450125229
  0.54063367419911879  0.56577878588142871  0.58337769633244607  0.59815956731831199
  0.61437651456000664  0.63004296318709074  0.64905340928913691  0.66739897314170837
  0.67968610335707147  0.69399401129194704  0.70801896015127563  0.72364062866676748
  0.73377317550966148  0.74192562811509288  0.75125828180483134  0.76497975237950844
  0.78058161606887122  0.79501677515976887  0.80791176936516729  0.81950088681025068
  0.83569478423449228  0.85364809588859902  0.87176359029299177  0.88904176515304723
  0.90294450662808967  0.91158748061926309  0.92015040123994685  0.93007834604132256
  0.94264644516346174  0.95748671379971506  0.97450402204735143  1.00000000000000000
 -0.00574284262509383  0.02249663502918257  0.04763748615837714  0.06231704084040389
  0.07042680797217510  0.07967051913905628  0.09050191703286489  0.10164704032951617
  0.11079534070312647  0.11739294185792844  0.12381693204618889  0.13227139348886616
  0.14204426248729227  0.16025063453274005  0.18061773840281795  0.18920428934849581
  0.19146274330881879  0.19372119726914178  0.19597965122946476  0.19757698523776296
  0.19910894324911466  0.20064090126046635  0.20219466058759111  0.20382678465361315
  0.20545890871963518  0.20709103278565721  0.21245109699379885  0.21842067774585924
  0.22667256925473170  0.23751340343087143  0.25004645201467601  0.26915734270330327
  0.27999381771891746  0.28790826426466176  0.29468089352592064  0.30197029580649826
  0.31071179290606127  0.31740219243522771  0.32073601895153664  0.32662282463024100
  0.33691144078981294  0.35092263706985150  0.36828444168589214  0.39002193267545104
  0.41044807794110572  0.41871837098639092  0.42578918166804552  0.43335982791129846
  0.44081305223270950  0.44788361981195607  0.45586387459583583  0.46234365834462832
  0.46934748447467872  0.47917392441212536  0.49323202537391425  0.50363080357787304
  0.51570938343156569  0.53044392730700785  0.54602253996148409  0.55954731682243319
  0.57030889559892206  0.58007652553201039  0.59167909729475698  0.60349506709158351
  0.61526135457209830  0.62554916306601138  0.63859189895099411  0.64564977204236129
  0.65099958421247572  0.65727681396289506  0.66339271329452820  0.67020720616160590
  0.67999652282534584  0.69711603149527479  0.71653790407621865  0.73350808046420846
  0.74866402446859948  0.76412941074587781  0.78354798975649453  0.80527280393099587
  0.82115305562859342  0.83784089463162525  0.85531449800927739  0.86738485245067032
  0.87892260515796761  0.89116624253054499  0.90052889003158099  0.90758115493542246
  0.91587903778945889  0.91971960895943561  0.92567882732865125  0.93351827933008791
  0.94622277711088776  0.96361853592714164  0.98275385395368564  1.00000000000000000
  0.00032711778121137  0.01095011308698214  0.01904525505801370  0.02696583615177272
  0.03663744189677665  0.04753737372940588  0.05976600937019314  0.07365604543758505
  0.08809818330657203  0.10374201044002129  0.12140656779735730  0.13062976884580013
  0.13952756509001693  0.14813844909550195  0.15617466937985244  0.16893018373713950
  0.18367314220101558  0.20540182186436456  0.22906129282595955  0.24534600637145521
  0.25282435583462476  0.25884989260557695  0.26715055195123799  0.27652459729821321
  0.29071838463758437  0.30606308427133649  0.31905707185623600  0.33082918077301038
  0.34319405355576171  0.35345335117610571  0.36183866628433076  0.37036558846665707
  0.38115389593304877  0.39448071922593647  0.41121192777285537  0.42664435222199443
  0.44328684413326325  0.46218164767075443  0.47365466862776789  0.48331565821216377
  0.49543196793544636  0.51255063062284578  0.52770292491548787  0.53843099237079950
  0.54957808432175792  0.55852260838536705  0.56484001037901010  0.57616950632028607
  0.59143334870426156  0.59765514352993088  0.60378722075693436  0.62135340457639354
  0.63797000961278305  0.65211168256865437  0.66407310470203840  0.67745010662792571
  0.69226487848662122  0.70574583580727279  0.71830197038020371  0.73273328083277578
  0.75434491887515331  0.76484861941957494  0.77141040925583515  0.77771046102444619
  0.78532318704805215  0.79505418154317586  0.80403100564137275  0.81368654156997589
  0.82586174149819735  0.83972497190272444  0.85979975765366312  0.87213909489555264
  0.87736042399748249  0.88258175309941234  0.88780308220134219  0.89200411075299668
  0.89523299090923159  0.89846187106546649  0.90169075122170139  0.90483270501965207
  0.90782697740725160  0.91082124979485124  0.91381552218245077  0.91880010835169479
  0.92981328608594804  0.93930241289010930  0.94566507424362711  0.95254739986784032
  0.96006257593234245  0.96662576089969854  0.97303861537351655  0.97959999813980048
  0.98608101816403126  0.99162078861313374  0.99600425888166044  1.00000000000000000
 -0.00109972296826205  0.00419689040960263  0.01008408204398705  0.01984524019308140
  0.03259893167752699  0.04815088886882811  0.05926943709384236  0.06760612913963972
  0.08488027377461770  0.09925361069972510  0.11044073282585193  0.11894377041318162
  0.12741158169541639  0.13571851394037893  0.14807917350345540  0.15797558413085339
  0.16458006891853849  0.17113728112780172  0.17965004731030326  0.19123765020866132
  0.20476755153775428  0.21878632251155655  0.23087973578093010  0.24282844319408092
  0.25143486305595220  0.26577388113460576  0.27747352043183071  0.28781987259528596
  0.30090817448787710  0.31818388577548634  0.34207799082399493  0.35757947034458692
  0.37424409091944522  0.38238775850826628  0.39029502111976844  0.39857392282701493
  0.40521770921020966  0.41137278261431753  0.41697101542406828  0.42186198513532047
  0.42926648612971569  0.44418423200240192  0.46151285898023670  0.47817639227034298
  0.49440226651448416  0.51321733164718131  0.52597438139827424  0.53731785485469219
  0.54733874660475423  0.55971478462929602  0.57478368286525283  0.59792399219185011
  0.61952450042844398  0.64378193929916894  0.64860401833567882  0.65342609737218882
  0.65824817640869882  0.66347476420976004  0.66959173861206178  0.67570871301436353
  0.68182568741666527  0.68723349945355694  0.69202273112341917  0.69681196279328150
  0.70160119446314373  0.71703026121309144  0.72961995701200433  0.74007570966998604
  0.74904670147466512  0.75577838677612719  0.76416173362320128  0.77100675359838255
  0.77730171300243145  0.78794382570258070  0.79929578055646877  0.80962046327012716
  0.82180743964996839  0.83593210580928989  0.84786693736164198  0.85882976129216426
  0.86998652019268707  0.87453932174972748  0.88224893987413922  0.88930055728010859
  0.89704703553483878  0.90818026214646252  0.91835034255624759  0.92671476087762050
  0.93527156087516006  0.94062065251106941  0.94643370600607835  0.95413866571727934
  0.96193194961616479  0.96985538545047867  0.98327307893973248  1.00000000000000000
 -0.03180349441300730  0.63338475572958852  0.69217981503272941  0.73856674462183303
  0.76238102378592976  0.77643417844252405  0.78901733276199626  0.79952625340686423
  0.80616624811384330  0.81127659772307492  0.81539725574378186  0.81681204570457555
  0.81851300366800805  0.82100205441320373  0.82354380102667946  0.82544840991777968
  0.82732811378155391  0.82889184713594655  0.83131450586078393  0.83306433534482738
  0.83604340425591150  0.83919255701414730  0.84158945518682116  0.84369885836202441
  0.84584836667248320  0.84736931822944717  0.84958574096922967  0.85365212005806246
  0.85635619603678015  0.85880378226012188  0.86152235979965408  0.86447107320959504
  0.86783631452872234  0.87013137658513506  0.87225083259339820  0.87417635008287042
  0.87530441657239533  0.87656709154264600  0.87790275757211889  0.87916210746438461
  0.88085809455159880  0.88211703255403717  0.88305883556973297  0.88400063858542866
  0.88496368944617887  0.88624536018323630  0.88752703092029372  0.88880870165735115
  0.88986694524568488  0.89059868129043351  0.89133041733518203  0.89206215337993067
  0.89306260379988167  0.89390744732216854  0.89460705377097904  0.89553475974421726
  0.89731585052196883  0.89977464316406119  0.90162805760983078  0.90336281939205798
  0.90476847153016005  0.90577939994992362  0.90668725913952719  0.90735498243568435
  0.90768886135617288  0.90804198915071088  0.90873204264734353  0.90974330262184622
  0.91065586613212557  0.91161935027656826  0.91268661651131144  0.91376944729649379
  0.91456081533007261  0.91555690593101824  0.91703711259078347  0.91888207951707757
  0.92102555999529678  0.92300917908930946  0.92485550808405281  0.92669465652746663
  0.92799234391924545  0.93007526042096245  0.93177609784261395  0.93298345574540220
  0.93433111277095260  0.93576022851721807  0.93812743781596153  0.94153043050453966
  0.94476651863189454  0.94623969859933721  0.94791252236893986  0.95017711771141355
  0.95255612457120109  0.95505625350188783  0.96332879591403731  1.00000000000000000
 -0.02492132306843240  0.11150734795455730  0.17117165788962618  0.20598773224352324
  0.22036054606693320  0.23003631955137410  0.23820176275891602  0.24128365233598101
  0.24477814996854930  0.24854503967856398  0.25415523110352845  0.27435145318003645
  0.30993132602688089  0.33366287963103392  0.34318379162033580  0.35128608583796744
  0.35523871997226542  0.35931303577516133  0.36384477130469850  0.36801784570828922
  0.37756599886000958  0.38907137691573279  0.39805517404031776  0.41089280677294293
  0.42178170598877934  0.43394473893737728  0.44465355458399797  0.45570502160299370
  0.46440712136234397  0.47301366179137094  0.48162016048772432  0.48992137158787930
  0.50059170620590976  0.51079769702597200  0.51854742414572108  0.52476623652192766
  0.52987015883498600  0.53328815209264468  0.53672973537068036  0.54020010475622326
  0.54267898478335097  0.54474707027356906  0.54681609189011926  0.54938991180966212
  0.55314779103592038  0.55819684400335945  0.56351788532322145  0.57063294560832900
  0.57807637391098510  0.58364719539528431  0.58913968084186774  0.59436611285832763
  0.59645869140920249  0.59920120861840975  0.60402871524966051  0.61081219990180302
  0.61755100930412221  0.62274440868044623  0.62794069268304009  0.63314002973232808
  0.63794309015262363  0.64169001841296225  0.64352330751157039  0.64535659661017852
  0.64718988570878655  0.64913922057233242  0.65127635219408564  0.65341348381583897
  0.65555061543759230  0.65776006748394533  0.66007719126226516  0.66239431504058499
  0.66471143881890482  0.66942729777313514  0.67576114623104155  0.68016698700174993
  0.68440596703465384  0.68848709806326991  0.69360164826110271  0.69908758351761935
  0.70551048706393160  0.71463600187693144  0.72168223693998668  0.72598596906213497
  0.72953795658566589  0.73858528511355204  0.74497650771758150  0.74946320213909601
  0.75538573147508115  0.76611045356357521  0.78610259043270980  0.81161373394915126
  0.82752235760283699  0.84186244773696939  0.86897183356092111  1.00000000000000000
   1.5139836675142786E-017  -1.0000000000000000     
 T F F F F F F F F F F F F F F F F F F F T F F F T F F F F F F F F F F F T F F F T F F F F F F F F F F F F F F F F F F F T F F F F F F F F F F F F F F F F F F F F F F F F F F F F F F F F F F F F F F F F F F F F F F F F F F F F F F F F F F F F F F F F F F F F F F F F F F F F F F F F F F F F F F F F F F F F F F F F F F F F F F F F F F F F F F F F F F F F F F F F F F F F F F F F F F F T F F F F F F F F F F F F F F F F F F F T F F F T F F F F F F F F F F F T F F F T F F F F F F F F F F F F F F F F F F F T F F F T F F F F F F F F F F F F F F F F F F F T F F F T F F F F F F F F F F F T F F F T F F F F F F F F F F F F F F F F F F F T F F F F F F F F F F F F F F F F F F F F F F F F F F F F F F F F F F F F F F F F F F F F F F F F F F F F F F F F F F F F F F F F F F F F F F F F F F F F F F F F F F F F F F F F F F F F F F F F F F F F F F F F F F F F F F F F F F F F F F F F F F F F F F F F F F F T F F F F F F F F F F F F F F F F F F F T F F F T F F F F F F F F F F F T F F F T F F F F F F F F F F F F F F F F F F F T F F F
  <DiscreteSampler_grid>
  grouped_processes
  1 # 1 for a reference and 2 for a running grid.
  10 # Attribute 'min_bin_probing_points' of the grid.
  1 # Attribute 'grid_mode' of the grid. 1=='default',2=='initialization'
  0.0000000000000000 # Attribute 'small_contrib_threshold' of the grid.
  0.5000000000000000 # Attribute 'damping_power' of the grid.
 # binID   n_entries weight   weight_sqr   abs_weight
    16   10   9.598507038905607E-020   4.194321417857189E-038   9.598507038905607E-020
    17   10   9.598507038907581E-020   4.194321417859327E-038   9.598507038907581E-020
    19   10   1.756560195427469E-019   1.737861100015068E-037   1.756560195427469E-019
    20   10   1.756560195427933E-019   1.737861100016181E-037   1.756560195427933E-019
    22   10   1.774320609383722E-019   1.764502161479777E-037   1.774320609383722E-019
    23   10   1.774320609384176E-019   1.764502161480873E-037   1.774320609384176E-019
    28   10   9.598507038905620E-020   4.194321417857207E-038   9.598507038905620E-020
    29   10   9.598507038907604E-020   4.194321417859348E-038   9.598507038907604E-020
    31   10   1.756560195427470E-019   1.737861100015069E-037   1.756560195427470E-019
    32   10   1.756560195427936E-019   1.737861100016185E-037   1.756560195427936E-019
    34   10   1.774320609383721E-019   1.764502161479775E-037   1.774320609383721E-019
    35   10   1.774320609384179E-019   1.764502161480877E-037   1.774320609384179E-019
    40   10   9.598507038905521E-020   4.194321417857079E-038   9.598507038905521E-020
    41   10   9.598507038907623E-020   4.194321417859385E-038   9.598507038907623E-020
    43   10   1.756560195427461E-019   1.737861100015048E-037   1.756560195427461E-019
    44   10   1.756560195427920E-019   1.737861100016151E-037   1.756560195427920E-019
    46   10   1.774320609383717E-019   1.764502161479766E-037   1.774320609383717E-019
    47   10   1.774320609384160E-019   1.764502161480835E-037   1.774320609384160E-019
    52   10   9.598507038905553E-020   4.194321417857111E-038   9.598507038905553E-020
    53   10   9.598507038907640E-020   4.194321417859404E-038   9.598507038907640E-020
    55   10   1.756560195427460E-019   1.737861100015044E-037   1.756560195427460E-019
    56   10   1.756560195427923E-019   1.737861100016156E-037   1.756560195427923E-019
    58   10   1.774320609383714E-019   1.764502161479756E-037   1.774320609383714E-019
    59   10   1.774320609384162E-019   1.764502161480837E-037   1.774320609384162E-019
    64   10   7.590698463244219E-020   2.758821115586707E-038   7.590698463244219E-020
    65   10   7.590698463246001E-020   2.758821115587630E-038   7.590698463246001E-020
    67   10   1.165216393677302E-019   9.775526818095035E-038   1.165216393677302E-019
    68   10   1.165216393677254E-019   9.775526818092345E-038   1.165216393677254E-019
    70   10   1.344352972346921E-019   1.288341837922070E-037   1.344352972346921E-019
    71   10   1.344352972346862E-019   1.288341837921745E-037   1.344352972346862E-019
    76   10   7.590698463244249E-020   2.758821115586735E-038   7.590698463244249E-020
    77   10   7.590698463245889E-020   2.758821115587534E-038   7.590698463245889E-020
    79   10   1.165216393677284E-019   9.775526818094586E-038   1.165216393677284E-019
    80   10   1.165216393677234E-019   9.775526818091984E-038   1.165216393677234E-019
    82   10   1.344352972346901E-019   1.288341837922010E-037   1.344352972346901E-019
    83   10   1.344352972346822E-019   1.288341837921660E-037   1.344352972346822E-019
    88   10   7.590698463244181E-020   2.758821115586664E-038   7.590698463244181E-020
    89   10   7.590698463245954E-020   2.758821115587591E-038   7.590698463245954E-020
    91   10   1.165216393677303E-019   9.775526818095077E-038   1.165216393677303E-019
    92   10   1.165216393677254E-019   9.775526818092347E-038   1.165216393677254E-019
    94   10   1.344352972346915E-019   1.288341837922063E-037   1.344352972346915E-019
    95   10   1.344352972346850E-019   1.288341837921721E-037   1.344352972346850E-019
    100   10   7.590698463244290E-020   2.758821115586755E-038   7.590698463244290E-020
    101   10   7.590698463245886E-020   2.758821115587527E-038   7.590698463245886E-020
    103   10   1.165216393677284E-019   9.775526818094632E-038   1.165216393677284E-019
    104   10   1.165216393677229E-019   9.775526818091899E-038   1.165216393677229E-019
    106   10   1.344352972346905E-019   1.288341837922026E-037   1.344352972346905E-019
    107   10   1.344352972346817E-019   1.288341837921649E-037   1.344352972346817E-019
  </DiscreteSampler_grid>
