  0.02169712011022651  0.03783288541652116  0.05086949481118521  0.06379719684693488
  0.07728439717915907  0.08938751277965025  0.10065637016126230  0.10711947171032142
  0.11352076249473629  0.11969780510375641  0.12689207995161730  0.13330492117231285
  0.14091794636992638  0.15155542619059051  0.16434685808951924  0.17794261590861474
  0.19202629566494672  0.20371490852846832  0.21334559428546546  0.22175155163535323
  0.22990451293992403  0.23792297243890187  0.24676479717312891  0.25422790121987776
  0.26237717708454456  0.27067821437709433  0.28145905194878484  0.29298306663535095
  0.30447786386116271  0.31318235325458899  0.32201378153160654  0.33175341315293605
  0.34183868229221626  0.35519135044364875  0.37151393498759117  0.38182835302544271
  0.39241392265605335  0.40199895693551096  0.41076562835785768  0.42029682460628309
  0.43044536994742522  0.44620532068862800  0.46400306511728312  0.47672464083393495
  0.48772179240892261  0.49897837889778190  0.51190333564342061  0.52560159270649720
  0.53909977188445501  0.55148982564569826  0.56246866965980824  0.57231417361511350
  0.57950732758081180  0.58684703419164541  0.59461045482116004  0.60439317000613080
  0.61506628398098107  0.62521462197898092  0.63360845579838454  0.64391460173527726
  0.65539394550124108  0.66631515041702594  0.67593490886376273  0.68444596262116975
  0.69338073775578457  0.70340472609847793  0.71270875615878149  0.72108765457549406
  0.72765005659286497  0.73403805652925413  0.74178299301789918  0.74949943412872355
  0.75783170589735149  0.77074132445676780  0.78400654357565969  0.79405474494734252
  0.80291958244807404  0.81249406451468120  0.82075707338680126  0.82724811276098686
  0.83411535312743235  0.84165137613336372  0.85051810011849360  0.86038779022992673
  0.87064160441745142  0.88060264665285592  0.88866418997262242  0.89634258187000093
  0.90603187194618473  0.91637580935922913  0.92676100152389573  0.93861913067416336
  0.95120092607079232  0.96419847835157169  0.97099666524419559  1.00000000000000000
  0.00004448054125148  0.00007085770327000  0.00008469509362114  0.00009380834214048
  0.00010383647921968  0.00011124571343610  0.00012192179791555  0.00013080150436955
  0.00014011124910802  0.00014800013564149  0.00015261497355542  0.00015732290972283
  0.00016209672872802  0.00016690232883680  0.00017191135265998  0.00017791292199335
  0.00018408348245949  0.00018932961485003  0.00019481653407410  0.00020037794298826
  0.00020631342375534  0.00021218156016900  0.00021731778639466  0.00022267446690481
  0.00022875067943052  0.00023580088176223  0.00024130827205404  0.00024633626892129
  0.00025152624800494  0.00025692791249973  0.00026238042431950  0.00026805785661842
  0.00027267462006000  0.00027861452558289  0.00028543637845133  0.00029227932315931
  0.00029915262080913  0.00030494929222279  0.00031121089108782  0.00031735474517141
  0.00032286233514961  0.00032918518624857  0.00033650993226656  0.00034475453151858
  0.00035543170618904  0.00036787855095690  0.00037967415703657  0.00038927082088121
  0.00039780551339334  0.00040643219182601  0.00041513704950152  0.00042291889136479
  0.00042830104284635  0.00043459120707180  0.00044143738676010  0.00044759795986223
  0.00045457779437849  0.00046397894009449  0.00047391144440532  0.00048371074965322
  0.00049452712688698  0.00050799131185393  0.00052425794563536  0.00054018646984446
  0.00055459745873138  0.00056911683050244  0.00058339225248546  0.00059873717852620
  0.00061663776311345  0.00063578474243065  0.00065343234450423  0.00066938919499232
  0.00068412758387295  0.00070034415435591  0.00071926244684577  0.00073977387384091
  0.00075913030313615  0.00077798692451666  0.00079664011767956  0.00081701716137779
  0.00084206879838611  0.00086365657177452  0.00088191537658349  0.00090193693171596
  0.00093302149042165  0.00096994336828232  0.00101312063080702  0.00107657795444804
  0.00113160781064351  0.00119731298041622  0.00127124966302662  0.00136065693778564
  0.00151563572868535  0.00182321650150304  0.00344070218731048  1.00000000000000000
  0.00007746134075209  0.00013593377425846  0.00018005351136358  0.00020845117539911
  0.00022605792165145  0.00024093584184542  0.00026044470986610  0.00028553867318830
  0.00030674016081342  0.00032475254201600  0.00034402230543603  0.00036565664848371
  0.00038453027657240  0.00040318502869045  0.00042178435069516  0.00043909764496154
  0.00044938641551058  0.00045996462757150  0.00046899536601802  0.00048050305366878
  0.00049249375419492  0.00050519333573572  0.00052286014376215  0.00053427599577431
  0.00054480156496950  0.00055551054006069  0.00056588231079615  0.00057740503986508
  0.00058672234229561  0.00060456660796588  0.00061963499511874  0.00063831268434745
  0.00065771034396703  0.00067010448231015  0.00068336014228960  0.00069596638664756
  0.00070815885332244  0.00072137514906269  0.00073411957078398  0.00074856716346457
  0.00076597728653399  0.00078594430482988  0.00080358444876453  0.00082190460800700
  0.00084373098051298  0.00086162318866441  0.00087705794671108  0.00089169879770933
  0.00090741294873932  0.00092710478065597  0.00095294026421255  0.00097257895850715
  0.00099213586825638  0.00101027893546192  0.00102912581706598  0.00104974531395852
  0.00107357253373622  0.00110129942684069  0.00112619774730558  0.00114556613237744
  0.00116396468911148  0.00118334561368698  0.00120257425533445  0.00122375520735527
  0.00124930021716918  0.00128090465591307  0.00131246067646553  0.00134144861850303
  0.00136831664630438  0.00139662321648033  0.00142930428524744  0.00146324061513334
  0.00150203317303616  0.00153079541089878  0.00155725746688919  0.00158180284284833
  0.00160457832878818  0.00163800945791395  0.00167223325861768  0.00171144580264136
  0.00175019823846575  0.00178703644840675  0.00182745586819932  0.00186919429156079
  0.00191896673467640  0.00197676670832622  0.00203364572173936  0.00208368083865206
  0.00213280121895227  0.00218155367744153  0.00223183280865151  0.00228185949014763
  0.00240189675192875  0.00269996052111134  0.00370019438461017  1.00000000000000000
  0.02256938439878230  0.05162380711757912  0.07460176292492790  0.09318967363991394
  0.11043702622019343  0.12527596284202300  0.13874126199105599  0.15372656407182642
  0.16937142073014649  0.18375605942553269  0.19688075741977548  0.20932668488740486
  0.22152769538362407  0.23204903438645777  0.24201228716271717  0.25271704752772595
  0.26517815786477378  0.27696111710476201  0.28815491993854159  0.30015795971277082
  0.31170944477818990  0.32062729226428105  0.33029354654377280  0.33875125755522162
  0.34679649338068763  0.35615609893238509  0.36565177046001474  0.37457439359355993
  0.38072612853061882  0.38582948455587562  0.39115460195719309  0.39708306752748396
  0.40398997488223554  0.41190877461931757  0.42085726786168060  0.43169242128772511
  0.44218014021199537  0.44980627644726673  0.45721428633659889  0.46424836731469477
  0.47102658603962877  0.47873784148954041  0.48838527691579486  0.49828099973076234
  0.50617264360337477  0.51383396971400508  0.52393449597900332  0.53480131978911682
  0.54343670094451491  0.55303733439113922  0.56221547953106321  0.57047226409773599
  0.57580637284033553  0.58200409548962284  0.58793239714555978  0.59341146073281448
  0.60071882844887858  0.60917301153913705  0.61808050962102201  0.62662950890010005
  0.63511699443073300  0.64301189546621673  0.65049308303929021  0.65905498818813102
  0.66695436548496312  0.67584180338517219  0.68558549107504896  0.69594766050362900
  0.70270221718020254  0.70782969492199777  0.71245124039068197  0.71707477066706438
  0.72190089010596159  0.72927040408501453  0.73809951198372770  0.74662774572341495
  0.75452033861123746  0.76580974944908409  0.77037312675561875  0.77506004039670273
  0.77943134209498111  0.78407038501222703  0.79127623219392162  0.79929297657097131
  0.80797518691821846  0.81708391419892135  0.82795445247487520  0.84102895920252785
  0.85375450200025238  0.87058311969145763  0.88737379588662213  0.90528872310336483
  0.92527910767372945  0.95241711083003688  0.97403254219027469  1.00000000000000000
  0.00348471534315557  0.00373170608760063  0.00390414000312030  0.00403064633885906
  0.00412001668518871  0.00418795146466368  0.00425076478927832  0.00430901826601386
  0.00437646250409402  0.00444769360544910  0.00452534156019354  0.00462070617056248
  0.00471412935227534  0.00480804403324991  0.00489549943787841  0.00498193403477394
  0.00507177558953255  0.00515028929033000  0.00521112978950244  0.00526600298958558
  0.00531778652566617  0.00536885848946779  0.00541565853847086  0.00546096403221525
  0.00553693912223866  0.00562606675171453  0.00570613380157965  0.00578424053068529
  0.00586700693621325  0.00596330855200456  0.00606652978928798  0.00616667312040972
  0.00626204274266483  0.00635075391043985  0.00645719600355763  0.00653345136470451
  0.00659618917328125  0.00665861078722160  0.00673169827740893  0.00681113806438959
  0.00690386406739620  0.00700150786288171  0.00710069309719657  0.00721821161553511
  0.00732644517851771  0.00744270089789382  0.00755966895820341  0.00767127111541231
  0.00780426415570720  0.00794780626051585  0.00805560979483646  0.00814438008183237
  0.00822781247884630  0.00833373123355357  0.00845016525439165  0.00857352617217328
  0.00869944106560583  0.00883581071194230  0.00897392224097659  0.00909089998078955
  0.00925278116497774  0.00941253891501496  0.00962839807891530  0.00990837701581374
  0.01013254359586670  0.01041790263405264  0.01069038045208321  0.01098030296129996
  0.01127794776701400  0.01153057867076689  0.01175064964980125  0.01198887658374842
  0.01222831406065196  0.01255446331781183  0.01295283343047314  0.01334448427022727
  0.01371882826071941  0.01409589573470999  0.01444539611745817  0.01484159220130673
  0.01522693783363404  0.01557280000899008  0.01604162601539958  0.01674583248979473
  0.01711383470026955  0.01750210506210706  0.01793373155489005  0.01854523902421278
  0.01938785861741430  0.02056732828105028  0.02226661325779450  0.02532588964093214
  0.03127145400550023  0.03865895573512665  0.12184395231938083  1.00000000000000000
 -0.00082305758355726  0.00541947750751169  0.01115459389241719  0.01788102270629175
  0.02514911951773588  0.03175130645041725  0.03697707500846525  0.04395148100799833
  0.05383131348357430  0.06270948446491643  0.06994389987017521  0.07702367559910051
  0.08539284137332206  0.09396136838187159  0.10232525652536212  0.11148808633037080
  0.12082991962553029  0.13075594940080809  0.13920768747863399  0.14693184415200355
  0.15516594622859262  0.16583237361491102  0.17548451721703504  0.18575285383239726
  0.19646112985228567  0.20396287164971719  0.21074183190969401  0.21810487096712031
  0.22717417518246999  0.24030154304198995  0.25139218434524985  0.26251345772628942
  0.27405932839622665  0.28947369863436556  0.30569619835922407  0.32110889905537682
  0.33058439943661660  0.34008735727705025  0.34984708101497380  0.36009663663855329
  0.37359015135262763  0.38672146920629025  0.39847146501216063  0.40670970312334870
  0.41450543067391382  0.42368820449120281  0.43627309127715030  0.45047063117785663
  0.46312972650531070  0.47331213995642091  0.48310470608832501  0.49441488657608251
  0.50784878248073340  0.52025717118872195  0.52998452669818952  0.53790812583829417
  0.54517268758139137  0.55304981727316049  0.56159123111867926  0.56963547065437004
  0.57859874914245291  0.58923721021786835  0.59927836125202971  0.60842575626971673
  0.61789803955914202  0.62873206698212736  0.64110727993536398  0.65362915777153840
  0.66717035591061757  0.68188246256070695  0.69531369771219564  0.70720281082966296
  0.72038195188368315  0.73282857283662661  0.74545497965183050  0.75870588347996415
  0.77162291881217726  0.78504145118581370  0.79860474135877002  0.81406245718593273
  0.82543671528387741  0.83681172716136276  0.84804856073108015  0.86007815038053692
  0.87323063321950301  0.88900205782772612  0.90522583379118360  0.91746893438722876
  0.92686390494070192  0.93607754048789571  0.94615903476909013  0.95624894996621534
  0.96504521063707072  0.97338048107128916  0.98359499215287116  1.00000000000000000
 -0.00311178068770936  0.01310839036992715  0.02562776517224254  0.03709838636921120
  0.04648443202319268  0.05504504363339257  0.06308340098251781  0.07165186785386929
  0.07968444083517658  0.08714608656593795  0.09456156051687317  0.10326476171705930
  0.11479360632339154  0.12329838774598069  0.13030022067840627  0.13732455037304520
  0.14548185238650568  0.15682206557509548  0.16890934312872821  0.17834790602127584
  0.18601798658378060  0.19573430801048691  0.20865765618762303  0.22195431912245775
  0.23407589325926256  0.24593029186404175  0.25701774296252405  0.26905249950089338
  0.28053825676865196  0.28978457281127207  0.29851002202517107  0.30708609432417433
  0.31773225487067391  0.32912840610891697  0.34071552044635267  0.35291107097386465
  0.36446544723568824  0.37481494032088963  0.38438707634129970  0.39329710785344502
  0.40248196594735608  0.41217458763385789  0.42017680725263939  0.42838920784989182
  0.43676714538871186  0.44529428621897965  0.45593951584378661  0.46873300056319844
  0.48134287440241780  0.49359191612637854  0.50637322068419255  0.51981501546487241
  0.53183210252645097  0.54256913489806990  0.55194383277725334  0.56154262733770444
  0.57256615650363607  0.58252124007844430  0.59554034781879173  0.60710607424222274
  0.61576993531662050  0.62431483296871249  0.63315122011148184  0.63992441553276813
  0.65214735264692014  0.66751325758106217  0.68082452997070209  0.69348542952523462
  0.70444068294072626  0.71539112629979984  0.72732684513953028  0.73981233686984915
  0.75163007467490228  0.76238295896756503  0.77293467871450761  0.78517333051451410
  0.79831425229170316  0.80832001759876149  0.81768066309564114  0.82679093220150901
  0.83556346551877125  0.84394226787266136  0.85254307636261983  0.86141151145877715
  0.87068280495610162  0.88020819079715973  0.89012735361578010  0.90281792899879609
  0.91644803973103439  0.93026706020198735  0.94502477405684981  0.95972786365568308
  0.97015218754951993  0.97892002262175648  0.98671430265059179  1.00000000000000000
 -0.00250275100708700  0.01016133536302627  0.02131197228447231  0.03298216555345011
  0.04315868146219379  0.05152128566299329  0.05779576645106137  0.06281401084924915
  0.06770869303095360  0.07341541421808898  0.08161305706302846  0.09033708741466411
  0.10077870330067078  0.11291310315677065  0.12366170676203049  0.13569301660006314
  0.14756008423180961  0.15868915629706834  0.16758981289151773  0.17646831470463012
  0.18233763954456594  0.18660212470288365  0.19136140572368812  0.19737346467849678
  0.20795946246435221  0.22409657868908534  0.23679619060206411  0.24443414269329883
  0.25142678509668720  0.25907105343589243  0.26717384267063521  0.27658732224700466
  0.28687413054727900  0.29848884769177886  0.31217224658488213  0.32667299798114174
  0.34139536675112275  0.35483055212076064  0.36411141812839243  0.37133922763567184
  0.37911707133988337  0.38766320433542201  0.39792558421258617  0.40959497929050814
  0.42149853092499617  0.43487050281772011  0.45042438137208385  0.46812447916482891
  0.48557697569129632  0.50258763223640313  0.51765488095459256  0.52986202587581066
  0.54318890715440904  0.55762367545318325  0.56997650142050693  0.57749318206114719
  0.58481081895527642  0.59260724483741489  0.60081558658586565  0.60803071669070174
  0.61885267328426041  0.63048655498942441  0.64120532413739983  0.65149245669391609
  0.66044651570458657  0.66931719143207336  0.68012796353044980  0.69059091743810641
  0.70072230962791171  0.71182951306457598  0.72327614924517514  0.73520102038345836
  0.74777179006231342  0.76025002694939203  0.77277949684410785  0.78832196132749277
  0.80352536201659608  0.82160887108855041  0.83650024267165501  0.84962876820222244
  0.86256941592487091  0.87439965303747536  0.88412662974015688  0.89222304150356657
  0.90147952544905552  0.91258606094816797  0.92326513044753378  0.93522518906479135
  0.94544711240203638  0.95267081651915553  0.95975987914356431  0.96652846126851266
  0.97459987863793363  0.98306223305780238  0.99152987771232926  1.00000000000000000
 -0.00178689070136275  0.00414898573154066  0.01011570186369491  0.01654312336898756
  0.02737318714415509  0.04049402282829843  0.05626315074166652  0.07022363152587652
  0.08165496140193193  0.09324461451037783  0.10502882941529192  0.11751236971780210
  0.13090261397137293  0.14255783076572021  0.15226585880613247  0.16183210396201669
  0.17216349817918705  0.18359662747128586  0.19496492875646340  0.20486314809794415
  0.21465309993899184  0.22472347924360844  0.23637765659677268  0.25138070469073198
  0.26430003615055281  0.27542150409411531  0.28404996406240057  0.29402697901608554
  0.30510068119893813  0.31810352200345660  0.33285202380626355  0.34721862568546458
  0.36208823477786872  0.37710572608896498  0.38975325522835508  0.40034281090976598
  0.41090695072814265  0.42215430437975582  0.43430996197865529  0.44542590605184396
  0.45646282460495374  0.46677760456200640  0.47576366724544344  0.48620894798556213
  0.49612400272026103  0.50198202030218886  0.50892339929498809  0.51801572564779841
  0.52477419763383371  0.53033876303330019  0.53756150118636270  0.54542681819893657
  0.55228717361961233  0.56112606275645283  0.57177202530337601  0.58243792082763135
  0.59361530602787749  0.60626141090922459  0.61953105406256082  0.63063788696493750
  0.63969111473868689  0.64840387945585709  0.65722863994990055  0.66514016659794073
  0.67364871967783868  0.68132172059700435  0.68792363819369029  0.69647854011638877
  0.70737150316473918  0.72062686679990051  0.73293449264814881  0.74287891140095497
  0.75113215546952239  0.76051034417037955  0.76974275124306268  0.77842294824169278
  0.78843424636536974  0.79971375899503327  0.81107287057859512  0.82464159715891838
  0.84318642874320227  0.85881527124973833  0.86807650207549480  0.87758511973384790
  0.88868388915773133  0.90010609040407508  0.91289755733745537  0.92491796634296530
  0.93359388637520058  0.94163651652422897  0.94946832258769109  0.95612787996415249
  0.96696935615018509  0.97768824072730587  0.98923168017045715  1.00000000000000000
 -0.00267359955669751  0.01245444222163372  0.02249830176901893  0.03470161197655942
  0.05018277989833361  0.06576668188334908  0.07915251168542807  0.08845426327521667
  0.09598633953935180  0.10256567746675418  0.10859918999921660  0.11437804218166368
  0.12342121516851365  0.13704147460957616  0.14865127486326346  0.15772947913994348
  0.16832037475416672  0.18126735300888205  0.19402425950459892  0.20691861306015441
  0.22165665679059604  0.23188036742394477  0.24104456687001072  0.25052680781174658
  0.26040227712681380  0.27271776965943390  0.28145814859178347  0.29248822576857031
  0.30009666191559464  0.30693964554702685  0.31551181401353440  0.32867790374643990
  0.34362309406615549  0.35589843065741411  0.36384656715693497  0.36938125202532607
  0.37441150876450002  0.38087382136624931  0.38782709011000638  0.39422928263007684
  0.40021621499907778  0.40691116567375463  0.41485756920416939  0.42363016952345228
  0.43198913781871823  0.44128005073195142  0.45223082305613710  0.46757195544040575
  0.48721214910253197  0.50452730677504454  0.51840215503239429  0.52994060222250350
  0.54091503380532813  0.54932448095054365  0.55801277345922529  0.56711217442375828
  0.57678855671860807  0.58641979362506969  0.59635602173075553  0.60638357607898241
  0.61531815426601211  0.62565081899838459  0.63733950631472458  0.64986796548166270
  0.66337198108515882  0.67489357442282960  0.68412854217924746  0.69219397234453495
  0.70175331408547403  0.71326947729334178  0.72555962879192126  0.73617479611556669
  0.74604929477588977  0.75702804758999731  0.76925158567274221  0.77974679426201565
  0.79258844341700363  0.80522371025084472  0.81795583562604801  0.83036728175505137
  0.84176370878799323  0.85135581547711359  0.86057595309424340  0.87007574969465229
  0.88044014593838593  0.89173923300410096  0.90286990794392630  0.91289808036517062
  0.92254248048613741  0.93216963394928898  0.94028374520080571  0.94983958017528591
  0.96066096243132415  0.97310225481744883  0.98714073110220024  1.00000000000000000
 -0.00298905739706488  0.00984031594759351  0.02178519840443816  0.03494024764742506
  0.04694549153027984  0.05850103793952892  0.07040859812280031  0.08008164171044992
  0.09054218487421097  0.10068805082259788  0.11344023092874229  0.12473074801818744
  0.13391610028614251  0.14395301639342159  0.15453521359612468  0.16478238298409420
  0.17459573219016777  0.18464700348827415  0.19469600442917992  0.20477106215032581
  0.21646550399559208  0.22952878729505310  0.24302443260121939  0.25399079156203991
  0.26285547248847591  0.26945961603199403  0.27418855755171989  0.27987994809694805
  0.28658319756320200  0.29321868274474100  0.30109350107094462  0.31274037829833690
  0.32516858703728274  0.33804000630774644  0.34990811298380470  0.36114179412393888
  0.37187091335553529  0.38404303057057904  0.39665685590200317  0.41006873450893166
  0.42183550718627383  0.43059354101267350  0.43778557549453717  0.44616521994308100
  0.45518934997792559  0.46452883842222920  0.47450328623735905  0.49024540994925453
  0.50380787078836142  0.51596800551553124  0.52570233082434892  0.53429997415334740
  0.54403484635853816  0.55504503632184876  0.56327391789351244  0.57053335094344904
  0.57939597552554001  0.59023647493163467  0.60000048493774982  0.60922243595091674
  0.61785875703755022  0.63034107381325544  0.64135169462676389  0.65078057258350774
  0.65944036029327024  0.67021026864801170  0.68349960657504050  0.69682596149153653
  0.70965904532560864  0.72217188317114833  0.73444581994888003  0.74763748642572037
  0.76068508978173655  0.77200780958995818  0.78241485631464247  0.79403688682106932
  0.80519574575885156  0.81561267910842516  0.82489300418972655  0.83367802946713299
  0.84254605175295683  0.85309392346773860  0.86370809047812880  0.87399782879735821
  0.88424147267127184  0.89123375015607620  0.89665493898651116  0.90286349323273807
  0.90941259046858369  0.91938124258854337  0.93066345022960362  0.94304150691483091
  0.95649574042639973  0.97024423550871508  0.98652207942246983  1.00000000000000000
 -0.00448476305234185  0.01331307720414614  0.02828000032006761  0.04150804736496437
  0.05363972734701412  0.06509788726964122  0.07753445720453543  0.09191044046442139
  0.10865051549091646  0.12353827385218927  0.13249526885596505  0.14064821393555588
  0.14860007777020229  0.15711697358959714  0.16695196921906369  0.17903354718872116
  0.19352811664399683  0.20983959689948131  0.22711009372500812  0.24266038119287481
  0.25684498587560445  0.26949200937382001  0.28054572160560892  0.28991590356962965
  0.29877607556832714  0.30702005758265039  0.31521349088233763  0.32169915553718242
  0.32847777221923791  0.33657970082578453  0.34761373997945494  0.35657791162182723
  0.36603111835444285  0.37311842674520451  0.37908048096442815  0.38680009795408732
  0.39613140431839478  0.40616415319717930  0.41566433731633740  0.42607462657188755
  0.43792382488064402  0.45030432168017986  0.46124550370110567  0.47044747097657968
  0.47897225409559718  0.48405279907461979  0.48892462934911152  0.49498019339603427
  0.50139057873930726  0.51126954058081109  0.52154102287705661  0.53119343956287723
  0.54135455097160212  0.55312063793373567  0.56589641376723587  0.57852272130861748
  0.58912876583651186  0.60039764799804363  0.61284467120645048  0.62507903700519118
  0.63643508659710268  0.64849589958517417  0.66351477734703124  0.67975232097906091
  0.69286560884843607  0.70203693521341171  0.71224715541192452  0.72663845356937862
  0.73908700157768514  0.74976843484448508  0.76171787719685879  0.76999258893949873
  0.77843149487944252  0.78764513165810901  0.79610563893086661  0.80231401167591310
  0.80906481590003931  0.81658186904749819  0.82381259439379850  0.83153535351363839
  0.84039796143585721  0.85279858540787523  0.86680616567866831  0.87992471968431918
  0.89118269176049292  0.90056164589919785  0.90965730588762372  0.91914264393858214
  0.93052339261627215  0.94091778143142291  0.94953447430894944  0.95826063208782952
  0.96630881386632217  0.97562370031999324  0.98622424650436713  1.00000000000000000
 -0.00359321871841187  0.01330019531995344  0.02612576241753260  0.03783720776923298
  0.05007200874646424  0.06269158344680371  0.07455210122396114  0.08701324223816657
  0.09780757666005295  0.10789582388054145  0.11621628355633441  0.12361975244579647
  0.13216316751340837  0.14252593685132167  0.15695689792209203  0.17285640633219845
  0.18645212311516357  0.19894350106510919  0.21211310863979319  0.22530184511686613
  0.23675472341198403  0.24786464686802068  0.26173942614997081  0.27521171044768039
  0.28495522947185120  0.29387819056676540  0.30344336513940806  0.31431397423667301
  0.32478259932769576  0.33238710431535351  0.34023867227467763  0.34843788776549750
  0.35811844002046167  0.37159457019607839  0.38853036339770591  0.40320312048716989
  0.41702721411886617  0.43093914551988577  0.44527639282911213  0.45779754337481898
  0.46804975106651592  0.47679051647020670  0.48452422280728635  0.49327471025288727
  0.50244438698983174  0.51163336351778599  0.51905316796928191  0.52625599308911253
  0.53339723829995855  0.54269474431566600  0.55249621468350707  0.56219929163371996
  0.57185460904930929  0.58193728734264771  0.59363190655367482  0.60480684415107655
  0.61498432302262018  0.62365865949699750  0.63285542678721562  0.64179948050455904
  0.65103406533822739  0.66071132363843177  0.67213013732240701  0.68442479690864677
  0.69710475087230361  0.71003675633028829  0.72329293382777393  0.73035528484744749
  0.73624170680105683  0.74233953037157829  0.74848163731889139  0.75420379048318709
  0.76317072768650940  0.77267823396490798  0.78344552382261889  0.79630451805685420
  0.80658024590417565  0.81433497434565072  0.82287477806551401  0.83192225410784448
  0.84007354936934520  0.84885916518814697  0.86035981865796607  0.87059655403886294
  0.87836092451345571  0.88631113471236311  0.89667368444724382  0.90947421685079499
  0.92176554287069934  0.93236531060659444  0.94320485216173922  0.95329580283732751
  0.96404966284758076  0.97422328360579213  0.98362638139081837  1.00000000000000000
 -0.00235217487303431  0.00994250757788262  0.02393523631158533  0.03776712337146362
  0.05103056910241507  0.06072948354523044  0.06812197142642185  0.07677702562375044
  0.08797103461166000  0.09835035919686247  0.10842915318535613  0.11989660880148378
  0.13052687398108695  0.13850358900047902  0.14586200704027061  0.15322659948862338
  0.16006877890254620  0.16712976949305330  0.17677036466614995  0.18858029646331156
  0.19981630085275737  0.21392262285011776  0.23068861731923165  0.24595314674178939
  0.26046083464171244  0.27266489224123719  0.28067546556717327  0.28812676733178699
  0.29618610550237862  0.30438242035901553  0.31276310485482806  0.32399158977829623
  0.33378669211907891  0.34138337909586025  0.34842905246143996  0.35436382168930058
  0.36230774900966334  0.37289938570845760  0.38452299198907824  0.39362421304104256
  0.40354778930746210  0.41310399192815123  0.42342014891503388  0.43377234166079642
  0.44481800625287454  0.45824073793655357  0.47379721762148463  0.48976077438860632
  0.50538035403970505  0.52090788146809441  0.53481899469395244  0.54655496806696680
  0.55799207766001846  0.57049787959228682  0.58379299607710777  0.59668952099638817
  0.60850395939082191  0.61987640501317665  0.63266753406129272  0.64370642076331708
  0.65334454937114705  0.66332234022868697  0.67476542939615070  0.68550903725911627
  0.69347265418839343  0.70033408015388210  0.70822462826932919  0.71855774158722663
  0.72869675571066117  0.73936495087387222  0.74997590310242290  0.76165675768175989
  0.77553231592842731  0.78498475963490333  0.79428224796502667  0.80358461514387636
  0.81412894351723464  0.82504408967745591  0.83362637680752216  0.84262846322896912
  0.85173575857658834  0.86096701506844409  0.86902815284344315  0.87740599974432498
  0.88675228792273431  0.89646775101103171  0.90702349670628624  0.91808646370388314
  0.92879975408596294  0.94211753298236156  0.95473035583208776  0.96518357176186886
  0.97326935866872988  0.98182175682157657  0.99119702987934688  1.00000000000000000
 -0.00330577280730572  0.00732267410066031  0.01822198715714914  0.02954467091275410
  0.04544271475386537  0.06322399883197048  0.08117031111472832  0.09603647325487759
  0.10381712379005800  0.11032042065554441  0.11643278264904972  0.12394724809672501
  0.13506602251438923  0.14593982388901730  0.15582328635943432  0.16632325554777222
  0.17704389009580004  0.18869035142964535  0.19963004142129806  0.20950108753752034
  0.21780686098104454  0.22594006872468694  0.23607637033493462  0.24793717997139963
  0.25930074811086368  0.27243130941463706  0.28714918835735131  0.30014049671208698
  0.31149056259948460  0.32015240493941782  0.32611655948835266  0.33519393164909028
  0.34442970116048222  0.35394071594938231  0.36389412405815996  0.37080586112535951
  0.37855823272144262  0.38745403771439507  0.39338132165091289  0.39780415515309875
  0.40271155970333083  0.40861735080823203  0.41507643819708240  0.42424861650163892
  0.43605502523962308  0.44670920640727235  0.45781228453385547  0.46952397332149254
  0.48155918776600287  0.49305954975543931  0.50345292612355919  0.51261879759251017
  0.52095201131114588  0.52940065518311408  0.53648737082934495  0.54420489333875388
  0.55276858429984976  0.56314973359939979  0.57464413910845491  0.58628236080823104
  0.59642024967988272  0.60612402262562970  0.61578882456210005  0.62796308983784921
  0.64209870705331162  0.65806029480277672  0.66953509925831556  0.68111670491980481
  0.69193525789309784  0.70419731732913382  0.71983649933792582  0.73667490869340768
  0.75347422436378220  0.76969973203809072  0.78559358164821735  0.80141961848431209
  0.81838457269570741  0.83349574838261553  0.84238604171177334  0.84879746678600665
  0.85496026763863708  0.86032940071407915  0.86529439023275057  0.87065912490081077
  0.88069712644278975  0.89068726571288082  0.90062264857292684  0.90909866013141205
  0.91605870093140762  0.92371531269880047  0.93260991616094169  0.94451867731726502
  0.95676736312973243  0.96805236731772759  0.98240046745896104  1.00000000000000000
 -0.00159162893589409  0.00486159203755533  0.01274712581625463  0.01871556483800134
  0.02594415310769729  0.03498233521316207  0.04566574774637719  0.05650266818421957
  0.06571784723036760  0.07400229981182251  0.08079193214344001  0.08746599830766026
  0.09416562074518126  0.10128134613592144  0.11019745147930060  0.11995176244893607
  0.12980634987259648  0.13975123348890711  0.14982333026966826  0.15959883886191870
  0.16903389919328862  0.17923011680321510  0.19073995779258110  0.20199581076014650
  0.21304545188353979  0.22007392639555581  0.22618942736350564  0.23197732320667983
  0.23759420507715967  0.24263061999302341  0.25095161155286144  0.26113312783636949
  0.27394600124055829  0.28881498605877409  0.30260125231413426  0.31569920874260265
  0.32829906511428258  0.34015760441886783  0.34987355014118943  0.35685727069997353
  0.36410611318800074  0.37226434770906747  0.38275953731773532  0.39464573962197702
  0.40896634631794748  0.42333114071872241  0.43725462882876964  0.45250979817290715
  0.46808569506387271  0.48505412059450381  0.50451215777871727  0.52250860388659648
  0.53710051916145962  0.54855238074173440  0.56043038390731892  0.57238073523773636
  0.58331543109779771  0.59490452600417132  0.60499787738098254  0.61626075124294288
  0.62552580614776732  0.63272732813614541  0.64103042310938751  0.65030482029289260
  0.66038914175808006  0.67057367583752436  0.68705626767972983  0.70513622525213870
  0.72082319054288213  0.73320374852514036  0.74424341923641502  0.75469060902332930
  0.76553204234681538  0.77886289651914142  0.79213588831242965  0.80294425593436625
  0.81197257242775700  0.82045942541081074  0.82837929246593622  0.83610907505981535
  0.84290310400797075  0.85099007208153377  0.86236116697243193  0.87477626582144374
  0.88473989438842193  0.89360261700703603  0.90360923152770167  0.91615715360423278
  0.93070195949888235  0.94615993784552987  0.96014163609666625  0.97116743517368520
  0.98072847649337169  0.98729565630680249  0.99369748361824839  1.00000000000000000
 -0.00387340847518406  0.01838414990424034  0.03394433227976134  0.04466317394413983
  0.05189432964844044  0.05767148880127015  0.06356859057510962  0.06939829083423112
  0.07707065746172267  0.08449334817742983  0.09526910445048410  0.10704643103242595
  0.11700558270468471  0.12569464429171281  0.13577309397912307  0.14662419276514607
  0.15500026771835079  0.16661902146262639  0.17727043088516339  0.18879058460650824
  0.20219904131962477  0.21418054396842315  0.22229087372552161  0.22822243935264810
  0.23630784832184776  0.24583253058184334  0.25768243736603663  0.26968912032477027
  0.28178488664975010  0.29081364771765716  0.29831434355300940  0.30801089449917463
  0.31928894737255320  0.33023117234760802  0.34047269698047844  0.35162451178774146
  0.36442027854626768  0.37956487759746127  0.39388428683986060  0.40804069534316928
  0.42233375235955622  0.43571095887725420  0.44826665021886847  0.46245769408855902
  0.47046165640283599  0.47592280356174843  0.48147029460270763  0.48764837257220001
  0.49472748558449853  0.50431217023297348  0.51339349798494371  0.52191901858665668
  0.53103678220594908  0.54072104584785097  0.55182301967671754  0.56392419801503935
  0.57422238671219472  0.58557577953266438  0.59904038720332842  0.60999993079240333
  0.61898002583804745  0.62829323817782701  0.63895595579226838  0.65133541468286849
  0.66450749885535931  0.67458697569262893  0.68373110000559756  0.69276795860328599
  0.70187851010391700  0.71334043892605969  0.72857033765729629  0.74314242721522950
  0.75489565658929902  0.76445642374661205  0.77406458743628859  0.78575580959462898
  0.79556718924805792  0.80424414418150958  0.81313128026859238  0.82424307446602096
  0.83500628183323555  0.84579623657416969  0.85459936335033893  0.86314537441633854
  0.87092915474645671  0.88174445289392089  0.89514502840511767  0.91040355204528089
  0.92556050317634242  0.93889475013115575  0.95132724159571558  0.96226077761752582
  0.97078377209382039  0.98085274295649727  0.99000140037413686  1.00000000000000000
  0.03120528237382253  0.33191315733743304  0.39381056807988418  0.42807188990368772
  0.44716885792627853  0.46771045058062877  0.48989085476903155  0.50963243523665580
  0.52089320539802753  0.53037878746944045  0.53916773287336173  0.54998542162277730
  0.56587724066808998  0.58378452740934439  0.59863949883317835  0.61238688116094209
  0.62613991001952019  0.63952024916064765  0.65129451134219096  0.66056354647255766
  0.66714729773973036  0.67283340520479618  0.67988687337589238  0.69044529169097590
  0.69811040623299114  0.70473352660972355  0.71013478535386299  0.71591870204242025
  0.72112226937342339  0.72597152761200245  0.73003246363834029  0.73404652718616514
  0.73820740619810399  0.74194776386022032  0.74564089676384515  0.75059590558574207
  0.75559486353945571  0.76048763248397833  0.76620399318533228  0.77138287293112640
  0.77630555647834132  0.78043882249677854  0.78364775254426022  0.78664728553203778
  0.78941804396004012  0.79219952760875501  0.79508989650706596  0.79878848031428706
  0.80258539465545675  0.80683633965857959  0.81086089657625970  0.81481799900577512
  0.81833242913780202  0.82167984529034099  0.82506006250849429  0.82838285015811075
  0.83187419118273742  0.83570909979333474  0.83901065780461037  0.84179066609786113
  0.84450833800156944  0.84724265846156188  0.85014336528681944  0.85314279037633423
  0.85551541683192411  0.85767098763259730  0.85968569686617147  0.86179137927539151
  0.86549000625227301  0.86847520772478393  0.87106632523074656  0.87329768450432421
  0.87497238895854057  0.87673845809508910  0.87863231620336713  0.88041246511598414
  0.88294843560118952  0.88634169461192858  0.88965240828048142  0.89314748410791300
  0.89738115513905126  0.90233525145339633  0.90668356913843828  0.90963422018244677
  0.91203304475230429  0.91422428834059877  0.91665148797511531  0.92059286809872598
  0.92498347078876175  0.92998267009004576  0.93526991374321977  0.94085258208823852
  0.94671503354451270  0.95397660140117424  0.97029168019300716  1.00000000000000000
 -0.03797950781225072  0.18493091085667174  0.24914879216012256  0.26765361369485346
  0.28411219266403892  0.29842664099076588  0.31234082582372508  0.31912482859161001
  0.32592460510275806  0.33297148450894448  0.34001486349487164  0.34632556430480621
  0.35528631613367301  0.36490860947468229  0.37282990798051380  0.38172492353720350
  0.39027695486087199  0.40013545400497841  0.40961878992419587  0.41816077257433015
  0.42652362192062471  0.43577451532556088  0.44617983004338951  0.45598484747081597
  0.46454389168855426  0.47256670102689680  0.47893814297201953  0.48519717984297395
  0.49125222390749124  0.49690480889004529  0.50419598781023456  0.51072281519449203
  0.51712612344520459  0.52238854907166921  0.52655153444275860  0.53067712547297796
  0.53485980322829485  0.53825327423389291  0.54096971795891169  0.54383113934636940
  0.54838042996220371  0.55542095642341882  0.56327817607303199  0.56951075959849673
  0.57571765861133195  0.58149251998339568  0.58699981970822834  0.59269211362818131
  0.59874606172594769  0.60473322283307951  0.61046005387718727  0.61637287191162116
  0.62103494726541797  0.62555934374862732  0.63021155428635811  0.63511906283185171
  0.64022711686199574  0.64538041993162765  0.65069909374352652  0.65637813006850287
  0.66145601448433167  0.66546350387234454  0.66905147040642254  0.67277938736571208
  0.67650189996290622  0.67975490586984000  0.68292415819293317  0.68578820281414277
  0.68861294859263567  0.69200416945495002  0.69607193481673602  0.70071788378749678
  0.70475737130732041  0.70841810935534733  0.71256533741925410  0.71714758025795511
  0.72173856285639948  0.72684691471613760  0.73206267262916913  0.73746538514718485
  0.74388683554535651  0.75082155586680754  0.75835940945904090  0.76695881138807753
  0.77516164326414749  0.78381217230131039  0.79213804723073233  0.80166002784036861
  0.81164962693514642  0.82204408456240385  0.83233982113789495  0.84253874909395721
  0.85532290602581418  0.88090721405974537  0.91551932868776587  1.00000000000000000
   4.0389306187692003E-017  -1.0000000000000000     
 T F F F F F F F F F F F F F F F F F F F T F F F T F F F F F F F F F F F T F F F T F F F F F F F F F F F F F F F F F F F T F F F F F F F F F F F F F F F F F F F F F F F F F F F F F F F F F F F F F F F F F F F F F F F F F F F F F F F F F F F F F F F F F F F F F F F F F F F F F F F F F F F F F F F F F F F F F F F F F F F F F F F F F F F F F F F F F F F F F F F F F F F F F F F F F F F T F F F F F F F F F F F F F F F F F F F T F F F T F F F F F F F F F F F T F F F T F F F F F F F F F F F F F F F F F F F T F F F T F F F F F F F F F F F F F F F F F F F T F F F T F F F F F F F F F F F T F F F T F F F F F F F F F F F F F F F F F F F T F F F F F F F F F F F F F F F F F F F F F F F F F F F F F F F F F F F F F F F F F F F F F F F F F F F F F F F F F F F F F F F F F F F F F F F F F F F F F F F F F F F F F F F F F F F F F F F F F F F F F F F F F F F F F F F F F F F F F F F F F F F F F F F F F F F T F F F F F F F F F F F F F F F F F F F T F F F T F F F F F F F F F F F T F F F T F F F F F F F F F F F F F F F F F F F T F F F
  <DiscreteSampler_grid>
  grouped_processes
  1 # 1 for a reference and 2 for a running grid.
  10 # Attribute 'min_bin_probing_points' of the grid.
  1 # Attribute 'grid_mode' of the grid. 1=='default',2=='initialization'
  0.0000000000000000 # Attribute 'small_contrib_threshold' of the grid.
  0.5000000000000000 # Attribute 'damping_power' of the grid.
 # binID   n_entries weight   weight_sqr   abs_weight
    16   10   5.032763860394341E-016   2.390186096265618E-030   5.032763860394341E-016
    17   10   5.032763860394298E-016   2.390186096265577E-030   5.032763860394298E-016
    19   10   8.102238126729393E-016   6.372494218683462E-030   8.102238126729393E-016
    20   10   8.102238126729324E-016   6.372494218683352E-030   8.102238126729324E-016
    22   10   8.194808629047187E-016   6.320708412433041E-030   8.194808629047187E-016
    23   10   8.194808629047116E-016   6.320708412432929E-030   8.194808629047116E-016
    28   10   5.629741494550094E-016   2.666839365028428E-030   5.629741494550094E-016
    29   10   5.629741494550059E-016   2.666839365028380E-030   5.629741494550059E-016
    31   10   6.650482692391659E-016   3.556450051314811E-030   6.650482692391659E-016
    32   10   6.650482692391572E-016   3.556450051314689E-030   6.650482692391572E-016
    34   10   6.651030879169955E-016   3.616542757406895E-030   6.651030879169955E-016
    35   10   6.651030879169869E-016   3.616542757406775E-030   6.651030879169869E-016
    40   10   3.793249896507447E-016   1.343006542108948E-030   3.793249896507447E-016
    41   10   3.793249896507423E-016   1.343006542108931E-030   3.793249896507423E-016
    43   10   3.388210687584352E-016   1.056097096622085E-030   3.388210687584352E-016
    44   10   3.388210687584352E-016   1.056097096622085E-030   3.388210687584352E-016
    46   10   3.465225249358153E-016   1.045539987494535E-030   3.465225249358153E-016
    47   10   3.465225249358155E-016   1.045539987494537E-030   3.465225249358155E-016
    52   10   5.160838516991322E-016   2.620073298721861E-030   5.160838516991322E-016
    53   10   5.160838516991304E-016   2.620073298721842E-030   5.160838516991304E-016
    55   10   7.402619305446309E-016   5.405495930873462E-030   7.402619305446309E-016
    56   10   7.402619305446276E-016   5.405495930873413E-030   7.402619305446276E-016
    58   10   7.797481187880392E-016   5.916186933344776E-030   7.797481187880392E-016
    59   10   7.797481187880356E-016   5.916186933344718E-030   7.797481187880356E-016
    64   10   5.032763860394336E-016   2.390186096265614E-030   5.032763860394336E-016
    65   10   5.032763860394296E-016   2.390186096265575E-030   5.032763860394296E-016
    67   10   8.102238126729393E-016   6.372494218683462E-030   8.102238126729393E-016
    68   10   8.102238126729327E-016   6.372494218683356E-030   8.102238126729327E-016
    70   10   8.194808629047187E-016   6.320708412433044E-030   8.194808629047187E-016
    71   10   8.194808629047118E-016   6.320708412432933E-030   8.194808629047118E-016
    76   10   5.629741494550091E-016   2.666839365028426E-030   5.629741494550091E-016
    77   10   5.629741494550057E-016   2.666839365028378E-030   5.629741494550057E-016
    79   10   6.650482692391652E-016   3.556450051314802E-030   6.650482692391652E-016
    80   10   6.650482692391571E-016   3.556450051314689E-030   6.650482692391571E-016
    82   10   6.651030879169948E-016   3.616542757406887E-030   6.651030879169948E-016
    83   10   6.651030879169869E-016   3.616542757406775E-030   6.651030879169869E-016
    88   10   3.793249896507446E-016   1.343006542108948E-030   3.793249896507446E-016
    89   10   3.793249896507425E-016   1.343006542108933E-030   3.793249896507425E-016
    91   10   3.388210687584351E-016   1.056097096622085E-030   3.388210687584351E-016
    92   10   3.388210687584351E-016   1.056097096622085E-030   3.388210687584351E-016
    94   10   3.465225249358152E-016   1.045539987494534E-030   3.465225249358152E-016
    95   10   3.465225249358155E-016   1.045539987494536E-030   3.465225249358155E-016
    100   10   5.160838516991320E-016   2.620073298721859E-030   5.160838516991320E-016
    101   10   5.160838516991307E-016   2.620073298721845E-030   5.160838516991307E-016
    103   10   7.402619305446310E-016   5.405495930873464E-030   7.402619305446310E-016
    104   10   7.402619305446284E-016   5.405495930873424E-030   7.402619305446284E-016
    106   10   7.797481187880393E-016   5.916186933344780E-030   7.797481187880393E-016
    107   10   7.797481187880361E-016   5.916186933344726E-030   7.797481187880361E-016
    112   10   5.032763860394341E-016   2.390186096265618E-030   5.032763860394341E-016
    113   10   5.032763860394304E-016   2.390186096265583E-030   5.032763860394304E-016
    115   10   8.102238126729390E-016   6.372494218683457E-030   8.102238126729390E-016
    116   10   8.102238126729324E-016   6.372494218683352E-030   8.102238126729324E-016
    118   10   8.194808629047185E-016   6.320708412433041E-030   8.194808629047185E-016
    119   10   8.194808629047119E-016   6.320708412432933E-030   8.194808629047119E-016
    124   10   5.629741494550110E-016   2.666839365028444E-030   5.629741494550110E-016
    125   10   5.629741494550065E-016   2.666839365028386E-030   5.629741494550065E-016
    127   10   6.650482692391654E-016   3.556450051314802E-030   6.650482692391654E-016
    128   10   6.650482692391566E-016   3.556450051314683E-030   6.650482692391566E-016
    130   10   6.651030879169948E-016   3.616542757406885E-030   6.651030879169948E-016
    131   10   6.651030879169866E-016   3.616542757406771E-030   6.651030879169866E-016
    136   10   3.793249896507448E-016   1.343006542108949E-030   3.793249896507448E-016
    137   10   3.793249896507427E-016   1.343006542108934E-030   3.793249896507427E-016
    139   10   3.388210687584352E-016   1.056097096622085E-030   3.388210687584352E-016
    140   10   3.388210687584353E-016   1.056097096622086E-030   3.388210687584353E-016
    142   10   3.465225249358155E-016   1.045539987494535E-030   3.465225249358155E-016
    143   10   3.465225249358157E-016   1.045539987494538E-030   3.465225249358157E-016
    148   10   5.160838516991324E-016   2.620073298721863E-030   5.160838516991324E-016
    149   10   5.160838516991297E-016   2.620073298721836E-030   5.160838516991297E-016
    151   10   7.402619305446318E-016   5.405495930873475E-030   7.402619305446318E-016
    152   10   7.402619305446263E-016   5.405495930873394E-030   7.402619305446263E-016
    154   10   7.797481187880397E-016   5.916186933344784E-030   7.797481187880397E-016
    155   10   7.797481187880335E-016   5.916186933344686E-030   7.797481187880335E-016
    160   10   5.032763860394343E-016   2.390186096265620E-030   5.032763860394343E-016
    161   10   5.032763860394308E-016   2.390186096265587E-030   5.032763860394308E-016
    163   10   8.102238126729391E-016   6.372494218683459E-030   8.102238126729391E-016
    164   10   8.102238126729322E-016   6.372494218683347E-030   8.102238126729322E-016
    166   10   8.194808629047185E-016   6.320708412433041E-030   8.194808629047185E-016
    167   10   8.194808629047113E-016   6.320708412432923E-030   8.194808629047113E-016
    172   10   5.629741494550106E-016   2.666839365028441E-030   5.629741494550106E-016
    173   10   5.629741494550064E-016   2.666839365028386E-030   5.629741494550064E-016
    175   10   6.650482692391650E-016   3.556450051314798E-030   6.650482692391650E-016
    176   10   6.650482692391568E-016   3.556450051314686E-030   6.650482692391568E-016
    178   10   6.651030879169944E-016   3.616542757406881E-030   6.651030879169944E-016
    179   10   6.651030879169869E-016   3.616542757406774E-030   6.651030879169869E-016
    184   10   3.793249896507445E-016   1.343006542108947E-030   3.793249896507445E-016
    185   10   3.793249896507425E-016   1.343006542108933E-030   3.793249896507425E-016
    187   10   3.388210687584354E-016   1.056097096622087E-030   3.388210687584354E-016
    188   10   3.388210687584355E-016   1.056097096622087E-030   3.388210687584355E-016
    190   10   3.465225249358155E-016   1.045539987494536E-030   3.465225249358155E-016
    191   10   3.465225249358159E-016   1.045539987494539E-030   3.465225249358159E-016
    196   10   5.160838516991325E-016   2.620073298721864E-030   5.160838516991325E-016
    197   10   5.160838516991301E-016   2.620073298721839E-030   5.160838516991301E-016
    199   10   7.402619305446302E-016   5.405495930873452E-030   7.402619305446302E-016
    200   10   7.402619305446257E-016   5.405495930873385E-030   7.402619305446257E-016
    202   10   7.797481187880384E-016   5.916186933344765E-030   7.797481187880384E-016
    203   10   7.797481187880330E-016   5.916186933344679E-030   7.797481187880330E-016
  </DiscreteSampler_grid>
