 -0.00000000876736564  0.00000010124327520  0.00000093407456261  0.00000253320260996
  0.00000315078030743  0.00000365635553485  0.00000423174811203  0.00000475327261516
  0.00000553840485600  0.00000650935015335  0.00000767224514499  0.00000811019354254
  0.00000854050192734  0.00000897561470590  0.00000953957637344  0.00001017889027874
  0.00001083965983119  0.00001161267318627  0.00001227043593735  0.00001280681250246
  0.00001337252517155  0.00001392120389293  0.00001475431459857  0.00001555758665098
  0.00001598612021927  0.00001630474880844  0.00001659931570725  0.00001689872638721
  0.00001728307648957  0.00001784100424691  0.00001856855894869  0.00001952415854382
  0.00002058439215925  0.00002157566498366  0.00002210137540812  0.00002260828363801
  0.00002314799168656  0.00002370177345466  0.00002417764468699  0.00002456315008599
  0.00002494707693749  0.00002547974790665  0.00002617908056043  0.00002698407911178
  0.00002775226970329  0.00002869235966685  0.00003218712141652  0.00003904116154528
  0.00004541194598634  0.00004945762357094  0.00005288419137741  0.00005520075654617
  0.00005754694079083  0.00005977326444544  0.00006144312102916  0.00006227196076358
  0.00006281994014566  0.00006337142161957  0.00006386881617465  0.00006449412696957
  0.00006553387976301  0.00006710633790616  0.00006871445037859  0.00007004114826935
  0.00007091309362164  0.00007201861445774  0.00007299218861873  0.00007359777900898
  0.00007400238327465  0.00007440760202429  0.00007481697266280  0.00007522634330132
  0.00007708907637196  0.00007960386902277  0.00008311727312961  0.00008926738924013
  0.00009493034002820  0.00010584499510789  0.00012399222160496  0.00013959508715614
  0.00014800560159836  0.00015342924062955  0.00015910276940795  0.00016915710945167
  0.00018103386814883  0.00021062655569055  0.00026339745707024  0.00044296031628691
  0.00066750182447429  0.00086711075192675  0.00115306808788606  0.00196759395805050
  0.00267396044395516  0.00503271520119944  0.70345278850274440  1.00000000000000000
 -0.00007437282152320  0.00073386238116918  0.00113490739523840  0.00135601883016456
  0.00151867368374622  0.00162624603182776  0.00190332961729657  0.00251782020670207
  0.00308602488480923  0.00374116314055238  0.00416461894291923  0.00442242918612983
  0.00467293396636793  0.00483711265715947  0.00500129134795102  0.00515942737878621
  0.00531085364436318  0.00546227990994014  0.00582003409202923  0.00624892121046005
  0.00669065761282302  0.00707026365842528  0.00750786066730609  0.00815065492184022
  0.00874479476609167  0.00931404840096736  0.00980527668729612  0.01030135172441673
  0.01082486668415342  0.01134422892442592  0.01185490600164940  0.01224937251997963
  0.01251428416323836  0.01276828239545853  0.01304908932577157  0.01328881309976289
  0.01353941529107418  0.01384865505828996  0.01428192463045632  0.01491171435156109
  0.01532880802422974  0.01574791085763979  0.01602877609421794  0.01610237764854673
  0.01623120550624190  0.01636211601150870  0.01650953701873088  0.01666860971202464
  0.01682403766762044  0.01691280505542925  0.01698124651485899  0.01704976010438528
  0.01712340850090721  0.01719479180426072  0.01725136345985919  0.01730240949197829
  0.01735183377110364  0.01740103819057752  0.01746677538523726  0.01755287528250918
  0.01763358639724354  0.01770313165033251  0.01778199194646440  0.01798233322638650
  0.01823768485229574  0.01855854492202188  0.01886621146002919  0.01925143329104484
  0.01948853507329863  0.01963913899567293  0.01974118912404639  0.01982476200850139
  0.01990906559548655  0.02001445352076832  0.02026535042624777  0.02045920835183660
  0.02060892365266375  0.02089773522372584  0.02117072948976007  0.02153883759886798
  0.02181924808182521  0.02198395008385887  0.02208628014033756  0.02219192806851291
  0.02231320885822101  0.02257316380057664  0.02280153672897631  0.02293869802951564
  0.02312676822898570  0.02346098738519007  0.02370004571707294  0.02392290239476644
  0.02455878360727911  0.02676653701422126  0.84586902479711656  1.00000000000000000
 -0.00029600075312888  0.00455826348859696  0.00641622629520412  0.00735710814697934
  0.00829798999875456  0.00901755319301916  0.00964733124927340  0.01027710930552764
  0.01067159828859727  0.01093320180478164  0.01119480532096601  0.01188717900231392
  0.01302340284983528  0.01424527577115827  0.01532256407725770  0.01591357588796015
  0.01617723113970071  0.01637688997131036  0.01659319828746059  0.01672033990540121
  0.01684465030858012  0.01696495505807476  0.01707806895424215  0.01718764528743868
  0.01733617897509944  0.01750330045077352  0.01768774525640290  0.01794578526225817
  0.01835397519513309  0.01898404818994999  0.01948951566396722  0.01994452342545925
  0.02028246855402847  0.02050141458102023  0.02063558650759043  0.02074826037797877
  0.02079608333672363  0.02084320458908820  0.02089232245347423  0.02098299673479989
  0.02117592428170879  0.02161346294722375  0.02187981171617122  0.02195558042120455
  0.02197579443390452  0.02199264959368173  0.02201430206795075  0.02204823378025867
  0.02209229829507274  0.02211732779676101  0.02213886462796411  0.02216295804009289
  0.02220452006356992  0.02223141855896736  0.02225221696902563  0.02227748717147356
  0.02229882889828031  0.02231169248110327  0.02232610383236116  0.02238344510755853
  0.02246754699643462  0.02264739957124744  0.02296830826699423  0.02325988804641202
  0.02342996628724450  0.02361329386311899  0.02380442709608861  0.02396807874352491
  0.02417357325058762  0.02442717530528949  0.02461789818439041  0.02480415119674004
  0.02490750153466582  0.02510586724085466  0.02521675699893848  0.02529529500281347
  0.02536645369016839  0.02540738464509864  0.02544917685952523  0.02549822964875498
  0.02557845678583752  0.02569300368110753  0.02580862425976026  0.02590112148042543
  0.02600305077172840  0.02617517260756003  0.02643981979757914  0.02672007933324823
  0.02697049922400049  0.02776096769560443  0.03075257378109642  0.03552663447710343
  0.04021098168577745  0.04779957517078497  0.05310304920789550  1.00000000000000000
 -0.00000320926685075  0.00001766568029963  0.00001878443474442  0.00001984862717459
  0.00002083804372872  0.00002174119145677  0.00002334295526027  0.00002529542820966
  0.00002773819773281  0.00003085894989918  0.00004411701798402  0.00005423129087928
  0.00006275895717835  0.00006845710652469  0.00007306741778414  0.00007422731566317
  0.00007534148026568  0.00007598579966659  0.00007668633906344  0.00007749314086620
  0.00007872156976368  0.00007972655522137  0.00008072561721949  0.00008182279931584
  0.00008313550168312  0.00008471947027899  0.00008636660609632  0.00008883425493067
  0.00009140481556762  0.00009363021775788  0.00009506068568498  0.00009596994837506
  0.00009681576509289  0.00009760406821767  0.00009849035084486  0.00009942097152266
  0.00010148807414968  0.00010442074634980  0.00010751227104835  0.00011026065099933
  0.00011252208159312  0.00011493749914427  0.00011773738829562  0.00012114248886370
  0.00012664667668760  0.00013110820804286  0.00013532736669347  0.00013942934333884
  0.00014361909551306  0.00014506071962927  0.00014670077754105  0.00014851685907049
  0.00015003186113151  0.00015315770553926  0.00015889342937041  0.00016265973058285
  0.00016577138372122  0.00017031622496244  0.00017761432313249  0.00018568853194248
  0.00019398037941615  0.00020255346633513  0.00021731226303802  0.00023219063242137
  0.00024314451896099  0.00025255657930500  0.00026199366882125  0.00026980372617757
  0.00027947421322338  0.00030940777418850  0.00035321647095542  0.00039336503252758
  0.00042517416399019  0.00044429629670350  0.00046904257583407  0.00052216213803204
  0.00054844997648993  0.00056073727987195  0.00057425649317188  0.00058998116463676
  0.00061598799883787  0.00067440402717175  0.00073654088492516  0.00075820882003258
  0.00077606947800803  0.00079372577762464  0.00080876846919945  0.00082381116077425
  0.00083839056850125  0.00085178755482303  0.00086518454114480  0.00090188901396074
  0.00108312928021581  0.00167339481862187  0.40831759147182217  1.00000000000000000
 -0.00069411554652638  0.01546293079040211  0.02208643829774256  0.02401580845814301
  0.02520966559557006  0.02544927721427866  0.02554477752498487  0.02564287258682903
  0.02576654095486351  0.02583405236475259  0.02586100704423251  0.02588796172371243
  0.02591491640319235  0.02594054033667215  0.02596590550649176  0.02599127067631138
  0.02601669467042881  0.02604230111968535  0.02606790756894189  0.02609351401819843
  0.02614096361913398  0.02620145586036543  0.02629360085852984  0.02642388662815998
  0.02654253342896404  0.02663886918792533  0.02673245151423619  0.02682591441067843
  0.02693879686089867  0.02701667267794967  0.02709823660084859  0.02718041703210919
  0.03000326809531587  0.03031814112475443  0.03038925771220267  0.03045983502629731
  0.03052048299764994  0.03057207356492525  0.03061569070879776  0.03065681829721232
  0.03069761146474837  0.03073814285039911  0.03078080902810736  0.03082786090440184
  0.03088537951421144  0.03095536040880636  0.03101904268620742  0.03111202094279742
  0.03121630084243885  0.03132287728522377  0.03144434664040802  0.03157032516783435
  0.03171265862861744  0.03187710023822275  0.03204486692602478  0.03220905670008312
  0.03239074206037127  0.03253417499832778  0.03267104184047663  0.03280092122507870
  0.03292137298206909  0.03306203847664965  0.03320467056361764  0.03332922039140748
  0.03345616059895089  0.03359257221055865  0.03375017916701584  0.03401841730782039
  0.03434558662439218  0.03461936371918104  0.03496212023310354  0.03544949102049179
  0.03621848755548569  0.03698620456129150  0.03843713174021519  0.04195042804360809
  0.04567313587993341  0.04858144029273094  0.05050666716907494  0.05263512572779883
  0.05398719445612728  0.05419835173926341  0.05431961046252173  0.05451424368963158
  0.05471849076324716  0.05513257514127268  0.05670599910569167  0.05777897540953995
  0.05814037268375701  0.05854037778418420  0.05906313131763490  0.06031848376229141
  0.06375146597104088  0.07404026626203020  0.94591105772880446  1.00000000000000000
 -0.00026651776043858  0.00218837253772022  0.00406534425509139  0.01246422690364548
  0.01815375648891147  0.02203499418504497  0.03494180066702037  0.04594082138464760
  0.05214730464843861  0.05927550628310171  0.06532413046982698  0.06762506471720314
  0.07010158948884582  0.07483878556859053  0.08376465830149132  0.08990713813760803
  0.09544402074924303  0.10157340652413886  0.11163234741750844  0.13137803416510466
  0.16648311573455343  0.22072825623912123  0.28982369227110794  0.33225051636112113
  0.35747565874109022  0.36088184405468798  0.36701563269036469  0.37147396614638201
  0.37646494891132048  0.37906387652616441  0.38095413777073134  0.38275801789697589
  0.38509244249445507  0.38701292778698465  0.38841327984137286  0.39039488544999201
  0.39394381426513964  0.40018968915020375  0.40814862831610560  0.41621015833279879
  0.42386891966961721  0.43108059504609825  0.43821667613983295  0.44889608334674153
  0.45644764561102019  0.45961310414645390  0.46604823416145058  0.47419590897500957
  0.48023478582337659  0.48236820382248508  0.48417922320295997  0.48676712701484415
  0.49051601650339466  0.49426490599194522  0.50112890714662028  0.50859450707536358
  0.51646394789195782  0.52856143506312703  0.54224527601236505  0.55763862393349739
  0.57748850697391829  0.60056052902867119  0.61241011406137325  0.62448194662639334
  0.63412482932585923  0.64317380994076345  0.65674539676461408  0.67101939977941871
  0.68710997346976077  0.70830866979394924  0.72584420779732006  0.74477509469010283
  0.75563881297528546  0.76070339181201785  0.76477515390805528  0.76789472652701496
  0.77090374103389359  0.77383989050109159  0.77700742028564951  0.78073323455863242
  0.78664658780940400  0.79547759873364954  0.80334499096243051  0.80894373967469047
  0.81414373018732167  0.81859100042799404  0.82326104005302936  0.82828572861441629
  0.83616590211495578  0.85102890722760527  0.88387486037051566  0.90524481663118583
  0.92464057965799673  0.94955104549821456  0.97473562571656314  1.00000000000000000
 -0.00671033510120715  0.02550102242956832  0.05099289476099184  0.07334051322192800
  0.08518624827665779  0.09112815202913431  0.09623837292762277  0.10215221425133576
  0.10941104877169015  0.11682843622272661  0.12199709111943044  0.12716574601613426
  0.13666037613292223  0.15341550627748615  0.17017063642205005  0.19585841756551414
  0.22572873868409787  0.25559905980268161  0.38872076179775827  0.42053440490118676
  0.42686320579737880  0.42906277587481650  0.43066165581746713  0.43339232447377407
  0.43630680603098315  0.43963546489448790  0.44315690680447134  0.44699921771905615
  0.45145642420523063  0.45893565765712507  0.46742896694374192  0.47773005764930931
  0.50016208493748637  0.52786802744577610  0.54823050799601891  0.55242025465327815
  0.55501258871349857  0.55751666633591213  0.56097436079283647  0.57039862906933647
  0.57533703078128573  0.58027934927229163  0.58316748740425495  0.58459021741336636
  0.58606426247554066  0.58715047386975860  0.58820424955761119  0.59028086803207935
  0.59529021784634839  0.61122545915937110  0.63132577420906755  0.64703041593402577
  0.66125625811930278  0.67024692002347008  0.67264944764708456  0.67541993309178505
  0.67781097273958091  0.68411545576155774  0.69253852838352203  0.69732168556189411
  0.70186280115244692  0.70605005615576011  0.71154946222117621  0.71793924271052723
  0.72433503554006884  0.72985216310830447  0.73587016132788463  0.74219918523105277
  0.74875934616433504  0.75514579104001267  0.76152339903674260  0.76822285693184433
  0.78603071304331884  0.79862883986445721  0.80815212835430239  0.81100417301043404
  0.81291861340566085  0.81542617718609856  0.82184630377194179  0.83369864068153443
  0.83779019724873605  0.84101151226636461  0.84362532432825543  0.84720605007499616
  0.85563437956714017  0.86804727724139330  0.88021232343745581  0.88583989120890450
  0.89386268363685706  0.89999994600771804  0.90417306796985331  0.90834475923598768
  0.91363255451506120  0.92630418821996929  0.96862964108982341  1.00000000000000000
 -0.00074918622190089  0.00574870191814689  0.01369655928133855  0.01864758882339602
  0.02139140976524788  0.02323754254662092  0.03152369599580691  0.03982978794735781
  0.08518544776666176  0.14333963718441001  0.17488439005838341  0.18386907815830497
  0.19119745120130568  0.19798104409567624  0.20409996434091424  0.21469073150811593
  0.22492483003564867  0.23331438106129745  0.24373919892864257  0.24757526771624494
  0.25109470280054230  0.25250307377238468  0.25317021617153174  0.25379493643739498
  0.25445617333238957  0.25537333155211955  0.25710181892197570  0.25812110522900800
  0.25941920785294892  0.26157196598416027  0.26660970997348116  0.27381736777361221
  0.28514001107897557  0.29684386645458000  0.30925836453845595  0.32046460755082345
  0.32314614041266609  0.32506516348821146  0.32760094637203080  0.33482863841454213
  0.36557022637924030  0.38886329437434991  0.41774785269879933  0.44595467870123418
  0.47080487758069361  0.48521313067164179  0.49753974623283714  0.50964044937883146
  0.52256929915769512  0.53194099078130896  0.54397901290481587  0.55679161624238716
  0.56712224448625181  0.57699633792945493  0.58979652578619901  0.59968577708740856
  0.61887527662204189  0.63778476607617507  0.64898352693061800  0.65441038817550978
  0.65889215654862454  0.66196546088856001  0.66590601133094252  0.67225891688239825
  0.69077459843202138  0.70540653326407388  0.71220679740996595  0.71538901714646685
  0.71665995291861617  0.71795617404712175  0.71929806045486389  0.72073291348889967
  0.72196371646797175  0.72329768227959235  0.72586117703260189  0.72835641382967309
  0.73058382692668411  0.73346830005404662  0.76081721970715388  0.77275326499149377
  0.78042374855910368  0.78823293253454829  0.79741497359037672  0.80659701464620515
  0.81572130492517037  0.82474616467701978  0.83377102442886919  0.85331307817960078
  0.87994311510256829  0.90635746638750558  0.92595133299056454  0.94377854714837495
  0.95974417808621226  0.97513744123599644  0.98756872061799816  1.00000000000000000
 -0.00212008970726070  0.01011009959050413  0.02531907288506707  0.03658186350698542
  0.04635500331566000  0.05103063734614222  0.05580559211532581  0.06004718847205606
  0.06215362509662661  0.06416778655473188  0.07381698204696276  0.11022330107656367
  0.12431144751153939  0.13005481900401422  0.13612163332009219  0.14462977838444074
  0.14838811419443540  0.15199472665461164  0.16015349647364302  0.16526533486631187
  0.19881627346791306  0.23079227679432862  0.25078877904770719  0.27078528130108576
  0.28259891484787703  0.29044294119922742  0.29686101947457932  0.29968683639061028
  0.30251265330664123  0.31646412494422610  0.31959611936110099  0.32133279962045697
  0.32420093049011667  0.33217119114271110  0.33938307611138385  0.34565397328578207
  0.35052987860032114  0.35136834628213232  0.35268563853195095  0.35572915347071266
  0.35976909566993309  0.36407156222009146  0.36915689750425457  0.38017075087197710
  0.38785266895040299  0.40193593170678055  0.42216491213946566  0.44965484327573024
  0.48648065428882564  0.51770751048180030  0.54420308971494835  0.57180270984699333
  0.60151474317269304  0.62139908613513462  0.63658960701718958  0.64490439946892886
  0.65058050849553883  0.65779542274820413  0.67098671324253634  0.68299292178382642
  0.70036785350885433  0.71153504716836302  0.72119484690172975  0.73838579609657984
  0.75293839652044980  0.76156434068851553  0.76832907923847193  0.77492031695019969
  0.78254699731348731  0.79541658247186375  0.81315761725472868  0.83629234037750066
  0.85296921690186656  0.86045071961999731  0.86436086460141204  0.86775364578370962
  0.87032668580567485  0.87291654311731781  0.87689821154759184  0.88342051665767929
  0.88833746092407506  0.89293466246799325  0.89752667269836062  0.90417323904527780
  0.91405632929840952  0.92378888012271032  0.92881304364150219  0.93310926565964547
  0.93724529647332333  0.94127720118885194  0.94560690345081400  0.95044106710846232
  0.95835443749426941  0.96878253263708913  0.98507387314674955  1.00000000000000000
 -0.00821602733926665  0.02417647915046470  0.04698655541123124  0.07055764529960996
  0.10040193346849556  0.11156017947913904  0.12400098358206479  0.13873113446908802
  0.15553350666067112  0.17318464679394324  0.19346373335491138  0.21887523581883261
  0.24172733348873002  0.26496472501518115  0.29035819875789787  0.31127497905033152
  0.32897991221107020  0.34325279534985564  0.35467663295936758  0.36656580062906163
  0.38197787061146954  0.42297847694352492  0.48404789222595002  0.51087691546405922
  0.52304330977056535  0.53427199717066742  0.54524872977914085  0.55743925510943471
  0.56213780881603326  0.56381980017759814  0.56610071407187623  0.57408125478286109
  0.57778370683356572  0.57928348433357213  0.58017044291856934  0.58063293023737828
  0.58100459365062962  0.58240007445209108  0.58519497127042353  0.58607794726756324
  0.58661646873010886  0.58720955791843521  0.58910077554970275  0.59079224954185128
  0.59211728814399478  0.59861879140789165  0.60626940732584855  0.61132395408409246
  0.61633993123010233  0.62560515791592963  0.64192147356869655  0.65884102633009267
  0.67324509787197595  0.68713826465243233  0.69700967423706228  0.70772718139498281
  0.71510497617355651  0.72315014767053354  0.73329004272307008  0.74103932407698858
  0.75267644747207296  0.78900315823731249  0.82019839659970040  0.83511162277997586
  0.84029831864306814  0.84562249113073207  0.85141189021345332  0.85836241076461928
  0.86682931609574587  0.87375483449398983  0.87759928517626595  0.87987532939000157
  0.88269723878177586  0.88509229724608818  0.88669387574482661  0.88785822697979233
  0.88897170227450395  0.89080173087251857  0.89301206144984113  0.89903671918053951
  0.91336886902618653  0.92369633341743829  0.93326095820947508  0.94092503186986154
  0.94992144411304247  0.95523308848029154  0.95980782667229148  0.96337788746494868
  0.96565911980507146  0.96794035214519414  0.97016181602776175  0.97238143745467709
  0.97537335298321248  0.98106698940431969  0.98988284890470957  1.00000000000000000
 -0.01558972689349405  0.06727721663930883  0.07981308505841059  0.09644628550292965
  0.10078730729730456  0.10889683704181290  0.11721449385601704  0.12468831334421908
  0.13396967573764901  0.14402796694849154  0.14702264921306821  0.15088804262052499
  0.15663607824459491  0.16564035116339956  0.18154458270170656  0.20464046164052155
  0.22676088099445516  0.23685691817488508  0.24431925575259811  0.25102044735476992
  0.25983219586085854  0.27324728718046443  0.29096855399157090  0.31808780428855482
  0.34079405727600143  0.35476716409609499  0.38094804146757333  0.42398135033712969
  0.45775689030721978  0.46975559761571140  0.47777676939641500  0.48291984903707719
  0.48680548801798346  0.49060942045923850  0.49318579096429527  0.49576216146935209
  0.49797974663628980  0.49993704440833786  0.50241121034785008  0.50880429870367083
  0.51856299113081106  0.52934582155897114  0.53622491767200753  0.54322667152366799
  0.55289596073820302  0.56363479210400547  0.57239310214756733  0.58090087402274626
  0.58969941107960422  0.59920270269742781  0.60984774943740183  0.62192382688125725
  0.63690505252532659  0.66462216289762066  0.67440394759061795  0.67888703741150969
  0.68268851320961355  0.68553352772156162  0.68786771472643582  0.68947572971504223
  0.69094573276584947  0.69251370896050402  0.69416076696663842  0.69562094360500326
  0.69760453178744664  0.69903916512036013  0.70638777765667415  0.72140684374913067
  0.74086726978849859  0.75579012043512273  0.76718328588202334  0.77730693263028483
  0.78580936456498629  0.79456830651628119  0.80408381601275125  0.81116777895878567
  0.81737767683213824  0.82147422090820299  0.82598776297100618  0.83080100088989961
  0.83632703767868743  0.84210535671335707  0.85150899220031107  0.86456653784291815
  0.87707391210978636  0.88678435096805386  0.89678081779048446  0.90771124413989390
  0.91767695878434863  0.92340565462709567  0.92797773132497541  0.93361492448232675
  0.94074445836930110  0.95180783167229555  0.96469920706570944  1.00000000000000000
 -0.00890000165931333  0.02206550912538412  0.05013655943388436  0.07807013487874671
  0.11290662722462984  0.14433496680555097  0.16678739358498049  0.19982350463599161
  0.23729684352260000  0.26358873239560759  0.28114767485792680  0.29239825286778953
  0.29817054365544854  0.30180434584810717  0.30731323950045802  0.31501071634492683
  0.33497438971428500  0.35450517841653617  0.36699494534161264  0.37755733992829260
  0.39014740094127320  0.40354699429068031  0.41775025481293004  0.43252825775515724
  0.45133497655136062  0.47289494456233494  0.50501509590145988  0.53596050554309160
  0.55076284361568595  0.55841842530568786  0.56607400699568977  0.56991811295136119
  0.57308550883622633  0.57625290472109159  0.57726103998601497  0.57826518398379356
  0.57947747663040028  0.58186636114510948  0.58810420325787494  0.59640697654718278
  0.60237015577231467  0.60631112285457467  0.60926351639306575  0.61067728432320600
  0.61260629672019207  0.61399308556200405  0.61539475830174017  0.61741288672551198
  0.61940930554597140  0.62134025352362399  0.62356546739490282  0.62568135461602625
  0.62724068190539906  0.62816429717953970  0.63296848949459739  0.63833239447175572
  0.64893480238227752  0.65991436772215217  0.66962467621706978  0.67859919774006805
  0.68580464401753372  0.69381843016074995  0.70202560069436504  0.71024869370097909
  0.71814373444720814  0.72836029439625860  0.73996237685699617  0.75126205595201234
  0.75808196833609964  0.76897529660044683  0.78354955973297713  0.79924657087983841
  0.81510881857494966  0.84613484613931333  0.87288047465356888  0.89091172657917883
  0.90089136222995203  0.91147044030999935  0.92965669562542230  0.94475376883816486
  0.95279738376542589  0.95995702965394891  0.96923860725048905  0.97344250406307031
  0.97994072972319357  0.98520355637837864  0.98744448154253694  0.99080608825750349
  0.99170205074327522  0.99257166016258391  0.99349137833527468  0.99506017627973342
  0.99714508847801375  0.99828160453883863  0.99914028997546311  1.00000000000000000
 -0.01485848267685582  0.05016401292947896  0.08509169389078350  0.10997300755633854
  0.13202495853029073  0.14512065242222452  0.15342295523536725  0.15797671523979939
  0.16048908638027123  0.16144999194251672  0.16298154222840733  0.16529167686839302
  0.17124001785205803  0.17394162055761136  0.17458443961102427  0.17488679469866358
  0.17521164913506226  0.17556943486121507  0.17596033503881953  0.17789882738520316
  0.18848792660127522  0.19906112659715403  0.20265678211445365  0.20574058559855110
  0.20982221149420227  0.21783660093422805  0.24020676871408175  0.27061886435880961
  0.30008507219522790  0.32598037930278861  0.33778600906588435  0.35113921934619291
  0.36652521192476378  0.37856431391450124  0.39257256691738057  0.40421286477928120
  0.40895408623659724  0.41093813978669302  0.41211605033210752  0.41360327685150589
  0.41544141956667424  0.41813780695119512  0.42023800581718851  0.42209134891990335
  0.42638349903455797  0.43818045823562873  0.47007301216386083  0.49821280719260586
  0.51262168946355069  0.52804563387497405  0.53790726096269403  0.54274506826041002
  0.54617186963179731  0.54895171421310762  0.55208859460273607  0.55544947971719660
  0.55704300677400176  0.55756183226635414  0.55822714163615506  0.55961885541995382
  0.56202076150334612  0.56398955172396215  0.56582526405901357  0.56764384722809280
  0.56959811403930394  0.57217557016800691  0.57698848898153277  0.58267686302221333
  0.58500577677018673  0.58630341016949705  0.58759273678723767  0.58884643085646349
  0.59010012492568931  0.59629894549335483  0.60715492179834440  0.61801089810333409
  0.65765952401006078  0.69996388675972876  0.71387544319765284  0.71950591885656001
  0.72666955451765236  0.73384807697459387  0.74355552353918464  0.75919974615112462
  0.77960353883480626  0.79404821282670801  0.80866913177840372  0.82351296929137874
  0.84131565744548897  0.86159537494836869  0.88752187525291271  0.91631163776405811
  0.94007428579953056  0.96305001235847942  0.98152500617923988  1.00000000000000000
 -0.01293579324374525  0.04945737745737049  0.06783497756769456  0.07351633924489467
  0.08015840316524608  0.08616921542205996  0.09361643827448701  0.10271147977014795
  0.10881696200521987  0.11329250772210049  0.11782203789785313  0.12480124042566110
  0.13634223666943526  0.14995662055044082  0.16064788489496168  0.16843046471505660
  0.17452323363879649  0.17953277467907303  0.18351158917969190  0.18780494119720212
  0.19274886375324252  0.19898094650071335  0.20491377376607828  0.20872970306681743
  0.21145483345819793  0.21237522460965308  0.21579364901358039  0.21847621500920616
  0.22145244094082867  0.22523331933136437  0.23050678826278204  0.23708771190493524
  0.24039555857001027  0.24474418209010382  0.24777352916678033  0.25315958031293423
  0.25986145284495588  0.26502899919821371  0.26702438867036665  0.26940898655330875
  0.27436414692518313  0.27973990590833636  0.28511687525975843  0.29049483649184615
  0.29674532674536291  0.30453699471204693  0.31936626596313566  0.33967193847897081
  0.38334320933340382  0.43918977023182415  0.47972885263329590  0.51759741325369846
  0.55546597387410113  0.57643824975014490  0.59182622886616565  0.60556023357759470
  0.60677472143720501  0.60798920929681532  0.60982323673512229  0.61280564114781200
  0.61594254306217222  0.62014314803077264  0.62376652809673050  0.62688737771998582
  0.63023743371746244  0.63300940755437562  0.63584428304816087  0.63918096122755597
  0.64448247732237496  0.64839102859658426  0.65180462192006150  0.65540724202025991
  0.67889939277978095  0.71653756334337049  0.74843292463649902  0.76986713557095043
  0.78499966820359712  0.80190289976711593  0.81262801038584753  0.81946327889536430
  0.82652567015133460  0.83295783244847299  0.83717453399113007  0.84477827600402422
  0.87068180461707712  0.88075581650979728  0.88574132074643230  0.89795291579676395
  0.91971086190195261  0.93528418511574807  0.94945021683122366  0.95682862905357857
  0.96108982361942374  0.97086326158195480  0.98351656780406704  1.00000000000000000
 -0.01105101101085854  0.01982610910597827  0.04789371465985096  0.05649312806079590
  0.06606443465372923  0.08526573745425854  0.12444739076552883  0.16520239981105095
  0.18305610384276688  0.18672623414349312  0.18968168473977146  0.19399962496499612
  0.19863138369252606  0.20508484503693344  0.21166211178816999  0.21819116144433540
  0.22585209917085955  0.23522895073596370  0.24285167642406216  0.24951941162209790
  0.25515007041889715  0.27169811370185637  0.29017211195698656  0.31053441621211891
  0.33271719843173153  0.35429601549096185  0.36999516592976639  0.38269834673909897
  0.39154313395831869  0.39691311697809539  0.40004041100714821  0.40277247952225287
  0.40804157001606534  0.42344188046480707  0.44387472176093373  0.44837596321240830
  0.45138028505410871  0.45244689466685512  0.45454657647993341  0.45620278443186391
  0.45950145699450035  0.46974523779220662  0.48183919198211816  0.49598879084380365
  0.50760460192097223  0.51629444481549058  0.53027765116061298  0.54389058343679930
  0.55603377926949227  0.56270999033067859  0.56835095608292063  0.57948991488255530
  0.58612999449909642  0.59352899592099984  0.60190739601502197  0.61468003183808140
  0.63399398928227657  0.67560364112874938  0.68180776372552498  0.68801188632230059
  0.69291631695366873  0.69739204712457992  0.70202362124711748  0.70742262774806308
  0.71282163424900857  0.72027882706940571  0.72616252654730651  0.72942098907143327
  0.73680768654952278  0.75410305339607786  0.78094367488584049  0.83245199862464581
  0.88187078638886007  0.90439139737498631  0.91871776832277674  0.92763187553566695
  0.93087599146744260  0.93269565884302330  0.93636383805006329  0.94065818559641501
  0.94494097844422065  0.94722751699232566  0.94920497117053171  0.95107445442756611
  0.95265720821256783  0.95412845744375552  0.95574185684940860  0.95758113341010542
  0.95906441419923416  0.96134191391450441  0.96505865656931233  0.96914545109861450
  0.97293983979326548  0.97885289627982830  0.98852144113298768  1.00000000000000000
 -0.00824469326238773  0.03515928614852812  0.05705366733896789  0.07330152359763538
  0.08597399365847698  0.09526881671884364  0.10108449084831768  0.10664999850079927
  0.11337642199657270  0.12596065843848656  0.13172827855460689  0.13471578302042087
  0.13643187990144773  0.13936029451041829  0.14283711529828449  0.14733748765488167
  0.15108923130862462  0.15442156694987622  0.15764848190688260  0.16196580939777436
  0.16658909949026807  0.17103851546986382  0.17549282039204764  0.18002254660256517
  0.18670080220181157  0.19214796607832105  0.19900400577356789  0.21512862604008537
  0.24316923829788745  0.25060564892339776  0.25384071299502248  0.25608781551092291
  0.25889698799079353  0.26149392894516194  0.26357577824910072  0.26589976750325328
  0.27181863357371921  0.27570334639229349  0.27872050535967596  0.27991163942445196
  0.28189923369310688  0.28366912614994838  0.28607321041858830  0.30294195496506693
  0.30782045697762017  0.31513452605122155  0.32526460646182098  0.33060723418531890
  0.33453614054350267  0.34263267440725814  0.35305019187287534  0.35819204333304772
  0.36258185308605484  0.36542265448119499  0.37060125176045911  0.37949414749065491
  0.38320561849294715  0.38631802783457281  0.39016355147001275  0.39640057400941969
  0.40627494636704858  0.41796555476290592  0.42854619892116030  0.44496441737917863
  0.47981332654289005  0.52945636853362577  0.55038240390658855  0.55650659880904918
  0.56121612540384169  0.57009381697404027  0.58079055672603930  0.59368947084021217
  0.61040739262728727  0.62854097202448478  0.63443046316154472  0.63937234709155888
  0.64193251436891652  0.64616359441379823  0.66654969822826560  0.67598284592227764
  0.68614178206593746  0.69544833251164939  0.70467266960911401  0.72305135832979672
  0.74210519160390198  0.77639832485562954  0.81039687673192751  0.83983213465210282
  0.86926739257227825  0.88632732459075148  0.89385896767316964  0.90139061075558780
  0.91016979080914651  0.91898076790231009  0.94381773275221970  1.00000000000000000
 -0.02167603168903009  0.04735610417527576  0.09831680155494552  0.12042177207662511
  0.13443201569299540  0.14270346097252784  0.14871459445592558  0.15632606524727680
  0.16560048285215273  0.17773097193195164  0.18190532667464329  0.18424222280353603
  0.18716375999422155  0.18977618247133327  0.19219801531713560  0.19349657835656692
  0.19479451931982333  0.19646659031875693  0.19925131495617673  0.20212539503699589
  0.20483452693987270  0.21052415940760585  0.21587641275250857  0.21933149331548715
  0.22357069529624579  0.23419695144643835  0.25024452038462158  0.26699744526764330
  0.28609258327424197  0.31037216471202655  0.33099506509917898  0.34666815897424424
  0.35517388636084046  0.36019230795159257  0.36143547391303299  0.36303147654795281
  0.36498421677711052  0.36727872092973274  0.36944218677760304  0.37421801487340922
  0.37706329307713993  0.38051928883958364  0.38501945138041072  0.39056958841246581
  0.39686344626538034  0.40392059185642581  0.41134997426692904  0.41970893940558396
  0.43187712680078505  0.44967792771097231  0.46421371784279297  0.48290448664000218
  0.49928314010461755  0.51091418676704170  0.52007558733023906  0.52601302757103829
  0.53024091946173579  0.53217735780094488  0.53523450875210121  0.53919848881299459
  0.54551068109746481  0.55685604822086898  0.56007749839459187  0.56328189218050884
  0.56781644513471563  0.57479149938300367  0.58761527106141442  0.60070057170764579
  0.61620404741777002  0.63388166408581170  0.64063834008508669  0.64739501608436167
  0.65576999573562467  0.66532938085558402  0.67488876597554337  0.68878272929098838
  0.70284126844686956  0.71958030375955273  0.74196032655392641  0.75783867207873534
  0.77356073564930461  0.79142355536676434  0.81181579330042830  0.83113784324225692
  0.84944813888635862  0.86805113069542705  0.88958116708628099  0.91460200284935955
  0.92935019375411088  0.94189649050307700  0.94701616771237329  0.95244016306342083
  0.95878845035335913  0.97883082809738908  0.98896085304086501  1.00000000000000000
  0.15075295847912951  0.99205555549654856  0.99632507816118554  0.99641797087055228
  0.99648887450065737  0.99652716576258926  0.99654922909743793  0.99657019303747751
  0.99659220103680757  0.99662329223828550  0.99665238690679525  0.99667308910099772
  0.99669628635813612  0.99672212279560746  0.99680709245019028  0.99692142101025794
  0.99702282917584784  0.99709045443612987  0.99713923712294183  0.99718039871353037
  0.99722102139313262  0.99726151153201525  0.99731185454781024  0.99733821709144299
  0.99735882418549382  0.99737819453419385  0.99739903534089913  0.99742359785699186
  0.99744835469957871  0.99746912487833272  0.99749427119215150  0.99750914543789826
  0.99752016535716248  0.99753220080059002  0.99754427507753141  0.99755303458939160
  0.99756460567420369  0.99757662004633296  0.99759361107886224  0.99761209894596203
  0.99763009206178133  0.99765659860205147  0.99767754709783685  0.99769465368704746
  0.99771109773015598  0.99772657767584727  0.99774198579653328  0.99775671310800917
  0.99777144041948518  0.99778930458626014  0.99780771647619348  0.99783983417292410
  0.99785495097574295  0.99786658443774845  0.99787781603745362  0.99788658455393231
  0.99789535307041100  0.99790417195829728  0.99791304922420510  0.99792192649011302
  0.99794359694960610  0.99797428293065849  0.99800472981392563  0.99802849166124641
  0.99805010609610301  0.99806677134306454  0.99808159470329239  0.99809641930344428
  0.99811124414005470  0.99812901017197908  0.99814692775059755  0.99817761245724290
  0.99821183686118808  0.99825174239450032  0.99830408592626574  0.99837117314388069
  0.99843088855735673  0.99848575979647824  0.99854583489925797  0.99861153110379319
  0.99867620869365603  0.99871790770892810  0.99875581150851567  0.99878680916824902
  0.99881433174285383  0.99884070013819315  0.99887056906152516  0.99891348125541601
  0.99899652859448651  0.99909463008305543  0.99919728993213497  0.99929399533558461
  0.99938011559483708  0.99948543319659455  0.99962951777842080  1.00000000000000000
 -0.04334503163165018  0.19973185461120627  0.23245300537996880  0.24483455174650384
  0.24976009703024502  0.25468564231398616  0.25978046465781079  0.26489183507190106
  0.26961566230897216  0.27314548915452658  0.27667531600008094  0.28628224198564234
  0.31297117968438232  0.33982240160373572  0.35150987371666476  0.35700869956253750
  0.36199427289598279  0.36603938809167647  0.36983134536563544  0.37591522266293304
  0.38351701029919660  0.39175620625906216  0.39830159887423539  0.40556103729613685
  0.41538590025092770  0.42754191053261703  0.45402153610837997  0.47789398517087878
  0.49679958262287460  0.51342392496426970  0.52525705176588000  0.52832394636919433
  0.53032536599415403  0.53269198500366421  0.53509614336748657  0.53884279106415300
  0.54266843482158744  0.54384891102323751  0.54405194903855159  0.54422554402916934
  0.54443038696446422  0.54475921901205149  0.54517927993295534  0.54551908601659815
  0.54581928066069274  0.54608870165868884  0.54636458734711879  0.54708203888917939
  0.54841524012980480  0.55052711726169512  0.55201156582228106  0.55344957611834622
  0.55876750387351870  0.56413124258436387  0.57139153402059439  0.57792166563896008
  0.58370935606441521  0.58705842105422179  0.58844076204080942  0.58941052886533096
  0.59137620041697447  0.59533914120203435  0.59661453724736480  0.59739403343075637
  0.59816950852420858  0.59926450884717575  0.60032845257382395  0.60135388532591971
  0.60235786085971166  0.60390118133071347  0.60757640878974317  0.61457017806102121
  0.62720858757836939  0.63353588563630026  0.63793948481476648  0.64033467187158633
  0.64263439065356232  0.64493128133317290  0.64722522952477846  0.64952353862854784
  0.65182576217324129  0.65514880914976215  0.65921686772908594  0.66399468762386005
  0.66842782971850057  0.67230798586001217  0.67796324657415719  0.69069554785754084
  0.72369545756987563  0.77176573958585271  0.79903366843535162  0.81897284164449269
  0.83654720955012385  0.86116463266984022  0.90882677028341807  1.00000000000000000
   1.1683928108606989E-018  -1.0000000000000000     
 T F F F F F F F F F F F F F F F F F F F T F F F T F F F F F F F F F F F T F F F T F F F F F F F F F F F F F F F F F F F T F F F F F F F F F F F F F F F F F F F F F F F F F F F F F F F F F F F F F F F F F F F F F F F F F F F F F F F F F F F F F F F F F F F F F F F F F F F F F F F F F F F F F F F F F F F F F F F F F F F F F F F F F F F F F F F F F F F F F F F F F F F F F F F F F F F T F F F F F F F F F F F F F F F F F F F T F F F T F F F F F F F F F F F T F F F T F F F F F F F F F F F F F F F F F F F T F F F T F F F F F F F F F F F F F F F F F F F T F F F T F F F F F F F F F F F T F F F T F F F F F F F F F F F F F F F F F F F T F F F F F F F F F F F F F F F F F F F F F F F F F F F F F F F F F F F F F F F F F F F F F F F F F F F F F F F F F F F F F F F F F F F F F F F F F F F F F F F F F F F F F F F F F F F F F F F F F F F F F F F F F F F F F F F F F F F F F F F F F F F F F F F F F F F T F F F F F F F F F F F F F F F F F F F T F F F T F F F F F F F F F F F T F F F T F F F F F F F F F F F F F F F F F F F T F F F
  <DiscreteSampler_grid>
  grouped_processes
  1 # 1 for a reference and 2 for a running grid.
  10 # Attribute 'min_bin_probing_points' of the grid.
  1 # Attribute 'grid_mode' of the grid. 1=='default',2=='initialization'
  0.0000000000000000 # Attribute 'small_contrib_threshold' of the grid.
  0.5000000000000000 # Attribute 'damping_power' of the grid.
 # binID   n_entries weight   weight_sqr   abs_weight
    16   10   4.487541072333410E-023   1.230940547370394E-044   4.487541072333410E-023
    17   10   4.487541072333406E-023   1.230940547370393E-044   4.487541072333406E-023
    19   10   7.136454601522823E-023   2.939642141034267E-044   7.136454601522823E-023
    20   10   7.136454601522844E-023   2.939642141034291E-044   7.136454601522844E-023
    22   10   8.464551663432359E-023   4.412183905575274E-044   8.464551663432359E-023
    23   10   8.464551663432387E-023   4.412183905575320E-044   8.464551663432387E-023
    28   10   1.743703108265166E-024   1.654594419850821E-047   1.743703108265166E-024
    29   10   1.743703108265160E-024   1.654594419850818E-047   1.743703108265160E-024
    31   10   1.476733623930190E-024   1.229137280396732E-047   1.476733623930190E-024
    32   10   1.476733623930202E-024   1.229137280396753E-047   1.476733623930202E-024
    34   10   7.580189839598976E-024   3.816271424454648E-046   7.580189839598976E-024
    35   10   7.580189839598985E-024   3.816271424454651E-046   7.580189839598985E-024
    40   10   4.487541072333407E-023   1.230940547370393E-044   4.487541072333407E-023
    41   10   4.487541072333404E-023   1.230940547370392E-044   4.487541072333404E-023
    43   10   7.136454601522831E-023   2.939642141034274E-044   7.136454601522831E-023
    44   10   7.136454601522845E-023   2.939642141034291E-044   7.136454601522845E-023
    46   10   8.464551663432354E-023   4.412183905575281E-044   8.464551663432354E-023
    47   10   8.464551663432379E-023   4.412183905575316E-044   8.464551663432379E-023
    52   10   1.743703108265172E-024   1.654594419850833E-047   1.743703108265172E-024
    53   10   1.743703108265163E-024   1.654594419850821E-047   1.743703108265163E-024
    55   10   1.476733623930194E-024   1.229137280396738E-047   1.476733623930194E-024
    56   10   1.476733623930202E-024   1.229137280396754E-047   1.476733623930202E-024
    58   10   7.580189839598989E-024   3.816271424454660E-046   7.580189839598989E-024
    59   10   7.580189839598972E-024   3.816271424454635E-046   7.580189839598972E-024
    64   10   4.487541072333404E-023   1.230940547370392E-044   4.487541072333404E-023
    65   10   4.487541072333404E-023   1.230940547370392E-044   4.487541072333404E-023
    67   10   7.136454601522844E-023   2.939642141034291E-044   7.136454601522844E-023
    68   10   7.136454601522857E-023   2.939642141034297E-044   7.136454601522857E-023
    70   10   8.464551663432407E-023   4.412183905575321E-044   8.464551663432407E-023
    71   10   8.464551663432366E-023   4.412183905575327E-044   8.464551663432366E-023
    76   10   4.487541072333407E-023   1.230940547370394E-044   4.487541072333407E-023
    77   10   4.487541072333402E-023   1.230940547370390E-044   4.487541072333402E-023
    79   10   7.136454601522850E-023   2.939642141034292E-044   7.136454601522850E-023
    80   10   7.136454601522857E-023   2.939642141034298E-044   7.136454601522857E-023
    82   10   8.464551663432391E-023   4.412183905575325E-044   8.464551663432391E-023
    83   10   8.464551663432374E-023   4.412183905575331E-044   8.464551663432374E-023
    88   10   1.743703108265158E-024   1.654594419850815E-047   1.743703108265158E-024
    89   10   1.743703108265161E-024   1.654594419850827E-047   1.743703108265161E-024
    91   10   1.476733623930201E-024   1.229137280396752E-047   1.476733623930201E-024
    92   10   1.476733623930200E-024   1.229137280396747E-047   1.476733623930200E-024
    94   10   7.580189839599016E-024   3.816271424454697E-046   7.580189839599016E-024
    95   10   7.580189839598975E-024   3.816271424454648E-046   7.580189839598975E-024
    100   10   1.743703108265167E-024   1.654594419850835E-047   1.743703108265167E-024
    101   10   1.743703108265160E-024   1.654594419850825E-047   1.743703108265160E-024
    103   10   1.476733623930199E-024   1.229137280396749E-047   1.476733623930199E-024
    104   10   1.476733623930201E-024   1.229137280396750E-047   1.476733623930201E-024
    106   10   7.580189839599006E-024   3.816271424454690E-046   7.580189839599006E-024
    107   10   7.580189839598962E-024   3.816271424454632E-046   7.580189839598962E-024
  </DiscreteSampler_grid>
