  0.02215804754575467  0.03889097945977316  0.05566987631276356  0.07110875758889605
  0.08551603139585250  0.09787171363329124  0.10865254811573433  0.11961752331613129
  0.13047663418356203  0.14112454092455662  0.15221994372801059  0.16731451444805207
  0.18051349253203730  0.19374048180507286  0.20106516385037126  0.20734922404410688
  0.21327217306168667  0.21925213292118220  0.22530060226906498  0.23648925665374110
  0.24957743117606818  0.26280452025610734  0.27630870042520028  0.28252564588638629
  0.28725484407530211  0.29259604271371542  0.29921738874680598  0.30528962534285708
  0.30921046637183236  0.31595924892472232  0.32425385019663999  0.33473137841399819
  0.34493989557000326  0.35249228632693030  0.36000626352410076  0.36986358263478808
  0.38302588120536374  0.39801131149073082  0.41388470656318954  0.43043833054402136
  0.45167584909398556  0.47642518739811762  0.49517092505591559  0.50131080279597851
  0.50868272218275334  0.51664004220058435  0.52721577719618073  0.54028241760110873
  0.55113895402296864  0.55862011181346161  0.56544975414311227  0.57217741918373433
  0.58180470210324409  0.59156860213543427  0.59984426443754435  0.60959514337830245
  0.62134345975004424  0.63302538219042692  0.64361723462806653  0.65396944179841188
  0.66355952462743850  0.67169723310675700  0.67973745334965663  0.68721231989854625
  0.69304013762784811  0.69877107620973278  0.70273207515003189  0.70871620161847282
  0.71337432591403505  0.71808465347363293  0.72347695585593630  0.72921447746020907
  0.73478652554068336  0.74231110699422398  0.75138118096993811  0.75885191612696890
  0.76726779340699314  0.77594005283553935  0.78733010908750378  0.80080390299108151
  0.81300734608054048  0.82410326378987864  0.83399280107870821  0.84515749869564039
  0.85791897079746049  0.87583674369929432  0.88754694178827187  0.89840976775017489
  0.91256527553624389  0.92335900551553751  0.93296971836063636  0.94436267506571525
  0.95416087407762817  0.96263888395346320  0.97125156251580136  1.00000000000000000
  0.00002665900192928  0.00013763728924769  0.00019261527641122  0.00025081745262681
  0.00031085614892955  0.00035288673741845  0.00038072106623003  0.00040759921802469
  0.00043346658690759  0.00045663214034180  0.00047889031816182  0.00050862055561972
  0.00052532939920452  0.00053634793099758  0.00054352893354270  0.00055050789986104
  0.00055784521877821  0.00058072824976699  0.00061585011340130  0.00065470963416509
  0.00069371768875487  0.00072007285193874  0.00074374638656057  0.00077329479851265
  0.00081131056554014  0.00084242312419626  0.00087662126833870  0.00091293497592083
  0.00094719041340416  0.00097575470724613  0.00100203605736114  0.00102583758085137
  0.00104693350248961  0.00106153245405710  0.00108803177172725  0.00111689510470160
  0.00114540841975719  0.00117580558825888  0.00121897928551876  0.00126468118420512
  0.00131934272978788  0.00137484453784032  0.00142227701609520  0.00146160140198691
  0.00150752941651719  0.00155904504564494  0.00160340159598963  0.00163621226818455
  0.00166081482894960  0.00168076017923067  0.00170812644187032  0.00174926515670183
  0.00178710296493143  0.00182048488362074  0.00184252793054584  0.00186350772576279
  0.00189071581992944  0.00192708641811593  0.00194905294645723  0.00196724742225169
  0.00198583641532909  0.00200461651015549  0.00203007603173240  0.00206364461310885
  0.00209212373736837  0.00211769830213413  0.00214788838619775  0.00218211450756342
  0.00221840854775820  0.00225754802328674  0.00228520994726172  0.00230383882408300
  0.00231953329573151  0.00233280797997849  0.00234628011455067  0.00235703146030256
  0.00236847172441787  0.00238125786320258  0.00239565975181099  0.00241291950071187
  0.00243341338074170  0.00244499274866009  0.00245657211657847  0.00246815148449686
  0.00248446671985773  0.00250796845783068  0.00253147019580362  0.00255497193377657
  0.00264247817185497  0.00274767175601498  0.00285286534017500  0.00299592192016053
  0.00353922085281237  0.00411646029360931  0.15872303049643086  1.00000000000000000
  0.00008061427651879  0.00087151774247239  0.00133254726618013  0.00148728440568152
  0.00160890488977061  0.00170013608963249  0.00176386971203462  0.00180829120520153
  0.00184568148196963  0.00189084465326799  0.00194252780214629  0.00198162001869023
  0.00200900967902289  0.00203812160667944  0.00207296696193760  0.00210555884130169
  0.00213398280371943  0.00216556201908555  0.00220860066364342  0.00224091354037756
  0.00226260003356579  0.00228633062865197  0.00231024779845159  0.00233350868108931
  0.00236028599240550  0.00239429806999071  0.00243583596593624  0.00249890041920294
  0.00269288233203265  0.00345751970256514  0.00354672980670434  0.00358061325910265
  0.00360762334856857  0.00362973081746064  0.00364972424556549  0.00367074586489920
  0.00368874548179710  0.00370654043867500  0.00372706967618743  0.00375217104001699
  0.00377777083840787  0.00380671269183058  0.00383531965852388  0.00385478930069746
  0.00387117721287653  0.00388666162571765  0.00390369574745188  0.00392472212789541
  0.00395388312866641  0.00398279621548396  0.00400704082910279  0.00403011501983752
  0.00405044394166060  0.00407616786056558  0.00410668085809312  0.00415831093860882
  0.00420619625184387  0.00424117572732781  0.00427336643121818  0.00430619908880489
  0.00434016036882895  0.00438201112144051  0.00443214408146723  0.00448202418321243
  0.00453466003582674  0.00459817725469771  0.00465003207732527  0.00470423111871380
  0.00476666567189148  0.00483807786873291  0.00491283607043436  0.00498516978767570
  0.00503734618920463  0.00508659357731416  0.00515855224268917  0.00522447238602951
  0.00528896455793508  0.00542120133242915  0.00556938387820934  0.00570219826301162
  0.00583172764425632  0.00600451552302044  0.00622924214555510  0.00656634611086386
  0.00692622172150783  0.00740212063234469  0.00793026167450010  0.00876518708783133
  0.01014632484971810  0.01151502455703502  0.01244282498925416  0.01342202777993350
  0.01546489094238921  0.02369182338674459  0.19298950219263999  1.00000000000000000
  0.02410493224714748  0.03620698502437773  0.04868309060806399  0.05968277621476895
  0.07177006206477425  0.08474231582734065  0.10056691518710861  0.11769124669818409
  0.12820958385975392  0.13838441887982816  0.14590438227466257  0.15253772802927942
  0.16054046425383706  0.16924938470899398  0.17697253737601887  0.18511429346940486
  0.19461305969829507  0.20336874742982891  0.20777249792972313  0.21077659448638342
  0.21537411238079374  0.22059321927720196  0.22725695941734894  0.23421686413677489
  0.24135960763318831  0.24837765966125874  0.25515829093945780  0.26119133862170690
  0.26814149298907042  0.27715054872182332  0.28584844798657733  0.29277079250801291
  0.30047464789504552  0.31043537420016987  0.32348826886038523  0.33851167617048467
  0.35396950097129637  0.36773625582753411  0.37793657050282770  0.38831792784679292
  0.40175656120670927  0.41288729584154232  0.42487218996117965  0.43449088827614618
  0.44583157837714910  0.45554911797920811  0.46453678454432046  0.47183489128090156
  0.47833510940193358  0.48624723595360270  0.49846270658593056  0.51179846563254394
  0.52168984444326705  0.52829649783729971  0.53408350668964177  0.54032110588939597
  0.54758266238418596  0.55663067517116327  0.56581234841324191  0.57604875334907457
  0.58787363399573334  0.60204713306802737  0.61756797174623834  0.63407176608062266
  0.65215393867630056  0.66910869031935982  0.68049534490454877  0.68829937345209780
  0.69531438921290056  0.70170654292551682  0.71101602253836083  0.71935654852510444
  0.72555978385208797  0.73245609572286041  0.73896370678313428  0.75009194531932388
  0.76533989675519365  0.77785285718399200  0.78885048877259945  0.79916090191999700
  0.80883978163883352  0.81626009807016631  0.82072267667972498  0.82632590657477067
  0.83367283879486398  0.83927806075401312  0.84554739179993621  0.85352121021557736
  0.86180108654958532  0.87311426684491966  0.88964545217457269  0.90822373547697399
  0.92757893889756882  0.94805103417827752  0.97499107902547177  1.00000000000000000
 -0.00002910309146747  0.00254467796994039  0.00289783591372697  0.00306056283721184
  0.00318356397069753  0.00331174526403770  0.00340255020733666  0.00347120692044232
  0.00354968649251295  0.00362303381518764  0.00368938887126735  0.00375852580760116
  0.00384700778598580  0.00391347432015758  0.00396919744466713  0.00403196151472873
  0.00410303794892064  0.00417975838577811  0.00432868236526592  0.00448054493659059
  0.00466064186200408  0.00486478945527459  0.00503202040577184  0.00518174107002279
  0.00532298835682996  0.00549876670563279  0.00569176623416350  0.00598807955356477
  0.00632226399427792  0.00665665461540762  0.00693793965771135  0.00717101997556151
  0.00739282727693271  0.00761516351159798  0.00781797010929919  0.00794046623585895
  0.00804177960336428  0.00813125992656512  0.00823747687012182  0.00836312191946841
  0.00851607847725724  0.00864615758939125  0.00871731995785889  0.00878668753102936
  0.00884340043822986  0.00889903704372748  0.00897706475960550  0.00909725606664019
  0.00924285353719592  0.00939054932226682  0.00954716709771519  0.00970923735264200
  0.00985922523275472  0.01000360306073029  0.01028961107381081  0.01057883660902726
  0.01081065018043028  0.01099935404112908  0.01121896527633775  0.01142437519554387
  0.01164323269736810  0.01188035339154937  0.01210414699772271  0.01230076202781760
  0.01244888824624305  0.01256516627316267  0.01267160562994583  0.01276293311701639
  0.01286821640754875  0.01303522742801192  0.01333098343758096  0.01384053789513254
  0.01450285616347068  0.01513495530117732  0.01570273150138000  0.01669430368361051
  0.01786236271181574  0.01937550611398426  0.02073111099676910  0.02168012901527935
  0.02214390980567180  0.02245538882146842  0.02292687289887557  0.02372434394467264
  0.02428940622385728  0.02512648602805818  0.02618173869052250  0.02723699135298682
  0.02904620137287797  0.03188428308922116  0.03472236480556435  0.05247605313362277
  0.10495736627992415  0.15743867942622553  0.21058124672395795  1.00000000000000000
 -0.00036536584854550  0.00228896596263872  0.00439087837466288  0.00691723331913284
  0.01085673224753321  0.01671161706681509  0.02200999303704042  0.02831117843689248
  0.03939175790749407  0.04878514858989777  0.05516410453978705  0.05974949062300961
  0.06441645454251246  0.06808868598462253  0.07176071544424011  0.07280667486061031
  0.07479644237883766  0.07836001843665190  0.08245354407782664  0.08685963850354364
  0.09544890559426161  0.10291038385575729  0.11115330540076800  0.12410588539395681
  0.13589965919517219  0.14633286221148348  0.15517488585409198  0.16427701066655515
  0.17443662727636344  0.18316367660630120  0.19079505721444237  0.19924137463781774
  0.20988720117435300  0.21948786476808735  0.23079873381617477  0.24068649757460267
  0.25054811148729961  0.26013537946523907  0.26837972818705025  0.27780580583425679
  0.28929116256588683  0.29895456641856438  0.30908556325439318  0.31978390817521751
  0.33099434968749736  0.34288679067925848  0.35644373467676943  0.37357956708260698
  0.39352871401056028  0.41189975659375633  0.42278969071659950  0.43107728345499968
  0.44043262051313098  0.45034582659379235  0.46113610953460693  0.47269171635054896
  0.48372520362259969  0.49441777688977062  0.50653331988746297  0.52091893502052866
  0.53626573731756733  0.55484034149254569  0.57530993680837705  0.59445221099390144
  0.61629319985559849  0.62970983358519816  0.64143769933184214  0.65079439079392520
  0.65722231779328355  0.66456317841938717  0.67483416769586602  0.68545799698322574
  0.69749042322225507  0.70725609036756665  0.71782944506771718  0.72767857600013197
  0.73807209703620924  0.75185049794299075  0.76624100606806012  0.78157551744297760
  0.79108084603026374  0.79974483488425363  0.80736727703737909  0.81533766863340684
  0.82463218585257780  0.83482105478869306  0.84566088727039668  0.85642164331754878
  0.86858466051451944  0.88101379120806445  0.90222327309683759  0.92834253570159253
  0.95377326843799948  0.97354723765534068  0.98782164819052087  1.00000000000000000
 -0.00150985345290709  0.00713939014192329  0.01108989147654903  0.01558096810486911
  0.02547987175229590  0.03752233318962109  0.04489407160579614  0.05638920898887113
  0.06632350942873311  0.07602141940767855  0.08892928344534408  0.09862930338142066
  0.10494761240058603  0.11054871511740506  0.11661605350114461  0.12450925288670579
  0.14013090324991329  0.16213292921405237  0.18158167535204522  0.19729176516856162
  0.20875914842067864  0.21760160480260562  0.22508525214772859  0.23125620979341249
  0.23801793014876851  0.24422319565109246  0.25202772226353160  0.26347652392538895
  0.27965053206332297  0.30010811158963502  0.31704447598200136  0.32937889505901397
  0.34157941968191108  0.35638017529817512  0.36851483239064953  0.38171880698602834
  0.39502351885186227  0.40791277569441553  0.41910797836295732  0.42756854733221622
  0.43749004146199882  0.45023588057721359  0.46688793774931825  0.48077650309818570
  0.48996079268380288  0.49626288296952553  0.50243415414220272  0.50815476940525672
  0.51540201589512025  0.52428775833314389  0.53481552386027054  0.54716653463375919
  0.56972222157176422  0.58608570770275692  0.59836755073276782  0.60615398681412092
  0.61354251297579676  0.61981461333830112  0.62712109713145048  0.63406214891055990
  0.63928465209343421  0.64459340196966808  0.64995152625917973  0.65529530515794199
  0.66159937304548055  0.67262548788746368  0.68774519892702568  0.70052388818582167
  0.70993159157700281  0.71997791478792317  0.73020741329182248  0.73922287121212249
  0.75056207433150812  0.76412347878981024  0.77469782781469765  0.78385477975015416
  0.79270488725910560  0.80410895701151919  0.81896655107735850  0.82885523611769440
  0.83740768818010858  0.84940959185956477  0.86221803032746214  0.87244101763134774
  0.88056442414608160  0.88856734739712617  0.89691405430448423  0.90680399175141524
  0.91582463020242244  0.92565528533784547  0.93744242121206933  0.94762521787077258
  0.95748827788992430  0.97071120336555627  0.98529133886503617  1.00000000000000000
 -0.00302286438231919  0.01090030144257426  0.02558081485249688  0.04371130863575540
  0.06613795633040462  0.08956510364892994  0.10824776219066914  0.12426085390852382
  0.13829621361079156  0.14948179482208881  0.15804290707626548  0.16590383546288848
  0.17389761337077420  0.18100375782109235  0.18972028496813881  0.20181389371536368
  0.21686988802934756  0.23209594847876153  0.24692581482470052  0.25836040584732517
  0.26592049990795835  0.27500490000047373  0.28378956283132067  0.29597339487218932
  0.30815312871198519  0.31990609889241384  0.33203673571214526  0.34667097633414540
  0.36421816325417011  0.38633449751050608  0.40612744335531115  0.42310368199315812
  0.43552341937133704  0.44647655667631037  0.45376565801538421  0.46082894919609374
  0.46690763793330525  0.47148408245828854  0.47508540443087033  0.48143376947499572
  0.49186652662739372  0.50406638525823899  0.51236883948693290  0.52133147366225929
  0.53185109646263984  0.54059507995411094  0.55509284655832147  0.57062036118091286
  0.58567508832712900  0.59747259373880679  0.60753486147959979  0.61716548608259647
  0.62886800664758469  0.64091773930401674  0.64942244545475192  0.65760302339746968
  0.66393720669339329  0.66961805630444926  0.67321873750677974  0.67793798596618826
  0.68353365370929198  0.69011844367091713  0.69711841896427695  0.70562066746246344
  0.71699482809740556  0.73165331894114749  0.74612371607709460  0.76110449917748246
  0.77685862506193593  0.79194356991320536  0.79993893818726092  0.80765116211788168
  0.81573412610830764  0.82231315579246522  0.82958975300933813  0.83476047935860187
  0.84002984651452717  0.84447204222302763  0.85177385114504833  0.86021520069152224
  0.86634121594933178  0.87141234061590112  0.87884692665259700  0.88691162198469420
  0.89178588595755715  0.89575929689925482  0.90107152182021288  0.91156426641107169
  0.92712130750382415  0.94044726115395849  0.95384337289817100  0.96603663489991176
  0.97710767620122385  0.98637584158958858  0.99387917568949680  1.00000000000000000
 -0.00457740022503708  0.01521128330335859  0.03094611787663932  0.04049924848984414
  0.04653704866204734  0.05126618614737585  0.05750402570475256  0.06522004552354950
  0.07280864334648088  0.07903288026983710  0.08828755323423480  0.09719740121137750
  0.10419622137028252  0.11309299026324723  0.12337460968198186  0.13753819161652764
  0.15288520558328098  0.16243298181200816  0.16996819651988962  0.17751658969647763
  0.18356521698993969  0.19195644005335205  0.20103392169954543  0.20632162032685952
  0.21225903141317359  0.22210465359819784  0.23353964473506778  0.24631636327696324
  0.25629615486792945  0.26412820111655722  0.27128050321837743  0.27819982995733344
  0.28304862197429437  0.28843239388329389  0.29737540357780029  0.30940306631706443
  0.32374730862482093  0.33788744391873915  0.34934738610563548  0.35765885860548163
  0.36487757690555439  0.37079987846035856  0.37579476998365074  0.38089644353431579
  0.38574906369791229  0.39390632544828508  0.40276449182165525  0.41274408539993557
  0.42223871261090179  0.42895721557513700  0.43543921671233538  0.44205372942153420
  0.44926406334428187  0.45900420549309756  0.46755486222600651  0.47560154211398042
  0.48309600714703871  0.48788038566520597  0.49387726330301795  0.50221299307631806
  0.51055464944118201  0.52238412100401355  0.53962203223865590  0.56007977695615363
  0.58039857637223624  0.60144845770981514  0.62133706278938339  0.63819712029729336
  0.65265335420241777  0.66549617610543255  0.67900434051059178  0.69386220438946367
  0.70901675094978100  0.72430669922432556  0.73939439691074993  0.75255650178322497
  0.76192107991040992  0.77136915687579999  0.78080149972872603  0.79076444871850038
  0.80051784801409076  0.80809898572707339  0.81751623219458636  0.82811730811520845
  0.83970278672875864  0.85180294126012945  0.86093778520599007  0.87524077084111085
  0.89052651087222467  0.90683875598396291  0.92830061096301053  0.94804339669130722
  0.96325244313771086  0.97483961691535048  0.98680239525748714  1.00000000000000000
 -0.00245598944811122  0.00711550666562514  0.01702054750213472  0.02848400189889566
  0.04266405376910241  0.05650859973359944  0.07442437535769159  0.08945109870615937
  0.10734033766417600  0.11906361707163854  0.12643314618975904  0.13518551177166949
  0.14379865975585901  0.15194282082522712  0.16092053501104131  0.17145995078913961
  0.18286963112448951  0.19597916958349443  0.20916611672011712  0.21943004607346339
  0.22816551319757439  0.23604095206720407  0.24458722402674182  0.25672024650223219
  0.27054935392732293  0.27953225768224099  0.28727906721820057  0.29868020145921276
  0.30836507008315406  0.31802968415105215  0.32692365826032355  0.33385283706070906
  0.34302010698443891  0.35319832069055906  0.36562134530193424  0.37994914689968196
  0.39525665355957607  0.41038384410925222  0.42180444164449682  0.43284271911795763
  0.44305247152346489  0.45193620364311987  0.45988157829859505  0.46659267759604978
  0.47449975151085982  0.48069599649839290  0.48704788236898294  0.49409392284773479
  0.49966902666434593  0.50759069908098087  0.52243260789409141  0.53970705554390142
  0.55579895317404571  0.56836753869219492  0.57773344182687769  0.58661790113805212
  0.59573209044443753  0.60618210400249140  0.61670958237905238  0.62638672945984020
  0.63214392099604277  0.63808002584445023  0.64127263376860599  0.64531779287841684
  0.64976326589263356  0.65409203841905894  0.66176260387050501  0.67244073818317240
  0.68697433164347688  0.69912863418956317  0.70899792970037567  0.71635207597324768
  0.72283293100466972  0.73057539797455606  0.74161859771852823  0.75573989167464573
  0.76713474606162502  0.77614105211145690  0.78633386856680310  0.79665016776085729
  0.81572337061805056  0.83393434375481057  0.84742231484764541  0.85988331312193333
  0.87205459243088046  0.88541207550877998  0.89463274740647036  0.90291300094264160
  0.91100294803454918  0.91906796693713932  0.92818811985696270  0.93814701350122132
  0.94841349052100521  0.96351640170339259  0.98268207725292100  1.00000000000000000
 -0.00275204318249843  0.01208517575498365  0.02284673195502097  0.03545134168937664
  0.05091320199424242  0.06773738545921955  0.08050683472170674  0.08707836218502127
  0.09053197842130234  0.09411959984741844  0.10089432283084115  0.10941129878680192
  0.12157522653934218  0.13206009979479283  0.13678212215692065  0.14384723761180018
  0.15628948030208115  0.16955510859532025  0.18267449389821377  0.19531616898091902
  0.20733283844174766  0.21698049978323672  0.22552868242046037  0.23249054190716267
  0.23839869766218280  0.24363694062522864  0.24872070508638855  0.25373818827245925
  0.26011065138879563  0.27044881491643197  0.28456753990860478  0.30109189776898071
  0.31884193145236589  0.34285630138885420  0.36088628127213895  0.37569741441546278
  0.38825308520254997  0.39759117753534562  0.40715809006036274  0.41574524401823226
  0.42638632027431300  0.44034522285966921  0.45356854038405670  0.46384005570196007
  0.47402514091047360  0.48555132867095169  0.49893186390672045  0.51273927926242135
  0.52559540791686554  0.53831740181575305  0.55047525556620813  0.55995565890897037
  0.56852662972776191  0.57823535683637761  0.58451928225642302  0.59076527042114924
  0.59725749364239078  0.60421190810838576  0.60924840470342900  0.61826223478041509
  0.62745182321766613  0.63560781473886940  0.64591341623199183  0.65748869508910535
  0.66797006016505078  0.67913752820879769  0.69065312433780535  0.70146551151740277
  0.71259252206796286  0.72441566816119396  0.73731845875336666  0.74690930613109752
  0.75565670428522103  0.76515153506675615  0.77465656805196048  0.78433250988809466
  0.79430026696277289  0.80380777316392815  0.81454163719311834  0.82120775348191888
  0.82853126068116101  0.83683850442368635  0.84929814982594398  0.86223319581766034
  0.87090385985119623  0.87683087709216723  0.88229187455215552  0.88690729896269316
  0.89731117662311433  0.91156863281988743  0.92543570005407971  0.94703728618742811
  0.96551186986743298  0.97881218544320447  0.98967891707455824  1.00000000000000000
 -0.00199283211757149  0.00648390385836613  0.01579420668387817  0.02283038771554264
  0.02971880789254585  0.03604384522851022  0.04329332921816168  0.05643328582121566
  0.07554346314003026  0.09377301972231218  0.10513939687151427  0.11649692374110709
  0.12646052211419076  0.13574155583981379  0.14476285064565778  0.15342873726149392
  0.16392179541361740  0.17332692081446888  0.18274937716978071  0.18877767514347463
  0.19717791653028760  0.20672802492546294  0.21721603164314235  0.22785381129494889
  0.23673873493865255  0.24872874817869783  0.26182319326164771  0.27077284795147266
  0.27627225177315451  0.28179541277992870  0.28756469134954588  0.29509548775252720
  0.30419634608268903  0.31615121225862763  0.32688899626593032  0.33617896338711051
  0.34453031381816945  0.35165129119175481  0.36300582877915577  0.37741411592135699
  0.39285391162192973  0.40563351455662816  0.41661339675036380  0.42735588924491696
  0.43800780611463508  0.45337219643665788  0.46732200871091362  0.48134992176179114
  0.49017992911419572  0.49550353699516486  0.50000630639363985  0.50354331436309696
  0.51137608855784411  0.51914059309188643  0.52713062220375362  0.53434471003025863
  0.54044479782280996  0.54857760784802001  0.55762556155498666  0.56950887828890129
  0.58651676902400784  0.60122497148136000  0.61314278345478201  0.62330098588687521
  0.63299953443961876  0.64440007073705463  0.66164706709559273  0.67806305717214344
  0.69402752418596536  0.70923037722600302  0.72191458444477108  0.73655421392185461
  0.75285125402557596  0.76659369685699230  0.77709211405916012  0.78535979514414145
  0.79114198020859539  0.79708183720802450  0.80343823856422081  0.80860786275126517
  0.81754791174824393  0.82712852108176405  0.83740812645269314  0.84916173944425710
  0.86503642453500273  0.88231980989753933  0.89683338290068748  0.91025050232478744
  0.92519160202039086  0.94252068127027167  0.95668415277659025  0.96544759596292129
  0.97433764222867125  0.98332531717401539  0.99169987064629184  1.00000000000000000
 -0.00081073010046726  0.00157073960930151  0.00405471358473232  0.00777937004576320
  0.01222598898074116  0.01722522110446748  0.02785687568148844  0.04192688589064706
  0.05817807215315724  0.07336243950962693  0.08573868916248281  0.09670718057985286
  0.10691237847725131  0.11312022538593668  0.12093931214765367  0.12655937045006813
  0.13285751308244778  0.13871884726432984  0.14818909897668531  0.16494330078993114
  0.19120939390111091  0.21354033115560911  0.22716037705366654  0.23734068373100642
  0.24679922183261291  0.25510501942301644  0.26279850612775812  0.26993565211043113
  0.27793199331680646  0.28777659962619390  0.29911745920654093  0.31030398699118372
  0.32173610017056398  0.33322775392187065  0.34592018677547387  0.35819094006031332
  0.37003946327670495  0.38213880149626328  0.39310759979190230  0.40303456667103754
  0.41293493843450885  0.42437739342652681  0.43278637247357499  0.44320147603224985
  0.45816757333025582  0.48039453839755875  0.49498026774213177  0.50466047947512882
  0.51555107193097660  0.52615638707078305  0.53256334584044751  0.53810683045511720
  0.54365226631107799  0.55319396201394333  0.56772650009200443  0.58394444663830447
  0.59848322724017544  0.61299363466674917  0.62451325546593817  0.63565667137862714
  0.64747027330600015  0.65748329880745804  0.66666731051677952  0.67499721243148458
  0.68108167147782284  0.68888656678725169  0.69973031148712039  0.71384015180082783
  0.72754312745593175  0.74234923618260951  0.75338304155175129  0.76103103495629665
  0.76763616738245843  0.77273565453321036  0.77851294451746034  0.78561162893990222
  0.79274857919342789  0.79992375228765356  0.81206278503899865  0.82729201681303333
  0.84539703947951927  0.86616850559568070  0.88475498413231846  0.89841503509807918
  0.91003142217000688  0.92220492312661084  0.93280175116567399  0.94101169635877224
  0.94760768846000332  0.95116826800534215  0.95534338856463930  0.96158953574435957
  0.96955389843548767  0.97811404642450017  0.98816442390346537  1.00000000000000000
 -0.00338308353918403  0.00831372216911470  0.01863421589584910  0.02813441196635623
  0.03897643161303260  0.05309966578899390  0.06717884654298811  0.07711727477596306
  0.08517091915109816  0.09310005705999737  0.10178224019710073  0.11115479797066587
  0.12366717713334999  0.13978206342056648  0.15496810423547888  0.16847420714528943
  0.17894344680363533  0.18713196960387751  0.19582275584555106  0.20441187555261822
  0.21278552055841793  0.22205884696235992  0.23185377880962851  0.24168489508288707
  0.25150033933523053  0.25980592694582549  0.26652828263806744  0.27298989232707349
  0.28087268755904987  0.29179372253383284  0.30599794062638491  0.32154276648078850
  0.33646417181616833  0.35029805197865882  0.36460620545070488  0.37988964667045433
  0.38966789615381658  0.39768507697138350  0.40470567503148125  0.41600179400284321
  0.42396212419038909  0.42830959468734447  0.43267663354971597  0.43709035489809073
  0.44484032946465496  0.45449632135047091  0.46655589663208846  0.48016740353244458
  0.49406563613213572  0.50353378194977905  0.51041022273973469  0.51754161106334495
  0.52543357816763192  0.53533983539359853  0.54682231821585137  0.55942020857950103
  0.57144946829384069  0.58467957398161252  0.59940677645401830  0.61342178886206833
  0.62686278280912144  0.63953484791152226  0.65188183442810288  0.66544232550110161
  0.68188893099890047  0.69324724339143684  0.70298370289109979  0.71180733524018591
  0.72717766441922738  0.74944428192103263  0.76476480630938704  0.77459748220905500
  0.78487266235766862  0.79636988093413730  0.80809086919588380  0.82058588226588802
  0.83423032446881396  0.84539015371419568  0.85421348021200505  0.86101128432984853
  0.86822035964504551  0.87656425984353115  0.88536618398538580  0.89282737293507475
  0.89908280372629756  0.90475455671325700  0.90966824431023430  0.91579558043610887
  0.92208890528121235  0.92892610215284221  0.93712643235163517  0.95218437052629978
  0.96216373955476597  0.97233741667149576  0.98452484739671708  1.00000000000000000
 -0.00328572428998796  0.00806623047798819  0.01781632860384170  0.02616007356202973
  0.03448984255619207  0.04892167617469363  0.06198305702071487  0.07188054440949265
  0.08183550937137303  0.09483543295629979  0.10545336821414374  0.11623183206496368
  0.12798279482804953  0.14399779044093772  0.16315388648990897  0.18220512230905844
  0.19451731801827990  0.20549313989094234  0.21606962945797104  0.22619308436860638
  0.23837095639072026  0.25123054097244973  0.26193191368204510  0.27197370642319746
  0.28148618380569790  0.29037019102370926  0.29961296361289269  0.30971753823365783
  0.32027048809097386  0.33050743627797302  0.33809880313132229  0.34557111170227045
  0.35367366892484742  0.36201664240263032  0.37136467861004657  0.38334093915661210
  0.39486130365457328  0.40651945708156023  0.42032008344616484  0.43691841269635118
  0.45451335294055412  0.46969211926800286  0.48110969631769157  0.48918084979963056
  0.49577687083865996  0.50313528773523353  0.51153704616054885  0.52082628476585113
  0.53016515709380274  0.54022510284837988  0.55677476040003415  0.57809666839482698
  0.59511351368466858  0.60708251548981151  0.61895831519289402  0.63103672644350717
  0.64151826854801586  0.65042354933784996  0.66008575415441839  0.66914713345815269
  0.67783670146385189  0.68550849542939085  0.69214759785277258  0.69847926020034512
  0.70669615772633543  0.71543591475361290  0.72163142326496532  0.72805407211873752
  0.73437411794063401  0.73972527753876682  0.74798533144923895  0.75681990503376906
  0.76765486974899888  0.77828563107555793  0.78703154572706369  0.79903621839874295
  0.81068956896803734  0.81956056422228063  0.82465249861985734  0.83012058481932693
  0.83688700363323387  0.84565293542795017  0.85165491587929865  0.85813742664866688
  0.86509650627903290  0.87272884410729346  0.88146813330740781  0.89266797518636709
  0.90728326093491574  0.92063178947283286  0.93080533045340352  0.93995556753949416
  0.94829064858114920  0.95872448535136401  0.97471296023949505  1.00000000000000000
 -0.00325243359337702  0.00806990117553508  0.01647215506405489  0.02337454544259124
  0.03057074128611589  0.03749458745556898  0.04540292093061817  0.05499160091957519
  0.06546966651316873  0.07841505282329017  0.09043329176270230  0.10173114610051692
  0.11260015806135340  0.12396385061237626  0.13503025008748626  0.14160823250156895
  0.15054713456617791  0.15894431990666602  0.16428918360886383  0.16896845587416087
  0.17470910372552453  0.18461207526253787  0.19602473047189919  0.20540031902727218
  0.21370109772702758  0.22030795616314988  0.22912276681381147  0.23717104821584706
  0.24690610669246485  0.25799031972310155  0.27044304387454482  0.28336464521486526
  0.29867732756455345  0.31461155808764485  0.32406303964286276  0.33126469428261840
  0.33673588954466976  0.34224531800864960  0.35296164358121251  0.36738640317423804
  0.38121338761134066  0.39311918626878695  0.40453212636904323  0.41695380500055873
  0.43050815747064547  0.44152298117809463  0.45276859424091898  0.46075681936969004
  0.46887573627929269  0.47812051005889461  0.48708163230689322  0.49573931522545805
  0.50915167048329801  0.52276304330437595  0.53890640469977302  0.55137508030026749
  0.55933318144131328  0.56422016485527404  0.57138214750847915  0.57939678059183364
  0.58911750880876057  0.60200775973041609  0.61766800597407789  0.63232401045802533
  0.64622582862859590  0.66209576340679654  0.68395238050577412  0.70735497613281417
  0.72994625420261594  0.74085283168882299  0.74876556247775183  0.75520957874906103
  0.76137700909851014  0.77276165001437136  0.78515403117873395  0.80497880852672010
  0.82270801126497206  0.83645509238198290  0.84720554976115992  0.85792518353030534
  0.87100930655620978  0.88369184446543381  0.89918290228534203  0.91534146291795426
  0.92698263919971136  0.93371017173702786  0.93987543893473924  0.94486893160651420
  0.95009721355474219  0.95540511316741783  0.96090499834153498  0.96511871699728202
  0.96791236915401391  0.97438926976212037  0.98527729365083394  1.00000000000000000
 -0.00295182645775838  0.01240098298515352  0.02538456289555406  0.03784442667613528
  0.05114397415293478  0.06909174889667806  0.09485638733256292  0.11174760971928240
  0.11813830529252363  0.12455772399226986  0.13674941123679299  0.15030843234991120
  0.15817067267813897  0.16279672731037662  0.16844326700420770  0.17480399264396848
  0.18197180983309053  0.19284576494780029  0.20597888668612202  0.21734822201461063
  0.22557100945380693  0.23246599439467638  0.23952658281803715  0.24570448008405660
  0.25383454188449106  0.26029561310723887  0.26697179337551963  0.27474412877667598
  0.28244837841903714  0.29260233295917970  0.29895543301724997  0.30447069610777150
  0.30934981894761199  0.31769136795423381  0.32920104361590041  0.34055557159929184
  0.35238268400984973  0.36457992934362271  0.37752904860759640  0.39090728934032826
  0.40418342529826257  0.41556748633940682  0.42085945395152413  0.42615142156364144
  0.42984008292955000  0.43351080987447382  0.43668666942866313  0.43985603580181321
  0.44622789968971410  0.45342009626513285  0.46269889435246042  0.47501429325175681
  0.49128423256834075  0.51014837169000560  0.52662803787942758  0.53573951313707069
  0.54044386201400041  0.54452245665739363  0.54987451452437064  0.55975754799685606
  0.57221387730578288  0.58498693853559713  0.59619239733157758  0.60548265386814737
  0.61278746643981330  0.61940438191399605  0.62895410594695988  0.63803089867047336
  0.64650256464463618  0.65655140283515179  0.66445119713411360  0.67639185926310219
  0.68881952000954105  0.70296520354140468  0.71648677328726640  0.72837644457760498
  0.73886934388474435  0.74877232802340787  0.75759991959109141  0.76756751080040253
  0.78365782742898049  0.79962390753562118  0.81476719020749033  0.82792226018728388
  0.83998067284774747  0.85405538733057729  0.86961688612162713  0.88449402843494707
  0.90065448985210195  0.91935091273058178  0.93961240868706075  0.95838647332479343
  0.97230185948071124  0.98381998250015690  0.99269245337174117  1.00000000000000000
  0.03420553787872371  0.89347635484540588  0.90467376212652706  0.91141961404670224
  0.91527640287033440  0.91915148680302805  0.92568421231752729  0.93018939482577079
  0.93429512651459479  0.93707629828581129  0.93881806672259915  0.94152288418446151
  0.94389174840129919  0.94589651186433221  0.94763538315382023  0.95014860085063957
  0.95236467447496187  0.95463629823382234  0.95641183620598391  0.95804096133616723
  0.95954218375300326  0.96116772123305760  0.96246377996901578  0.96374117088637445
  0.96489780597886643  0.96632593957336954  0.96795824801411801  0.96933322848869152
  0.97017258129439088  0.97093863623534316  0.97175600072680313  0.97272051069943311
  0.97348280111357055  0.97411883544777378  0.97482744443276581  0.97544967181305420
  0.97620417380830171  0.97681467572991354  0.97739072545734507  0.97799212309645134
  0.97852968662769291  0.97899182328174694  0.97937832501848432  0.97971190302642130
  0.98003725744411307  0.98039062689616696  0.98077851475071065  0.98113696587267651
  0.98149540223561105  0.98187603753200670  0.98229107319615172  0.98267841380549215
  0.98304361596774548  0.98338797843095194  0.98374013184011699  0.98409562614996038
  0.98447611002484126  0.98484331731225172  0.98518889619657302  0.98556689115119034
  0.98597557112264378  0.98645298503542389  0.98694943715008032  0.98737310918576027
  0.98767867269171761  0.98797327913647615  0.98825568565313682  0.98849383593783713
  0.98873690925838442  0.98912733162314892  0.98946067644432290  0.98972491527003681
  0.98993537218723093  0.99012966942756897  0.99035198035715466  0.99060908287233151
  0.99089494828619729  0.99121083141852695  0.99154443437188411  0.99197703066375453
  0.99245899331750354  0.99292746134926402  0.99323594653689296  0.99351596509760520
  0.99375870497960883  0.99393529385671708  0.99419533485661749  0.99454388258450011
  0.99470795927118294  0.99488922874974606  0.99512592941032529  0.99538724046630911
  0.99568937196770613  0.99619005653568027  0.99745556805615565  1.00000000000000000
 -0.04038428574440139  0.20206501189900525  0.25307529672239742  0.26934448154203733
  0.28671622668989100  0.30043029251431747  0.31490861888375432  0.32867752201240485
  0.34135388993119620  0.35342163546302902  0.36386801808211489  0.37302774230634583
  0.38426918115552339  0.39871742146376954  0.41590423466736115  0.43154995003784080
  0.44692362143606801  0.45750142159021773  0.46899523500021068  0.47878164464773992
  0.48830928574991200  0.49734393788120407  0.50304010932096677  0.50855855443777298
  0.51469997481972296  0.51980230794829807  0.52425455623192108  0.52748475234577552
  0.53052239680892510  0.53453141128858850  0.54010716977694717  0.54613853352019093
  0.55164470376120156  0.55763701840527213  0.56819641046471192  0.57577770898492353
  0.58203884457843702  0.58520961249699777  0.58815744546668591  0.59132535614681048
  0.59474061421905355  0.59839936554041007  0.60213868787003999  0.60550819638445086
  0.60809906530337643  0.61159459693161078  0.61640718025530883  0.62228154805535640
  0.62866292334925344  0.63431155939508443  0.63996594349969671  0.64579362899749349
  0.65142029474960828  0.65656305396797876  0.66135460825950732  0.66534711120007628
  0.66741167843844418  0.66896704455415901  0.67045163851332834  0.67198155064830445
  0.67354916511394614  0.67656070782195310  0.68187861749848477  0.68779081997385116
  0.69256765733262937  0.69823150354206365  0.70302005138558410  0.70764995364335193
  0.71312539235472328  0.71826641701293548  0.72398448880285005  0.72899444385591150
  0.73462610205482737  0.74077132121895617  0.74633304481190199  0.75165319510119544
  0.75682373882626675  0.76205554450416502  0.76755054661780542  0.77411444923882466
  0.78537615640237435  0.79791152689021172  0.81166563419411863  0.82268069065225458
  0.83350465008563046  0.84354077725168908  0.85092945571831968  0.85873251422317065
  0.86570181387318146  0.87283255947129690  0.87753764807857682  0.88380303696174822
  0.89599307773738335  0.90903353712213930  0.92382956861475340  1.00000000000000000
   4.6950182230985367E-017  -1.0000000000000000     
 T F F F F F F F F F F F F F F F F F F F T F F F T F F F F F F F F F F F T F F F T F F F F F F F F F F F F F F F F F F F T F F F F F F F F F F F F F F F F F F F F F F F F F F F F F F F F F F F F F F F F F F F F F F F F F F F F F F F F F F F F F F F F F F F F F F F F F F F F F F F F F F F F F F F F F F F F F F F F F F F F F F F F F F F F F F F F F F F F F F F F F F F F F F F F F F F T F F F F F F F F F F F F F F F F F F F T F F F T F F F F F F F F F F F T F F F T F F F F F F F F F F F F F F F F F F F T F F F T F F F F F F F F F F F F F F F F F F F T F F F T F F F F F F F F F F F T F F F T F F F F F F F F F F F F F F F F F F F T F F F F F F F F F F F F F F F F F F F F F F F F F F F F F F F F F F F F F F F F F F F F F F F F F F F F F F F F F F F F F F F F F F F F F F F F F F F F F F F F F F F F F F F F F F F F F F F F F F F F F F F F F F F F F F F F F F F F F F F F F F F F F F F F F F F T F F F F F F F F F F F F F F F F F F F T F F F T F F F F F F F F F F F T F F F T F F F F F F F F F F F F F F F F F F F T F F F
  <DiscreteSampler_grid>
  grouped_processes
  1 # 1 for a reference and 2 for a running grid.
  10 # Attribute 'min_bin_probing_points' of the grid.
  1 # Attribute 'grid_mode' of the grid. 1=='default',2=='initialization'
  0.0000000000000000 # Attribute 'small_contrib_threshold' of the grid.
  0.5000000000000000 # Attribute 'damping_power' of the grid.
 # binID   n_entries weight   weight_sqr   abs_weight
    16   10   1.774827028979329E-018   1.880459053108124E-035   1.774827028979329E-018
    17   10   1.774827028979340E-018   1.880459053108152E-035   1.774827028979340E-018
    19   10   2.894181063926313E-018   5.968756425915296E-035   2.894181063926313E-018
    20   10   2.894181063926318E-018   5.968756425915317E-035   2.894181063926318E-018
    22   10   2.856112994640403E-018   5.753650603314739E-035   2.856112994640403E-018
    23   10   2.856112994640408E-018   5.753650603314766E-035   2.856112994640408E-018
    28   10   1.774827028979328E-018   1.880459053108120E-035   1.774827028979328E-018
    29   10   1.774827028979338E-018   1.880459053108149E-035   1.774827028979338E-018
    31   10   2.894181063926312E-018   5.968756425915285E-035   2.894181063926312E-018
    32   10   2.894181063926322E-018   5.968756425915340E-035   2.894181063926322E-018
    34   10   2.856112994640401E-018   5.753650603314728E-035   2.856112994640401E-018
    35   10   2.856112994640412E-018   5.753650603314786E-035   2.856112994640412E-018
    40   10   5.354668921673103E-019   1.051734605903242E-036   5.354668921673103E-019
    41   10   5.354668921673121E-019   1.051734605903248E-036   5.354668921673121E-019
    43   10   1.959520961171394E-018   2.620167995976830E-035   1.959520961171394E-018
    44   10   1.959520961171399E-018   2.620167995976847E-035   1.959520961171399E-018
    46   10   1.814302211551162E-018   1.914704088910156E-035   1.814302211551162E-018
    47   10   1.814302211551167E-018   1.914704088910171E-035   1.814302211551167E-018
    52   10   5.354668921673108E-019   1.051734605903243E-036   5.354668921673108E-019
    53   10   5.354668921673119E-019   1.051734605903248E-036   5.354668921673119E-019
    55   10   1.959520961171393E-018   2.620167995976830E-035   1.959520961171393E-018
    56   10   1.959520961171400E-018   2.620167995976849E-035   1.959520961171400E-018
    58   10   1.814302211551162E-018   1.914704088910156E-035   1.814302211551162E-018
    59   10   1.814302211551167E-018   1.914704088910171E-035   1.814302211551167E-018
    64   10   1.774827028979328E-018   1.880459053108122E-035   1.774827028979328E-018
    65   10   1.774827028979339E-018   1.880459053108150E-035   1.774827028979339E-018
    67   10   2.894181063926316E-018   5.968756425915306E-035   2.894181063926316E-018
    68   10   2.894181063926322E-018   5.968756425915337E-035   2.894181063926322E-018
    70   10   2.856112994640404E-018   5.753650603314746E-035   2.856112994640404E-018
    71   10   2.856112994640412E-018   5.753650603314786E-035   2.856112994640412E-018
    76   10   1.774827028979328E-018   1.880459053108121E-035   1.774827028979328E-018
    77   10   1.774827028979339E-018   1.880459053108150E-035   1.774827028979339E-018
    79   10   2.894181063926310E-018   5.968756425915277E-035   2.894181063926310E-018
    80   10   2.894181063926322E-018   5.968756425915334E-035   2.894181063926322E-018
    82   10   2.856112994640399E-018   5.753650603314722E-035   2.856112994640399E-018
    83   10   2.856112994640412E-018   5.753650603314786E-035   2.856112994640412E-018
    88   10   5.354668921673104E-019   1.051734605903241E-036   5.354668921673104E-019
    89   10   5.354668921673119E-019   1.051734605903248E-036   5.354668921673119E-019
    91   10   1.959520961171393E-018   2.620167995976825E-035   1.959520961171393E-018
    92   10   1.959520961171398E-018   2.620167995976845E-035   1.959520961171398E-018
    94   10   1.814302211551161E-018   1.914704088910153E-035   1.814302211551161E-018
    95   10   1.814302211551166E-018   1.914704088910169E-035   1.814302211551166E-018
    100   10   5.354668921673109E-019   1.051734605903243E-036   5.354668921673109E-019
    101   10   5.354668921673123E-019   1.051734605903249E-036   5.354668921673123E-019
    103   10   1.959520961171393E-018   2.620167995976830E-035   1.959520961171393E-018
    104   10   1.959520961171398E-018   2.620167995976847E-035   1.959520961171398E-018
    106   10   1.814302211551162E-018   1.914704088910156E-035   1.814302211551162E-018
    107   10   1.814302211551167E-018   1.914704088910170E-035   1.814302211551167E-018
  </DiscreteSampler_grid>
