  0.02570966443441453  0.02615703586334902  0.02702345036728341  0.02794421911285731
  0.02902595188996545  0.03011699571909217  0.03118348943646466  0.03208371466820482
  0.03282269903353631  0.03358496374398245  0.03424168982107695  0.03479754541982810
  0.03532715456509754  0.03575956110079598  0.03613310973625219  0.03645072112322199
  0.03688852574531414  0.03760320301972981  0.03835262243142403  0.03915330275333377
  0.04084480780200014  0.04278420612402049  0.04429479678225318  0.04551146980106538
  0.04672190644384466  0.04804997280203305  0.04956786113238053  0.05123068950708624
  0.05298421275635831  0.05473962467484108  0.05672573317842317  0.05871184168200524
  0.06094043138035570  0.06331819774406584  0.06651032690596333  0.07142247351370117
  0.07506343823812864  0.07829870658355048  0.08139973414901684  0.08352012764626685
  0.08537970099965016  0.08698364461994197  0.08862175639609070  0.09048915470217668
  0.09263582157358081  0.09571321608598142  0.10139354769996872  0.11172828239533031
  0.12203817011516853  0.13111449445615117  0.14021332197400274  0.14971286999921268
  0.15622580472310502  0.16097294842791526  0.16464351622371215  0.16776513036516705
  0.17142766548683311  0.17631250041746488  0.18069181330366968  0.18526213062054100
  0.19296113993716266  0.20424398236406630  0.21365775461210632  0.22798540656642499
  0.24239170340004984  0.25445084454211186  0.26586160467447506  0.27608689401320791
  0.28244315948162518  0.29079877571378981  0.29891664611478341  0.31354637584647882
  0.32941572838005329  0.34623048941653556  0.36153120468476291  0.37777846508094637
  0.39174717805037385  0.39953949039320852  0.41601107374629037  0.45145469550556194
  0.48121285347575116  0.50209029661623039  0.53341517599115740  0.56763382985911859
  0.58476710572805635  0.59831695014330455  0.61557171725446225  0.64750709130568596
  0.67263107106603182  0.68627343409731467  0.70113555923409998  0.71956053650443563
  0.73305756297733660  0.76686343091101983  0.80722549240408237  1.00000000000000000
  0.00000013606735085  0.00000013746911230  0.00000013876852201  0.00000014006157162
  0.00000014160449631  0.00000014368448939  0.00000014610046092  0.00000014819334260
  0.00000015062868754  0.00000015360403900  0.00000015442445138  0.00000015534678516
  0.00000015647561028  0.00000015749174418  0.00000015829336756  0.00000015906347660
  0.00000015977613039  0.00000016048241162  0.00000016153254354  0.00000016337017308
  0.00000016667870344  0.00000017097263894  0.00000017532225815  0.00000017828018002
  0.00000018043621037  0.00000018269549703  0.00000018427163398  0.00000018607770421
  0.00000018813990665  0.00000019075270056  0.00000019378988559  0.00000019670085501
  0.00000019974615768  0.00000020311609153  0.00000020819145054  0.00000021509798361
  0.00000022146789128  0.00000022574473029  0.00000022830470956  0.00000022962292835
  0.00000023143596773  0.00000023279091304  0.00000023403050615  0.00000023484260705
  0.00000023560737491  0.00000023623842725  0.00000023688565532  0.00000023773705927
  0.00000024278433422  0.00000024907929848  0.00000025427632524  0.00000025860182983
  0.00000026238039590  0.00000026720721617  0.00000027274196894  0.00000027640544462
  0.00000027892688668  0.00000028149924726  0.00000028466470287  0.00000028774746318
  0.00000029073510341  0.00000029572833249  0.00000030297531508  0.00000031154169770
  0.00000031961466235  0.00000032672023646  0.00000033191003791  0.00000033846289162
  0.00000034571612438  0.00000034990136438  0.00000035507125494  0.00000036243766620
  0.00000037109686484  0.00000038394439756  0.00000040271983289  0.00000042386967578
  0.00000043910658669  0.00000044862495819  0.00000046233842828  0.00000047989657514
  0.00000049746268975  0.00000051337563892  0.00000052538701498  0.00000053445621641
  0.00000054580819190  0.00000056975470482  0.00000061524716110  0.00000065715286149
  0.00000070136224835  0.00000073295437724  0.00000076525716634  0.00000079918901158
  0.00000092081972663  0.00000110514149796  0.00000222768358188  1.00000000000000000
  0.21413892699791440  0.41321988711688717  0.52061037518693676  0.57436898923144486
  0.59830530782283331  0.60946183143290433  0.61847385816270506  0.62591664075857567
  0.63389233860445937  0.64769526431066882  0.66094295941772541  0.67515279241912862
  0.69378248547269039  0.71562090051055682  0.73927627026130638  0.75906518541328116
  0.77385600470584592  0.78130469562480798  0.78875338654377014  0.79616322929534822
  0.80247604854867649  0.80878886780200487  0.81510168705533326  0.81961613108066955
  0.82410712887528859  0.82886549094012274  0.83580943010698650  0.84108702676954594
  0.84617116181881025  0.85159596032737839  0.85794663722045050  0.86380680158936152
  0.86821565016669533  0.87380564674159633  0.87986703578068592  0.88618535422335676
  0.89165930571426688  0.89619241136060890  0.89821961271453343  0.89975188050922850
  0.90051902611503787  0.90161223769240884  0.90482077939928052  0.91013427658273482
  0.91357250071929885  0.91475373756500400  0.91600971134599563  0.91762796524159307
  0.91949799776481700  0.92467683197314610  0.92831822732226521  0.93011201866844662
  0.93210163453676276  0.93433121911332684  0.93682619658976951  0.93863555835744850
  0.94052925713003499  0.94284532640272667  0.94388165823323578  0.94450629732790836
  0.94496312663099014  0.94556331684176098  0.94659235489818183  0.94781002704490291
  0.94919929085824128  0.95039225237250080  0.95102255152382742  0.95159540526791331
  0.95211941866302419  0.95259381054464864  0.95317712628063822  0.95399144034778960
  0.95504713977652078  0.95611872787654717  0.95723282741019133  0.95819930432925571
  0.95919521392621765  0.96032631342673291  0.96134505694848815  0.96229823535496384
  0.96307794131888069  0.96350500339766476  0.96380502340935081  0.96408997936599983
  0.96433878637193604  0.96474961009659654  0.96547406163639116  0.96608609907608178
  0.96660784575109482  0.96723710882536329  0.96784860637497550  0.96841642195186262
  0.96912412660814018  0.96964718113078674  0.97010007021307898  1.00000000000000000
 -0.00006323224442692  0.00070976167364602  0.00106708027842273  0.00141297683892494
  0.00166690268609535  0.00181533581323259  0.00192977236556368  0.00211777388797634
  0.00231737015104731  0.00247273972114649  0.00276321041700727  0.00302681731058667
  0.00321208264297282  0.00329501134083707  0.00335528113116749  0.00341502264606845
  0.00352549181506272  0.00361659219025966  0.00373778904718465  0.00385353936979291
  0.00394981609292369  0.00408059107150835  0.00420364355657460  0.00430319448453852
  0.00438512523657284  0.00444512050649987  0.00463500990381382  0.00492046854560915
  0.00522297498035925  0.00562574959311040  0.00607351070667171  0.00626757007358588
  0.00643335206483179  0.00659034893328084  0.00675074514498139  0.00686074370333421
  0.00713575158658614  0.00751511660580976  0.00788579826621209  0.00817291522580465
  0.00845114837041720  0.00870452757448781  0.00898488320442092  0.00927958764225336
  0.00972501823574633  0.01009365030801688  0.01037514574414194  0.01058259526875861
  0.01077146799984311  0.01096721211301771  0.01114692326220029  0.01130305176244808
  0.01144560311697179  0.01157524913462868  0.01172045454083426  0.01193945827787277
  0.01245624855847987  0.01303171301830715  0.01356161333787611  0.01406950107855827
  0.01457822746389657  0.01500816341079414  0.01540662856224864  0.01572357919824311
  0.01591219818012815  0.01606731605269299  0.01621741104644181  0.01637808080302801
  0.01656197557733095  0.01669786469483141  0.01681611752153866  0.01693437034824591
  0.01704951813388728  0.01715956769970196  0.01726961726551663  0.01738758495300882
  0.01751938824146614  0.01765119152992346  0.01780636096380365  0.01798473194122552
  0.01815885406070979  0.01831946889944620  0.01842075328611684  0.01861903964895805
  0.01890193833155126  0.01917048166857898  0.01942622952339434  0.01967960328982063
  0.01992796083180337  0.02031846939368947  0.02091758886474251  0.02152746941475987
  0.02206283728335722  0.02258137544578271  0.02337727863355418  1.00000000000000000
  0.02314433284497497  0.06886009233195239  0.07993518681182729  0.08663876212339014
  0.09119080238285053  0.09566120108578882  0.10166094250981868  0.10543714426092010
  0.11273031562593094  0.12086565991742138  0.12768107438815723  0.13459823936935986
  0.14175273142634764  0.15304438644394741  0.16027250514910105  0.16649424482894129
  0.17181369004234134  0.17839201684489370  0.19121242924688442  0.20499228144563292
  0.21347014387558319  0.22220364751223334  0.23113662211427571  0.23934975738937489
  0.24729162984412645  0.26120452129727423  0.26732794664754322  0.28297171503053942
  0.29454293237270379  0.30331345055486042  0.31082156870719796  0.32114781067803294
  0.33031746067658585  0.34049713622638966  0.35189710422075843  0.36309698749581892
  0.38424940631741256  0.40021375932750097  0.40903443369283732  0.41601622237805047
  0.42365139837502219  0.43041498826613978  0.43638320577592021  0.44200916455424094
  0.44828734540418197  0.45376163115761825  0.46145401683190662  0.46914640250619505
  0.47872293135733013  0.48865679972310222  0.49609658035360343  0.50184820033551758
  0.51009633977992874  0.52230417328110657  0.53423040881197736  0.54397099146709527
  0.54991090272416643  0.55661363710589673  0.56735153454765275  0.57829569704160411
  0.58775061712073595  0.59674103736959982  0.60293658859466215  0.61123590692581320
  0.62103526595810410  0.62697614516221334  0.63182009214662271  0.64171357249692518
  0.65277167936882619  0.66763833843161491  0.67894347581900039  0.68608256655651700
  0.69598046011537007  0.70300252699857058  0.71181220240931631  0.71894786278770906
  0.72565569631568450  0.73235105145496748  0.74144535041450055  0.74960391894164080
  0.75889961998016464  0.76626764478453502  0.77288083463794988  0.77842985184355173
  0.78590867021593724  0.79396575299198180  0.80232515305108743  0.81348639625729924
  0.82676199477266388  0.84147446542617332  0.86273310816208104  0.89874062134076027
  0.93130012753278768  0.95742988630726866  0.97072481930048171  1.00000000000000000
  0.00533579743339917  0.01990623157043235  0.02595960539284642  0.03356002350870233
  0.04255964464123591  0.04900967190990098  0.05129879058363313  0.05342031067170799
  0.05680905235531168  0.06050085381837637  0.06466826592382537  0.06969565165220969
  0.07319088367071640  0.08421476159197243  0.09930388520765590  0.10980992650537455
  0.12530149305367791  0.13926975844807002  0.14845457990808802  0.16509356585260065
  0.18770792766085007  0.20436854699694196  0.21050267317603061  0.22016917371605010
  0.23812234825871773  0.25615337574193425  0.26434194202836259  0.26836044739800347
  0.27436763651552681  0.27927495736412455  0.28448877900816277  0.28957499723596841
  0.29339911432573340  0.29846305239077525  0.30349830825725482  0.30844135384465549
  0.31239734001471348  0.31665552734326302  0.32121378297451120  0.32613052413478277
  0.33137620614307167  0.33801555684559798  0.34519653977237691  0.35209449710407847
  0.35869366746061548  0.36636745932977660  0.37535616879433403  0.38068824751416241
  0.38519269679730023  0.38930069383595423  0.39354879562094436  0.39823926823062583
  0.40566524182505692  0.41893923799609512  0.43413048522429026  0.46116425647298087
  0.47964114778262162  0.49507753373876179  0.50839715053113321  0.51588207837684308
  0.52336700622255294  0.52912366159217206  0.53440661265604295  0.53956712212584867
  0.54491234675509248  0.55102354487301530  0.56024881566626217  0.56844840740197355
  0.57880117831230204  0.59820036975697088  0.61429588011490333  0.62826745827779962
  0.63933978744651576  0.64551755152466350  0.65744356068251431  0.67509736253539232
  0.69162621155504056  0.70302497426245270  0.70777218808893716  0.71810749421154341
  0.73218409669453566  0.74679979514097483  0.76324084737059550  0.77854838989652908
  0.79687817194517907  0.80565245454619971  0.81058174821487772  0.82084822366941768
  0.83242894477691798  0.84877746250930597  0.86572633038572899  0.88806582233543785
  0.90730673937635986  0.93815379548934386  0.97029423985097918  1.00000000000000000
 -0.00243759333947929  0.00946334804312142  0.02157822515424188  0.03077790888706389
  0.03718040861775532  0.04308733988273184  0.05359972837535155  0.06523044555026222
  0.07591887822529655  0.08959808706947621  0.11041846074850103  0.13926015744288289
  0.16805659394576461  0.18853184933504469  0.19945118081192637  0.21013616089121781
  0.22364552529821879  0.23899852153959994  0.25613222927420642  0.27069607772112797
  0.27936151887422228  0.28613526398692540  0.29233087991845680  0.29758156342415898
  0.30569615506767606  0.31914434045910156  0.32567113112682011  0.33083083609156477
  0.33662102827582446  0.35578636965947569  0.37438391043249047  0.39065307417875789
  0.40524437065904734  0.42078730112410923  0.44153549658797908  0.46017162184732885
  0.47466269869751121  0.48710736053945153  0.49905133633321352  0.51058790480007044
  0.52293792303895370  0.53123292036207848  0.53740503359573366  0.54274150883626815
  0.55267641175212168  0.57023401731512013  0.58094301018551586  0.59055708580412103
  0.59877796375873293  0.60504494743440396  0.61134519607257376  0.62117668438283868
  0.62838172165849304  0.63615584781515133  0.64392997397180962  0.65025374782302670
  0.65634295003627063  0.66266404955298064  0.66910605030967107  0.68116485675512972
  0.68917098276305100  0.69858163489539227  0.70297590583791103  0.70846116533670767
  0.71629853625443141  0.72307527547522066  0.73054589777360623  0.74003921925832850
  0.74442061311720087  0.74710667575057144  0.75087200406130827  0.75993621040210391
  0.76993360587914383  0.77916535451624191  0.78785853057968569  0.79702485639362020
  0.80700622953673995  0.81780037124529315  0.82986534737672080  0.84081823831871416
  0.84545326386623254  0.85008828941375092  0.86248454333034952  0.87649202042041496
  0.88743903557576331  0.89530179553851263  0.90322386638899099  0.91968066058166575
  0.93130850053990222  0.93902248532811472  0.94545754863027587  0.95150504804816538
  0.95857515975662966  0.96561051075685311  0.97648510577877035  1.00000000000000000
 -0.00943937498436980  0.04608398152176056  0.05471727794604264  0.06408882820142578
  0.07706967010423603  0.09749708561045456  0.11888672231082711  0.13354640929935596
  0.14459318071664981  0.15087556949513062  0.15555068462296176  0.16059170732159025
  0.16619558856640121  0.17179946981121219  0.18037772467433527  0.18967635228308485
  0.19904134784409497  0.20867372734262590  0.22204422163993334  0.23164199172220981
  0.23924945206394976  0.24634361950155109  0.25706083861756540  0.27053746059810824
  0.27868150667762775  0.28632047968402791  0.29627078135771695  0.31365024949132719
  0.33156706778812528  0.34807339610374971  0.35556859623876458  0.36093476435352168
  0.36794883627024066  0.38677192191881271  0.41567350019542343  0.44315948612956402
  0.46740957335766375  0.49067867967515033  0.51370882122526784  0.53548488688355567
  0.55309671973600438  0.56616961578541125  0.57618770663399432  0.58365191356750956
  0.59057708081345295  0.59809239303701711  0.60293837493336566  0.60641489357399481
  0.60965276142680402  0.61349718427859923  0.61699455687042104  0.62517823588818622
  0.63724803102750116  0.64768565049784832  0.66205305888009225  0.67567883880812596
  0.68607066860338539  0.69418669275644551  0.70267465260829565  0.71271027588266478
  0.71752976918010214  0.72300012591062379  0.73048247827279977  0.73819837641011588
  0.74639189615831614  0.75767671076579990  0.77729696396490666  0.80232351888212428
  0.82174817331061289  0.83532852207125441  0.84362344246838283  0.84863504742817719
  0.85295865928079251  0.85719897629376529  0.86101351695635586  0.86641890792567011
  0.87544232321461724  0.88250177624748327  0.88772723584897872  0.89088276377455178
  0.89353515449047793  0.89626254909200420  0.89901746885466916  0.90475458259535235
  0.91889681287129921  0.92682057987395849  0.93166683213468193  0.94178696279457175
  0.94883004649636415  0.95457052966840628  0.96095766629534340  0.96745092448793690
  0.97472505843742718  0.98256526367703123  0.99210430775844449  1.00000000000000000
 -0.00710344108635826  0.03527916627718679  0.05056739624685772  0.05953109245179874
  0.06583785384273293  0.07434363402985246  0.08431726528576566  0.09215270610954157
  0.09943249874666495  0.11067783659751679  0.12128777508912249  0.13138488977534990
  0.14154579246305207  0.15123904830624565  0.15921408026605818  0.16714809810073844
  0.17174742447770960  0.17524424719872844  0.18147005191483492  0.18855122098260399
  0.19334462687073048  0.19755979122177281  0.20730701881641903  0.21868665990560465
  0.23173893440760399  0.24567015445137105  0.25683021205421391  0.26751892923806947
  0.28445402631190131  0.28985091791195777  0.29530449194813080  0.29896832728753586
  0.30253396257798965  0.30628488785563140  0.31458152787130034  0.32615784280834420
  0.33940198612993377  0.35878243822231443  0.37383511730496988  0.38971852924230832
  0.40461550873825175  0.42220823784727030  0.43956872369683397  0.45668862011165973
  0.47302533002585834  0.48761291531901019  0.50076835384471030  0.51084842523997931
  0.52064748201698974  0.52728835093107662  0.53405935350730549  0.54299655771324096
  0.55592269140718409  0.57176409319841692  0.58804527817146379  0.60695507607242960
  0.61641996488539597  0.62430756817300692  0.62912849177803443  0.63340147100105526
  0.63685579924325120  0.64917250069317622  0.67362368902125769  0.68803762977042315
  0.69964911081230763  0.70999404676646394  0.71655963746469142  0.72000062750898719
  0.72501242235048946  0.73395796111050582  0.74718190779380222  0.75959128186546176
  0.77330728690098705  0.78700019614620664  0.80070151061488160  0.81149864207470646
  0.81687691192216549  0.81987910080655302  0.82477779999926548  0.83722503080358390
  0.85350745475991685  0.86437739448158624  0.87381345774544650  0.89155082727413948
  0.90899427128372856  0.91637790418456322  0.92355464306426727  0.92906326533904193
  0.93457188761381649  0.94229933175602643  0.95050424187410476  0.96246349476371107
  0.97229759195938248  0.97903278758710444  0.98931364833895241  1.00000000000000000
 -0.00197566284289454  0.01127609909626796  0.02118715235177064  0.03117182801805637
  0.04292459164839075  0.05510935507826475  0.06729411850813877  0.07852160320889648
  0.08968132751295155  0.10005149741258296  0.11031356821479675  0.12189202007588486
  0.13674334619839804  0.15374001636454576  0.16993534342130109  0.18492120164831355
  0.19075662519214354  0.19634617239881133  0.20398459810270816  0.20975601291022478
  0.21337335746559655  0.21950651613756872  0.22513398581091423  0.23289504328475977
  0.24282553585275188  0.25617146763738075  0.26782984532180842  0.27864513881845515
  0.29448515067524111  0.31157904000563985  0.32677914268751407  0.34220201891697227
  0.35821170145137460  0.37042882870874694  0.38405329379277880  0.39797193511195467
  0.40786627667878511  0.41743721386373561  0.42841806443408897  0.43850646997411991
  0.44664133185151256  0.45751836449167366  0.46618699869840735  0.47387472525779945
  0.47915901262270866  0.48359093555390975  0.48942845406306484  0.49544222079606065
  0.50177814918600416  0.51077979341698554  0.51454573966347117  0.51772937396038554
  0.52098963840506662  0.52484602414956616  0.53033367341527071  0.53943072182328478
  0.55780797495391987  0.57815469268160424  0.58888939842327248  0.59962410416494072
  0.60809748781958095  0.61649412201630072  0.62457391171981436  0.63254823215151146
  0.64076887833887020  0.64944063625281856  0.65509649510257650  0.66483409277220251
  0.67862730828607554  0.69312163051263853  0.70193723219118431  0.71159760071824363
  0.72174032978379443  0.73164526529672780  0.73969876045021732  0.74686505173006057
  0.75495424052334714  0.76682362690461425  0.77509851116374284  0.78530396293584304
  0.79686183204264560  0.80164462386567170  0.80653501963205709  0.81111435139086652
  0.81655344271044028  0.82556507132526147  0.83630122567237797  0.84995797334920020
  0.86313177851345124  0.87547361961458514  0.88844455316986359  0.90945308993084106
  0.94367757259353069  0.96588884466812919  0.97920472203123732  1.00000000000000000
 -0.00221241534799684  0.00931172104384306  0.01707556597398067  0.02416022578191009
  0.03434915858346055  0.05022999537747264  0.06826575588571146  0.09024602164197318
  0.11887568753524790  0.13533015239931118  0.14637586107188244  0.15589048618940218
  0.16174149743429403  0.16727544519082332  0.17175006975522350  0.17649826454505449
  0.18167137435047195  0.19188281449418812  0.20486260776468912  0.21795227817572846
  0.23166814790424228  0.24516785183338488  0.25969961603898517  0.27499024005704631
  0.29044671291892071  0.31620434889832216  0.34516328007043651  0.35819737634489329
  0.36637198895332446  0.37566309861738839  0.38616536605469914  0.39522275598814754
  0.40500934802621824  0.42103544653718583  0.43890893906346623  0.45708473107902881
  0.46775822116752663  0.47653055959521229  0.48361301434136961  0.48926372942105761
  0.49463639411655497  0.50016503095132303  0.51393342596406433  0.54431537245703276
  0.56334118634672914  0.57512143089688839  0.58525825141862786  0.59393270364154738
  0.60245138352145877  0.60975305101382593  0.61568264567853181  0.62007061700865951
  0.62664831297479329  0.64237891526280899  0.65886727822321023  0.66941452258795164
  0.67883866508440138  0.68766563027042427  0.69968215829705516  0.71568602374323564
  0.72665905147758714  0.73225880938376575  0.73632169753036281  0.74470670111580028
  0.75240710488758378  0.75818530115688254  0.76569915031503755  0.77055870722351083
  0.77225032926106596  0.77414313687505709  0.77986131959893057  0.78303912710803669
  0.78847124225513210  0.79835756689134763  0.81273494838819760  0.83109669824484378
  0.85169789494986625  0.86815676555611199  0.88647908779961115  0.90092986650783280
  0.90827217613745626  0.91473744910101240  0.92143799704187446  0.92844252041554232
  0.93544704378921029  0.94225431696647599  0.94904710336598874  0.95524369856009717
  0.96036743988025230  0.96453263590543836  0.97110441886302079  0.97575147479536728
  0.98110258420535523  0.98659205199763644  0.99142749916472495  1.00000000000000000
 -0.00321857382873937  0.01218890424519060  0.02889122869119872  0.04821776498034275
  0.05931667095243114  0.08305441576192686  0.10931574751562759  0.13082653206314340
  0.15394561223862105  0.17422121758856907  0.19401369409864580  0.20568924727615617
  0.21603828292798780  0.22926472630808689  0.23747922598886811  0.24439206175989683
  0.24916289591250240  0.25387184498460247  0.25990686704971477  0.26596364893368823
  0.27320319445616481  0.28216276436515808  0.28840291774701760  0.29584767871290213
  0.30495165023726301  0.31501914108328299  0.32571507193794380  0.33543344519288781
  0.34203837140451415  0.34526655934254125  0.34890521786870088  0.35325634645173409
  0.35955428189574679  0.37042842128797610  0.38445357207849673  0.42261393235114714
  0.47697351009549843  0.49519649503522745  0.50329340287568669  0.50999930875361477
  0.51892711319684270  0.52973239737143729  0.53858423461769922  0.55354044881295694
  0.56492077826964238  0.57759601763161661  0.58970466592404691  0.60236490842914236
  0.62575960840564360  0.64364199943225198  0.65137480554563376  0.66051261860121246
  0.66746062253439653  0.67074125193018597  0.67475546479235016  0.68245248909491640
  0.69609827349655529  0.70647807466802404  0.71695574589206013  0.72845724248963073
  0.73776602629531718  0.74367430778833621  0.75056807371805212  0.75982774022783317
  0.76976143841032707  0.78073233984235690  0.79370358248940232  0.80604310493528053
  0.83007114227180423  0.83972859271266864  0.84788452353284183  0.85533714388187343
  0.86368391011922419  0.87178473963083136  0.88043763877879044  0.88834037549381406
  0.89521802075560397  0.90394053012099240  0.91132918186802969  0.91670657745884188
  0.92265273483205867  0.92810109027589272  0.93312657351504036  0.93785791144503727
  0.94241429737295979  0.94677543091177951  0.95201666859250067  0.95917697491205522
  0.96584731167802917  0.97370227883814031  0.97979040084981528  0.98480866040343695
  0.98935405939014309  0.99370391059829299  0.99685195529914650  1.00000000000000000
 -0.01327870463495250  0.01221742639761093  0.03698687954156822  0.05815920961381602
  0.07037202641166300  0.08237122879868639  0.08697560203138614  0.09178966769967137
  0.09937850392950261  0.10817594927886330  0.11761576214700520  0.12253771913816487
  0.12812220015036851  0.13649553553903784  0.15288771465997028  0.16415142943926986
  0.18593578209521427  0.20259042368454205  0.21119133915622076  0.21561388876453833
  0.22079919356505179  0.22715903800203860  0.23325029647078277  0.23921378615524511
  0.24912117530784286  0.26815834410591982  0.28015109047068903  0.28731638128014297
  0.29183495135834503  0.29626334916406344  0.30052630757527821  0.30810728349360167
  0.32355605048089298  0.34678826914568667  0.37170143449133053  0.39197992259850895
  0.39857531797140966  0.40517071334431043  0.41010623535588320  0.41484436912726164
  0.42111032617742061  0.42793449347624535  0.44182569531468713  0.46078994888369107
  0.47938546585667208  0.49387765947618789  0.50328523790539514  0.51146901432338965
  0.52020855509929920  0.52704493520063667  0.53535936916240845  0.54766725684957085
  0.56270389047638980  0.57339579158020615  0.58581096204096805  0.60331964830873719
  0.61093623615277837  0.61585584874578425  0.62205722024076959  0.62970613012829024
  0.63980174129644429  0.64923854387065039  0.65671915258523894  0.66259614216634655
  0.67050010238185720  0.68022465923409070  0.69033743831628458  0.69893112206059738
  0.70746009523008180  0.71807723037797178  0.73498957650865726  0.75107929643976890
  0.77054080518464052  0.79173309384385027  0.81059198422351764  0.82669272169061792
  0.83965382012782219  0.84953596715690238  0.86239682418724783  0.87494816811273279
  0.87963646004161800  0.88165429780483096  0.88543104646005333  0.89140164210841588
  0.90060643322924450  0.91343933870576521  0.93113148873176077  0.94274377745741267
  0.94400320891336464  0.94677755954872822  0.95547601977018326  0.96402736836047620
  0.97219872480084590  0.98053310651321590  0.99012812406284745  1.00000000000000000
 -0.00238206329835484  0.00979461909675185  0.01721754086364134  0.02147785466746778
  0.03108668348904439  0.04246233605785784  0.06087893709680647  0.08474327318280145
  0.10288108813221897  0.11961398534993070  0.13503811357434209  0.15134442300249529
  0.16977402027455543  0.18629590524549755  0.19646208339077476  0.20400045400458267
  0.21060398830167176  0.21624948305662570  0.22106178771312829  0.22646125329062636
  0.23753510281293561  0.24560584295941701  0.25093903817720731  0.25809580069216081
  0.26502925997475157  0.27044572375579445  0.27616689603192035  0.28526854129399143
  0.29373963803708020  0.30107682874932062  0.30787299053967426  0.31467485814182894
  0.32143293268569850  0.32892756742586848  0.33739444618457942  0.34527157165058520
  0.35262236352430482  0.36746901888110189  0.38817266809282680  0.41114275538787542
  0.43795450371924982  0.46324617680875163  0.47254599027020522  0.47937295315727702
  0.48797097461491190  0.49714552839900877  0.50750981138908813  0.52095803032022214
  0.53047433958645440  0.53767893012578005  0.54942998253417774  0.56287977647692233
  0.57732923266978320  0.58802319724865360  0.60687812474275948  0.61462343041202749
  0.62236873608129550  0.63011404175056362  0.64065340702628204  0.65124835376987245
  0.66184330051346274  0.66966254737328079  0.67736010162263638  0.68505765587199197
  0.70676316497217084  0.73112087198389464  0.75575059800587230  0.78024706199510907
  0.79136461111272249  0.80389314679850832  0.81435837819662293  0.82075938254464664
  0.82667378765131383  0.83399875137915225  0.84633449425971341  0.85998739283618397
  0.86499882883247003  0.87039896692906427  0.87498465060812636  0.87726055931597113
  0.88492033217880928  0.89405108274629208  0.90391902950910152  0.90796297128137438
  0.91090009682022910  0.91299923022308638  0.91587168570080690  0.92026807837337810
  0.92521236225895986  0.93180963543796358  0.93926061777658942  0.95129795665337358
  0.96243013142345213  0.97253715220496217  0.98448791034387417  1.00000000000000000
 -0.00439064548982104  0.01462421970633414  0.02815974797716026  0.03927424470990429
  0.04968151328552001  0.06047535799170859  0.07163437487197609  0.08267991339991500
  0.08877670280788472  0.09455651441980364  0.10172342257324404  0.10753063470097977
  0.11519974990624068  0.12384117985713926  0.13239136534181101  0.14057148116449306
  0.14596852897869969  0.15092147740895973  0.15506842175898669  0.16183431689506608
  0.17105856797729230  0.18006976777112754  0.18983330527834044  0.20021858434799220
  0.21149370336832393  0.22093566200792433  0.23033934527248925  0.24209185071272629
  0.25481563106870031  0.26548156173168896  0.27379728361666944  0.28188464647198735
  0.28807039650848759  0.29901054395093057  0.31157875707530241  0.33583630214118365
  0.35601959464130351  0.37816305289641294  0.40126139388468390  0.42612502618514342
  0.45168528608313874  0.46900254242888545  0.48354437974884446  0.49468145698744931
  0.50453740194765573  0.51450472574018358  0.52889208346757555  0.53884041178882647
  0.54773670395028928  0.55855915425378611  0.56905930292337814  0.57883180554648261
  0.58820504167998500  0.59563948666439459  0.60349230100493456  0.61205953379961997
  0.62137818165314163  0.63093203253828167  0.63834208044750007  0.64669098848317208
  0.65476726060750301  0.66161617255666516  0.66994931636912236  0.68378776135896902
  0.69115554844180793  0.69650715991322443  0.70151971023882254  0.70771857457832665
  0.71263535979322479  0.72278940540228620  0.73793798504150421  0.75103365130634270
  0.76271352538065440  0.77411356734911663  0.78402449804290364  0.79166776673277262
  0.79862513734843099  0.80816007053057726  0.82105231809138257  0.83487227488019822
  0.85414139743412176  0.87848878305752587  0.89829631044419866  0.91909926072232462
  0.92803311691648305  0.93392744400124661  0.93902122319055470  0.94328039833477606
  0.94737997495642823  0.95078950009905860  0.95419902524168898  0.96163459464887002
  0.97039564855543492  0.98032476575193328  0.99051068626322714  1.00000000000000000
  0.00693113634059172  0.01581993633246902  0.03718665576716915  0.05134021782064889
  0.06335534475628751  0.07035372381691517  0.07379649750565560  0.07722442204098247
  0.08062853105580976  0.08381406384439745  0.08636674940415560  0.08921745158284421
  0.09554589485552392  0.10419641007946277  0.11489954699370203  0.12226008942923947
  0.12776866838822815  0.13481147118261660  0.14209312403057361  0.15198335003909871
  0.16304828332520840  0.17227658872451534  0.17959027271673891  0.18557781592984054
  0.19482702614555442  0.20661194101259783  0.22017513495445815  0.23423514079069427
  0.24974627153138221  0.26501367792580910  0.27452115935457561  0.28410203727767486
  0.29670266687002844  0.31415852130033650  0.33173400787381807  0.34437450256565083
  0.36131004119190191  0.37116939283811651  0.38124389918689655  0.39021360903865554
  0.39608224535000608  0.40144729726744105  0.40650643619380189  0.41120010432018195
  0.41711102161201846  0.42292590649681494  0.42678657234941386  0.43067834012765455
  0.43375445644784572  0.43660764675816743  0.43998687955764665  0.44893567741195528
  0.45370811903645980  0.45744315508131678  0.46536655604447952  0.46844846914688631
  0.47155613720734285  0.47516263753332344  0.48264436255022614  0.49916003394915209
  0.51724019517196740  0.53736163806542370  0.55574350799608541  0.57143178497051228
  0.58164609618793639  0.59363174812056874  0.60304084009298753  0.61333408831457814
  0.62526520436845745  0.63326570203770594  0.63880959226527900  0.64627231264839091
  0.65689458821332469  0.66941241962509979  0.68385844004099994  0.70863244544419257
  0.74126300251902233  0.76373834148235931  0.77673424760164889  0.78523626934587132
  0.79402466527404858  0.80464605796720357  0.81501116151940378  0.82536691898736902
  0.83453527159792096  0.84515999743884263  0.85543802442501293  0.86403619156017430
  0.87098329048482825  0.87990181830426561  0.89478935714516972  0.90688895724400331
  0.92086916613451186  0.93781313208404982  0.95941259165510506  1.00000000000000000
 -0.00169342813190240  0.03649261121396217  0.04413068133844284  0.05120792020946505
  0.05520824049190105  0.05842205251355975  0.06112145697140708  0.06720613073317039
  0.08027961439459230  0.09651137163154626  0.11254540901677633  0.12397208669477290
  0.13589381302812617  0.14999613080072841  0.16250362532920701  0.17387898430272641
  0.18589451679238800  0.19892313500630801  0.21094989109836731  0.22076969083408807
  0.23065395197654234  0.23961391732468926  0.24666477105093212  0.25692933546035573
  0.27720794943894744  0.29921045567906185  0.31102151582837179  0.31974420515466778
  0.32686723913710258  0.33382231033401055  0.34199871332115800  0.34875150090041585
  0.35780248047373608  0.37645232472284973  0.39726506305771841  0.41239310789274136
  0.42450113314607507  0.43573547533698298  0.44352246892532809  0.45246725224943873
  0.46334958067774090  0.47555615451866212  0.48885516967800041  0.49855143049519490
  0.50524173851157683  0.51280302172525671  0.51898559755449669  0.52423040151903566
  0.53524964108880513  0.54290431137717410  0.55238053473794735  0.56118600872105662
  0.57035907002969666  0.57985254186591617  0.58975274964547086  0.60155499347611452
  0.61024096592683741  0.61289684104585562  0.61564252317643975  0.61855647900664212
  0.62350106112960824  0.62996642393426228  0.64021879967262441  0.65160913004454557
  0.66209001517593213  0.67370888847653032  0.69096942142017470  0.70561545915089796
  0.71575715974131093  0.72567321838046361  0.73530824803944195  0.74668372138883721
  0.76212616117713727  0.77330403698047090  0.78448191278380452  0.79386956442232781
  0.80257099541439336  0.81087403415384840  0.81628743140710525  0.82170082866036209
  0.83016115026627124  0.84344584546241153  0.86687660156595492  0.87935620593113351
  0.89015758773455966  0.90050655121142298  0.91026249376168245  0.91793314282187954
  0.92695696670189232  0.94067213764155289  0.95123889851521248  0.96043846088542706
  0.97150706623808236  0.98233302923160637  0.99116651461580307  1.00000000000000000
  0.01291406407361865  0.13196169745611258  0.17213686385841848  0.20004750887852074
  0.22487471913598972  0.24650447152255014  0.26489164174749447  0.27649709201100758
  0.28259073977904059  0.28795375093427200  0.29496360497300128  0.30328297284079153
  0.30628853824599772  0.30925329315653799  0.31257398867382913  0.31672401039106263
  0.32519402674063064  0.33647327051929743  0.34606808070473516  0.35483136460252962
  0.36690472613884745  0.37560147404056360  0.38284417137595106  0.39025057649976258
  0.39650845397305801  0.40280803122627890  0.40920036104494112  0.41618659560786203
  0.42673007715818045  0.44237273375442238  0.45356707496124127  0.46362493114549169
  0.47237508530108957  0.47730093922140604  0.48227627078963847  0.48872751299041683
  0.49616376798648132  0.50282612935762760  0.50706286864521899  0.50982442127703298
  0.51262901779885517  0.51553213870452685  0.51842620128183270  0.52116941942513539
  0.52391263756843809  0.52944857592650940  0.53636601549267349  0.54279005707839767
  0.54810292219840184  0.55307046266170690  0.55922114074043505  0.56360992540373567
  0.56685924220500894  0.57046597383119046  0.57416074963445496  0.57982658577605517
  0.58563878489009602  0.59424311393254914  0.59703401986188265  0.60070662942979813
  0.60298328969606774  0.60522055070889613  0.60708768571815119  0.60900028575178200
  0.61193989908902435  0.61693832010688565  0.62106254446249887  0.62500570233034103
  0.62955415372189272  0.63561419797200613  0.63741072323436487  0.63924879462767181
  0.64109824851103725  0.64264516275806383  0.64395643350652965  0.64636373095828215
  0.65342313889159320  0.66224187414462565  0.67182882831088853  0.67899751337282988
  0.68404105683107297  0.69046092294433781  0.69654529940085719  0.70749810881114361
  0.72007567599902866  0.73266196451303700  0.74336457382933452  0.75533294324469047
  0.77020680314159129  0.79902315550248137  0.81213204995993815  0.82562997577122954
  0.83989999365117629  0.85577476357745863  0.87292467181906663  1.00000000000000000
 -0.03972564676022589  0.13680075177241269  0.18815764854618269  0.21686458481618354
  0.23362801080568335  0.25031693744637279  0.27708591586451059  0.30809273130961379
  0.32937274770537533  0.34627981651433792  0.36322590389556036  0.38301636043489096
  0.40434213292254778  0.41909974509821663  0.42469295192619266  0.43025737710893075
  0.43575617554212054  0.44027531430537281  0.44318669320856624  0.44782845517821351
  0.45627559479798413  0.46588010184340567  0.47478715487676043  0.48877001334566356
  0.49702708441365495  0.50208053630435512  0.50552922070847806  0.50901369703046317
  0.51335410998750997  0.51933908513020910  0.52613285488635098  0.52838427087429896
  0.52990344775880138  0.53143982282718549  0.53298181150762047  0.53421687648140170
  0.53531039978402128  0.53758285157644226  0.53965395861951371  0.54152481508833650
  0.54481584753238144  0.54964106184071548  0.55597137414075759  0.56275215640498222
  0.56864025148381792  0.57424619602515425  0.57827712765124617  0.58202569713669117
  0.58574804282832260  0.58944208567267331  0.59305348966231664  0.59653520473262511
  0.60079602528176956  0.60593940740660368  0.61186165603626830  0.61812635172306984
  0.62154894006950501  0.62430145087235678  0.62654024253099794  0.62965079438496274
  0.63351154586443503  0.63701417730006582  0.64290093375244450  0.65071668773746694
  0.65764417304196254  0.66392523430448624  0.67002912479766241  0.67592757849674845
  0.68207062947050179  0.68628215289580563  0.68921974481065984  0.69107530903060488
  0.69323113091216959  0.69692336445220537  0.70202458596491446  0.70561535716695778
  0.71026730877696798  0.71795471696554647  0.72413220090321484  0.72744957801045784
  0.73084806319318962  0.73855781348943783  0.74797002581297667  0.75912765446219466
  0.76909703100160176  0.77614028600440210  0.78513297119572056  0.79417539369945844
  0.80312467724554548  0.81434555198912217  0.82376704404861456  0.83358838588122786
  0.84475955677398173  0.86072054888596594  0.88954837924089669  1.00000000000000000
   2.3713328259898883E-018  -1.0000000000000000     
 T F F F F F F F F F F F F F F F F F F F T F F F T F F F F F F F F F F F T F F F T F F F F F F F F F F F F F F F F F F F T F F F F F F F F F F F F F F F F F F F F F F F F F F F F F F F F F F F F F F F F F F F F F F F F F F F F F F F F F F F F F F F F F F F F F F F F F F F F F F F F F F F F F F F F F F F F F F F F F F F F F F F F F F F F F F F F F F F F F F F F F F F F F F F F F F F T F F F F F F F F F F F F F F F F F F F T F F F T F F F F F F F F F F F T F F F T F F F F F F F F F F F F F F F F F F F T F F F T F F F F F F F F F F F F F F F F F F F T F F F T F F F F F F F F F F F T F F F T F F F F F F F F F F F F F F F F F F F T F F F F F F F F F F F F F F F F F F F F F F F F F F F F F F F F F F F F F F F F F F F F F F F F F F F F F F F F F F F F F F F F F F F F F F F F F F F F F F F F F F F F F F F F F F F F F F F F F F F F F F F F F F F F F F F F F F F F F F F F F F F F F F F F F F F T F F F F F F F F F F F F F F F F F F F T F F F T F F F F F F F F F F F T F F F T F F F F F F F F F F F F F F F F F F F T F F F
  <DiscreteSampler_grid>
  grouped_processes
  1 # 1 for a reference and 2 for a running grid.
  10 # Attribute 'min_bin_probing_points' of the grid.
  1 # Attribute 'grid_mode' of the grid. 1=='default',2=='initialization'
  0.0000000000000000 # Attribute 'small_contrib_threshold' of the grid.
  0.5000000000000000 # Attribute 'damping_power' of the grid.
 # binID   n_entries weight   weight_sqr   abs_weight
    16   10   1.741072650132025E-009   1.799813370292954E-017   1.741072650132025E-009
    17   10   1.741072650132065E-009   1.799813370293070E-017   1.741072650132065E-009
    19   10   2.812821637843103E-009   4.581528707214607E-017   2.812821637843103E-009
    20   10   2.812821637843173E-009   4.581528707214914E-017   2.812821637843173E-009
    22   10   2.812834280890812E-009   4.581607637752302E-017   2.812834280890812E-009
    23   10   2.812834280890882E-009   4.581607637752605E-017   2.812834280890882E-009
    28   10   9.206886275940338E-010   4.158573770836102E-018   9.206886275940338E-010
    29   10   9.206886275940326E-010   4.158573770836080E-018   9.206886275940326E-010
    31   10   1.068690758836244E-009   7.542501721822677E-018   1.068690758836244E-009
    32   10   1.068690758836248E-009   7.542501721822654E-018   1.068690758836248E-009
    34   10   1.068658105378422E-009   7.541867035321009E-018   1.068658105378422E-009
    35   10   1.068658105378426E-009   7.541867035320987E-018   1.068658105378426E-009
    40   10   1.741072650132026E-009   1.799813370292957E-017   1.741072650132026E-009
    41   10   1.741072650132066E-009   1.799813370293071E-017   1.741072650132066E-009
    43   10   2.812821637843103E-009   4.581528707214607E-017   2.812821637843103E-009
    44   10   2.812821637843171E-009   4.581528707214909E-017   2.812821637843171E-009
    46   10   2.812834280890810E-009   4.581607637752297E-017   2.812834280890810E-009
    47   10   2.812834280890880E-009   4.581607637752602E-017   2.812834280890880E-009
    52   10   9.206886275940341E-010   4.158573770836103E-018   9.206886275940341E-010
    53   10   9.206886275940321E-010   4.158573770836075E-018   9.206886275940321E-010
    55   10   1.068690758836243E-009   7.542501721822667E-018   1.068690758836243E-009
    56   10   1.068690758836248E-009   7.542501721822650E-018   1.068690758836248E-009
    58   10   1.068658105378421E-009   7.541867035320995E-018   1.068658105378421E-009
    59   10   1.068658105378426E-009   7.541867035320984E-018   1.068658105378426E-009
    64   10   1.741072650132024E-009   1.799813370292953E-017   1.741072650132024E-009
    65   10   1.741072650132065E-009   1.799813370293068E-017   1.741072650132065E-009
    67   10   2.812821637843102E-009   4.581528707214605E-017   2.812821637843102E-009
    68   10   2.812821637843173E-009   4.581528707214911E-017   2.812821637843173E-009
    70   10   2.812834280890810E-009   4.581607637752299E-017   2.812834280890810E-009
    71   10   2.812834280890880E-009   4.581607637752602E-017   2.812834280890880E-009
    76   10   1.741072650132024E-009   1.799813370292954E-017   1.741072650132024E-009
    77   10   1.741072650132064E-009   1.799813370293068E-017   1.741072650132064E-009
    79   10   2.812821637843103E-009   4.581528707214607E-017   2.812821637843103E-009
    80   10   2.812821637843171E-009   4.581528707214909E-017   2.812821637843171E-009
    82   10   2.812834280890811E-009   4.581607637752302E-017   2.812834280890811E-009
    83   10   2.812834280890879E-009   4.581607637752602E-017   2.812834280890879E-009
    88   10   9.206886275940341E-010   4.158573770836103E-018   9.206886275940341E-010
    89   10   9.206886275940320E-010   4.158573770836075E-018   9.206886275940320E-010
    91   10   1.068690758836244E-009   7.542501721822677E-018   1.068690758836244E-009
    92   10   1.068690758836247E-009   7.542501721822642E-018   1.068690758836247E-009
    94   10   1.068658105378422E-009   7.541867035321009E-018   1.068658105378422E-009
    95   10   1.068658105378425E-009   7.541867035320973E-018   1.068658105378425E-009
    100   10   9.206886275940345E-010   4.158573770836107E-018   9.206886275940345E-010
    101   10   9.206886275940318E-010   4.158573770836073E-018   9.206886275940318E-010
    103   10   1.068690758836243E-009   7.542501721822668E-018   1.068690758836243E-009
    104   10   1.068690758836247E-009   7.542501721822637E-018   1.068690758836247E-009
    106   10   1.068658105378421E-009   7.541867035320995E-018   1.068658105378421E-009
    107   10   1.068658105378425E-009   7.541867035320967E-018   1.068658105378425E-009
  </DiscreteSampler_grid>
