  0.00000088144607449  0.00000621218046587  0.00001176992090966  0.00001457947986355
  0.00001576644415686  0.00001689120505260  0.00001777474962111  0.00001853152669117
  0.00001914876454992  0.00001999675469617  0.00002110662832774  0.00002231171428987
  0.00002321400882224  0.00002430134182539  0.00002539451587744  0.00002626646916334
  0.00002679720013289  0.00002727612640593  0.00002774121320783  0.00002827597971797
  0.00002895552485308  0.00002973183426534  0.00003070433442344  0.00003148415032436
  0.00003220178098157  0.00003286831422037  0.00003361229715205  0.00003444570561184
  0.00003517545265105  0.00003606562185305  0.00003767022093557  0.00006313777780237
  0.00006399911411058  0.00006414678892196  0.00006429446373335  0.00006444213854473
  0.00006458981335611  0.00006473727910723  0.00006488466422934  0.00006503204935146
  0.00006517943447358  0.00006532489866548  0.00006546269778360  0.00006560049690171
  0.00006573829601982  0.00006587609513793  0.00006621930332486  0.00006662172090391
  0.00006706007370647  0.00006759751322177  0.00006818943609713  0.00006894890433051
  0.00006958134129390  0.00007013449190665  0.00007074217325688  0.00007143543506437
  0.00007206903628176  0.00007266210715525  0.00007310164811708  0.00007359399754556
  0.00007421297051384  0.00007475938079656  0.00007512617249770  0.00007541811780228
  0.00007567717689216  0.00007593978094739  0.00007620727553013  0.00007649123045808
  0.00007682556557958  0.00007719749879242  0.00007779735354748  0.00007870120107004
  0.00008044093093515  0.00008261254891533  0.00008782894475779  0.00009162534999329
  0.00009598726823026  0.00010165667217947  0.00010922357373696  0.00011887232852305
  0.00012842294817454  0.00013494803061395  0.00014421750027783  0.00015489414258970
  0.00016796982579196  0.00019066011211881  0.00021117015070662  0.00024075182091114
  0.00028554598839995  0.00034606904750554  0.00042086645681702  0.00053340283313492
  0.00069486872321259  0.00122174107066046  0.00296858389630035  1.00000000000000000
  0.02771780179303555  0.02807797819408529  0.02834800698317648  0.02856805177827056
  0.02871578883210055  0.02881383486059542  0.02890327740106971  0.02900220030347410
  0.02911428359491311  0.02924926235049470  0.02939371100988999  0.02953780629459021
  0.02967021135433960  0.02978210655475524  0.02985156208075052  0.02992671089414904
  0.03000648462537831  0.03008484222649611  0.03016227203073783  0.03032889296793641
  0.03055334511395304  0.03076596023773512  0.03094923573053706  0.03108842201460681
  0.03119172705086877  0.03130635810171005  0.03143234451199177  0.03159722142997912
  0.03173660166935601  0.03190505187017013  0.03207382266032949  0.03233982270753875
  0.03264968083729298  0.03292510326099946  0.03301574501074513  0.03305995439511197
  0.03310416377947881  0.03314837316384566  0.03319132752472309  0.03322715026142269
  0.03326297299812229  0.03329879573482190  0.03333461847152150  0.03336128691622623
  0.03337961515396344  0.03339794339170066  0.03341627162943787  0.03343459986717508
  0.03355280759332450  0.03367789326184196  0.03379664842899990  0.03392482180968392
  0.03406507767501103  0.03422023659293808  0.03433684858982626  0.03447232270547793
  0.03464445853243890  0.03496696936517592  0.03556776767944732  0.03621282348238713
  0.03667315112217571  0.03690216110661791  0.03711094698386310  0.03730661267245137
  0.03749405987667632  0.03778632157846030  0.03811027619788824  0.03842026639762783
  0.03871721964350310  0.03932784715416120  0.03997892629283519  0.04047399296080350
  0.04082140335199835  0.04108249531053893  0.04154368504831794  0.04190393609428689
  0.04224351898410728  0.04290084635325696  0.04362537662421898  0.04418154888655120
  0.04453701844557099  0.04490298113341542  0.04540471550555495  0.04608355565516076
  0.04670024115035116  0.04704130151409176  0.04736868437829680  0.04798977210287063
  0.04920909438890463  0.05040332627769376  0.05122171702415070  0.05206861781739049
  0.05355495573116194  0.05656435908373674  0.06067509006807299  1.00000000000000000
  0.93631831556228129  0.94102289970665942  0.94254279133444485  0.94306568737660179
  0.94349858981255463  0.94389005326727171  0.94428687279615109  0.94473285118280215
  0.94553436634107113  0.94591058153143814  0.94642459799847289  0.94706466873754558
  0.94779123661073128  0.94859333537199431  0.94936476451502783  0.94984139450124716
  0.95032619761198234  0.95077693217924886  0.95130325397155679  0.95194437408193544
  0.95261305556220155  0.95319399589799791  0.95357289194602091  0.95389983378733456
  0.95430016268446460  0.95476811412738760  0.95525357432577751  0.95578229951086502
  0.95627129371040864  0.95700842184169665  0.95780802382271846  0.95844722586620290
  0.95879924181307030  0.95904301197055442  0.95917741703679393  0.95931182527694847
  0.95944631129525648  0.95958079731356449  0.95978825415639857  0.96001177345903888
  0.96034257409521073  0.96066744595407716  0.96087179462182282  0.96106445417369635
  0.96132836655959197  0.96161202579875460  0.96178761584994144  0.96193365185788193
  0.96202587992429101  0.96210744388776004  0.96221611585385303  0.96231410681082330
  0.96239273600908481  0.96248767385088518  0.96258410229770419  0.96271439982635554
  0.96299715381557804  0.96312121253628402  0.96322205184277943  0.96331560558605767
  0.96342952301266727  0.96358405352453347  0.96374162997539448  0.96397985663500829
  0.96426974253061171  0.96455796432891028  0.96484426790239552  0.96519596641461503
  0.96552459555431158  0.96577039436104672  0.96605413687300157  0.96629562747670694
  0.96650974979944793  0.96673208828415780  0.96698139788103710  0.96722960462396868
  0.96740217818432217  0.96755228225030965  0.96770503616475667  0.96788537745842085
  0.96808834953076550  0.96830474032093250  0.96846060600166683  0.96852297001445764
  0.96858533402724833  0.96864769804003914  0.96871104854268753  0.96877468670282341
  0.96883832486295929  0.96890286207365817  0.96897196437300415  0.96904106667235013
  0.96911016897169622  0.96925748258320898  0.96946534957317576  1.00000000000000000
  0.00331502579437350  0.00364943723276113  0.00372447936005214  0.00378807439870286
  0.00383213910708564  0.00387578494103489  0.00392388372364137  0.00399358746712281
  0.00406671707916777  0.00413584993121373  0.00421826949061506  0.00428402862254807
  0.00435918101479418  0.00444975228274699  0.00452642743080216  0.00455575219223801
  0.00458091707967045  0.00460308659965742  0.00463570431471394  0.00469261700437505
  0.00475904848951174  0.00480712258505214  0.00484347557863751  0.00486754951999262
  0.00489007083162362  0.00492099018658011  0.00496340290880218  0.00505333974069226
  0.00513783057149589  0.00520913482425736  0.00529253053358487  0.00539114289860802
  0.00551531531393399  0.00568622591294194  0.00582270103121932  0.00593314442109713
  0.00605724799610356  0.00618505842258049  0.00630943820039310  0.00643317422799212
  0.00662994590316042  0.00681559515828803  0.00696648897158741  0.00710865342486608
  0.00726353972458055  0.00742551868717884  0.00758623370452975  0.00776458486630174
  0.00795445957538177  0.00811863546082537  0.00827727728060362  0.00841016288884946
  0.00852797645149739  0.00864917718327806  0.00876499148075190  0.00888665984894652
  0.00897981165716347  0.00907687246345154  0.00914649715475772  0.00917610177031148
  0.00920570638586523  0.00923531100141899  0.00926491561697274  0.00929781691708854
  0.00933223076604912  0.00936664461500969  0.00940105846397027  0.00943547231293085
  0.00947768865543026  0.00952124073396633  0.00956479281250240  0.00960834489103846
  0.00965523126369303  0.00985491068321915  0.01005637464225242  0.01019152964094597
  0.01031173279411932  0.01044224429644402  0.01057996192112771  0.01073828539455733
  0.01107573093089114  0.01140530369261362  0.01180225159086193  0.01224153238070727
  0.01346168708812297  0.01522694844309967  0.01673588540879748  0.01783985531052646
  0.01936296307632362  0.02034087641067313  0.02104013404489631  0.02181524566479583
  0.02327124909742907  0.04303846967602637  0.49471361474404407  1.00000000000000000
  0.00332594072562498  0.00450404897321918  0.00476472572798143  0.00498588490501447
  0.00508177764367239  0.00517940020975031  0.00535523081675848  0.00549758286967773
  0.00562832890533709  0.00576988293792647  0.00592163048371511  0.00610513998866193
  0.00629488124569839  0.00647436577277836  0.00663731482134816  0.00675328326126180
  0.00684711336141466  0.00696824908833249  0.00713721970601718  0.00729434730482743
  0.00744823991617643  0.00759160694626297  0.00776105364785433  0.00805081743477787
  0.00840229537312238  0.00885356982819594  0.00922470842379673  0.00959131781752563
  0.00994516200790142  0.01026717409988853  0.01065193764566542  0.01107928061597508
  0.01172939525858542  0.01243883503146280  0.01304959101031908  0.01361126875648934
  0.01416151228926329  0.01462590628634433  0.01485384181905781  0.01502273625618871
  0.01524278724955778  0.01552559944356991  0.01587793944294569  0.01630559516179177
  0.01642912738909983  0.01649903496075778  0.01656894253241574  0.01663885010407369
  0.01670272308491806  0.01675260375470778  0.01680248442449751  0.01685236509428724
  0.01690224576407696  0.01693417164629252  0.01696023268594895  0.01698629372560538
  0.01701235476526181  0.01711447660469053  0.01752325210659249  0.01795003892027865
  0.01828019233006172  0.01857657568413374  0.01888272416979293  0.01938962783215032
  0.02027013154897864  0.02120184620838646  0.02213017115441803  0.02322829473348614
  0.02411972303069517  0.02503111275701961  0.02612096806421568  0.02729323261719684
  0.02809006349538579  0.02868912089282432  0.02924952744671648  0.02986973849694847
  0.03034731307326174  0.03117931686725792  0.03211779385021230  0.03285572093303536
  0.03348349051272859  0.03404010351228591  0.03488692484161254  0.03560059014171073
  0.03698553201663145  0.03855384451430266  0.04113647849404374  0.04462012043525101
  0.04851534725354416  0.05437508637223766  0.06052470769259652  0.07024834296834641
  0.14444667455400756  0.28854155281677585  0.48977986345645957  1.00000000000000000
 -0.00052474837495491  0.00400821916192896  0.01174263495674033  0.01955306340234506
  0.02412130207183545  0.02797888785608132  0.03264342831459835  0.03613160767212690
  0.04258621451863247  0.05362707586452638  0.06634683678240508  0.07824339842886739
  0.08755314138704731  0.09554661179459589  0.09898455264280516  0.10057951675338211
  0.10217448086395907  0.10376944497453602  0.10537484637444014  0.10758797791999386
  0.10980110946554758  0.11201424101110129  0.11422737255665501  0.11694142909915639
  0.12075701735548555  0.12457260561181473  0.12838819386814387  0.13220378212447303
  0.14857945643017573  0.17347660088669084  0.19590912205554431  0.21194594377278483
  0.22330288665567560  0.23295305852786902  0.24379313036593850  0.25815405215435616
  0.27842479321864982  0.29415705389162283  0.30415172593379453  0.30987390921514180
  0.31637622858757530  0.32481110009308711  0.33859762411545480  0.35277191317321571
  0.36561716128830557  0.37867674148585195  0.39262834286534043  0.40319059454717537
  0.41560784452072064  0.42746259983509249  0.44044753625162664  0.45020233509467433
  0.45837548255436145  0.46407865218352018  0.47622775703274550  0.49351435458472248
  0.50845608321069413  0.52192215805809172  0.53278134754467621  0.54160554092396052
  0.55040294780511878  0.55886177024788397  0.56764532201216056  0.57819174943966944
  0.59347438398725560  0.60610573224144126  0.61323498186114234  0.62030945494976553
  0.62629835497869069  0.63094813188999577  0.63344165283486698  0.63824084900103739
  0.64615224566326590  0.65426980187076134  0.66815743122848603  0.67937004625991138
  0.68828735599828283  0.69563101480993539  0.70309847631305367  0.71005438539658217
  0.71573560222682930  0.72119895834936254  0.72698029521081986  0.73383388837103525
  0.74608560125837875  0.76746027846241216  0.79355012487303256  0.82005211270337175
  0.84366260153844064  0.87103143014888817  0.90055348051617579  0.92548170311912148
  0.94584085686422281  0.96495157012533739  0.98247578506266886  1.00000000000000000
 -0.00187432234361091  0.00881621602582636  0.01955644813184873  0.02627480328649076
  0.03234090032553172  0.03780402634558281  0.04650199053240652  0.05835684217616102
  0.06681034387018944  0.07208989666152434  0.07630703297674526  0.08030572003237828
  0.08466193234953850  0.09156405744835545  0.10284603663095164  0.11438680252994919
  0.12624630332563433  0.14466658415760347  0.16039501972730907  0.17251669530597821
  0.18401212700290434  0.19532963391859265  0.20284538860735152  0.20725240995629626
  0.21267831752027425  0.21865459740204887  0.22823192283416296  0.23988476030807249
  0.25323012236190345  0.26548024921479035  0.27462983959815607  0.28098982725924448
  0.28211684016634664  0.28324385307344885  0.28437086598055100  0.28549787888765321
  0.28761477723379048  0.29007796943437286  0.29254116163495525  0.29500435383553764
  0.29747994726863825  0.29998941876165813  0.30249889025467797  0.30500836174769785
  0.30751783324071774  0.31410688082831489  0.32084982487115299  0.32791932864015272
  0.33612534436343866  0.34402593899274669  0.35452070118397244  0.36266901276099550
  0.37051071287962717  0.38173482317215846  0.39744493848836754  0.41541352870512044
  0.43374208924550134  0.45216873619999687  0.47161293521527492  0.49100898897359530
  0.50587120872557356  0.52006609531934211  0.53610583241790299  0.54412187453113969
  0.54813339599584954  0.55191280053090130  0.55550928287594203  0.55973358506658211
  0.56433108835076640  0.57294831334689722  0.58559445402478094  0.60967860770234394
  0.63893986063272734  0.66817313627676078  0.69113021729944613  0.71232967615527409
  0.73506609048412697  0.75867268427247236  0.77510123748725923  0.78673351454363327
  0.79715088358101127  0.80542069130315419  0.81400037774061562  0.82321256858533176
  0.83701516736968817  0.84952102072971536  0.86133422070037124  0.86907635928344307
  0.87728863239598365  0.88711013438120223  0.90842632925372546  0.92840863670505369
  0.94327372766676210  0.95693357242119492  0.97607659505661282  1.00000000000000000
 -0.00396782786888987  0.01558155909323427  0.02701869064731036  0.03727180832349449
  0.04993516504031890  0.06121298147361266  0.07421930899625646  0.09149055023119658
  0.10992650323310962  0.12997266952198516  0.15018816440356605  0.17028712336310253
  0.18821086971664294  0.20289943867929949  0.21392376748404773  0.22249364730553906
  0.22881199149369880  0.23878147118792906  0.25259560118176183  0.26520227520092066
  0.27609081310221106  0.29073807424255488  0.30909669657162397  0.32364785977166788
  0.33534618858774229  0.34765107723910338  0.35798421322857876  0.36666033026294181
  0.37721131391257812  0.39485127327341196  0.41372782399989544  0.43150759567129565
  0.44700714174366457  0.45746523255446514  0.46514881971865951  0.47382620177384216
  0.48170276396743605  0.48590772937159965  0.48918450833849958  0.49270108662995288
  0.49546038154503275  0.49993132547204294  0.50456177266883950  0.50819163901243114
  0.51472081620313059  0.51983843774040106  0.52661456288631370  0.53807964640460915
  0.55792448776691395  0.57572678348338391  0.59409296904179842  0.61574409725819779
  0.63312105065482072  0.65736599753912806  0.67628009601389849  0.68164002522659306
  0.68699995443928774  0.69235988365198231  0.69771981286467688  0.70257264390884033
  0.70740492765083240  0.71223721139282437  0.71706949513481633  0.72107178588383691
  0.72401855497426870  0.72696532406470060  0.72991209315513239  0.73285886224556429
  0.73865227364881803  0.74297102911790058  0.74951150686428192  0.75563301272493555
  0.76800106019893055  0.77903306267057959  0.78796694271128942  0.79514035917111980
  0.80381001418849496  0.81850447034387541  0.83076267501647927  0.84236430769791493
  0.85576351216250035  0.86840749454910859  0.87861110353088701  0.88830657953974035
  0.89752495259734899  0.90553353322816832  0.91244367944772065  0.92086688279926521
  0.92783890987048245  0.93787556718398390  0.95087949487255274  0.96392815853902380
  0.97357971754634109  0.98070697974802601  0.98829684822693342  1.00000000000000000
 -0.00454811320155793  0.02206066582809025  0.03751690414490079  0.04851806109158995
  0.05895829986963304  0.06869811480355301  0.07681137692429874  0.09285258087056836
  0.11180806837928403  0.12637478570783736  0.13560899564396575  0.14499004327211915
  0.15288513897855469  0.15952869012557702  0.16458260563611032  0.16983163328757342
  0.17396943948460061  0.17823658692567149  0.18495559063898048  0.19383525524207634
  0.20606054819351746  0.22024971455214359  0.23025142055859135  0.23614434240306623
  0.24126385422812469  0.24866477835058556  0.25981355548693869  0.27615213663810756
  0.29522077591295665  0.31160159821183819  0.32048567701625175  0.32814728466934223
  0.33526585878962828  0.34224425288302962  0.35041714034374594  0.35875743333517990
  0.36352278420429585  0.36735328480305318  0.37354683444440495  0.38133409503423804
  0.38785460461749138  0.39311917972643251  0.40868492347534030  0.42921412728340491
  0.44875697119823371  0.46747119939901766  0.48626876529111707  0.50882943923416213
  0.53337155839128014  0.54784728414581851  0.55386812896024973  0.55920608964071084
  0.56289624952087514  0.56669336938992132  0.57084478415100637  0.57773635959991143
  0.59382365096029410  0.60602604896659151  0.62024222507071880  0.63087697840499368
  0.64273646035493548  0.65737401077531565  0.67624149092712371  0.69759942338244774
  0.70771272112668038  0.71735502875298729  0.72522166019845746  0.73242196465705844
  0.74340754284034705  0.75852488076899338  0.76930536624950618  0.77514711362931432
  0.78105921583745086  0.79057385433426097  0.80133494597765786  0.81181837136854051
  0.82479575048745568  0.83585389000891919  0.84666385812746692  0.85828331262260604
  0.86939324046156596  0.88179612557491027  0.89795763520804173  0.91693036007326278
  0.93311835454912428  0.93966278597195729  0.94620721739479019  0.95275164881762309
  0.95929608024045609  0.96557897520427383  0.97131581267022826  0.97705265013618259
  0.98278948760213691  0.98852632506809135  0.99426316253404567  1.00000000000000000
 -0.00639505510213763  0.02599296558255035  0.03799892393560469  0.04707159907345959
  0.05530549499114781  0.06271237722902935  0.06855263457000556  0.07362448593155643
  0.08109875810083149  0.09765253312306418  0.11079583922291181  0.11956395291383347
  0.12624422634699251  0.13268789023434252  0.13931785396371577  0.14707047381490654
  0.16079208074985210  0.17177514053215850  0.18185420849741549  0.19455303979546532
  0.21326901664069409  0.23284541923530994  0.25947471563089780  0.28226383129860239
  0.30196044514452475  0.31715623435937090  0.32782354288000115  0.33587873384596589
  0.34680105732299515  0.35571434152104348  0.36382628077747725  0.37189162114219010
  0.38418681358802026  0.39808932200464298  0.42044398155743534  0.44389702314633672
  0.47230174022296278  0.50247493744646377  0.52512639515930304  0.54063444761051682
  0.55461736199707912  0.56870466207024595  0.57890807118374410  0.58428885637919703
  0.58608677039152512  0.58788468440385311  0.58968259841618120  0.59148051242850930
  0.59326858177083719  0.59505549988907791  0.59684241800731874  0.59862933612555946
  0.60078975385711875  0.60381746169564932  0.60684516953417988  0.60987287737271045
  0.61290058521124102  0.62246930313305959  0.63486456458904483  0.64562055184102674
  0.65576340869480210  0.66308310627440892  0.66949593921502282  0.68214175825991208
  0.69579928977987926  0.70946188244034869  0.72218904368134140  0.73668936330133594
  0.74692188716430630  0.75463600966790600  0.76437458772951272  0.77437953809098570
  0.78710173751910628  0.79772079151705244  0.80961485952847267  0.82170475069097415
  0.83526460971674965  0.84929126789362930  0.85961933879271313  0.86460039253203047
  0.86842285550707554  0.87303676953760123  0.87869168463957614  0.88563303539371030
  0.89186277666440827  0.89701902175422377  0.90511890183284671  0.91693250310070351
  0.92943272704178503  0.93582155910629439  0.94133577887088282  0.94977669472164294
  0.95704504534987678  0.96396930129829728  0.97250313076978523  1.00000000000000000
 -0.00144472460698086  0.00639993567031388  0.01342781685293738  0.01805070012862054
  0.02582066423516085  0.03272162637681909  0.03760648492529670  0.04664430529071479
  0.05988501821651934  0.06777812226195215  0.06987501380903671  0.07148455061218038
  0.07309408741532405  0.07470362421846773  0.07639323702653673  0.07824050794800791
  0.08008777886947910  0.08193504979095027  0.08378232071242145  0.08533153735447332
  0.08679787593285167  0.08826421451123001  0.08973055308960834  0.09281505357012076
  0.09989226884905578  0.10685194734632866  0.11630407973023267  0.12611201204528572
  0.14000255940117814  0.15378134658547818  0.16709897041668312  0.17972998085294636
  0.19614305296561191  0.20769030811349884  0.21755117308896327  0.22696366841827414
  0.23684540159929060  0.24331618777261493  0.24884429947763401  0.25573358428691567
  0.26278670928376863  0.26972957308059292  0.27734121072619622  0.29233641397840682
  0.30555391871175830  0.31495627488319500  0.32201573469696559  0.32884669157370466
  0.33438033191232741  0.34132312974731766  0.35293939788095841  0.36104148737621633
  0.36806232527482119  0.37322401880138717  0.37968222546963071  0.38936214809866071
  0.40429975689200437  0.42226322435481606  0.44294673505769111  0.46634687799172919
  0.48622160015963578  0.49452411811124758  0.50241815509911125  0.50866602315582310
  0.51517069991205122  0.52279175187433680  0.53029111594549949  0.53856368795169318
  0.54429963269656034  0.55559698581188144  0.57232715541559409  0.58319221750206540
  0.59049696220560366  0.59584807597957479  0.61411976686631642  0.64834484853225205
  0.68134689676651006  0.71504221324011219  0.73186473023264442  0.74807483613628778
  0.76334085108313443  0.77961652527557779  0.79800474137230382  0.81381038133493955
  0.82765610794934552  0.83966344672860205  0.85077192433206472  0.86475994017961266
  0.88308031428378897  0.89632668423503448  0.91245372167816352  0.92919326770064958
  0.94712329928761496  0.96245106888606613  0.97817045658159307  1.00000000000000000
 -0.00402385603284798  0.01601649807601661  0.03134606594877911  0.04821237599190321
  0.05791951054869148  0.06688561024676071  0.07494911688806394  0.09320757869948222
  0.10910087961215301  0.11948274434737724  0.12441776632194240  0.12733009408245283
  0.13255497547320041  0.14054118603002416  0.14870196173579478  0.16162444533572246
  0.17546281831021796  0.19174080090574899  0.20906205923402613  0.23864490537352262
  0.26822803433302095  0.29162291707405164  0.31039213781324038  0.32066205055108549
  0.32981235971275308  0.33859149712689157  0.34402835343870847  0.34952585763340749
  0.35715052804609193  0.36335865390572525  0.37156918095618885  0.38490979528710878
  0.40138606703044238  0.41736005515152957  0.42450916472223055  0.43128365050528022
  0.43662258688141053  0.44166692224222776  0.44614728723999081  0.45045297747179325
  0.45711830842389789  0.46413222194644299  0.47380451391112094  0.48849345183582232
  0.50733441550618341  0.53108914781655714  0.54758773179298270  0.55672489849120077
  0.56530043469349500  0.57462670218282319  0.58731277663318837  0.60226816585234477
  0.61705402669107967  0.62788665497354712  0.63775172294434901  0.64883511636048563
  0.66725626740771493  0.68918632236307220  0.71355086016855729  0.73700728852236053
  0.75154233642108814  0.75802670635728386  0.76580593349267267  0.77298617588834950
  0.77826648168556911  0.78430986541729786  0.78878246854609169  0.79255446459214740
  0.79723279115173695  0.80074914724247048  0.80540183700764456  0.80841115870811631
  0.81161894919747579  0.81867395440983259  0.83177650927100133  0.84280045051124297
  0.84672763356583602  0.85065481662042908  0.85458199967502224  0.85850918272961529
  0.86197404680799605  0.86495258705484213  0.86793112730168820  0.87090966754853416
  0.87388820779538023  0.87684517428756237  0.87979778940181907  0.88275040451607567
  0.88570301963033227  0.89237953339495035  0.90704060069431069  0.92112206195327107
  0.93557233354678360  0.94915711306072126  0.96971475620901693  1.00000000000000000
 -0.00526749433769629  0.02164347623002950  0.03418885899710362  0.04295033757625494
  0.04989803831994401  0.05958178978394228  0.06929771530812971  0.07772919940044917
  0.08669864586412070  0.09730281315308477  0.11008418642717961  0.12690736295916846
  0.15250074938168845  0.17173297893660067  0.17771183566940166  0.18351529778928263
  0.18904670215642608  0.19370002276182843  0.19729050549973864  0.20429344623534768
  0.21269657400963862  0.21922280117986329  0.22683244253750232  0.23739318433897841
  0.24409181111555922  0.24636484658241495  0.24863788204927068  0.25091091751612643
  0.25318395298298213  0.25537261919345638  0.25754902057503776  0.25972542195661907
  0.26190182333820039  0.26433919013870222  0.26750645837344061  0.27067372660817901
  0.27384099484291741  0.27700826307765580  0.29015151719702686  0.30568757444859335
  0.31881231824228629  0.33005570013828900  0.34214796790281987  0.35594988017844315
  0.37192432745425580  0.39054540775098368  0.40758554092973082  0.42024104406913043
  0.42782182268040975  0.43625921041776616  0.44554961373686675  0.45872449568988061
  0.47206252102397928  0.48581302038172436  0.50131133968735564  0.51874834375240719
  0.53493811572121108  0.54947949776939631  0.55972529600617671  0.57071201655288051
  0.58431120099150535  0.61080081839767308  0.65028128342061919  0.68529544743864101
  0.69820735983878390  0.70229514754680533  0.70626224470927967  0.71274308002374542
  0.71781667495692514  0.72488928058439095  0.72842354036029644  0.73126744230118035
  0.73431854116828521  0.74049270912945431  0.74624904389757030  0.75350525938713342
  0.76122715183350276  0.77090625076720487  0.78255873295369016  0.81644976841306205
  0.85356659514774569  0.86502213012345974  0.87638690443798262  0.88941559158885219
  0.90453520702056045  0.91434341338302472  0.92344130902158283  0.93634359812568180
  0.94998948181986098  0.95432371778800673  0.95830656902872469  0.96220159447316556
  0.96688495418324072  0.97353398313108697  0.98624500761540423  1.00000000000000000
 -0.00032682095796100  0.00283618194014880  0.00628473021634551  0.01214708385075289
  0.02192216862706338  0.03496863453117880  0.04701769545748036  0.05881809436210995
  0.07391115337973679  0.08864771444666782  0.09474698281986571  0.10093562852870250
  0.10785744509758161  0.11479751218028408  0.12199896875850214  0.12920042533672019
  0.14815736156341791  0.16265083068235722  0.17155617927005085  0.17528218362447781
  0.17985325000150704  0.18477078357302912  0.18862351379195827  0.19382249316669750
  0.20418567519068689  0.21767456901987986  0.23241279578733387  0.24623372053741380
  0.26021529955810496  0.27502722055250450  0.29285711125188235  0.31828860826159611
  0.34378016311668658  0.36101870446619849  0.37083483541551127  0.38062501756391054
  0.39058380580504148  0.39890708106956246  0.40715387773622641  0.41497049283288973
  0.42418438170865047  0.44151768071483943  0.45829287140037289  0.47259175794917790
  0.47545243669868537  0.47831311544819277  0.48117379419770023  0.48403447294720764
  0.48735538091499558  0.49128932067466918  0.49522326043434273  0.49915720019401627
  0.50309113995368981  0.50690898612866653  0.51069829557009050  0.51448760501151447
  0.51827691445293844  0.52346069536542250  0.53508593532261828  0.54607257032884804
  0.55771311875001073  0.56824987915049407  0.58122332612913119  0.59247387245091621
  0.60245621013728390  0.61438315852016168  0.63166893516859612  0.64859737167102738
  0.65985266856777058  0.67294231846312469  0.68441351357330749  0.69295221900999104
  0.69730066294548954  0.70082920415762640  0.70351349498610571  0.70633217833557815
  0.71275181171079249  0.72648797678200028  0.73741289255802689  0.75045846145877604
  0.76439826742160399  0.78391371677984567  0.81034650972610367  0.83535414313959233
  0.85526596845715941  0.87076791321091407  0.88509534199967044  0.89749598260875807
  0.91116849887405427  0.93702608086584704  0.94915205478742948  0.95996179279648219
  0.97006625461204565  0.97972550824362770  0.98916133622852276  1.00000000000000000
 -0.00336955105101917  0.01306673899860630  0.02467079190592597  0.03425166391920776
  0.04632922898836879  0.05800374665630302  0.07299187015756958  0.09377810652632490
  0.12462325318037995  0.14569947376914527  0.16145412190306152  0.17183019032744296
  0.17876616482258978  0.18257945645235310  0.19041068556299670  0.20212802600752217
  0.21483710263768685  0.22897312842144732  0.23865273042249482  0.24794324170400114
  0.25470226350062153  0.26163037972244918  0.26870434440109736  0.27607969727146986
  0.28364403792440906  0.29912810926068650  0.31230931750653557  0.32139122291895622
  0.33186134298571124  0.34390191253069763  0.36275036817105516  0.38362719544384255
  0.40265885442815313  0.41448430207895076  0.42330082991324303  0.43128921187062980
  0.44188653000869083  0.45901065937405972  0.47188006601625504  0.48411045755127913
  0.49674147111589728  0.51154935093096854  0.52581466431693036  0.54210682082096262
  0.55761385610250847  0.56907496351379461  0.57928288294606722  0.58725912674072178
  0.59551259098645459  0.60528287356130483  0.61193440110622754  0.61929686156722241
  0.63224943631669073  0.63571691818377396  0.64079930646705430  0.64386641307365877
  0.66929243818713424  0.68840960804557927  0.69905631683013358  0.70744990263588092
  0.71720094166312010  0.72686448354964439  0.73441381978153530  0.74166171134582703
  0.75379509783779264  0.76693312136557179  0.76882464825801833  0.77071617515046487
  0.77260770204291140  0.77449922893535805  0.77642492140185770  0.77838567211855636
  0.78034642283525502  0.78230717355195367  0.78426792426865233  0.78622704940116805
  0.78818606100603505  0.79014507261090217  0.79210408421576928  0.79813634719129734
  0.80940253243654825  0.81768388671340553  0.82558970919003982  0.83427489698679758
  0.84592364832393252  0.85791593180744774  0.86997522477842648  0.88341607652692566
  0.89845707377621264  0.91073150775838474  0.92489541465424807  0.94089191507034442
  0.95638206619934540  0.96966637904104069  0.98408873456203416  1.00000000000000000
 -0.00175368953096725  0.00767718478165308  0.01154922062727719  0.01524794611954633
  0.01980662291292143  0.02604857500784419  0.03527175820971409  0.04447039160841548
  0.05695251834251754  0.07374970680017501  0.09300056361225853  0.11725419877574693
  0.15106628256121474  0.17103680284622938  0.18827945900180348  0.20473604950913860
  0.22358655465506760  0.25074988046283297  0.28046318152136668  0.29742463006466613
  0.30423470657741009  0.31069942346672935  0.32436064255827934  0.33858175517525851
  0.34736529326627086  0.35178706495288437  0.35541789750192848  0.36055657520230289
  0.36570092895686407  0.37214361360103948  0.37689587518134859  0.38294805675468807
  0.39494771771776416  0.41386029969214216  0.42993884468428872  0.43911542982353519
  0.45016081097901262  0.46683697549359959  0.47610548424436649  0.48302245333212129
  0.48993942241987615  0.49685639150763095  0.50379431681738307  0.51080209549555911
  0.51780987417373514  0.52481765285191118  0.53182543153008721  0.53790167316587212
  0.54348466434024689  0.54906765551462167  0.55465064668899633  0.56058740395444751
  0.57252105834179789  0.58069661127020844  0.58945286426668775  0.59658549898590585
  0.60195618892760472  0.61076737902570766  0.62390659411066984  0.64607659127099748
  0.67160285382075535  0.69199669058685687  0.71328378103935419  0.73257613400843302
  0.74240476950969303  0.75192138955232979  0.76423737542790515  0.77396209674021899
  0.78132268925834669  0.78456321852518141  0.78715381964187614  0.79026925028984074
  0.79423057268036557  0.79937557134393589  0.80597040530554820  0.81629393031327113
  0.83047665475383703  0.84464731454116437  0.86002096198531941  0.87332554282229624
  0.88312546676246229  0.89382420665808771  0.90538744802915394  0.91494819749322964
  0.92619397022974059  0.93460872472656864  0.94077347184686511  0.94653065613606724
  0.95195351941905348  0.95647079548651426  0.96252392830958389  0.96960628309532371
  0.97855475988949780  0.98858392781136628  0.99559654572407241  1.00000000000000000
 -0.00150833953985525  0.00809658220567338  0.01789169901673110  0.03049863120567058
  0.04305236124446799  0.05627616576017652  0.06434559037145061  0.07377478694120848
  0.08516745872746073  0.09458658176654916  0.10562949409354665  0.11681306103612410
  0.13213587256125758  0.15300851446618741  0.16910281348289821  0.18086376697775394
  0.19199686415767253  0.20558311946480454  0.22211426352209568  0.23944674435890845
  0.25221626488700161  0.25496688592209982  0.25771750695719797  0.26046812799229613
  0.26321874902739428  0.26614007336515555  0.26915637793438602  0.27217268250361654
  0.27518898707284706  0.27818884013899248  0.28052562006256831  0.28286239998614421
  0.28519917990972005  0.28753595983329594  0.29000223269440562  0.29696333577529416
  0.30411667192770370  0.31272389020660718  0.32380399012860478  0.34417697301515032
  0.36214715382185708  0.37700082974155935  0.38412880626319673  0.39044415190615045
  0.39838851952362603  0.40710115086527265  0.41502982829133528  0.42303967555127531
  0.44062466304163900  0.46866261776047691  0.49251050502998389  0.50492707618026411
  0.51588693749565362  0.52660815631581548  0.53922711485756691  0.55615178199958493
  0.56884614275722722  0.57794092493753924  0.58513142729380319  0.59196879375032319
  0.59945513924232074  0.60708050899391242  0.61390287601572791  0.62000646152642525
  0.62674050646071355  0.63513121328898092  0.64494438798032139  0.65831358879664770
  0.67515938873198089  0.69629926186284152  0.71553426579671320  0.72428195271428186
  0.73109233782494276  0.73827380753395933  0.74604315119078479  0.76000934411132204
  0.78048922404303700  0.80056256010691051  0.81222199269854045  0.82294685496883624
  0.83810416616948291  0.85567862311683907  0.86765213261416463  0.87632468731412538
  0.88351189736159774  0.88952545636117741  0.89754072753426162  0.90493885292785703
  0.91696136418462637  0.93126527675348614  0.94435324602580772  0.95962269682874657
  0.97475505156248965  0.98525554737179100  0.99234893567236337  1.00000000000000000
 -0.04349225182714080  0.48341412322736588  0.53289081863716725  0.54800110032023763
  0.56406728991385469  0.57703340007746451  0.59889672281067685  0.62215619455518756
  0.63261804642676511  0.63763440815658556  0.64341102643855919  0.64713137307242474
  0.65484317693011196  0.67124959403435924  0.68376796881054114  0.69582423880892963
  0.71034842318594105  0.72316456774094728  0.73263526388426514  0.74129439996457358
  0.74938237018088505  0.75711251197058227  0.76541413919888712  0.77663997036806121
  0.78543788961005190  0.79038174600143229  0.79546844441848863  0.80066504843516706
  0.80582195241925325  0.81095734150284193  0.81776076268646947  0.82399719705501950
  0.82951301865909111  0.83198304213631946  0.83365908701893232  0.83497703550030611
  0.83632956528841673  0.83783041232063793  0.84039704335458720  0.84582205527970489
  0.85304425830988340  0.85924855255126875  0.86141725773598088  0.86346203153752155
  0.86545210087573343  0.86728807094034766  0.86871722356595649  0.87042477498033077
  0.87322912502470063  0.87558379281369048  0.87855913203992309  0.88224791145294634
  0.88752348258198777  0.89278792921019934  0.89666650561572014  0.90062594593162115
  0.90476093243348898  0.90880688095094708  0.91389232560966471  0.91903775319047443
  0.92226986906158503  0.92354828359253960  0.92482669812349416  0.92610511265444873
  0.92738352718540340  0.92865835684500908  0.92993124548370776  0.93120413412240644
  0.93247702276110522  0.93374991139980390  0.93474061628626415  0.93566250173935595
  0.93658438719244763  0.93750627264553932  0.93842815809863100  0.94170627871794743
  0.94489714832843918  0.94767845756939695  0.94990952387266048  0.95202795056841882
  0.95395816686943125  0.95574186450018950  0.95726592836023716  0.95878052218491461
  0.96036754056839779  0.96278880744798856  0.96519653445015241  0.96701033204699138
  0.96894510532370626  0.97082959517297118  0.97287352577170028  0.97522445575748795
  0.97867811764599599  0.98427063930207737  0.99149717559768691  1.00000000000000000
 -0.04586038009890619  0.20794747031874625  0.26820808235327309  0.30212802740609807
  0.32412194769490227  0.33704163634395795  0.34748207251293040  0.36331662271564646
  0.37588812656597070  0.38506368169419741  0.39781707198608862  0.40862093125702359
  0.41445786143689750  0.41913356797392276  0.42550893349797875  0.43801294078915698
  0.44681629479129187  0.45370848971191791  0.45926981139285766  0.46364267750770660
  0.46790007466358197  0.47273880571339189  0.47972488338354674  0.49036729915022875
  0.50178634277403955  0.50769985802896966  0.51059951922262059  0.51349918041627152
  0.51639884160992244  0.51929850280357337  0.52227180852224320  0.52526286604647454
  0.52825392357070577  0.53124498109493701  0.53423603861916835  0.53672818947315615
  0.53917952339586639  0.54163085731857663  0.54408219124128687  0.54690379847904480
  0.55516920980109663  0.56452383570269016  0.57285399524867753  0.57715535189349487
  0.58215032156510416  0.58681263624702884  0.59110065178063709  0.59635108349692101
  0.60384889306588396  0.61334708494172008  0.62137269854395483  0.62715011429771839
  0.63214705512758262  0.63856465797320972  0.64275866710056273  0.64525597794688982
  0.64663732368051496  0.64778770411355924  0.64918684284322759  0.65059537315660099
  0.65208243682345712  0.65324376414522978  0.65560684143722625  0.65865445837171688
  0.66500676108040291  0.67196762603914439  0.67734793513922165  0.68193620420771850
  0.68750433262013166  0.69957007941856497  0.70963440307697989  0.71795162757317188
  0.72427931720464422  0.72910361463254414  0.73525780906711169  0.74303084722809720
  0.75086190791466667  0.75768272519239299  0.76143986368673922  0.76540295226561939
  0.77087778271724061  0.77637146292033488  0.78215778721703977  0.78817992864064701
  0.80388464316140096  0.81806585157056344  0.82656196077683430  0.83406249621789297
  0.84285165673412232  0.85248150430481517  0.86075420725284069  0.86527923816178531
  0.87471857686225396  0.88377254918686055  0.90083452085059457  1.00000000000000000
   2.7549531938685260E-020  -1.0000000000000000     
 T F F F F F F F F F F F F F F F F F F F T F F F T F F F F F F F F F F F T F F F T F F F F F F F F F F F F F F F F F F F T F F F F F F F F F F F F F F F F F F F F F F F F F F F F F F F F F F F F F F F F F F F F F F F F F F F F F F F F F F F F F F F F F F F F F F F F F F F F F F F F F F F F F F F F F F F F F F F F F F F F F F F F F F F F F F F F F F F F F F F F F F F F F F F F F F F T F F F F F F F F F F F F F F F F F F F T F F F T F F F F F F F F F F F T F F F T F F F F F F F F F F F F F F F F F F F T F F F T F F F F F F F F F F F F F F F F F F F T F F F T F F F F F F F F F F F T F F F T F F F F F F F F F F F F F F F F F F F T F F F F F F F F F F F F F F F F F F F F F F F F F F F F F F F F F F F F F F F F F F F F F F F F F F F F F F F F F F F F F F F F F F F F F F F F F F F F F F F F F F F F F F F F F F F F F F F F F F F F F F F F F F F F F F F F F F F F F F F F F F F F F F F F F F F T F F F F F F F F F F F F F F F F F F F T F F F T F F F F F F F F F F F T F F F T F F F F F F F F F F F F F F F F F F F T F F F
  <DiscreteSampler_grid>
  grouped_processes
  1 # 1 for a reference and 2 for a running grid.
  10 # Attribute 'min_bin_probing_points' of the grid.
  1 # Attribute 'grid_mode' of the grid. 1=='default',2=='initialization'
  0.0000000000000000 # Attribute 'small_contrib_threshold' of the grid.
  0.5000000000000000 # Attribute 'damping_power' of the grid.
 # binID   n_entries weight   weight_sqr   abs_weight
    16   10   1.813144792115274E-023   1.763420519211712E-045   1.813144792115274E-023
    17   10   1.813144792115353E-023   1.763420519211900E-045   1.813144792115353E-023
    19   10   5.074759723426001E-023   9.935248749889520E-045   5.074759723426001E-023
    20   10   5.074759723426078E-023   9.935248749889769E-045   5.074759723426078E-023
    22   10   8.688301178206861E-023   4.255517979981695E-044   8.688301178206861E-023
    23   10   8.688301178206851E-023   4.255517979981670E-044   8.688301178206851E-023
    28   10   2.274072862807111E-022   1.613851497693085E-043   2.274072862807111E-022
    29   10   2.274072862807141E-022   1.613851497693130E-043   2.274072862807141E-022
    31   10   7.300918767861019E-022   2.300061129878678E-042   7.300918767861019E-022
    32   10   7.300918767861212E-022   2.300061129878860E-042   7.300918767861212E-022
    34   10   7.043502614964324E-022   1.280921598764190E-042   7.043502614964324E-022
    35   10   7.043502614964185E-022   1.280921598764134E-042   7.043502614964185E-022
    40   10   4.122979508202081E-022   6.692633383707244E-043   4.122979508202081E-022
    41   10   4.122979508202103E-022   6.692633383707513E-043   4.122979508202103E-022
    43   10   9.586356732258755E-022   4.572967019170060E-042   9.586356732258755E-022
    44   10   9.586356732258713E-022   4.572967019170018E-042   9.586356732258713E-022
    46   10   2.066384371832025E-021   3.545699745233154E-041   2.066384371832025E-021
    47   10   2.066384371832011E-021   3.545699745233130E-041   2.066384371832011E-021
    52   10   1.849821817759401E-023   1.563243153574873E-045   1.849821817759401E-023
    53   10   1.849821817759369E-023   1.563243153574802E-045   1.849821817759369E-023
    55   10   2.432744523780208E-023   1.732009055693451E-045   2.432744523780208E-023
    56   10   2.432744523780183E-023   1.732009055693409E-045   2.432744523780183E-023
    58   10   2.903013804155888E-023   2.476889348273900E-045   2.903013804155888E-023
    59   10   2.903013804155837E-023   2.476889348273797E-045   2.903013804155837E-023
    64   10   1.813144792115270E-023   1.763420519211703E-045   1.813144792115270E-023
    65   10   1.813144792115350E-023   1.763420519211896E-045   1.813144792115350E-023
    67   10   5.074759723426018E-023   9.935248749889580E-045   5.074759723426018E-023
    68   10   5.074759723426060E-023   9.935248749889695E-045   5.074759723426060E-023
    70   10   8.688301178206870E-023   4.255517979981698E-044   8.688301178206870E-023
    71   10   8.688301178206833E-023   4.255517979981652E-044   8.688301178206833E-023
    76   10   2.274072862807101E-022   1.613851497693061E-043   2.274072862807101E-022
    77   10   2.274072862807142E-022   1.613851497693131E-043   2.274072862807142E-022
    79   10   7.300918767861006E-022   2.300061129878667E-042   7.300918767861006E-022
    80   10   7.300918767861222E-022   2.300061129878873E-042   7.300918767861222E-022
    82   10   7.043502614964330E-022   1.280921598764191E-042   7.043502614964330E-022
    83   10   7.043502614964179E-022   1.280921598764135E-042   7.043502614964179E-022
    88   10   4.122979508202092E-022   6.692633383707309E-043   4.122979508202092E-022
    89   10   4.122979508202117E-022   6.692633383707527E-043   4.122979508202117E-022
    91   10   9.586356732258663E-022   4.572967019169941E-042   9.586356732258663E-022
    92   10   9.586356732258685E-022   4.572967019169984E-042   9.586356732258685E-022
    94   10   2.066384371832008E-021   3.545699745233089E-041   2.066384371832008E-021
    95   10   2.066384371832005E-021   3.545699745233101E-041   2.066384371832005E-021
    100   10   1.849821817759408E-023   1.563243153574887E-045   1.849821817759408E-023
    101   10   1.849821817759366E-023   1.563243153574797E-045   1.849821817759366E-023
    103   10   2.432744523780199E-023   1.732009055693436E-045   2.432744523780199E-023
    104   10   2.432744523780174E-023   1.732009055693395E-045   2.432744523780174E-023
    106   10   2.903013804155872E-023   2.476889348273858E-045   2.903013804155872E-023
    107   10   2.903013804155831E-023   2.476889348273776E-045   2.903013804155831E-023
    112   10   1.813144792115246E-023   1.763420519211646E-045   1.813144792115246E-023
    113   10   1.813144792115300E-023   1.763420519211777E-045   1.813144792115300E-023
    115   10   5.074759723425999E-023   9.935248749889549E-045   5.074759723425999E-023
    116   10   5.074759723426081E-023   9.935248749889858E-045   5.074759723426081E-023
    118   10   8.688301178206867E-023   4.255517979981697E-044   8.688301178206867E-023
    119   10   8.688301178206912E-023   4.255517979981752E-044   8.688301178206912E-023
    124   10   2.274072862807115E-022   1.613851497693093E-043   2.274072862807115E-022
    125   10   2.274072862807138E-022   1.613851497693121E-043   2.274072862807138E-022
    127   10   7.300918767861032E-022   2.300061129878689E-042   7.300918767861032E-022
    128   10   7.300918767861251E-022   2.300061129878902E-042   7.300918767861251E-022
    130   10   7.043502614964315E-022   1.280921598764184E-042   7.043502614964315E-022
    131   10   7.043502614964147E-022   1.280921598764127E-042   7.043502614964147E-022
    136   10   4.122979508202078E-022   6.692633383707227E-043   4.122979508202078E-022
    137   10   4.122979508202140E-022   6.692633383707658E-043   4.122979508202140E-022
    139   10   9.586356732258717E-022   4.572967019169999E-042   9.586356732258717E-022
    140   10   9.586356732258723E-022   4.572967019170034E-042   9.586356732258723E-022
    142   10   2.066384371832016E-021   3.545699745233128E-041   2.066384371832016E-021
    143   10   2.066384371832016E-021   3.545699745233143E-041   2.066384371832016E-021
    148   10   1.849821817759405E-023   1.563243153574885E-045   1.849821817759405E-023
    149   10   1.849821817759365E-023   1.563243153574791E-045   1.849821817759365E-023
    151   10   2.432744523780216E-023   1.732009055693463E-045   2.432744523780216E-023
    152   10   2.432744523780196E-023   1.732009055693430E-045   2.432744523780196E-023
    154   10   2.903013804155892E-023   2.476889348273909E-045   2.903013804155892E-023
    155   10   2.903013804155856E-023   2.476889348273836E-045   2.903013804155856E-023
    160   10   1.813144792115250E-023   1.763420519211652E-045   1.813144792115250E-023
    161   10   1.813144792115303E-023   1.763420519211780E-045   1.813144792115303E-023
    163   10   5.074759723425997E-023   9.935248749889513E-045   5.074759723425997E-023
    164   10   5.074759723426077E-023   9.935248749889854E-045   5.074759723426077E-023
    166   10   8.688301178206870E-023   4.255517979981697E-044   8.688301178206870E-023
    167   10   8.688301178206924E-023   4.255517979981760E-044   8.688301178206924E-023
    172   10   2.274072862807108E-022   1.613851497693076E-043   2.274072862807108E-022
    173   10   2.274072862807141E-022   1.613851497693131E-043   2.274072862807141E-022
    175   10   7.300918767861027E-022   2.300061129878684E-042   7.300918767861027E-022
    176   10   7.300918767861227E-022   2.300061129878881E-042   7.300918767861227E-022
    178   10   7.043502614964313E-022   1.280921598764182E-042   7.043502614964313E-022
    179   10   7.043502614964159E-022   1.280921598764131E-042   7.043502614964159E-022
    184   10   4.122979508202081E-022   6.692633383707238E-043   4.122979508202081E-022
    185   10   4.122979508202133E-022   6.692633383707626E-043   4.122979508202133E-022
    187   10   9.586356732258740E-022   4.572967019170026E-042   9.586356732258740E-022
    188   10   9.586356732258723E-022   4.572967019170034E-042   9.586356732258723E-022
    190   10   2.066384371832017E-021   3.545699745233128E-041   2.066384371832017E-021
    191   10   2.066384371832016E-021   3.545699745233146E-041   2.066384371832016E-021
    196   10   1.849821817759407E-023   1.563243153574890E-045   1.849821817759407E-023
    197   10   1.849821817759366E-023   1.563243153574796E-045   1.849821817759366E-023
    199   10   2.432744523780225E-023   1.732009055693478E-045   2.432744523780225E-023
    200   10   2.432744523780191E-023   1.732009055693421E-045   2.432744523780191E-023
    202   10   2.903013804155901E-023   2.476889348273928E-045   2.903013804155901E-023
    203   10   2.903013804155853E-023   2.476889348273831E-045   2.903013804155853E-023
  </DiscreteSampler_grid>
