  0.02241376292974240  0.03808928188406444  0.05065032443085370  0.06176323916663488
  0.07144252638209941  0.08702601033452066  0.10036016912114865  0.11082280754959481
  0.12089046296308906  0.13129540435296441  0.14143478463997253  0.15098400855812821
  0.15970822780084362  0.16633011773730530  0.17870314302243298  0.19219327338585415
  0.20338979435549218  0.21608599701022640  0.22479637853200379  0.23488866158387617
  0.24487656250834317  0.25906754703345058  0.27329865318783136  0.28535851336877682
  0.29754240188001563  0.30899114074130840  0.32147779104878138  0.33537065239838193
  0.34893932256160315  0.36206420982457999  0.37454079733294704  0.38589732307076385
  0.39750148868170287  0.41158496128249683  0.42603083799038377  0.44303381126871882
  0.46312920900723126  0.48150951752270083  0.49189450763877557  0.49800566649081396
  0.50377826954790883  0.50820583850268186  0.51239399091380877  0.51756595866378474
  0.52326647428377326  0.53131390251196653  0.54431790526635260  0.56084836656813075
  0.57352580580832269  0.58295972618954273  0.58965660258102970  0.59428149061248325
  0.60053206249202118  0.60388829353432261  0.60721194431070324  0.61136009114403422
  0.61641279308054342  0.62364876774181865  0.63242986094211451  0.64227952680739919
  0.65126413131394900  0.66442615999655774  0.68003449715967956  0.69071322875238372
  0.69732846651635028  0.70574266862015289  0.71375959380020815  0.72291394562433131
  0.73389533686176089  0.73972064457410491  0.74562633029648429  0.75274818813502831
  0.76101195178673620  0.76865720424814554  0.77435315644713321  0.78204833138492602
  0.78632401971829202  0.78933993729453999  0.79235586590689799  0.80170898407797631
  0.81283955364768112  0.83050153439050367  0.84721461020958178  0.86300662889732649
  0.87777588070572521  0.88963896832167444  0.90069507803358684  0.90980824499510549
  0.91595460607940871  0.92137291850380432  0.92747015778655639  0.93469449281406081
  0.94395753319392972  0.95583319154637136  0.97442211156035408  1.00000000000000000
  0.00001837195656886  0.00019404227178168  0.00028455207076431  0.00035735374478882
  0.00041085872530741  0.00047473003961931  0.00055300623240731  0.00061688725706230
  0.00066739226224580  0.00071332265383498  0.00076672956014581  0.00083846419940681
  0.00089831454995683  0.00095012266186098  0.00098916835462263  0.00104365536996651
  0.00109820927362687  0.00113810875288000  0.00118078024424904  0.00120957365999017
  0.00123137318727700  0.00124575760979302  0.00127223246939492  0.00130227709385519
  0.00136566805534152  0.00145205869255450  0.00154828909186498  0.00160681986626345
  0.00167584276988836  0.00174060656024650  0.00179140134619547  0.00184105189021747
  0.00190371857463714  0.00196783284942178  0.00202882428817463  0.00209627996119810
  0.00218299085105719  0.00230751563328372  0.00244514140789213  0.00258691894323007
  0.00272490887612374  0.00285514958287145  0.00299116973876670  0.00308829335371010
  0.00318910101970177  0.00329519095996488  0.00339188282148739  0.00349070584284443
  0.00360590274104687  0.00375221350385996  0.00391677568796051  0.00405984190650305
  0.00419436651893526  0.00431066853051451  0.00443134172660683  0.00455689131451368
  0.00468206865085310  0.00480911329381398  0.00494893671046486  0.00510833012086920
  0.00524287770585673  0.00532711883375623  0.00541508956559262  0.00550924274050367
  0.00563727339347495  0.00577453360977036  0.00592159606020388  0.00610095592286338
  0.00631022013586576  0.00654813621865604  0.00683264149041967  0.00711211900558735
  0.00735047525768259  0.00750172015266783  0.00766810946990367  0.00785381424237783
  0.00805405126959833  0.00827754492371812  0.00854854698790711  0.00886938117311901
  0.00919602736103715  0.00958235429514251  0.01017291968881155  0.01073553296039392
  0.01131453007966945  0.01181347822691795  0.01224770654512326  0.01264688923523524
  0.01312005604103482  0.01372738785318644  0.01444649794992244  0.01528924596037225
  0.01665420463247631  0.01892714732176918  0.02961140373746335  1.00000000000000000
 -0.00000006738124069  0.00000070305917061  0.00000201883504479  0.00000346317997811
  0.00000471339422937  0.00000641842215405  0.00000817442514353  0.00000987039835086
  0.00001163207758135  0.00001329363405346  0.00001474330227899  0.00001611415394463
  0.00001743953062588  0.00001863394658615  0.00001941362371873  0.00002013748563669
  0.00002083792848349  0.00002145155315194  0.00002218148196211  0.00002296179563106
  0.00002371532549944  0.00002433337322708  0.00002477083458184  0.00002519873103180
  0.00002563112235398  0.00002605670905707  0.00002644739689211  0.00002685017706251
  0.00002729555024510  0.00002767740366095  0.00002803029086622  0.00002853900454587
  0.00002919469058347  0.00003196277049280  0.00003551474561803  0.00003955142793902
  0.00004358811026001  0.00004619545455689  0.00004874601325768  0.00004938325625810
  0.00004968826554074  0.00005002626789086  0.00005025259687548  0.00005043248225748
  0.00005063285048998  0.00005084138208497  0.00005110888714809  0.00005138472948496
  0.00005185090271417  0.00005218160221641  0.00005247913476859  0.00005271980002581
  0.00005292518926403  0.00005311422488046  0.00005330841549701  0.00005369666174342
  0.00005398812838800  0.00005462319891889  0.00005535029441734  0.00005600256091577
  0.00005676407178232  0.00005774326515869  0.00005886481719281  0.00005972654890193
  0.00006044677698605  0.00006103927293949  0.00006164417084913  0.00006244909048906
  0.00006401500836840  0.00006567824160985  0.00006700746103190  0.00006782902568088
  0.00006854944711369  0.00006917107112456  0.00007008010924641  0.00007137984597787
  0.00007344872838450  0.00007556091867457  0.00007752614868527  0.00007951124951021
  0.00008132182810662  0.00008355831949977  0.00008611207585735  0.00009021206077876
  0.00009592924208520  0.00010518356898374  0.00011809130957094  0.00013536002884609
  0.00016001147261436  0.00019387526120254  0.00023671032600259  0.00028858285455253
  0.00041220757974074  0.00159580606971077  0.03129792794854332  1.00000000000000000
  0.02471286025471492  0.04625760235026039  0.05936322377355256  0.06625036005449059
  0.07129190416413786  0.07649019209515985  0.08198423493537374  0.08899447612490285
  0.09601593728864632  0.10733176197639883  0.11614973978948971  0.12519392090095074
  0.13695507401836218  0.14881255810870395  0.15888597957982045  0.16637658949641365
  0.17179589899332384  0.18058205765102134  0.19160315382014223  0.20111217466208878
  0.21117209660458147  0.22904267492899194  0.25077035299896405  0.26881257322252339
  0.28495948588274223  0.29870176538261783  0.31107588472679432  0.32423123416245564
  0.34069432002581046  0.35610878636908833  0.36779614466209332  0.37401802108354854
  0.38096103507415335  0.38780481318827076  0.39420899073938143  0.40074123857782146
  0.40984823738320886  0.41998078465043404  0.42842500761450619  0.43873396132576481
  0.44872444096836911  0.45850213351666597  0.46717530564348053  0.47453020880089669
  0.48004358926041313  0.48523756424796660  0.49050470162748566  0.49618333005581849
  0.50293939146600375  0.50973171624717539  0.51555508387298132  0.51969868906638295
  0.52407675326225389  0.52813485397950155  0.53582424529051143  0.54122939133104020
  0.54673336132533490  0.55270990658987185  0.55802833663430462  0.56395549455257987
  0.57067377132291996  0.57706446149122304  0.58456206148555756  0.59417508924612783
  0.60435146582989063  0.61468053238998155  0.62584717533777579  0.63513980485233501
  0.64298410263749783  0.65069363461127105  0.65927730981079569  0.66663370747511208
  0.67069736099923172  0.67430105610848223  0.67729301090226712  0.68254261551363815
  0.69108593477791291  0.70308348884373384  0.71814023486631706  0.72994349941584025
  0.73841320179549974  0.74694065766455975  0.75763242173145917  0.76760471553539655
  0.77971941686069335  0.79614559443012645  0.81015524478208523  0.82073321848396597
  0.83006460842076857  0.84679952152165416  0.87426077483624698  0.90085882430303632
  0.91936264060540962  0.93359044564529581  0.95320741115100893  1.00000000000000000
  0.03004758963691805  0.03115786193643145  0.03171107710878235  0.03208152853560978
  0.03236342791732065  0.03260656739198777  0.03284407656735099  0.03302782928197888
  0.03323640506695601  0.03343568252287903  0.03366472477417383  0.03387976135875567
  0.03405581955499287  0.03426916316260956  0.03446854576289247  0.03464698365586679
  0.03482103208132264  0.03497697475730457  0.03513888918978812  0.03531531532721397
  0.03551298149382544  0.03579354723773971  0.03607778178384735  0.03643012999986834
  0.03674643728472315  0.03696790191823112  0.03714384463896003  0.03732504018396392
  0.03751360923200501  0.03769176112815020  0.03791302422961440  0.03814036839531289
  0.03843099679188854  0.03870692475364385  0.03895516349300696  0.03910511882963571
  0.03930630093946245  0.03951455717728727  0.03969780839976840  0.03993070609645771
  0.04015952682707629  0.04035492915864670  0.04057087439099738  0.04073460656115254
  0.04090552181894622  0.04122383723079870  0.04166201112651974  0.04219779342480334
  0.04279804616477185  0.04345454000046251  0.04416261952242363  0.04494089282700046
  0.04552866465659505  0.04606830231493535  0.04668668905953119  0.04736951801139372
  0.04803272413194650  0.04858253614027610  0.04926264350399895  0.05021133375121364
  0.05155461847031622  0.05327798665637550  0.05494256532264366  0.05636766619605121
  0.05751380485123250  0.05868097022512180  0.05984247762185452  0.06164635277319699
  0.06333701076048964  0.06471915812280465  0.06619197034222361  0.06754591425129067
  0.06880629791844053  0.07053483215286159  0.07235755054669650  0.07346609535556543
  0.07424603766312042  0.07619017765879431  0.07836409890596217  0.07927017530695363
  0.08018466502651915  0.08125957285370886  0.08233448068089858  0.08364646130425832
  0.08500559843093722  0.08665989676609763  0.08819576264230666  0.09001393930680371
  0.09139255082402034  0.09469838282524388  0.09814648884393896  0.10237487401848461
  0.10595781864740637  0.11384064867923446  0.58679217420753160  1.00000000000000000
 -0.00498642150160515  0.00796308059810384  0.02041119648395324  0.02565970854484100
  0.03127105967121558  0.03755921282280106  0.04828820989316233  0.05897359036096830
  0.06789707047057930  0.07693473868278641  0.08551831683497170  0.09340226620872395
  0.10414090621022400  0.11684693633880470  0.12824341076191217  0.14170644266304361
  0.15579019498446120  0.16787099035203751  0.17903332864372631  0.19227788853261923
  0.20856390971625577  0.22620708418020560  0.24357938561170023  0.25665029830913744
  0.27038658067351962  0.28463799939483075  0.29797229303124650  0.31152865746247504
  0.32478584311360836  0.33746496325564745  0.34769477383083075  0.35478548208004207
  0.36188543578371413  0.37171933930714729  0.37959788221827739  0.38488634646955167
  0.38979336483204668  0.39647641703261666  0.40436246481670185  0.41549405184672539
  0.42835112953187426  0.44247529775341565  0.45271856668998395  0.45825943509489780
  0.46381551423254119  0.47083596076127981  0.47883135661795984  0.48848048035577102
  0.49789161274460236  0.51053485450821567  0.52693351506073427  0.54110260199258542
  0.55217809568844967  0.56271874488331497  0.57012086192801970  0.57686448345569330
  0.58489328123910855  0.59285904306763304  0.60104950834560378  0.61165565790091303
  0.62503553898111097  0.63938732691775779  0.65520382209499106  0.66999973669943436
  0.68366432599232807  0.69458959168928058  0.70424293230307577  0.71439630451186764
  0.72716938320712665  0.73617007313743033  0.74478942809664361  0.75351415144335609
  0.75963217227883906  0.76437523699679333  0.76862876422252691  0.77466877611608254
  0.78415798882071719  0.79546598214763842  0.80605765861904133  0.81582554330127355
  0.82992094732946498  0.84352602832264745  0.85452417051046892  0.86403840553370548
  0.87443303535516081  0.88357015484772317  0.89088446309398639  0.89866443399494700
  0.90847351615502159  0.91972735661366867  0.93112203171559715  0.94051506872607216
  0.95144477810118855  0.96566038106179763  0.98224715097173632  1.00000000000000000
 -0.00449393539851013  0.01016671174538462  0.02437810773239558  0.03857406343262591
  0.04838308117422880  0.05783044639260146  0.06634866938905827  0.07453715392118425
  0.08210863297868665  0.09129433512777085  0.10006395093880226  0.10630331043449691
  0.11435596997633624  0.12384953264225823  0.12841169380814615  0.13219928496569427
  0.13647170139281872  0.14206825387322969  0.14892575129359367  0.15727062180439463
  0.16266722882264112  0.17140935576530342  0.18657295385033465  0.20124204137881582
  0.21344825074021495  0.22442892578179463  0.23453633908328644  0.24383493365655667
  0.25429835039837484  0.26449839511894041  0.27621405194246218  0.28751675704012475
  0.29711038584044436  0.30432474173292667  0.31177121210450992  0.32025187167459596
  0.33001825617298014  0.34250119872534851  0.35270883849995543  0.36081726055322283
  0.36713943612815148  0.36950786005120095  0.37276023285900717  0.37700454285889901
  0.38300379287669339  0.38987117786029846  0.39746512156259611  0.40665455407279494
  0.41736261065902636  0.42803285517676043  0.44026303138077005  0.44571095752417916
  0.45131313524632960  0.45745234830398512  0.46376577066421243  0.47046466237816498
  0.47956312399759843  0.49213927000184837  0.50361869920833535  0.51529858637845249
  0.52775197005118435  0.54342512581387981  0.56433085552311379  0.58933020103389888
  0.61552144847419998  0.63693779729757283  0.64790842698111306  0.65738834781773525
  0.66751086647206603  0.67717756547416097  0.69317629172929396  0.70826567160779696
  0.71530778979223852  0.72170783473716182  0.72958820343257280  0.73899121332481366
  0.75547171448387218  0.76866223961733859  0.78047359398403593  0.79438329593781065
  0.80812713386463342  0.81802753343087176  0.82716345210731057  0.83799065911359827
  0.85155812821235155  0.86474882558558208  0.87747985944126805  0.89400863241812167
  0.91019105665036948  0.92123839772685812  0.93161849801462093  0.94139036739317095
  0.95184902009073935  0.96427244404663048  0.98006999085750179  1.00000000000000000
 -0.00495796642072301  0.01588926716272226  0.03500874255804753  0.04773788312140891
  0.05763932874661740  0.06552951529871953  0.07325478759238682  0.08021358435730357
  0.08753340900673298  0.09889663120345436  0.11126423018796924  0.11784934365266621
  0.12488540316170835  0.13086867406336800  0.13649865677809558  0.14294256247296555
  0.15155575986414185  0.16311178713631533  0.17423731299122153  0.18365761199849764
  0.19411267007451138  0.20665728982083714  0.22138016044917280  0.23828776867016249
  0.25141697346020547  0.25799859945413806  0.26297816217884312  0.26774105778149343
  0.26990078885597640  0.27375247198889202  0.27993553478654543  0.28816754048958548
  0.29683324601902861  0.30687640669938460  0.31732417319116019  0.32708558249007080
  0.33708892731232160  0.34641680731578817  0.35324804938190896  0.36323973099627649
  0.37797496432265792  0.38859668051715357  0.39825569606940991  0.40802935169720517
  0.41539969220003198  0.42331648938389382  0.43192809955077299  0.44838388752858366
  0.46408796361128374  0.47792628431297324  0.48763340873794214  0.49541515945436077
  0.50397645837762495  0.51652265968345779  0.52910798210274790  0.54391434716371778
  0.56145250849686301  0.58116855110513899  0.60129429114053501  0.61688884511657427
  0.62990110284136747  0.64381595514666345  0.65843745185711755  0.67534254403601068
  0.69175384182472444  0.70270775743961689  0.71296776198112066  0.72137152743398136
  0.72860610714913165  0.73641817767764939  0.74486058399549815  0.75307248136614324
  0.76149349445408721  0.77166670293314998  0.78307642805894184  0.79335577061446250
  0.80306284235234371  0.81327649436340388  0.82529324387112235  0.83937268309354174
  0.85030401147245049  0.85616930083824960  0.86301606278487619  0.86972538383054943
  0.87847444768360228  0.89165209055508210  0.90287404690745787  0.91342041168365562
  0.92384497812346589  0.93377075972136003  0.94523288341330514  0.95647149288532340
  0.96898837405435667  0.98085511789285806  0.98842161730171485  1.00000000000000000
 -0.00307018067840703  0.01274262117153791  0.02434365998893351  0.03795641988545462
  0.05279469251238647  0.06342864288520017  0.07399452078397423  0.08362028122483493
  0.09042151528959462  0.09450063568251177  0.09827945722772499  0.10339255817444092
  0.10915216590188090  0.11508071722101729  0.12314462491838804  0.13660442134031642
  0.15089791967292548  0.16647244889968332  0.18491761464029871  0.19894731286155143
  0.20957816382680219  0.21819001337278543  0.22635026065448363  0.23700428589358516
  0.24943962952803359  0.26319856761334920  0.28011056191997608  0.30128195192949803
  0.31831281183292565  0.32928516995833762  0.33994047425412960  0.34813498295841117
  0.35511689118272638  0.36462739212544970  0.37642813467064634  0.38703632225949458
  0.39737276878577260  0.40276922091543027  0.41067366656948268  0.41910295809461479
  0.42842638666066513  0.44012606966410250  0.45744943515751652  0.47824341742644644
  0.49315586128796901  0.50524774353599933  0.51652133351887830  0.52513517453195502
  0.53183598335376725  0.53946233809361510  0.54750327945478838  0.55602498796482580
  0.56607948830904986  0.57711277811850847  0.58680497653616026  0.59661726827878436
  0.60528123309284732  0.61393985966398523  0.62296822963812792  0.63280162266824691
  0.64588605953500688  0.65957107655094793  0.67245735758655489  0.68313332985585162
  0.69170901392400908  0.70002297303059102  0.70857771414750759  0.71950999153668782
  0.73343893800409177  0.75021397104278609  0.76262840354526107  0.77419912808179592
  0.78343425382775911  0.79079760019236101  0.79598295115829332  0.80578427477908732
  0.81865650127045508  0.83237020336071821  0.84685446861334845  0.85929666039316777
  0.87253507520741436  0.88181319445076300  0.88863731276410374  0.89341115974675755
  0.89910731076411754  0.90335050423237218  0.90761307525087287  0.91256121177631977
  0.92171346762119821  0.92894277410656068  0.94217255575789161  0.95230275308700707
  0.96747792721617165  0.98054126254433405  0.99079889056016923  1.00000000000000000
 -0.00524342712208428  0.01312273525311931  0.02877966603673069  0.04287874653259127
  0.05620158020571680  0.06718802595976071  0.07762877269749041  0.08869160349556796
  0.10573540985771808  0.12202789225626018  0.13848048207495992  0.15652133683008385
  0.17204944792598831  0.18057273160126333  0.18755810179961979  0.19370919286495819
  0.19921795973263465  0.20767391439576338  0.21339882194187704  0.21864195717809748
  0.22379713735021492  0.22934948375140901  0.23975227824393924  0.24821768444131356
  0.25392216510273646  0.25830978185414910  0.26287866801417770  0.27115348799474159
  0.28268098143847015  0.29556799073971496  0.31268422154444464  0.32863342941674373
  0.34240734052047334  0.35085884511988746  0.35955565654105648  0.36458330230159824
  0.36888179474951893  0.37459875545826443  0.38441457335688906  0.39533513447237595
  0.40508997748778491  0.41149673281605975  0.42088734623357521  0.43289620447798938
  0.44953167147605766  0.46381106067470429  0.47611279183069338  0.48560713398563660
  0.49411425517220381  0.50434758931652945  0.51499715494548604  0.52181429556381309
  0.52992939993171995  0.53910803949882569  0.55062278159279621  0.55918893431910099
  0.56599879987773927  0.57121053198793281  0.57594588405444780  0.58102184490686515
  0.58685650284504931  0.59483785122291177  0.60438863496120221  0.62015806947371033
  0.64030376380833254  0.65434016033388176  0.66708384541274945  0.67930698111590437
  0.69076255193312830  0.70538226932787051  0.72276221854458822  0.73948710735164058
  0.75355402887122214  0.76539713998288461  0.77633201856153788  0.78645545428547625
  0.79623384322048096  0.80525492760486472  0.81397172223789638  0.82234185447101726
  0.83119505039921138  0.84144792914907962  0.85247203554848161  0.86054454294613247
  0.86809660695024338  0.87536500871716705  0.88243879775007550  0.89031527658840692
  0.90972712439497661  0.92442225753205043  0.93726694247091502  0.95070936554956531
  0.96308199660307336  0.97557635506122797  0.98791437441852370  1.00000000000000000
 -0.00164090519282373  0.00962115545786811  0.01975815337571035  0.02933683138590306
  0.04326079209103079  0.05925213749270593  0.07359867661712136  0.08793543600590668
  0.10058629458622212  0.11391992942862179  0.12682216781299380  0.13755841356121196
  0.14768109852586056  0.15404221176646657  0.15933827460281116  0.16363740564157112
  0.16980279616762520  0.18022684183924084  0.19212424746657369  0.20469767111338324
  0.21614712040418393  0.22721453530918936  0.24151326041117452  0.25411564438387796
  0.26335185790096838  0.27238201956645791  0.28267891463288564  0.29242164262734943
  0.30091887081079094  0.30935801659491802  0.31710130168256140  0.32788001649398762
  0.33937933363524336  0.35224283053522393  0.36575325439151368  0.37972420890512798
  0.40508646952315031  0.41886956331484665  0.42895191416784528  0.43851622083229280
  0.45116793274512901  0.46996751182913027  0.48347655807681778  0.49583051096509073
  0.50756521924427866  0.51542615382891821  0.52319303840151876  0.53171259079775757
  0.54278163750896113  0.55300434321377512  0.56327214132481529  0.57003051623551015
  0.57612724368549517  0.58357676819736093  0.59184542594392109  0.59874112061974594
  0.60474108166849450  0.60960301223304914  0.61459238886943912  0.62364867640885335
  0.63570784777520684  0.64913388394492666  0.66238939514845263  0.67205366939539946
  0.68213441692299170  0.69295003031037095  0.70390875803082242  0.71505038848011959
  0.72753561552063994  0.74056908358654894  0.75046142044986197  0.75725075162874633
  0.76430214469493607  0.77270883677961444  0.77805973930610794  0.78422619888635725
  0.78991460796531598  0.79613296293183433  0.80252055050030069  0.81240069521895719
  0.82824999154417589  0.83593525140041824  0.84395065947866332  0.85288722451233734
  0.86239604838304407  0.87194197949204322  0.88261714747255571  0.89593477270438515
  0.91076635207803436  0.92672681416497316  0.94210531738809566  0.95763413009791243
  0.96992602232139546  0.97977860398290895  0.98964460287424294  1.00000000000000000
 -0.00199144369342365  0.00885164413436343  0.01643155857691572  0.02618026562145905
  0.03885357134392310  0.05459647962602358  0.07041863857114068  0.08606212225180151
  0.10338516107970194  0.11636980015565275  0.12949380833153074  0.13673885858564969
  0.14229415984492699  0.14706509114996122  0.15156286971535810  0.15734473568388191
  0.16568508147190927  0.17578184985402753  0.18289660192061180  0.18946959498466978
  0.19739494345855005  0.20550144174037008  0.21355445721932670  0.22165118563921274
  0.22814268075546484  0.23587088185772082  0.24537710454274322  0.25550937738116652
  0.26619066743081987  0.27710865225419173  0.28471392800198608  0.29443621153332061
  0.30354999626243506  0.31379960718899313  0.32515078391632674  0.33565967104536271
  0.35205102098881436  0.37593520879474723  0.39730473702710933  0.41391314121596345
  0.42793160058707463  0.43842378048974340  0.44998498521557978  0.46207759665914389
  0.47526618222060391  0.48688775229200210  0.49433981853916803  0.50013744180269382
  0.50560978141657287  0.51283445091874968  0.52264812220915735  0.53529897842606089
  0.55025845938269258  0.56710928967252250  0.58486702164045046  0.60012334388364108
  0.61483829978601723  0.62939583330663373  0.64299670008488652  0.65722212033256633
  0.67329521658862557  0.68632545727949490  0.69647945642329001  0.70521792156155738
  0.71485598108225445  0.72195223171165934  0.72897132156144406  0.73627477900849159
  0.74233310993709745  0.74868567409028852  0.75608273050855412  0.76343492852161088
  0.77208718685632260  0.78126110952276484  0.79309142219741791  0.80637066722899153
  0.81902765982647696  0.83033123345493398  0.83884190542844850  0.84848947035601441
  0.85786374699882328  0.86551153425544880  0.87447448194361244  0.88305372978248753
  0.88658852109766162  0.89090795144471246  0.89692494773359610  0.90312301272160600
  0.91085499816980642  0.92075362185891185  0.93382244693912186  0.94805797417766613
  0.96191357908309660  0.97488507594313423  0.98746344662383390  1.00000000000000000
 -0.00468469270510879  0.01878901364094469  0.03788763666132426  0.05180852974086687
  0.06113270858870890  0.07157231782836546  0.08030081827189503  0.08783887116600592
  0.09609902932833822  0.10462202776576432  0.11433381418202737  0.12583167414808430
  0.13907118060417029  0.15024076834914252  0.15930766550967398  0.16839294817542164
  0.17658657274430262  0.18312911637175650  0.18878844798215957  0.19381460564136563
  0.19718743145694265  0.20286212041148974  0.20957779869174836  0.21693037707426460
  0.22492573768731031  0.23734550466367774  0.25183903511072969  0.26693571233902341
  0.28136310182263308  0.29386730889527518  0.30423461097327953  0.31357649755788458
  0.32247218645657516  0.33111216633907231  0.34277039233911821  0.35637151618186591
  0.37386924260419729  0.38765201626404189  0.39958024564029909  0.41304992796612378
  0.42820606985088278  0.44513667192079992  0.46310702931649167  0.47942827553417672
  0.49652775968336182  0.51825194108326489  0.53639420914192004  0.54721610337605120
  0.55523099819587718  0.56289739858858423  0.56949524517263639  0.57530405412919094
  0.58131560832508733  0.58855090756380979  0.59602446080171467  0.60594339548154674
  0.62299207112711064  0.63724821864876324  0.64913164216302699  0.65784152793529471
  0.66496411342673423  0.67217678430052563  0.68035368933140716  0.69221653502530445
  0.70659513671929552  0.71988423430417925  0.72980688746730060  0.73840708933156463
  0.74935242616827047  0.76176434516758817  0.77324473596597487  0.78350462527202780
  0.79326056079123897  0.80301993578167852  0.81034355199931751  0.81867925555172927
  0.82668019691108607  0.83493823322862282  0.84211371514025679  0.85015293945795922
  0.85689307784835034  0.86101351919691238  0.86426765957896257  0.86781734995681348
  0.87205281013133984  0.87773226099848822  0.88730672445913883  0.90010710113964387
  0.91274994546864419  0.92350484693313140  0.93171038479959689  0.94542964637459082
  0.95876783786803765  0.96960452883352999  0.98189712455200906  1.00000000000000000
 -0.00185404989112993  0.00942389387085831  0.01864582652806439  0.02926425535472608
  0.04179524840601415  0.05293060215902626  0.06079259851082664  0.07142095352146803
  0.08620752856831657  0.10353557892742861  0.12055555845109522  0.13351685207681130
  0.14506233220013776  0.15608738616794970  0.16786984885800352  0.17905612981494420
  0.19027560232675333  0.20105640598896643  0.21199118289845403  0.22421341868842837
  0.23571048123943567  0.24511749227367868  0.25942439105874510  0.27266674638432592
  0.28476791790864775  0.29502139509473035  0.30299886259344611  0.31146936690813892
  0.32609501087045534  0.33291731706764444  0.33859103175057570  0.34654879387705989
  0.35533180180381496  0.36321783544108777  0.36943253661966691  0.37706832022792697
  0.38851132614800382  0.40029007540848588  0.40980343716209172  0.41871664528869018
  0.42865250381677356  0.43805980384533993  0.44794072694809317  0.45846995862369599
  0.46821901944755079  0.47860366961121098  0.48917026697184035  0.49963601242305600
  0.50876722714439382  0.51280878043341982  0.51707175235252079  0.52266735140724263
  0.52783996377121800  0.53595991445984448  0.54470488161401043  0.55083592741865561
  0.56119318077466962  0.57376715847955850  0.58840170278031600  0.60481906132800989
  0.62179788559393845  0.63795483786805929  0.65576106187572147  0.67635695642646587
  0.69834065351936603  0.71832587369745304  0.73404377261621734  0.74329393328363313
  0.75119572384022248  0.75887382621903321  0.76798319328893105  0.78056550620909071
  0.79976901067840123  0.82210238763420873  0.84209571753745338  0.85128621589745423
  0.85668440796340528  0.86440087989331349  0.87447423710111860  0.88644006804343867
  0.89565098166612267  0.90030344462328460  0.90585852582548754  0.91209260824433869
  0.91727780369410528  0.92212661246259664  0.92724218998033625  0.93647791309790018
  0.94494074062016442  0.95209107169363660  0.95849378750522918  0.96467851339613053
  0.97432650136916588  0.98370101420682354  0.99185050710341172  1.00000000000000000
 -0.00494428007106676  0.01035777417923296  0.02384555651839983  0.03449586503430330
  0.04770666842221575  0.06075519065736611  0.07523181745246230  0.09418571259273141
  0.11188006133117248  0.12668456238603276  0.13586085372558354  0.14280598827323865
  0.14978711234958988  0.15637959410771354  0.16344754433599759  0.17122265209500406
  0.17804463911919075  0.18579063820250549  0.19529916208563028  0.20449648673692153
  0.21331009421996680  0.22158341461667852  0.22994782246451784  0.23961457235147104
  0.24880763196303984  0.25700142975952533  0.26606194782019443  0.27653813379270781
  0.29013694063148765  0.30322733007375197  0.31426325317374099  0.32545591129449403
  0.33606914496072871  0.34769410434494585  0.35666223434455457  0.36462854202233275
  0.37055549905773777  0.37453249154135826  0.37860871406500157  0.38396302239347707
  0.39178132876748345  0.39638236738371690  0.40103107046293929  0.40563251146257562
  0.41178534922717158  0.41672895754170491  0.42144372768671673  0.42674098671917310
  0.43491906803164271  0.44873469434572838  0.47264975327044256  0.49040814707588026
  0.50216822194466126  0.51210068315822399  0.52119152861133855  0.53115101120955277
  0.54391242854136113  0.55945355256584361  0.57646599211521976  0.59402100526531609
  0.60885677951785644  0.62283587132188645  0.63751078881620338  0.65423456906105371
  0.67562742078514482  0.69554144886433023  0.71140046870556106  0.72169896682493873
  0.72931834523165529  0.73852560375338427  0.75500386275058906  0.77534706424702127
  0.79868260054927276  0.81744161524304881  0.83237120195192082  0.84528721840976595
  0.85453647079989326  0.86203943392164240  0.86866521009917785  0.87566824951480937
  0.88452726424938488  0.89443099447927643  0.90235041268914851  0.90973103067096750
  0.91661850513293552  0.92290512850349937  0.92810077753352405  0.93286280258440046
  0.93811677491153522  0.94605719481951500  0.95638477387066156  0.96312448446295651
  0.96747291610648056  0.97608118057286097  0.98764600591133300  1.00000000000000000
 -0.00105522646611025  0.00694470866646068  0.01270763920615257  0.02012867636473641
  0.02969853127705868  0.04052576933532142  0.05206737623673921  0.06105777615752361
  0.06922275932860228  0.07844371903682197  0.08295794580077584  0.08829386585425285
  0.09463394622254215  0.10382511456881206  0.11413254474388958  0.13617817005975752
  0.15417692023895416  0.16558035164835752  0.17329972646475342  0.17894412471073015
  0.18586690630584721  0.19278716167272966  0.19774898759105744  0.20516796033382442
  0.21229180447472909  0.22011473320841685  0.22718831192773623  0.23464561696207897
  0.24116752860556825  0.24928657140671631  0.25843195211271197  0.26766629439072964
  0.28324166444502341  0.29435396515500001  0.30436607042118985  0.31201456290629559
  0.32183819305344591  0.33462473367152323  0.34446297755031191  0.35535765929388213
  0.36482165381406967  0.37312068863499448  0.38039483617846115  0.38856928642266880
  0.40109820566184018  0.41116604062179363  0.42070399154620985  0.43250197139471369
  0.45049357216724367  0.46978422548744486  0.48990207260649998  0.50971550686512446
  0.52520160155108297  0.54261502751272139  0.55673985803541837  0.56850575222002475
  0.57853104699916824  0.58756511045169679  0.59558856435515228  0.60418694750649404
  0.61486077542845718  0.63255987646716449  0.65291027093227216  0.67070538545211977
  0.68917724312056561  0.70809064169588720  0.73106766911418775  0.75367351453132814
  0.77100741082270763  0.78643977136631638  0.80033434693170646  0.81277237645200651
  0.82391493797696913  0.83427478985548997  0.84430501973017225  0.85319463620656821
  0.86141136229784587  0.86845276380548353  0.87579649591783959  0.88336160760616489
  0.88999279320848312  0.89475824187564523  0.90126445655678156  0.90870099314947694
  0.91686934075725202  0.92732164378670112  0.93549129159660727  0.94130513745418842
  0.94639755687086380  0.95131186488973019  0.95657172966154214  0.96209765650535273
  0.96839495707913714  0.97958677472491884  0.99041434583052557  1.00000000000000000
 -0.00313170322881725  0.01485824496238042  0.02646391719823813  0.03938529782573304
  0.05270265934760502  0.06510984237614660  0.07758697974404670  0.09044499834838604
  0.10316492799922439  0.11649160254863143  0.13034124521173976  0.14393801154789404
  0.15693808679581436  0.16875884283452255  0.17573164983429682  0.18194273766654798
  0.18931792643326809  0.19950508579179305  0.21186166496630848  0.22175734534179350
  0.23132214872787513  0.24248423911129061  0.25938394546836363  0.27912983686360809
  0.29491913320779967  0.30729977361887467  0.31861815535777938  0.33080180744785004
  0.34488164827482609  0.36095415617977133  0.38086404806321911  0.39987722827104261
  0.41821988020161333  0.43571036806080626  0.45229011992803164  0.46934008908684882
  0.48438110711181215  0.49657272140043057  0.50246152416453937  0.50678390111247695
  0.51352865936347780  0.52242757216041369  0.53291180972512553  0.54289317063850051
  0.54670118310944316  0.55011969064195376  0.55415832534128351  0.55697928362336513
  0.55986099468809147  0.56353913844034975  0.56851585663231885  0.57890380188676183
  0.59018221806067839  0.59975225339242988  0.60749768700654605  0.61547813788606132
  0.62284054558062241  0.62937216944027141  0.63691636107770477  0.64453988467922163
  0.65029748980078428  0.65537490265038145  0.66107933319544043  0.66711241276194766
  0.67332398362620349  0.67911257160836536  0.68878812204370810  0.69938529645676983
  0.70931515385510691  0.71850793965015014  0.72872727303649221  0.74228602796468357
  0.75567109799675825  0.77032725851450867  0.78300936339099414  0.79518250637121324
  0.80974315851260747  0.82431361232026779  0.83765597295875194  0.85019115931589595
  0.86273146693312652  0.87268070922828556  0.88199355132070212  0.89318131672357448
  0.90386918533453875  0.91357615606896392  0.92010010014361898  0.92616298778045714
  0.93187698551462905  0.93715842479981382  0.94641460064145166  0.95636893622272801
  0.96736821695349073  0.97874651369416554  0.98967585651096535  1.00000000000000000
  0.02339640742976374  0.22273953268557850  0.25745593663500033  0.28109189420202646
  0.30815680092935233  0.33051574908987219  0.34420970057201677  0.35396581999105181
  0.36222536522854010  0.37073397234363209  0.38032708369590740  0.39007740462770424
  0.39502087496169763  0.40005459833955481  0.40642350103870167  0.41418084459823734
  0.42030359053774147  0.42573020309543536  0.43042430813010141  0.43435796208454824
  0.44006780445280957  0.44673601071133601  0.45187372373602114  0.45580865793949826
  0.45844774717882797  0.46112584891541691  0.46331679316189661  0.46733754925048199
  0.47228631749571420  0.47925673213982040  0.48860445636276789  0.49683891524335311
  0.50474945519748915  0.51322810618745596  0.52091772310243967  0.52855236134469363
  0.53520550654872701  0.54007576845403726  0.54430192543287303  0.54656317079655459
  0.54889013102996753  0.55164179744514075  0.55440846618155337  0.55746953444346459
  0.56178728496070007  0.56640280936626453  0.57057373113542731  0.57294529755190260
  0.57463128220430515  0.57638097735010607  0.57861752413081791  0.58219187825017926
  0.58622844156772913  0.58818247493499765  0.59017991756049315  0.59208456870592963
  0.59457692801108941  0.59903464606319179  0.60435612537919081  0.60990653433908504
  0.61549404693257870  0.62125574052670485  0.62745877893787572  0.63418847331260852
  0.64107874161801415  0.64811899002668516  0.65456673940810495  0.66060558487486265
  0.66649583699795834  0.67276714501343338  0.67989414830503203  0.68699748818926032
  0.69391818578875308  0.70080636408570396  0.70850418055908215  0.71832415976197150
  0.72788934707912256  0.73379391241407999  0.73790354458242913  0.74296650385893992
  0.74942604618400055  0.75737087717214047  0.76746537921036329  0.77542250164886717
  0.78499266273214929  0.79659349300986915  0.81027134692243696  0.82424728586976626
  0.82979455563679771  0.83542120684323506  0.84119048483621128  0.84740494149430556
  0.85758950628635089  0.86696717465929707  0.88928352968531255  1.00000000000000000
 -0.03460605182282302  0.15000229416457928  0.21687228559033872  0.26302749833088684
  0.29609273786580459  0.31651107245594118  0.33566489346112316  0.35014275049406696
  0.36314886599870505  0.37351947908411531  0.38429973532215900  0.39557651945361627
  0.41090559886341443  0.42353465277266511  0.43188038789602728  0.43930570425508253
  0.44572515378605698  0.45240194766455205  0.45941023712370210  0.46543678770741365
  0.47143621511124761  0.47757184170623579  0.48324236560643985  0.48836187818062576
  0.49350431366100750  0.49825258359999985  0.50509784213656517  0.51200607962838740
  0.51780782612485377  0.52270215888058857  0.52726955561501632  0.53079064110438257
  0.53463552766588462  0.53837782678816948  0.54251762588808450  0.54694586122025490
  0.55102513960012689  0.55541752043226633  0.56027146417356832  0.56554958224505691
  0.57188931205958171  0.57865672420115832  0.58512573461373618  0.59204768801720464
  0.59864394323811421  0.60261521614842561  0.60536217786705315  0.60780998602829084
  0.61075287647752052  0.61314255767920367  0.61476044028610588  0.61655192881461685
  0.61905562001826431  0.62249419506768300  0.62731490704348547  0.63359065933508363
  0.64086837310932598  0.64773684987827507  0.65370263788224681  0.65861119864237339
  0.66359911883029332  0.66829829422010800  0.67195641297855013  0.67541575250377950
  0.67884623281785283  0.68228037224477145  0.68600927467781692  0.69179898411728213
  0.69779236667987088  0.70367788104694406  0.70893456989651549  0.71323656688076853
  0.71826509626450452  0.72415662005114656  0.72956770616813160  0.73765588244894420
  0.74749300129076179  0.75158292280159056  0.75640704918376178  0.76304356538578277
  0.77117596879875383  0.77603653859493504  0.78082442964677623  0.78600492055250837
  0.79166185618606111  0.79972848453541001  0.80656452644420684  0.81013156595106695
  0.81657635429422493  0.82691942567288013  0.84160871591149611  0.85132850452038034
  0.86935500111020658  0.89822393978759463  0.94719872387446302  1.00000000000000000
   1.8709200071505623E-015  -1.0000000000000000     
 T F F F F F F F F F F F F F F F F F F F T F F F T F F F F F F F F F F F T F F F T F F F F F F F F F F F F F F F F F F F T F F F F F F F F F F F F F F F F F F F F F F F F F F F F F F F F F F F F F F F F F F F F F F F F F F F F F F F F F F F F F F F F F F F F F F F F F F F F F F F F F F F F F F F F F F F F F F F F F F F F F F F F F F F F F F F F F F F F F F F F F F F F F F F F F F F T F F F F F F F F F F F F F F F F F F F T F F F T F F F F F F F F F F F T F F F T F F F F F F F F F F F F F F F F F F F T F F F T F F F F F F F F F F F F F F F F F F F T F F F T F F F F F F F F F F F T F F F T F F F F F F F F F F F F F F F F F F F T F F F F F F F F F F F F F F F F F F F F F F F F F F F F F F F F F F F F F F F F F F F F F F F F F F F F F F F F F F F F F F F F F F F F F F F F F F F F F F F F F F F F F F F F F F F F F F F F F F F F F F F F F F F F F F F F F F F F F F F F F F F F F F F F F F F T F F F F F F F F F F F F F F F F F F F T F F F T F F F F F F F F F F F T F F F T F F F F F F F F F F F F F F F F F F F T F F F
  <DiscreteSampler_grid>
  grouped_processes
  1 # 1 for a reference and 2 for a running grid.
  10 # Attribute 'min_bin_probing_points' of the grid.
  1 # Attribute 'grid_mode' of the grid. 1=='default',2=='initialization'
  0.0000000000000000 # Attribute 'small_contrib_threshold' of the grid.
  0.5000000000000000 # Attribute 'damping_power' of the grid.
 # binID   n_entries weight   weight_sqr   abs_weight
    16   10   8.648703716518402E-014   4.215519334997614E-026   8.648703716518402E-014
    17   10   8.648703716518485E-014   4.215519334997658E-026   8.648703716518485E-014
    19   10   9.125096626266180E-014   4.813935532516640E-026   9.125096626266180E-014
    20   10   9.125096626266412E-014   4.813935532516897E-026   9.125096626266412E-014
    22   10   9.098479171157789E-014   4.765313757476294E-026   9.098479171157789E-014
    23   10   9.098479171158024E-014   4.765313757476553E-026   9.098479171158024E-014
    28   10   1.273759432662434E-013   7.353684054740395E-026   1.273759432662434E-013
    29   10   1.273759432662452E-013   7.353684054740607E-026   1.273759432662452E-013
    31   10   1.775889703495837E-013   1.424943101779922E-025   1.775889703495837E-013
    32   10   1.775889703495852E-013   1.424943101779944E-025   1.775889703495852E-013
    34   10   1.774210957527628E-013   1.422583113227583E-025   1.774210957527628E-013
    35   10   1.774210957527643E-013   1.422583113227606E-025   1.774210957527643E-013
    40   10   8.648703716518401E-014   4.215519334997612E-026   8.648703716518401E-014
    41   10   8.648703716518485E-014   4.215519334997656E-026   8.648703716518485E-014
    43   10   9.125096626266183E-014   4.813935532516643E-026   9.125096626266183E-014
    44   10   9.125096626266412E-014   4.813935532516897E-026   9.125096626266412E-014
    46   10   9.098479171157789E-014   4.765313757476291E-026   9.098479171157789E-014
    47   10   9.098479171158021E-014   4.765313757476550E-026   9.098479171158021E-014
    52   10   1.273759432662433E-013   7.353684054740385E-026   1.273759432662433E-013
    53   10   1.273759432662451E-013   7.353684054740598E-026   1.273759432662451E-013
    55   10   1.775889703495837E-013   1.424943101779921E-025   1.775889703495837E-013
    56   10   1.775889703495852E-013   1.424943101779944E-025   1.775889703495852E-013
    58   10   1.774210957527628E-013   1.422583113227582E-025   1.774210957527628E-013
    59   10   1.774210957527643E-013   1.422583113227606E-025   1.774210957527643E-013
    64   10   8.648703716518395E-014   4.215519334997608E-026   8.648703716518395E-014
    65   10   8.648703716518483E-014   4.215519334997655E-026   8.648703716518483E-014
    67   10   9.125096626266171E-014   4.813935532516631E-026   9.125096626266171E-014
    68   10   9.125096626266405E-014   4.813935532516892E-026   9.125096626266405E-014
    70   10   9.098479171157781E-014   4.765313757476287E-026   9.098479171157781E-014
    71   10   9.098479171158017E-014   4.765313757476547E-026   9.098479171158017E-014
    76   10   8.648703716518395E-014   4.215519334997606E-026   8.648703716518395E-014
    77   10   8.648703716518484E-014   4.215519334997656E-026   8.648703716518484E-014
    79   10   9.125096626266171E-014   4.813935532516632E-026   9.125096626266171E-014
    80   10   9.125096626266403E-014   4.813935532516889E-026   9.125096626266403E-014
    82   10   9.098479171157781E-014   4.765313757476287E-026   9.098479171157781E-014
    83   10   9.098479171158017E-014   4.765313757476547E-026   9.098479171158017E-014
    88   10   1.273759432662434E-013   7.353684054740393E-026   1.273759432662434E-013
    89   10   1.273759432662452E-013   7.353684054740610E-026   1.273759432662452E-013
    91   10   1.775889703495835E-013   1.424943101779918E-025   1.775889703495835E-013
    92   10   1.775889703495852E-013   1.424943101779943E-025   1.775889703495852E-013
    94   10   1.774210957527627E-013   1.422583113227581E-025   1.774210957527627E-013
    95   10   1.774210957527643E-013   1.422583113227606E-025   1.774210957527643E-013
    100   10   1.273759432662434E-013   7.353684054740386E-026   1.273759432662434E-013
    101   10   1.273759432662452E-013   7.353684054740604E-026   1.273759432662452E-013
    103   10   1.775889703495835E-013   1.424943101779917E-025   1.775889703495835E-013
    104   10   1.775889703495851E-013   1.424943101779943E-025   1.775889703495851E-013
    106   10   1.774210957527626E-013   1.422583113227580E-025   1.774210957527626E-013
    107   10   1.774210957527642E-013   1.422583113227605E-025   1.774210957527642E-013
  </DiscreteSampler_grid>
