 -0.00000006404216948  0.00000073032509927  0.00000118116581053  0.00000156551654834
  0.00000200911132745  0.00000217717808613  0.00000233886017603  0.00000249584885669
  0.00000263930427477  0.00000280462723517  0.00000338354093941  0.00000494252588644
  0.00000692101250458  0.00000749841961595  0.00000807582672733  0.00000865323383870
  0.00000923064095007  0.00000980804806144  0.00001053284016259  0.00001130719288727
  0.00001208154561194  0.00001285589833662  0.00001363025106129  0.00001440602994478
  0.00001526363336762  0.00001612123679046  0.00001697884021330  0.00001783644363614
  0.00001869404705898  0.00002067369430817  0.00002655120853932  0.00003282101662084
  0.00004698163056601  0.00004909348412354  0.00005058069362590  0.00005218161846550
  0.00005369960043275  0.00005481127281522  0.00005522818275776  0.00005543837649099
  0.00005575220807843  0.00005628518013446  0.00005701067218019  0.00005823118449862
  0.00005896623910877  0.00005965260086741  0.00006025043529369  0.00006082286319686
  0.00006116341328820  0.00006139978823408  0.00006159077455469  0.00006176799687572
  0.00006194661388184  0.00006212544679177  0.00006258695740230  0.00006299009512363
  0.00006341632650873  0.00006385517735867  0.00006410338058692  0.00006435307385966
  0.00006514973936595  0.00006631274422893  0.00006789723048101  0.00006989398393916
  0.00007183230276584  0.00007353412207368  0.00007558174676952  0.00007840621971336
  0.00008040164425054  0.00008225765602548  0.00008522100189999  0.00008802467899177
  0.00008935905765439  0.00009049890570823  0.00009164259855419  0.00009278676418115
  0.00009594408612131  0.00010296767113647  0.00011040668704545  0.00012159967315324
  0.00013359534518687  0.00016965127230343  0.00025958003842591  0.00041244462168719
  0.00061221749353787  0.00064819892564102  0.00070161634434418  0.00075333053134137
  0.00083042181684044  0.00089223928598601  0.00108112160937361  0.00134244855496294
  0.00282540728838179  0.00523515574157929  0.63038973615728910  1.00000000000000000
 -0.00014376716589679  0.00099838471128425  0.00191469226435197  0.00315206555705368
  0.00363498233358352  0.00403474698508433  0.00438096042154820  0.00469611655181183
  0.00539577637830748  0.00614669146807507  0.00698065350924663  0.00783351359385451
  0.00851241388884267  0.00906884822630540  0.00961045292698767  0.01024166861729713
  0.01111590577024726  0.01175094059000349  0.01235926002816489  0.01263999409433222
  0.01287355357473432  0.01303947572031373  0.01310487591132490  0.01317752419653648
  0.01325662893026148  0.01330982248274770  0.01334387202360053  0.01336098257727202
  0.01339176335033010  0.01342371922551539  0.01347065577755952  0.01355166625960139
  0.01360375198616955  0.01362103812143897  0.01363654076200910  0.01365127179839695
  0.01366413890949324  0.01368175437272813  0.01372288150240173  0.01382816721249674
  0.01390835457151924  0.01397869904061223  0.01406745550153844  0.01410824598863510
  0.01412608144144149  0.01414400305917164  0.01416396420183345  0.01418430351864974
  0.01420999939449533  0.01424548263528221  0.01428648259261722  0.01432265470018814
  0.01441808896640439  0.01452950731341812  0.01466110545250706  0.01476606698086817
  0.01487946169839849  0.01499423472049703  0.01511154666771196  0.01576888428579599
  0.01687809065559826  0.01743095117893858  0.01783685447145312  0.01849742025598843
  0.01937233585872495  0.02010429056816778  0.02022752851652051  0.02045518705948681
  0.02070698402219868  0.02113584652129572  0.02141464753769708  0.02150638577266223
  0.02159812400762738  0.02168986224259254  0.02178160047755769  0.02187333871252285
  0.02196507694748800  0.02209074938425510  0.02244092974417666  0.02279111010409822
  0.02314129046401978  0.02349147082394133  0.02384165118386289  0.02419183154378445
  0.02454201190370601  0.06491802900222698  0.13028059144828408  0.19564315389434128
  0.26100571634039843  0.32636827878645552  0.39173084123251267  0.45709340367856982
  0.52245596612462697  0.58781852857068406  0.65318109101673949  1.00000000000000000
 -0.00164840889106956  0.01282556637076470  0.01755536592769877  0.01867790586390886
  0.01887808385279344  0.01898581231910977  0.01905945588582099  0.01912300629103103
  0.01925399899459360  0.01932609975540419  0.01940273754548355  0.01950035831601847
  0.01967021709749357  0.01978630826518742  0.01990335519254558  0.02007025807741390
  0.02031397389791782  0.02034905938083870  0.02042148281614658  0.02050660955915988
  0.02058358168624104  0.02067893266624218  0.02077227973159448  0.02082125912542180
  0.02085375801837222  0.02089126614727108  0.02095055387039408  0.02111244043004824
  0.02130033728072165  0.02144489308802327  0.02149042866703369  0.02153944503929267
  0.02156894868010130  0.02159744918894943  0.02163309884440051  0.02166616963048049
  0.02169341561970766  0.02171452925224916  0.02173151136859419  0.02174721781849071
  0.02176540288567349  0.02178751627739438  0.02180361958780869  0.02181136167630874
  0.02181910387614716  0.02182684942868711  0.02183460138524220  0.02185461406896784
  0.02190660505705708  0.02216203651700522  0.02249417148892010  0.02262228849797548
  0.02275040550703087  0.02287852251608625  0.02300663952514163  0.02313475653419702
  0.02326287354325240  0.02339099055230778  0.02351910756136317  0.02364722457041855
  0.02378585402343812  0.02398950923929061  0.02419316445514310  0.02439681967099560
  0.02460047488684809  0.02480413010270058  0.02500778531855308  0.02521144053440557
  0.02541509575025806  0.02561875096611056  0.02578428162159993  0.02583109781506778
  0.02587791400853563  0.02592473020200348  0.02597154639547133  0.02601836258893919
  0.02606517878240704  0.02611199497587489  0.02615881116934274  0.02620562736281059
  0.02634829290572227  0.02665393355598889  0.02692064226494669  0.02721975797138425
  0.02758007138082987  0.02793210538223154  0.02820683877383098  0.02857773990356078
  0.02898961198050348  0.02949925350655185  0.03050970020304272  0.03304025087557332
  0.03660112475312727  0.04069535365893788  0.04759675782771037  1.00000000000000000
 -0.00394495102780570  0.00738757572697335  0.01517694171883264  0.02086616151208925
  0.02323828202496405  0.02529672097320294  0.02563257416117136  0.02596842734913976
  0.02669579526653165  0.02685567716875821  0.02693404287997232  0.02702127601784576
  0.02710024357087373  0.02716775025382810  0.02735245799577188  0.02780285516342233
  0.02821668177656202  0.02849502517060397  0.02880995712325853  0.02940558211783115
  0.03001417878861581  0.03021662212822299  0.03027136083317495  0.03032715880337364
  0.03038523826420735  0.03044310514173299  0.03050061358933244  0.03056953432784733
  0.03068394753601040  0.03080797944171272  0.03092923445382321  0.03114454672327800
  0.03164800834476959  0.03288773284128912  0.03388225861401976  0.03408909283989701
  0.03432711339909491  0.03451320907764400  0.03469984611915496  0.03479369143867519
  0.03483012649839978  0.03486656155812436  0.03490299661784894  0.03493943167757353
  0.03500622521010371  0.03513980561729476  0.03527338602448582  0.03540696643167687
  0.03554054683886793  0.03567412724605899  0.03583139250099988  0.03598872159899695
  0.03614605069699402  0.03630337979499109  0.03646070889298816  0.03766657436070311
  0.03936977547662761  0.04162556831939465  0.04344548108474858  0.04424277835859739
  0.04505200287145892  0.04592456347355852  0.04661062398660269  0.04718009481307490
  0.04739865759422865  0.04761721498081359  0.04783576848082643  0.04789188218050645
  0.04794856399174158  0.04802712010461065  0.04808991472022370  0.04815013392603056
  0.04884258154891571  0.04931625423446268  0.04964578152117522  0.04997778434433259
  0.05043027270978723  0.05150185777910987  0.05354234485225154  0.05563750258181034
  0.05678348745554191  0.05794258269613878  0.05925051001177880  0.06058243579494602
  0.06221837469310920  0.06326238795885820  0.06427821912104570  0.06530028832347982
  0.06690693882853745  0.07074464962757872  0.07285105231152049  0.07606550168879404
  0.08748392495690131  0.10123104883423260  0.11650733161777564  1.00000000000000000
 -0.00493466753001550  0.00771468325782770  0.01610185545634281  0.02448902765485793
  0.02682479691092218  0.02897362171955641  0.03113473238362848  0.03355169777394701
  0.03596866316426553  0.03825322919624621  0.03957813217816618  0.04084062127240781
  0.04207759095078612  0.04280196312467920  0.04332480351834515  0.04385138805350308
  0.04457003433684632  0.04531491249543120  0.04564967841414264  0.04599613633257654
  0.04632891767605563  0.04662520639029297  0.04690375741159566  0.04728276240656814
  0.04815663873537614  0.04904991076434929  0.04979616016633955  0.05023230101995425
  0.05071559056923292  0.05127693680178469  0.05213834560029514  0.05266772754254413
  0.05340624541677913  0.05375751552685993  0.05543259930554270  0.05818367493973640
  0.05917820168306710  0.05997596536015851  0.06098653210787428  0.06154083511128147
  0.06207207169515889  0.06307166761745424  0.06399477631231117  0.06473395152858981
  0.06564970141384766  0.06675035853806148  0.06795906155067515  0.06854547630112649
  0.06859428397647747  0.06862649363367883  0.06865870329088018  0.06869091294808154
  0.06872312260528289  0.06875378052509422  0.06877607807793396  0.06879837563077369
  0.06882067318361342  0.06884297073645315  0.06886526828929289  0.06888520427716735
  0.06890187283447949  0.06891854139179161  0.06893520994910375  0.06895187850641589
  0.06896854706372801  0.06913383128483751  0.06936558057352692  0.06953215761944927
  0.06967198280885642  0.06977027005086027  0.06983833982186068  0.06987759683167064
  0.06990736727665679  0.06992992759029337  0.06995245945212177  0.06997223688816717
  0.06999948952965736  0.07002792253065472  0.07010114952976658  0.07042283604087810
  0.07102760047795503  0.07152781269949045  0.07213218355418352  0.07278417112577812
  0.07343180571849865  0.07478389753240940  0.07597679860093791  0.07716173911163152
  0.07829198798948288  0.08815677879188286  0.11377708378126219  0.14357352022476996
  0.16670202358501215  0.19850383833669555  0.22881594499616681  1.00000000000000000
 -0.00020979009681460  0.00227091300720262  0.00449600374142220  0.00543103497641511
  0.00646905455985691  0.00775275252641536  0.00903181675201386  0.01029706094267399
  0.01199242934132029  0.01575402777473239  0.02121497303645927  0.03453604225866392
  0.05102747183566343  0.05839853576199001  0.06340117618067220  0.06507730952724057
  0.06684546148087574  0.06861369544291748  0.07013168860726907  0.07351262867518681
  0.07619599069823843  0.07852417998725303  0.08252804193306319  0.08642608862119193
  0.09379120809835070  0.10501320713611841  0.12390933519081666  0.13732353530410343
  0.14839903921416397  0.16113357987241392  0.17585074377980525  0.20584728423234186
  0.25773990265398172  0.30798517683188337  0.34027461401776732  0.35350971281054716
  0.36637092965998436  0.37349690029777916  0.37536785990786631  0.37723997420796784
  0.37911230232651305  0.38117991923243716  0.38483001260960331  0.38746187086503991
  0.38953318603893350  0.39447034846504841  0.39963875627497086  0.40480773075365090
  0.41504578101815010  0.42813003473515615  0.43426455655383117  0.43580694092653510
  0.43734932529923898  0.43889170967194291  0.44043409404464678  0.44197647841735072
  0.44425976009062051  0.44678331972856178  0.44930687936650299  0.45183043900444425
  0.45435399864238551  0.45689089704167585  0.45962441425251493  0.46235793146335402
  0.46509144867419316  0.46782496588503225  0.47055848309587134  0.48001872366798948
  0.50053110828633229  0.53257870780298622  0.55903289679336599  0.58506480302240760
  0.61885562100393332  0.65428296827792820  0.67085991607596718  0.67876689236574295
  0.68670655052405538  0.69490298576881948  0.69734284355802678  0.69898888125602321
  0.70097718087988836  0.70260993340838540  0.70386261117990667  0.70607507822896221
  0.70802628806333190  0.70861935635731554  0.70915640231766219  0.71092000977278025
  0.71472627740415029  0.73055870251910016  0.74820748714136986  0.77137236983193680
  0.80706026939930597  0.84842584899697615  0.89107107532046415  1.00000000000000000
 -0.00894776736669010  0.04807858131843118  0.07026552577370040  0.07248826058069019
  0.07522037988442727  0.07803671066570163  0.08223342302112184  0.08787990775355245
  0.09394495892287619  0.10003636131139128  0.10468378813095450  0.10907703148031313
  0.11392150581461161  0.12230455467815640  0.13287268818304571  0.14967370312756034
  0.15940826799925722  0.17988640433375314  0.21082741587585899  0.22831481997084413
  0.24586781474562072  0.25769856853790035  0.26403482570994030  0.27033473326411755
  0.27804052667556917  0.28501534032938325  0.29405547741570148  0.30951280344211685
  0.33284932559454411  0.34847831889393160  0.35939695889096740  0.38325217937106815
  0.41229251629982933  0.44587714089552766  0.48144741178735295  0.52255615796048460
  0.54868064934165728  0.57319401159425298  0.60551056266193981  0.63230683112050379
  0.65053804339765275  0.67019278210649547  0.67862039123018281  0.68338765945054114
  0.68388936545741130  0.68431330934258650  0.68462436331098742  0.68538063594413989
  0.68779201389172895  0.68997856193680895  0.69112754777297325  0.69225156252066922
  0.69491783439465016  0.69731132826436937  0.69862929738130997  0.69955454471048339
  0.70078523453782127  0.70206120095642432  0.70658118548912141  0.72185916141441553
  0.75465796280719488  0.82582537321514760  0.83002029420197487  0.83421521518880215
  0.83841013617562943  0.84260505716245671  0.84679997814928398  0.85099489913611126
  0.85391971716593684  0.85620560244130173  0.85849148771666661  0.86077737299203150
  0.86306325826739638  0.86534914354276127  0.86749142135192325  0.86912157447933014
  0.87075172760673714  0.87238188073414402  0.87401203386155102  0.87564218698895802
  0.87727234011636490  0.88466485976504217  0.89779627957616781  0.91363888386417036
  0.92904985564423048  0.94190817538967286  0.94734973697553804  0.95659585474134001
  0.95872263587226281  0.96056366329786413  0.96200497959812548  0.96409310738370435
  0.96822332208915596  0.97363801263670979  0.98647802737771251  1.00000000000000000
 -0.01377319560795522  0.03587038615347837  0.06911908556948282  0.08769059209394262
  0.09616060801136052  0.10480944541157541  0.11398482803735682  0.12168633717469338
  0.12747105349317173  0.13621891595683097  0.15017597453654036  0.16689335701058597
  0.17935734529578706  0.19042895242083790  0.19749755741964389  0.20514445260185449
  0.21025722985371981  0.21962645490526619  0.23078468399198038  0.24627307891927333
  0.26865284198893852  0.29087161435201980  0.30984280598160163  0.32881399761118341
  0.34781819617023296  0.36694478912115247  0.38511633624952241  0.38917870737104787
  0.39324107849257334  0.40449508222631647  0.41127776043233355  0.41544260640708347
  0.41975899755933066  0.42463318307852271  0.44307391329524831  0.46458547038092662
  0.47575462844563143  0.48424742397530934  0.49749032022458545  0.51520260579591026
  0.56066576683728753  0.61067305193493615  0.64604823908638842  0.67062630787676492
  0.67326831426543432  0.67423667097375450  0.67608770837205923  0.67977631551612416
  0.68286066469873608  0.68797055477812319  0.69713932509048082  0.70887112765475546
  0.72174321209241887  0.74396333276070725  0.77520071018968795  0.77669733679537500
  0.77984065035829686  0.78299569529715740  0.78518734660085077  0.78695121926436296
  0.78920773046925341  0.79446674000248241  0.80101514381291494  0.80614947335601206
  0.80993123334042261  0.81045601491132346  0.81058630525027142  0.81071659973917443
  0.81084689672860821  0.81097719618296948  0.81141005297448021  0.81185841897011857
  0.81234933769870343  0.81286324323699710  0.81334015561825079  0.82094341335966836
  0.82850035069537709  0.84096005669034357  0.86174558672448920  0.88380252281556970
  0.89824831255497906  0.90069063221107670  0.90313295186717446  0.90557527152327222
  0.90801759117936998  0.91045991083546762  0.91290223049156538  0.91982553098573061
  0.92984733961251431  0.93986914823929801  0.94989095686608171  0.95991276549286542
  0.96993457411964912  0.97995638274643282  0.98997819137321652  1.00000000000000000
 -0.00082084865071072  0.00119815307377607  0.00202458568125398  0.00285101828873190
  0.00367745089620982  0.00450388350368774  0.00533031611116566  0.00615674871864357
  0.00727843203262017  0.00848586212190768  0.00969329221119519  0.01090072230048270
  0.01210815238977021  0.01326926664277087  0.01391605691332785  0.01456284718388484
  0.01520963745444182  0.01585642772499881  0.01650321799555579  0.01820119867052120
  0.02052386111967546  0.02191701825633174  0.02567420533233204  0.03098451221430052
  0.03622888335211422  0.04121712555191235  0.04326626348298540  0.04482570583799974
  0.04640528401049600  0.05098666654260967  0.05470340622993611  0.05795898495937525
  0.06132104645528058  0.06457320593334440  0.06778746713355169  0.07248822720826111
  0.07783528808391463  0.08175348525933242  0.08561862591927165  0.09890449962862718
  0.11104350878018392  0.11791840440216962  0.11970439666898987  0.12142635913431618
  0.12487205085893018  0.12934211362809592  0.13811485172179389  0.14799641139290562
  0.16223227262313961  0.17803437275943415  0.18799948322726456  0.19693720791723579
  0.20631081964986006  0.22592756527038704  0.24155124077918289  0.25475353555422253
  0.27105061363137178  0.28718305657830395  0.32961172495889318  0.37595035445386243
  0.41425214704661123  0.42732582749232884  0.43164243233399535  0.43665285604245457
  0.44026888513760015  0.44173428389840430  0.44294463462517475  0.44391860738815841
  0.44477953338707510  0.44552718066447228  0.44792111645708133  0.45034472589729713
  0.45164573936340041  0.45306791661730239  0.45675825744242787  0.47323622143054483
  0.48446386651199608  0.49593918328581843  0.50660503438734517  0.51713425114026035
  0.55413511225868484  0.59327690161455071  0.60607820274683066  0.62107907346623514
  0.64699908811847562  0.66089679009780744  0.67648334452035552  0.69572428795908026
  0.70636048837721388  0.71774454068744586  0.73246201397149857  0.76018460245656139
  0.81594470761278692  0.89045049146381772  0.94114903627903168  1.00000000000000000
 -0.00302358213247231  0.02245355479372881  0.04202675511313032  0.05815320548781842
  0.07390450141937001  0.08708989243042062  0.10202980499555742  0.10788847087045718
  0.11081036863072362  0.11288069610718382  0.11450911770974316  0.11582295462573652
  0.11695697973161377  0.11751897519418729  0.11922479709601444  0.12134389111901683
  0.13156547144666550  0.14490573908023319  0.15499288065018499  0.15889733223243285
  0.16298944637815210  0.16766461429411139  0.19741106192890387  0.21724310911414027
  0.22272446364060169  0.22855226263226366  0.23704824351557249  0.24804660824613040
  0.25862111060611243  0.27171895773455162  0.29089523618517227  0.31112503317246426
  0.33417322737906890  0.34603198802658930  0.35686395160666251  0.36956162484261446
  0.38208963344408786  0.39323445315784844  0.40425018226023363  0.41475821994042406
  0.42561358294294210  0.43841862118867436  0.46475205936085301  0.47926513339008675
  0.48882499725536610  0.49906513796185431  0.51042657329959806  0.51973638968545732
  0.52876329446220016  0.54196549051586640  0.56046385368722862  0.56803641354666146
  0.57233573431689422  0.57577155540567215  0.58133356535650316  0.58877523026502521
  0.59869276917326375  0.63169038956068813  0.68034400112992222  0.72141913226989884
  0.73221022909695999  0.74132715067635879  0.75289056923653908  0.75847762979707878
  0.76742187311215448  0.77735918584867092  0.79740574879875736  0.82792660164001042
  0.84377623985109251  0.85240697810054100  0.86238630999197086  0.87334793612503214
  0.88430956225809343  0.88850075041712684  0.89215221315142534  0.89580367588572374
  0.89945513862002224  0.90310660135432075  0.90675806408861914  0.91055782315026412
  0.91463472475869967  0.91871162636713510  0.92278852797557065  0.92686542958400608
  0.93094233119244163  0.93497778574602519  0.93859499865803964  0.94221221157005408
  0.94582942448206853  0.94944663739408297  0.95306385030609742  0.95723650768371882
  0.96384749333489206  0.96909105290216868  0.97740393807768200  1.00000000000000000
 -0.00199216276185538  0.00921999283580987  0.01579960281745623  0.01961123778093993
  0.02089474941784819  0.02197832922121374  0.02329919670656647  0.02548950919603669
  0.03342539961932892  0.04528129783516847  0.06285931266235900  0.08552856105803586
  0.10945115377129838  0.13549437025232552  0.15294281569643742  0.15484319182033374
  0.15698306940711290  0.15894606139033637  0.16232264779020902  0.16543775330743393
  0.16621614702068505  0.16699454073393616  0.16777293444718727  0.16855132816043839
  0.16932972975965668  0.17010833982636941  0.17088694989308217  0.17166555995979491
  0.17244417002650766  0.17322278009322040  0.17400107293245679  0.17477894343381242
  0.17555681393516803  0.17633468443652367  0.17711255493787931  0.17789042543923492
  0.18236635854458699  0.18477752997587743  0.18757555596138617  0.19236275004538408
  0.19751560020600406  0.20333826526332779  0.21478157629765629  0.23193345829221859
  0.25560379285018686  0.29416906927110215  0.32597331634451909  0.33846534620261604
  0.34663210061259098  0.35228896505573770  0.35702885313945543  0.35891572348304857
  0.35991748358200426  0.36066127674080228  0.36148357187588315  0.36303938079453268
  0.36645709798912440  0.36880051988496015  0.37015210589186975  0.37192952848380584
  0.37559389189701747  0.38040122919211400  0.38446957378607671  0.39730332736621499
  0.41685085000891381  0.42979599755631792  0.43895788682655545  0.44734559651012973
  0.45454628900805866  0.45998558383233923  0.47290668949594517  0.50585738966857952
  0.55119531258877841  0.58120924714906619  0.59981143409863924  0.61306645298043039
  0.64172801944271174  0.67284059104210425  0.68975183053973710  0.70516289293622536
  0.72346045888461874  0.74594604785071628  0.78509434690378455  0.83846274894458794
  0.86193043877367914  0.87629342487474549  0.88683637276919347  0.89791312490751440
  0.90298431551935321  0.90780861044920713  0.91220314611602582  0.91658854474877494
  0.92182796551900614  0.92711658878138803  0.93907894146408399  1.00000000000000000
 -0.02017792492697475  0.08037583558746990  0.14749240328368773  0.20885224529586599
  0.25599729548778660  0.27980320793444324  0.29398706826225240  0.30812832042386423
  0.31968516079868214  0.33499706576600813  0.35940500570919365  0.37463779862107321
  0.38605379291500969  0.39606904721956077  0.40166017642500246  0.40960865619849446
  0.41400449592058164  0.41733619195327665  0.42011252512795616  0.42317079257334234
  0.42750145700863901  0.43118970719284638  0.43451966892851834  0.43830178808168790
  0.43993889250255153  0.44175405753771135  0.44533310366823842  0.44930101510515130
  0.45287370534547017  0.45514735377925308  0.45744022410635993  0.45984177565413609
  0.46223991237430490  0.46448843013295726  0.46673694789160969  0.47504896770139038
  0.48185880869362913  0.49140616570865320  0.52015697302881103  0.54843336443179158
  0.57561313648599055  0.59474688716430713  0.61112451860077077  0.62412547805833418
  0.64261017010452137  0.65340998078748747  0.66097257129109011  0.66729277243223306
  0.67327201099074452  0.67923079086383986  0.69220998988647298  0.70495100328367499
  0.71219938922846027  0.71611234687857006  0.72125292650443429  0.73426431733373054
  0.75160834420570255  0.76205356499554000  0.76376013366102902  0.77125914631362535
  0.78116942173331783  0.78918387377929611  0.79707351726867992  0.80662609608451685
  0.81524353193530619  0.81861484429679987  0.81915354764483417  0.81971704997734351
  0.82034334752043991  0.82188777428138438  0.82481511456922518  0.82547092006535094
  0.82599099064131798  0.82651106121728501  0.82703113179325205  0.82755120236921909
  0.82816885273509377  0.82947393681381842  0.83077902089254307  0.83208410497126784
  0.83338918904999248  0.83469427312871725  0.83584089387622762  0.83662116718629653
  0.83740144049636556  0.83818171380643447  0.83896198711650349  0.83974226042657241
  0.84572277119963279  0.84860100140250205  0.85154274957631493  0.85497786229643791
  0.86116653158498035  0.88665763330048553  0.91684859710924849  1.00000000000000000
 -0.00587344360040406  0.02157412373188453  0.05322840063171946  0.08702950442074991
  0.12987047690374692  0.15316292920266245  0.16051457366083779  0.16625304483064884
  0.16785057301744785  0.16858809338275590  0.16932561374806393  0.17006313411337196
  0.17080065447868001  0.17153817686037776  0.17227641154431078  0.17301464622824383
  0.17375288091217689  0.17449111559610994  0.17522935028004297  0.17596753807491947
  0.17670551672751283  0.17744349538010618  0.17818147403269952  0.17891945268529288
  0.17965743133788623  0.18169757583008417  0.18625417603643851  0.19111410249745917
  0.19657768956881785  0.20196219934626441  0.20504562242751334  0.20820331373912926
  0.21174878738262667  0.21813879672096070  0.23083384551204386  0.24292803585779585
  0.25088968556313584  0.25882967420682851  0.26734885134569875  0.28890146606092465
  0.30847280475289568  0.31828106362233860  0.32222658890778827  0.32563867764457294
  0.32813783850393524  0.32945644018358383  0.32966390118558359  0.33028596989308490
  0.33097936225916857  0.33132862311569283  0.33143941314628267  0.33166003271612254
  0.33222446474316308  0.33318582217858583  0.35190644024493811  0.37066204724860108
  0.38959315976626813  0.40276888107679676  0.41112420056228477  0.43618141036529001
  0.48772191461979519  0.53335681023005976  0.56534137945690377  0.60815251613879862
  0.66135173353038867  0.67297673625861398  0.67865049313846759  0.68637445214907722
  0.69796134096092788  0.70893122946358911  0.71614013607153448  0.72486043066226535
  0.73212421818414730  0.74220733003155337  0.75097801122988639  0.76264894329190303
  0.78040168361376483  0.80543879534106777  0.83074797055901961  0.84686499906757262
  0.86230089043752300  0.87467301293174904  0.88630994681482855  0.89468768937117449
  0.90324030099819586  0.91217111408672136  0.91869619328532159  0.92474013441787406
  0.92877639090601150  0.93231819706513053  0.93481396456540100  0.93719595155865487
  0.94100700384679414  0.94352163152791779  0.96116693035613754  1.00000000000000000
 -0.02546864830265434  0.01760091532977362  0.05676800436919903  0.09593509340862444
  0.12650022557509003  0.15375694348785099  0.18101366140061192  0.20034564614645656
  0.23188559864540259  0.28440307431670081  0.35328106596416814  0.36844732625807947
  0.38010091261815193  0.38875489998195573  0.39878927744631565  0.40053903130815566
  0.40102716397451588  0.40151529664087604  0.40200342930723626  0.40249156197359648
  0.40297969463995664  0.40353056613203769  0.40410854799299023  0.40468652985394282
  0.40526451171489536  0.40584249357584790  0.40642047543680049  0.40706798244994186
  0.40777158051309559  0.40847517857624932  0.40917877663940311  0.40988237470255684
  0.41058597276571057  0.41700359158725014  0.43909582229648730  0.48161271274863360
  0.53980616174787466  0.58862743260111339  0.62945482283474818  0.66321350894745346
  0.68553732165343784  0.69448276441548429  0.69970241580297809  0.70122228478660520
  0.70283217898793060  0.70566692427024857  0.70858461749670987  0.71167239240716196
  0.71523042976827611  0.71716332119934156  0.71895982173592954  0.72067536987249581
  0.72531800572603344  0.73217487527510561  0.73740243781097570  0.74247649572030805
  0.74817859858887314  0.76146082319266628  0.77040125757874833  0.77930065885097632
  0.81833639239567935  0.84357864936160387  0.84771345166308054  0.85024222098510283
  0.85283156113158054  0.85545755075472696  0.85707801318656229  0.85787387744233179
  0.85886799166267769  0.85994599750459222  0.86082218572392577  0.86833362032274242
  0.87767229670319336  0.88625405020393089  0.89033273865932971  0.89548866186561871
  0.90180902451128986  0.90462219405460642  0.90576346265004326  0.90708226220067278
  0.90804028129716763  0.90899955100636876  0.91127401904034788  0.91454763866580679
  0.91801913404726931  0.92104010268762815  0.92230931567596719  0.92378747199349520
  0.92465426639503645  0.92590217503407235  0.92758251385379731  0.92874148801137413
  0.93015892166295011  0.93247679801002004  0.93854429157835406  1.00000000000000000
 -0.00227361762417197  0.01321258989435179  0.02597908888632262  0.04096918341474212
  0.07145976700101542  0.09677192607804549  0.11574739519213172  0.13453611931251577
  0.15250196117151166  0.16832283872766274  0.17431118634795340  0.17813900708408245
  0.18497849176719916  0.19633418524424945  0.20112465986222600  0.20365660963052806
  0.20655624977469730  0.20967720876924154  0.21339557128176051  0.21786860927628779
  0.22230591239739161  0.22658044105144440  0.23122156516925638  0.24580773412027460
  0.25970163642642269  0.27320029885367159  0.28157151172034206  0.28994272458701253
  0.29804700289993558  0.30612055862895599  0.32616887991496557  0.36357126751888647
  0.44636508641163752  0.49436922678034056  0.53337138179277577  0.55182983117446660
  0.56807257365462049  0.58294814608730694  0.59782264493980219  0.61269748251910383
  0.62777451516441629  0.64216275772834197  0.65408464600977034  0.66681214758766671
  0.68074805391312532  0.69664101348063134  0.71364605112461366  0.72758460185972984
  0.74355066658964364  0.76340641889286864  0.77728137303870537  0.78802309506452139
  0.80685921319090415  0.81854326163251878  0.82639525277472514  0.83051283543482757
  0.83379870998139882  0.83726688379352066  0.84121927830672116  0.84273612086013683
  0.84424634674304244  0.84660780048750928  0.84911656498317067  0.85114425593221965
  0.85521633519404072  0.86267092039989945  0.87094551586300961  0.88229509953822538
  0.88746444917070921  0.89338287563625574  0.89567006961321438  0.89786883883607704
  0.90016335240325129  0.90293224833067898  0.90764390602433653  0.92184395876852954
  0.93417251568779303  0.93629043975309090  0.93840836381838866  0.94052628788368653
  0.94264421194898429  0.94476213601428216  0.94682101010026487  0.94875860146067226
  0.95069619282107964  0.95263378418148703  0.95457137554189453  0.95650896690230192
  0.95884865379442374  0.96202526227277174  0.96520187075111974  0.96837847922946763
  0.97155508770781562  0.97473169618616351  0.98196494256767242  1.00000000000000000
 -0.00193118532933742  0.01200281345906486  0.01855271742873237  0.01989169343734600
  0.02207256385602741  0.02418565042661612  0.02744037046200791  0.03204399940277174
  0.03501845567216082  0.03636005973600543  0.03749529069485891  0.03874691955650245
  0.04009114450896555  0.04136603403810969  0.04412175596824425  0.04728731675541734
  0.05030906152844346  0.05295639490627218  0.05544943907318903  0.05816500865642484
  0.06170624882010881  0.06502659677568345  0.07365956309028786  0.07604410579160682
  0.07820631742108856  0.08219697220264152  0.08822643965735338  0.09131219166884096
  0.09389998244969526  0.09888518623714478  0.10312937073174405  0.10744513362286717
  0.10860001296643898  0.10975489201156120  0.11090976898600577  0.11217311902749320
  0.11396896011241385  0.11838180118570024  0.13255599239035079  0.14654393150503950
  0.15630710726353084  0.16725274189231831  0.18226836409608194  0.19790067494767946
  0.21526017215928395  0.22919461004098976  0.23595194015203089  0.24714620336087598
  0.26491864178049951  0.27565259526312413  0.28298739800649786  0.29832508976895011
  0.31554266481814941  0.33866334956746885  0.37126583937846264  0.39823943174584314
  0.41550267273012959  0.42943499826034970  0.43776230631662333  0.44608961437289690
  0.44953033109433982  0.45270903462853840  0.45411314399507074  0.45448488754033578
  0.45485663108560082  0.45522837463086585  0.45560011817613094  0.45597186172139598
  0.45632412355215740  0.45666458582915231  0.45700504810614717  0.45734551038314203
  0.45768597266013689  0.45802643493713180  0.45834019051954200  0.45864639172181126
  0.45895259292408053  0.45925879412634985  0.45956499532861911  0.45987119653088837
  0.46202882144597390  0.46829040679555278  0.47843898340283225  0.48911808019351771
  0.50090309335681338  0.50939803207705336  0.51709694530174899  0.53554419208607429
  0.57261546310168721  0.65192459942990133  0.71573167300462526  0.77591160838273399
  0.85026083332699964  0.89389599914083340  0.91998864645201184  1.00000000000000000
 -0.00237808809222493  0.01064505426775481  0.02417923544190805  0.03385703544874477
  0.04105667411278120  0.05034281784090164  0.06236123507750574  0.08756669413071268
  0.14441502411602616  0.23844725168241065  0.25139950625135393  0.26241166766459978
  0.27479758315985314  0.29050729590958879  0.30642088327144101  0.31054055304452105
  0.31368146899124538  0.31743129056237585  0.32005927693515174  0.32027516606789624
  0.32049167879763546  0.32099613329719268  0.32151840737171400  0.32175849517703647
  0.32199757615724361  0.32243455266534460  0.32307906016418048  0.32737486830345897
  0.32958139884270982  0.33178792938196067  0.33399445992121157  0.33620099046046242
  0.33840752099971327  0.34106420759862965  0.34409229628862459  0.34712038497861958
  0.35014847366861457  0.35317656235860950  0.35620465104860449  0.35827156744365274
  0.35984114578834614  0.36141072413303960  0.36298030247773300  0.36454988082242645
  0.36611945916711985  0.36955908813850480  0.37327288733292258  0.37618547093059806
  0.38033519599946025  0.38599297488456935  0.39227475972027426  0.39890326982643814
  0.40630728831766610  0.41401583513839108  0.41898072587000285  0.42376918226478422
  0.42819864448469219  0.43386359745144892  0.44058278176782478  0.44622262797274714
  0.45033407838900530  0.45071367678451008  0.45134592195577011  0.45328499861887761
  0.45526996673973008  0.45755333438453727  0.46007818693825719  0.46495460989447784
  0.47018502546475271  0.47392525658392476  0.47602012641981872  0.48211259231508719
  0.49219519820868474  0.49751057444260455  0.50284636214820244  0.50819666200306279
  0.51316776158466970  0.51776624717045117  0.53454362072133543  0.57823738864466756
  0.67320968669056036  0.70449877988170151  0.71245668265675088  0.71516809634264977
  0.71780657004645110  0.72028761674309372  0.72460208398613668  0.73521218663329657
  0.76083342570134527  0.77241688554361654  0.78316439509277802  0.79405252081801969
  0.81759488438710382  0.86461122262780865  0.90989245327436474  1.00000000000000000
  0.20742705958339641  0.99401116446222948  0.99547630176261759  0.99689306387958154
  0.99708076291243319  0.99726846194528485  0.99746681555198180  0.99766704532247141
  0.99790193743552236  0.99817196072404402  0.99829810152786769  0.99841039315554037
  0.99846504338976683  0.99851958435336252  0.99858970045690043  0.99865863202717386
  0.99878229175141353  0.99886314735275283  0.99888679543872938  0.99890281672173253
  0.99891752226842756  0.99894005162724275  0.99895430132068141  0.99896915045226597
  0.99898322156295327  0.99899656700294581  0.99901333385078661  0.99903507425870541
  0.99905681466662422  0.99909169844776557  0.99913633052605555  0.99917937201312446
  0.99921278776827682  0.99924620352342930  0.99928097085051160  0.99931094819099875
  0.99932136748687650  0.99932716542889144  0.99932913063104911  0.99933557752888336
  0.99935197934790632  0.99936191343862713  0.99936859239523979  0.99937484421698553
  0.99938095850989839  0.99938963386157886  0.99939936028862109  0.99940694257059082
  0.99941368199479208  0.99942007866208904  0.99942722735891032  0.99944033221715500
  0.99945343834187739  0.99946247455799908  0.99946815429771374  0.99947057020689622
  0.99947151796630174  0.99947302861208243  0.99947522199355043  0.99947719841060756
  0.99947888791616235  0.99948058511810023  0.99948297122421370  0.99948456497600224
  0.99948565155954794  0.99948674939806037  0.99948782454169183  0.99949243715430935
  0.99949795153407206  0.99950319433788193  0.99950874682823709  0.99951470998888314
  0.99952071987741464  0.99952552015491714  0.99952924862090964  0.99953039917034681
  0.99953154971978397  0.99953270026922114  0.99953385081865842  0.99953500136809559
  0.99953629264510158  0.99953809503212188  0.99953989741914229  0.99954169980616259
  0.99954350219318289  0.99954530458020319  0.99954765618949981  0.99955103505659981
  0.99955441392369981  0.99955779279079982  0.99956117165789982  0.99956455052499982
  0.99960253139429789  0.99968942538959615  0.99978807453614449  1.00000000000000000
 -0.02318613958543196  0.16215865882328848  0.23095545297575759  0.26378243434911069
  0.28472190093187921  0.31770806217491260  0.37562247357019812  0.39263651093405366
  0.40486248852398621  0.41689705928029969  0.42917665003770417  0.43963313721066977
  0.44897142284538522  0.45834850864400412  0.46813662616340712  0.47916511875955836
  0.49783271899547032  0.52232550018492252  0.53727069902204572  0.55053097130790607
  0.56242876331531555  0.57192020823587275  0.58141165315642984  0.58363296625458250
  0.58486536940183731  0.58781851608781610  0.59156196977823927  0.59572856677324815
  0.59787565684427468  0.60000083583721098  0.60187905920617846  0.60396263838793507
  0.60662487278472821  0.60937771935419194  0.61262786933146085  0.61499954842283322
  0.61728058449943646  0.62078008202756985  0.62318389224851434  0.62537875447486246
  0.62765414060996427  0.63004450326731731  0.63659236176691480  0.64598494324402067
  0.65776719414399065  0.67987700475472801  0.69711163249006936  0.71326554533125364
  0.72269142321186230  0.73146389426133018  0.73901279885988003  0.74101939921982429
  0.74302599957976845  0.74503259993971260  0.74703920029965687  0.74904580065960102
  0.75096412840039573  0.75254487214403787  0.75412561588768001  0.75570635963132216
  0.75728710337496430  0.75886784711860644  0.76029178940117359  0.76113378711848712
  0.76197578483580075  0.76281778255311428  0.76365978027042791  0.76450177798774144
  0.76740665273953812  0.77097431404305006  0.77302934611190910  0.77442261088914033
  0.77591446698971067  0.77712813473688025  0.78018488284877430  0.78364768102855209
  0.78616583977260057  0.79278255305430645  0.79839414715670187  0.80164078369112290
  0.80595931039359625  0.81534407793208552  0.82327983207252298  0.83881060345184799
  0.84356924146089085  0.84839160674708891  0.85019703851844497  0.85189756639747938
  0.85502777756775805  0.85967102088226521  0.86320900238417442  0.86557398097301963
  0.86810229484985146  0.87080566890159272  0.89326417587745277  1.00000000000000000
   7.6566282307530073E-019  -1.0000000000000000     
 T F F F F F F F F F F F F F F F F F F F T F F F T F F F F F F F F F F F T F F F T F F F F F F F F F F F F F F F F F F F T F F F F F F F F F F F F F F F F F F F F F F F F F F F F F F F F F F F F F F F F F F F F F F F F F F F F F F F F F F F F F F F F F F F F F F F F F F F F F F F F F F F F F F F F F F F F F F F F F F F F F F F F F F F F F F F F F F F F F F F F F F F F F F F F F F F T F F F F F F F F F F F F F F F F F F F T F F F T F F F F F F F F F F F T F F F T F F F F F F F F F F F F F F F F F F F T F F F T F F F F F F F F F F F F F F F F F F F T F F F T F F F F F F F F F F F T F F F T F F F F F F F F F F F F F F F F F F F T F F F F F F F F F F F F F F F F F F F F F F F F F F F F F F F F F F F F F F F F F F F F F F F F F F F F F F F F F F F F F F F F F F F F F F F F F F F F F F F F F F F F F F F F F F F F F F F F F F F F F F F F F F F F F F F F F F F F F F F F F F F F F F F F F F F T F F F F F F F F F F F F F F F F F F F T F F F T F F F F F F F F F F F T F F F T F F F F F F F F F F F F F F F F F F F T F F F
  <DiscreteSampler_grid>
  grouped_processes
  1 # 1 for a reference and 2 for a running grid.
  10 # Attribute 'min_bin_probing_points' of the grid.
  1 # Attribute 'grid_mode' of the grid. 1=='default',2=='initialization'
  0.0000000000000000 # Attribute 'small_contrib_threshold' of the grid.
  0.5000000000000000 # Attribute 'damping_power' of the grid.
 # binID   n_entries weight   weight_sqr   abs_weight
    16   10   1.470350129177361E-024   1.883081163758602E-047   1.470350129177361E-024
    17   10   1.470350129177363E-024   1.883081163758607E-047   1.470350129177363E-024
    19   10   2.396169132709417E-024   5.042984138497199E-047   2.396169132709417E-024
    20   10   2.396169132709419E-024   5.042984138497211E-047   2.396169132709419E-024
    22   10   2.241044590548999E-024   4.620808744125610E-047   2.241044590548999E-024
    23   10   2.241044590549000E-024   4.620808744125618E-047   2.241044590549000E-024
    28   10   1.470350129177361E-024   1.883081163758602E-047   1.470350129177361E-024
    29   10   1.470350129177363E-024   1.883081163758607E-047   1.470350129177363E-024
    31   10   2.396169132709416E-024   5.042984138497197E-047   2.396169132709416E-024
    32   10   2.396169132709417E-024   5.042984138497203E-047   2.396169132709417E-024
    34   10   2.241044590548998E-024   4.620808744125608E-047   2.241044590548998E-024
    35   10   2.241044590548999E-024   4.620808744125613E-047   2.241044590548999E-024
    40   10   1.470350129177360E-024   1.883081163758598E-047   1.470350129177360E-024
    41   10   1.470350129177363E-024   1.883081163758607E-047   1.470350129177363E-024
    43   10   2.396169132709418E-024   5.042984138497205E-047   2.396169132709418E-024
    44   10   2.396169132709419E-024   5.042984138497207E-047   2.396169132709419E-024
    46   10   2.241044590548999E-024   4.620808744125612E-047   2.241044590548999E-024
    47   10   2.241044590549000E-024   4.620808744125616E-047   2.241044590549000E-024
    52   10   1.470350129177360E-024   1.883081163758598E-047   1.470350129177360E-024
    53   10   1.470350129177363E-024   1.883081163758607E-047   1.470350129177363E-024
    55   10   2.396169132709419E-024   5.042984138497211E-047   2.396169132709419E-024
    56   10   2.396169132709418E-024   5.042984138497205E-047   2.396169132709418E-024
    58   10   2.241044590549000E-024   4.620808744125618E-047   2.241044590549000E-024
    59   10   2.241044590549000E-024   4.620808744125613E-047   2.241044590549000E-024
    64   10   6.283397017103750E-025   2.044304209779282E-048   6.283397017103750E-025
    65   10   6.283397017103747E-025   2.044304209779278E-048   6.283397017103747E-025
    67   10   6.583991314125086E-025   2.082538518691287E-048   6.583991314125086E-025
    68   10   6.583991314125105E-025   2.082538518691297E-048   6.583991314125105E-025
    70   10   7.004615863820148E-025   1.934195035699639E-048   7.004615863820148E-025
    71   10   7.004615863820168E-025   1.934195035699649E-048   7.004615863820168E-025
    76   10   6.283397017103750E-025   2.044304209779281E-048   6.283397017103750E-025
    77   10   6.283397017103742E-025   2.044304209779276E-048   6.283397017103742E-025
    79   10   6.583991314125103E-025   2.082538518691299E-048   6.583991314125103E-025
    80   10   6.583991314125107E-025   2.082538518691299E-048   6.583991314125107E-025
    82   10   7.004615863820166E-025   1.934195035699649E-048   7.004615863820166E-025
    83   10   7.004615863820169E-025   1.934195035699650E-048   7.004615863820169E-025
    88   10   6.283397017103749E-025   2.044304209779282E-048   6.283397017103749E-025
    89   10   6.283397017103742E-025   2.044304209779276E-048   6.283397017103742E-025
    91   10   6.583991314125090E-025   2.082538518691289E-048   6.583991314125090E-025
    92   10   6.583991314125107E-025   2.082538518691299E-048   6.583991314125107E-025
    94   10   7.004615863820149E-025   1.934195035699639E-048   7.004615863820149E-025
    95   10   7.004615863820166E-025   1.934195035699649E-048   7.004615863820166E-025
    100   10   6.283397017103744E-025   2.044304209779276E-048   6.283397017103744E-025
    101   10   6.283397017103743E-025   2.044304209779274E-048   6.283397017103743E-025
    103   10   6.583991314125108E-025   2.082538518691302E-048   6.583991314125108E-025
    104   10   6.583991314125105E-025   2.082538518691299E-048   6.583991314125105E-025
    106   10   7.004615863820175E-025   1.934195035699653E-048   7.004615863820175E-025
    107   10   7.004615863820171E-025   1.934195035699651E-048   7.004615863820171E-025
  </DiscreteSampler_grid>
