  0.02396393971530262  0.03059015035594401  0.03972807363861649  0.04739581100366619
  0.05292898504162484  0.05865868502066088  0.06480785841877763  0.07437285559959247
  0.08245031805009749  0.08947080480667219  0.09500656656534034  0.10169191674041864
  0.11304090443963773  0.12953227455221769  0.15393549101804371  0.17486426218537707
  0.18159585496948999  0.18580433666287471  0.18943548344662606  0.19246733492441198
  0.19602150245144620  0.19977858073583787  0.20378465342140961  0.21243618689985400
  0.23298184004021627  0.25585368886495086  0.27092348854104470  0.28449408736305243
  0.30009047785992221  0.31047020807166914  0.31199472489151392  0.31536074606637732
  0.31958805427908965  0.32247099838572085  0.32346410858030811  0.32518548819303056
  0.32754362961420141  0.32977873485971193  0.33194517820214126  0.33784063067830750
  0.35220234382198107  0.36443228040260106  0.37195660038467276  0.38301032434952142
  0.39930653147446726  0.41678398875795786  0.42922892009168090  0.44168386638590657
  0.45425038391107958  0.46676769858698902  0.47894449955373924  0.49145804276454663
  0.50502335659424114  0.51588930809985512  0.52728709818173081  0.53933978202140187
  0.54776011942405445  0.55497815349485802  0.56326983687709875  0.57537581310617780
  0.59174704422047208  0.61272965204845953  0.63122314981020611  0.64965106657952409
  0.66496182846840912  0.67977241355376716  0.69631110081373970  0.71049432566829318
  0.72611368347407701  0.73906041036576087  0.74637856330259544  0.75603224480476616
  0.76850420971861644  0.77830220787812521  0.79006332225378961  0.80086316723405804
  0.81056074782681187  0.81756618387231295  0.82141380293916078  0.82422894567125704
  0.82568529340580910  0.82727425795268128  0.83035908743953135  0.83413747001055971
  0.84183243697822996  0.84928573800949581  0.85875199995259055  0.86645829287422238
  0.87501399785742096  0.89130668822928683  0.91150563826725672  0.92652044621991436
  0.94218496751663139  0.95834087502031395  0.97385236297011146  1.00000000000000000
  0.02776398152243731  0.02789159708244537  0.02805112199371873  0.02816305510853379
  0.02825951532226548  0.02834950463993085  0.02844432282247011  0.02854661001282877
  0.02866570122686492  0.02885914873334926  0.02912006682076184  0.02941265533679245
  0.02962591676377967  0.02982246129722322  0.02998761841159870  0.03014884011888529
  0.03028643330601613  0.03040532170138027  0.03052118135380235  0.03063270279663485
  0.03075948218455690  0.03091599434908940  0.03110924073041274  0.03129059070111251
  0.03143754823586454  0.03157953463557550  0.03174863328478702  0.03192376711241680
  0.03203764920944029  0.03213899683846049  0.03223554422826403  0.03233903252545654
  0.03246131180326142  0.03255106295534510  0.03264780633973322  0.03275752140350953
  0.03289043699183498  0.03304952656099934  0.03333657661058437  0.03358494297801812
  0.03379157659345518  0.03403488261657344  0.03429473369491769  0.03450524335868751
  0.03468258040987825  0.03492096102441931  0.03524735998392006  0.03561966308501565
  0.03599500254181252  0.03627616726748547  0.03656919358986494  0.03684274705980987
  0.03703965443997275  0.03724219192079953  0.03748961402032565  0.03761538254732866
  0.03772528127602817  0.03783482276975740  0.03791849155554966  0.03811869711122980
  0.03860030470261603  0.03900524978452973  0.03938131753075699  0.03969648386469412
  0.04003475357296899  0.04032374180483284  0.04060691295209179  0.04081224390495599
  0.04100734097937199  0.04120557815700251  0.04146098466028778  0.04179045835231875
  0.04199754927311483  0.04212000257401290  0.04233767997704881  0.04285181578578239
  0.04345762760152214  0.04400857697317341  0.04438899421063006  0.04479169421637622
  0.04520458692993525  0.04550274362305710  0.04581799722543014  0.04637910856570582
  0.04677255860365659  0.04708318937860696  0.04758698426350012  0.04841735095047505
  0.04964981096062408  0.05056202433944321  0.05135544199500271  0.05217041616542518
  0.05332429903798677  0.05582378801867586  0.06167183555788144  1.00000000000000000
  0.93535436863881094  0.93863544636403662  0.94143933130919111  0.94260418263645340
  0.94360859459214663  0.94441343388153176  0.94535901081946661  0.94678913988872060
  0.94750022882678919  0.94809669056615520  0.94844965506112378  0.94879400974343597
  0.94926354320372741  0.94976280212841069  0.95027877501252367  0.95071596551318693
  0.95120622985971970  0.95176663813707918  0.95223345541525573  0.95239828274931382
  0.95256311008337202  0.95267276988130944  0.95277040058222129  0.95287844995132220
  0.95300818708880453  0.95313792422628696  0.95344224357223517  0.95367253756654802
  0.95386544006306884  0.95423595677522322  0.95450990545168846  0.95476077506090784
  0.95512196721774434  0.95574986344359636  0.95640091497669621  0.95702337189456999
  0.95747069656852812  0.95783162534726740  0.95824387869827843  0.95854451448190514
  0.95880149909235435  0.95904101145707510  0.95931210506881337  0.95970945000919505
  0.95989868716259596  0.95995403511833521  0.96000929542242253  0.96005645685144636
  0.96015586823461541  0.96026522216654808  0.96039217439105740  0.96062921330414308
  0.96094125318764079  0.96127387982636625  0.96167192031617010  0.96203994385458480
  0.96244656986020682  0.96279888286974125  0.96296841413607615  0.96309492201501556
  0.96320536598686890  0.96330591315303993  0.96340927846281110  0.96357524597730260
  0.96381520879874283  0.96406316172017137  0.96423356752137934  0.96439704685654948
  0.96453912640819128  0.96475861153656761  0.96506360129683277  0.96536506586122639
  0.96571712673847943  0.96609947955943587  0.96647169083711704  0.96678536742277066
  0.96701954952998848  0.96722589216566923  0.96741294797541710  0.96756106096768124
  0.96768263972803903  0.96779947805262578  0.96793550518381721  0.96808521297186767
  0.96824811055790061  0.96852583627909428  0.96871310983830250  0.96882242846344591
  0.96895764791649752  0.96907845909002033  0.96918043635267270  0.96923189387133701
  0.96928764315517268  0.96935701327343271  0.96944346131725057  1.00000000000000000
 -0.00000060061393465  0.00000480784190321  0.00000741949746725  0.00000988866033254
  0.00001272240539598  0.00001545619724058  0.00001917539302329  0.00002325576373143
  0.00002557619619930  0.00002626549169680  0.00002677922621352  0.00002727165014422
  0.00002777549141170  0.00002818200480196  0.00002850594559611  0.00002877576728453
  0.00002904033701743  0.00002938512391082  0.00002995345704948  0.00003072697723723
  0.00003118411266504  0.00003148494923098  0.00003177575552638  0.00003205823479593
  0.00003233576275305  0.00003276986608944  0.00003300099657736  0.00003323347771506
  0.00003347555431269  0.00003370574218576  0.00003390288367110  0.00003410002515643
  0.00003437595065968  0.00003467816202548  0.00003503460372623  0.00003540727338498
  0.00003602208588326  0.00003683503278340  0.00004088888418670  0.00005870508782975
  0.00006310103285428  0.00006415357275101  0.00006474677789406  0.00006530612612468
  0.00006571347209188  0.00006617039041421  0.00006663620378282  0.00006709674618849
  0.00006756137164259  0.00006805416119801  0.00006866904795606  0.00006945951547714
  0.00007016153527477  0.00007090115032731  0.00007167645195336  0.00007229524929527
  0.00007283259993500  0.00007334146523248  0.00007441548334474  0.00007585028703775
  0.00007713440172447  0.00007837430860839  0.00007965053838837  0.00008113597205443
  0.00008290329669484  0.00008451684249512  0.00008621771361020  0.00008861768660326
  0.00009096225442923  0.00009298023036740  0.00009490255441851  0.00009686323238117
  0.00009872265398490  0.00010050789517287  0.00010253510275972  0.00010565335286304
  0.00011311023018389  0.00012082288576272  0.00012500455399180  0.00013266687643353
  0.00014104158561547  0.00014906785577949  0.00016238140753716  0.00018010305129298
  0.00021649695970303  0.00025266143499763  0.00032942721202769  0.00053458745818045
  0.00075158502701493  0.01171647679883089  0.08734908552603043  0.16298169425322998
  0.29596949693620045  0.44232623535091492  0.58868297376563317  1.00000000000000000
  0.00327037896463159  0.00432294784877275  0.00468259605340957  0.00481512170135223
  0.00495646480634707  0.00505091133159157  0.00509588974804865  0.00515306583145933
  0.00529969372382539  0.00550354780974829  0.00566451621275724  0.00581250566007207
  0.00592972462990538  0.00605778286605416  0.00618872012716763  0.00629313231941218
  0.00637794857290644  0.00645023789703054  0.00652251612978371  0.00657527999920221
  0.00662705160800121  0.00669470399343029  0.00681506709388576  0.00690183241781742
  0.00696816600298303  0.00704002557335078  0.00711483552321072  0.00720639981226759
  0.00731513796403396  0.00744527059647361  0.00758009394075949  0.00772725133745487
  0.00789670536369089  0.00805414052695423  0.00816423776601878  0.00826561692938597
  0.00836294568035757  0.00844103911518797  0.00851056560241570  0.00858191206240528
  0.00867014240107744  0.00875837273974960  0.00882121503815136  0.00886791359106955
  0.00893123644423567  0.00899794548324943  0.00906337843944718  0.00913819778761128
  0.00922668661056415  0.00936592432983581  0.00949724004296681  0.00960740788691342
  0.00970366640118796  0.00984445087373131  0.01000257165881419  0.01016540877172442
  0.01029656968990541  0.01043246514147209  0.01057482890101412  0.01072849679381116
  0.01091669416758965  0.01110671080521749  0.01126454038116246  0.01134868158316986
  0.01141029447487464  0.01146322066660956  0.01159119989049175  0.01179716643012281
  0.01205727219799631  0.01238246676341662  0.01291905443740878  0.01363921208200346
  0.01417047826480146  0.01457597359786630  0.01495398432985802  0.01543270439703724
  0.01594296700121520  0.01654479862572908  0.01724739431871312  0.01795517280371022
  0.01871246851435592  0.01958236163600212  0.02028092989124072  0.02077811902992993
  0.02131991096014102  0.02189106061567622  0.02246338487624681  0.02303611567329653
  0.02487428918263181  0.02526896833820967  0.02573566767648449  0.02595113696021127
  0.02697736660803201  0.15333627743241207  0.74311934598530738  1.00000000000000000
 -0.00117534062020825  0.00545691971460915  0.00628784857597535  0.00737690588454622
  0.00875186178517223  0.01255243251303693  0.02144850370209249  0.02870983530060803
  0.03477123931635404  0.04526305210473175  0.05917150252685478  0.06787486936034381
  0.07451057522505307  0.07917342411519250  0.08533990383188592  0.09372232961213510
  0.10196383165950321  0.11007060910384694  0.12184593986028462  0.13192063477520549
  0.13853395658827303  0.14470023473709298  0.15054587266307753  0.15581643958632838
  0.16021177339836060  0.16998315452276255  0.17803543222726975  0.18294875934803348
  0.18683135356631078  0.19036711325351066  0.19487275151643974  0.20673439321491030
  0.22422061153735462  0.24166469176040892  0.26145593426206504  0.28680056295831841
  0.30539115857860644  0.31377454296507928  0.32014305574772195  0.32575002348996657
  0.32708804113151202  0.32841035815472569  0.32953094436473379  0.33063886412731580
  0.33150083224031945  0.33236280035332316  0.33702055694623162  0.34314408679099201
  0.35091535770815035  0.35410652120706343  0.35724276209216504  0.36199377997001470
  0.36912578794295653  0.38070380020480232  0.39116304627838794  0.40169938000623084
  0.41246690133997616  0.42221399526429026  0.43399332045682676  0.44224833886532838
  0.45461769222345005  0.47072700943928902  0.48990136930919359  0.50857283532659836
  0.52466983942241641  0.53748217718830771  0.55286212956595182  0.56765759836712615
  0.57877683432563232  0.58863900299831862  0.59462176531575750  0.60093027109120511
  0.60910485380540624  0.61797365764573897  0.62761494259226791  0.64022354879615950
  0.65863688460581093  0.67748751844278166  0.69550011457960415  0.71220345221109671
  0.73126009778419676  0.75029304916928941  0.76671628290317340  0.78257938245405489
  0.79778281855409350  0.81479466264007960  0.83275622556585693  0.85658487038014797
  0.88039194079718364  0.89953646727154912  0.91628184174569449  0.93234221582547105
  0.94745422997411732  0.96308863500275788  0.98080470690139987  1.00000000000000000
 -0.00277606410372717  0.00957346897085168  0.02595478714807056  0.04367874684595173
  0.06485454281092841  0.08497503753891074  0.09639562363973823  0.10409732767462507
  0.11030132209511773  0.11442031959421553  0.11908463077628573  0.12403735042356556
  0.12999285570909763  0.13655856642573402  0.14144804171832723  0.14578683178987636
  0.15137238044367690  0.15947005739629561  0.17481702288792914  0.19802513138590105
  0.21131207281489678  0.21587165966303642  0.22225012675512279  0.23486152483951900
  0.24484359669067254  0.25286962881091374  0.26318639266467986  0.27677150596321370
  0.29477595348816166  0.31042364438112940  0.32132966545393399  0.32902132815605095
  0.33438600699560966  0.33927593590106264  0.34606272234935942  0.35057529446913366
  0.35326684733790992  0.35649256886702824  0.36113261353832043  0.36698894359326112
  0.37425939750964488  0.39078410954855042  0.40776414869986871  0.43211244787973990
  0.44938545963911153  0.46468471386365906  0.47818571801653292  0.48839555366553250
  0.49590403080715328  0.50424975682056539  0.51110206346350584  0.51768480039109999
  0.52347787522535882  0.52876389878529206  0.53324437149826809  0.54164611462505552
  0.55555505917266435  0.56732690072472181  0.57259625684924731  0.57556865021453585
  0.58024504730048165  0.58670465884438927  0.59344593221036346  0.60080807367489542
  0.60913768978305194  0.62280233117010619  0.63439645628864150  0.64714850162297699
  0.66286408201804137  0.66972822442880542  0.68002164032786816  0.69173979798558827
  0.70503660690703995  0.72600005455246841  0.74903967452508102  0.76313712367171771
  0.77427919225704200  0.78557687635055007  0.80091325181046924  0.81681541007285086
  0.82745598390296093  0.83703632972438391  0.84705497226849280  0.85960074703562739
  0.87229760255299182  0.88242494095107060  0.88984686876507624  0.89780601461073695
  0.90599889146811363  0.91495022135951032  0.92509964715842030  0.93841846658832673
  0.95096272863997289  0.96541948103212649  0.98170201746555275  1.00000000000000000
 -0.00810870736160933  0.01917035802517306  0.03655708853277599  0.04458679539181103
  0.05474480499201673  0.06544960909489296  0.07664417107803399  0.08744026921193671
  0.09246773105702337  0.09723194655137017  0.10144214420133756  0.10565234185130493
  0.10992433733228765  0.11419720492788810  0.11963440861103758  0.12566662263699344
  0.13376682693068981  0.15071350085355731  0.18118099348464495  0.20051961425813683
  0.21189596039199274  0.21775080180498604  0.22164902238762818  0.22550663019402942
  0.22919644886465323  0.23291184261485576  0.23733155515718124  0.24187150807171068
  0.25739145286704007  0.29069992387370663  0.32813495684749461  0.35419572288370899
  0.36985009376966399  0.38169523196235705  0.38945298923189098  0.39647924293428305
  0.40472051092491640  0.41133449783122605  0.42020002147029367  0.42921721206759766
  0.44000225284798439  0.45219762293746146  0.47161317160608662  0.49156377880809732
  0.50825603666626284  0.52142015171747524  0.53317826041889871  0.54330898921778736
  0.55615507954443910  0.57485595424603420  0.58936679443267592  0.59995446403049546
  0.61401810515146826  0.62608379409553416  0.63696711800321804  0.64784329331996349
  0.65781056572963592  0.66685801438069059  0.67413070701831257  0.68186817688673362
  0.68985628676001376  0.69529325898946193  0.69980397617273560  0.70532567003069757
  0.71244765068614346  0.71664668209489446  0.72197582740467803  0.73427921545253783
  0.75611807651543683  0.77121290037001877  0.77699932827915708  0.78125788034776766
  0.78904404110811810  0.79320763640567793  0.79445675831307261  0.79995018690391595
  0.81103281353445678  0.82419443249944613  0.83807050538251715  0.84840820354003010
  0.86012482014549574  0.87501487264993849  0.88874479906154158  0.89925312110826894
  0.90821343918988873  0.91705870853092453  0.92629579788991789  0.93343321635958731
  0.94054085317664815  0.94705314230176396  0.95630590726141251  0.96702301437690374
  0.98079495832584995  0.99152592481537227  0.99532308679538350  1.00000000000000000
 -0.00765461004048033  0.02685047006066635  0.04996267362686654  0.07074853997167670
  0.08951527553554790  0.10460534262378327  0.11454440248221605  0.12249863491618367
  0.13097580367784897  0.13882232017175930  0.15098144433109914  0.16819574542737756
  0.18066487586837832  0.18706750048434775  0.19090037737319407  0.19496663598947514
  0.20104957202565921  0.20924870275210747  0.21620026916008997  0.22451604159639421
  0.23520111154871498  0.24407378376903949  0.25229816698601060  0.27224290894953318
  0.28303728009038681  0.29359778977330486  0.30103790590004381  0.30730678940280681
  0.31524512106018227  0.32166132366560884  0.33111898130997786  0.34343177246474532
  0.35135482317475430  0.35698099536894368  0.36107445199183630  0.36552380321002914
  0.37127477569859879  0.37700193928892201  0.38239409078724490  0.38778624228556774
  0.40814134825636539  0.42602656902208291  0.43876574935705742  0.44511436540214611
  0.45265548217937507  0.46058735365108622  0.46847064305598468  0.47779721461694996
  0.48594022018600735  0.49282090260408945  0.49907551884052742  0.50417955930326908
  0.50921499027091610  0.51979532974132803  0.52904902287988909  0.53905084855349605
  0.55236868911730130  0.56388791466338128  0.57390407001580035  0.58604355424771881
  0.59955161625643261  0.61557044891024804  0.63401207180832797  0.65789154932084359
  0.68348866456249269  0.69443469105055922  0.70363455790952023  0.71338921458694815
  0.72399284368455996  0.73585636436313995  0.74950364156753979  0.76192798286530594
  0.76811809390490637  0.77346159380581314  0.77689030655578872  0.78209629185006913
  0.78546241371027314  0.78850817527606920  0.79199090020146734  0.79945627876776371
  0.81193880800105389  0.82114695366878587  0.83007504489326100  0.83818917594783704
  0.84623689262366275  0.85387737909142647  0.86190776353335441  0.87730750488525533
  0.88880901622119324  0.89921744465223385  0.90748587907033473  0.91620286626106040
  0.92848388244309055  0.94665122637025045  0.96991367462189060  1.00000000000000000
 -0.00715050008527554  0.02537683395447098  0.04513867239752462  0.06135742999553553
  0.07859221377074831  0.08739646890782016  0.09451748917683361  0.10144958377235405
  0.10834333086931139  0.11479906381308100  0.12117591139177983  0.13091264569616520
  0.14237555655323578  0.15592395323182806  0.16603737412915359  0.17483588159588781
  0.18496728348181116  0.19988276180727804  0.22060246162850355  0.24279770345241111
  0.26399867815631084  0.27867928250760077  0.29499589383115682  0.30707553375056579
  0.31404927404866134  0.32035077455218591  0.32731742172719819  0.33316175967804557
  0.34498352056337928  0.35812203508160495  0.36970419797587539  0.37985311136136696
  0.39015579230387681  0.40117205970922493  0.41360616645105902  0.43052184203772470
  0.44775205496958698  0.46303643704812636  0.47360942499824554  0.48608362647320363
  0.49604449893444053  0.50394501662912194  0.51143449480444914  0.51897224760591343
  0.52578029437372120  0.53111420224487516  0.53675511093609163  0.54392390967716786
  0.55450115920616505  0.56562908042585847  0.57430896977181523  0.58077730243902592
  0.58587216253418906  0.59081526266003892  0.59659862023406229  0.60206120925972739
  0.60711390564644774  0.61184536159960634  0.61695520693134565  0.62810646637837342
  0.64871771972645431  0.66885605714732577  0.67821643605763304  0.68445316644072729
  0.69072675138458484  0.69980476406964975  0.71060011863266948  0.71940421349053263
  0.72809117653857136  0.73642962248849775  0.74337666684408898  0.75384270705948464
  0.76782087268658339  0.79000021986892055  0.81290195084189920  0.82958969949031880
  0.84040704928473875  0.84782210698203331  0.85468850609806479  0.85869968018995291
  0.86298077321492417  0.86744529050983177  0.87366878536335835  0.88280483288955880
  0.89065010830436964  0.90145270117902521  0.91704878799266498  0.93644362836396544
  0.95350338266904200  0.96655508609953900  0.97769535045164246  0.98212484744162676
  0.98541406952344501  0.98825369488191439  0.99305940547503491  1.00000000000000000
 -0.00084900965517494  0.00461231382624562  0.01049723011327913  0.01733588306013776
  0.02544968643160195  0.03085743213840302  0.03475648106094835  0.03982347999920913
  0.04627689913847339  0.05326015444563036  0.05910160246127498  0.06735265510762886
  0.07730552328792288  0.09475579159876335  0.11763459143958345  0.13813251222439055
  0.14867515991921448  0.15734248274247520  0.16497300328730019  0.17265824498332452
  0.18106770441895215  0.18985986888319684  0.19889954894959327  0.20751364107293030
  0.21589647208368393  0.23098379821902720  0.25121037600098056  0.26829366041844971
  0.28031630882276787  0.29130362741778282  0.30130695425438686  0.31333468388866792
  0.32842648546041187  0.34616998986964576  0.35695211064539317  0.36550603839439622
  0.37269641572888290  0.37962121702755686  0.38496551266125045  0.39125080772899401
  0.39941038186109074  0.40583601956499077  0.41497054111693449  0.43048301024505164
  0.44272150584649156  0.44908004981500238  0.45281749713808134  0.45656216987106424
  0.46096415317799477  0.46658708594963583  0.47444456717798955  0.48487158040331663
  0.49716033653590391  0.51386546959864932  0.52465073297556486  0.53398223575379333
  0.54223195675624891  0.55592575167951574  0.56534172314652031  0.57424338511084727
  0.58362908882067288  0.59256349108904227  0.60167128796007563  0.60763884629876197
  0.61329270885691711  0.62181292592180903  0.63325100426512348  0.64419796325289458
  0.64896859613357194  0.65264416652333523  0.65653559712411802  0.66029752346759663
  0.66488122244651193  0.67606453073602391  0.68583425521801167  0.69560397969999932
  0.70607589787726965  0.71662396079635016  0.72467644215501104  0.73244960832103800
  0.74701431777143490  0.76159982746524080  0.77787904734761060  0.79428279734544038
  0.80295579035433085  0.81065817335793711  0.82393451484514157  0.83590388165850116
  0.84626483840649136  0.85963444218651952  0.87384519204929656  0.89574931306977312
  0.92695861483432429  0.95928098723874022  0.98095575899999587  1.00000000000000000
 -0.00564429850611686  0.02127394947369827  0.03887707450484082  0.05218799325927154
  0.06140014756274046  0.06844487732021644  0.07490925163473373  0.08318732218453413
  0.09376683629455002  0.10270981197777156  0.11197485620007212  0.12371553573626878
  0.13568728700179541  0.14383001215484659  0.15126159490746102  0.16161078011879754
  0.17425324411199319  0.18521511160584042  0.19524012535574953  0.20768737133137574
  0.21867363506720466  0.23291928954736082  0.24925959034374320  0.26546571645581329
  0.28066289464793354  0.29566772124939877  0.31036854772922368  0.32885460133374100
  0.34659394888648209  0.35603159081727248  0.36535191690839092  0.37420477443233807
  0.38275535607974481  0.38898501667741708  0.39539731454047494  0.40728566003259303
  0.41760500684533203  0.42302496615728097  0.42672300791137130  0.43121779215361511
  0.43602218444343849  0.44164948794381209  0.44930995704053095  0.45815832057786304
  0.46196088183707507  0.46861454502911593  0.47593761614420743  0.48555914794522592
  0.49373963598268289  0.50071686887931977  0.50904346018997970  0.51773447951369789
  0.52659524330628027  0.53548837486928458  0.55373507551926870  0.57117358356829961
  0.58566475593396550  0.59818868915759893  0.60739754047565420  0.61417111114612610
  0.62108776456640713  0.62876371366484307  0.63828214403348182  0.65042521821128330
  0.66145241444751723  0.67312636231866507  0.68571299131833074  0.69875956190089672
  0.71049770588283534  0.71910003058081584  0.72575052611600399  0.74482639665153350
  0.76738950621896340  0.78206261079194439  0.79148794274886958  0.80124355423446925
  0.80955635885559285  0.81634576470396314  0.82210875613867773  0.82864780534642901
  0.83364610430551178  0.83631854805600681  0.83956228752973117  0.84478742230555059
  0.85410522589379656  0.86384419913800514  0.87028229117442812  0.87505174189900548
  0.88012000117286382  0.88668688508524396  0.89954283616960184  0.91882522739816108
  0.93689198814462626  0.95579475265345004  0.97459466673351247  1.00000000000000000
 -0.00202849572722866  0.00608091942695349  0.01642288330068429  0.02694903047826257
  0.03738516878973212  0.04842328196738534  0.06179595417919301  0.08134724295054563
  0.10136535628564579  0.11424011500563094  0.12260072212053874  0.13021433855159409
  0.13959142230206942  0.15235917739202429  0.16506340329011085  0.17334383130840775
  0.17768111034993780  0.18144941293251957  0.19156635958203849  0.20785047138675858
  0.21896842686287293  0.22773471918799654  0.23370501331958465  0.24092532649077342
  0.24871903604254991  0.25795460208334153  0.27297538068394994  0.28863361267598753
  0.30534910025769030  0.32296462452870339  0.33858851472837592  0.35697121928879677
  0.36954599883649203  0.38078517162252756  0.39231092742193807  0.40213947470373695
  0.41046829651860506  0.42326125927144070  0.42896844976654047  0.43464229398666687
  0.44045401123312217  0.44707102553790334  0.45932486410521822  0.47741225056449860
  0.49387978062321242  0.50730918384077039  0.52214210124007454  0.53957237753489229
  0.55248983279735309  0.56262568748515052  0.57256311203186872  0.58378161696687947
  0.59275268476970489  0.60026301526150905  0.60799149368497585  0.61962857429182183
  0.62737140042764805  0.63380675574356482  0.63960019762642317  0.64779581828502653
  0.65957753954520870  0.66852505547057528  0.67624542071835037  0.68903067530411921
  0.69997166627410268  0.71051468983006572  0.71920763784647268  0.72394163898236508
  0.72952721659433151  0.73723643403378092  0.74666185976698196  0.75362797022444594
  0.75978822259295620  0.76595406806193433  0.77395791715527973  0.79347365423721916
  0.80566120518508511  0.81147184102948078  0.81543979641389608  0.81809069523201050
  0.82115461909684273  0.82779486915800682  0.83512865434359029  0.84226279326044917
  0.85341196752970017  0.86893890415847230  0.88422989285614584  0.90626395498156631
  0.92689207379403848  0.94726208520068844  0.95940895168280149  0.96984498627056304
  0.97956758024561907  0.98637838683041268  0.99318919341520639  1.00000000000000000
 -0.00327075937427075  0.00793944795645398  0.02207113496097449  0.03169223623848849
  0.03808051664274731  0.04389836785223192  0.04958659182123857  0.05555833340102027
  0.06236121758984935  0.07094561990116591  0.07985632118079471  0.08409858139604870
  0.08872627161965335  0.09557957525743351  0.10151103396364881  0.10590933411028781
  0.11007995352233660  0.11444367257251134  0.12030461214838641  0.12787738572383042
  0.13486705159932633  0.14230711999171439  0.14711242788430123  0.15040731762706019
  0.15426180884329127  0.16000971380032702  0.16645284623402545  0.17337089381321391
  0.18128334883225322  0.19198520853096179  0.20648651827189818  0.22402840540822114
  0.24179963730305695  0.25481697199679521  0.26485264462173425  0.27471209299560950
  0.28326383574665759  0.29204531514558907  0.30207484685824126  0.31915182586924579
  0.33040305117318997  0.33732291860409902  0.34855100064274547  0.35924268810042820
  0.37498735206321104  0.39228448887702622  0.40898675492818221  0.42532760171212863
  0.44293536764609248  0.46511740438345217  0.48918556781813466  0.50344277622485922
  0.51735490697519126  0.53089069232797526  0.55381868283769009  0.56772835612644534
  0.58063272855996351  0.59542969921248556  0.60742138658626632  0.62143324567398173
  0.63731315828868851  0.65342501251289042  0.66968454958639023  0.68448649439818376
  0.69841459411777052  0.71281176092887266  0.73053561239504872  0.75967288787078913
  0.78704251064015296  0.79857215802031545  0.80392546231203155  0.81317751830587703
  0.82280254256938212  0.83113754377959004  0.83846084530821130  0.84437219425603571
  0.85000297120906287  0.86968309944916866  0.88919047365940052  0.90765920054343674
  0.92077617113606824  0.92443243638141293  0.92805244988170266  0.93160758715289593
  0.93505544021059273  0.93825137742730480  0.94189473590143558  0.94779294606175823
  0.95477450295906341  0.96327827781182274  0.97179386022536518  0.97766884156933664
  0.98321067896916792  0.98857976134248371  0.99401440912164618  1.00000000000000000
 -0.00186830476000144  0.00802088071181059  0.01431293602917120  0.02060499134653181
  0.02684811610079647  0.03308396755440172  0.03884241429120332  0.04438330335898230
  0.05549030140699276  0.07162235940376961  0.08781747663102063  0.10326339659561506
  0.11598781511355009  0.12886319711729588  0.14222059884845881  0.15010208542505929
  0.15643589605309610  0.16407590116459375  0.17379544533170360  0.18238359191571285
  0.18704708885549279  0.19175725850177383  0.19652696881881102  0.19935977621412448
  0.20225849487800043  0.20757545550984979  0.21634681185392796  0.22532015348142603
  0.23582422137996473  0.24464157907364192  0.25348267084865189  0.26250806032729995
  0.27155124789602397  0.28099785001183297  0.29058502474939596  0.30220558871658565
  0.31396552547518064  0.32628509114930132  0.34376643223029274  0.35981393033591086
  0.37148988419149809  0.38007212778498523  0.39126982728073795  0.40603172559940187
  0.42295423576514490  0.44051649250030744  0.45503242046238040  0.46840036642927263
  0.48274254202869021  0.50066988169818349  0.52202306680116328  0.53279484997771698
  0.54355917587875291  0.55390278078628785  0.56348953772723531  0.57339288245307085
  0.58478151297309910  0.60122097647152450  0.62796514859038044  0.64914436393759312
  0.66860941241223959  0.68602222455423922  0.70128649801597920  0.71905077180502330
  0.73922780521492215  0.75174842050055513  0.76137223647894237  0.76885825645649108
  0.77760840847223578  0.78728601787266572  0.79659568568683969  0.80287352452714278
  0.80843862665942834  0.81492032524274793  0.82386220251180375  0.83075384714106382
  0.83782981844578119  0.84542332881993187  0.85450292070048028  0.86985219521523027
  0.88717583685587975  0.89712377385551323  0.90271525142094733  0.90598894522548279
  0.90999458554139023  0.91408472725407963  0.91753142685580846  0.92108833410070379
  0.92662744971503708  0.93430241823237425  0.94021692593522621  0.94573027593569603
  0.95119030382317826  0.95755740012293200  0.96952433531103555  1.00000000000000000
 -0.00184591950593999  0.00382093426609328  0.00863276731002960  0.01153721633724060
  0.01553843173220125  0.02041171180670753  0.02577436020307917  0.03198483623893304
  0.03900087637120358  0.04701047626297684  0.05659706495927948  0.06609617677743099
  0.07575694734210434  0.08856198178845309  0.10589933538893366  0.11267515427495457
  0.11893418509904607  0.12535194718251233  0.13275887086093649  0.14148517866448976
  0.14992122239326208  0.15700206741928538  0.16487773422517205  0.17307692168586242
  0.18045835147430608  0.18746119147884235  0.19180419138023966  0.19430157031795478
  0.19904184514963075  0.20545752191109404  0.21533450276906710  0.22493896479637021
  0.23305187578825909  0.24107137977581855  0.25139999243897015  0.26377655584759535
  0.27905136350131587  0.29200537343342825  0.30388047403759000  0.31615647229948746
  0.32948726194898764  0.34047857953037008  0.34861322247203547  0.35748814971197990
  0.36821127522743446  0.38005741912212115  0.38755273483350849  0.39518291253202947
  0.40287458102286278  0.41058075054572829  0.41818808555857434  0.42554492121369408
  0.43672186347465392  0.45433036307472535  0.48169737126217427  0.51502401856527524
  0.54858834934276712  0.56916847583257535  0.58194085397886353  0.58810243128907080
  0.59624752827406968  0.60680757546983355  0.62199191242081575  0.63407361577695576
  0.64285965432592784  0.64933047802613586  0.65615726438953670  0.66504297666791912
  0.67588216812355695  0.68691486064612639  0.69868668731238825  0.71198165793493029
  0.72856800472388139  0.75225752078593666  0.78003993180289621  0.80746405771473395
  0.82349857413854466  0.82897798572208348  0.83606952886048347  0.84130846856261232
  0.84610139045840504  0.84988478647882104  0.85322715807724170  0.85508685220771974
  0.85694654633819778  0.86082682737295657  0.86564842398455666  0.87412340618767626
  0.88422182423082707  0.90158410988715154  0.91946627499946076  0.93360565661019401
  0.94679667796855971  0.96153108067662130  0.97870521235140895  1.00000000000000000
 -0.00112066585407121  0.00334043239801535  0.01036608083502957  0.01930545426720705
  0.03144315179125307  0.05585168605137168  0.07162095917601773  0.08245922254376960
  0.09438326880562332  0.10606235748482751  0.12029218230569097  0.13152813837669677
  0.14090669396578309  0.14877293684769599  0.15781958109565594  0.16808948937874360
  0.17624127039379683  0.18245027009114032  0.18906481707530193  0.20004057382383594
  0.21289883551316938  0.21909170465431435  0.22316740835573728  0.22619919788406181
  0.22923213594403780  0.23226701492922744  0.23611274999648538  0.24156817373285885
  0.24852314006017964  0.25689642352700154  0.26914113313297205  0.28666460452244213
  0.30538418231829328  0.31571900873434017  0.32057713795113285  0.32629556872683768
  0.33295988596045101  0.33979187090882540  0.35099085118281670  0.36369355480646248
  0.38168351223081548  0.40301988922759874  0.42661532135857699  0.44909777144021107
  0.47016711200182892  0.48670937192632185  0.49782531357883614  0.50956981179329852
  0.52129263214503219  0.53147008922172756  0.54400309991079943  0.56086036887993562
  0.57289797271120269  0.57861749574984411  0.58366593991754467  0.58767785553205643
  0.59424125298867869  0.60331470274217858  0.61249486983158630  0.62414329074141250
  0.64147660317509847  0.66088811919751489  0.67475442290207954  0.68393906176908448
  0.69239061035809957  0.70032259659149732  0.70818062285298877  0.71482422087912634
  0.72131197791521529  0.73387804499281850  0.74461572423519018  0.75309159679423110
  0.76250081544084558  0.77200367324448116  0.78191353704820621  0.79187719437950987
  0.80527257899592408  0.82060929731773113  0.83490328763195709  0.84400845878503727
  0.85094663341259891  0.85675951907585224  0.86080395242122876  0.86984981345595602
  0.87950928402120876  0.88874945608824107  0.89698904797106482  0.90436691044127193
  0.91484174676656216  0.92523802136286215  0.93558988128427956  0.94683709271422167
  0.95715521857285812  0.96929256312948608  0.98464628156474310  1.00000000000000000
 -0.07292293424839169  0.49555786885689429  0.55994263778652098  0.59770024059252680
  0.62455775211620990  0.64232067671581017  0.65206464193854730  0.66024869723569823
  0.67026191682675118  0.67621399624432155  0.68607635056065730  0.69915635165315471
  0.70886688716296142  0.72074459489757381  0.73104467586407995  0.73838133921243965
  0.74229676524536803  0.74544163355510584  0.74838186636693849  0.75144225930265673
  0.75877150526375337  0.76648940355502393  0.76931722743405273  0.77046533102596959
  0.77160475098306014  0.77273513379374736  0.77497591308547187  0.77778441147423116
  0.78125995937925596  0.78335892469429536  0.78572664448531415  0.78825514357987092
  0.79135357963927788  0.79472952137231101  0.79858191277252100  0.80270681378323550
  0.80718190924820943  0.81186857237402177  0.81628709505567065  0.82044788729156393
  0.82404034531966774  0.82789271506764506  0.83081466216366628  0.83306452526550456
  0.83540264762543071  0.83961121714431364  0.84407461142603391  0.84729181921418451
  0.85021509350552105  0.85341736152792724  0.85696114980389493  0.85948693283037136
  0.86081417499778379  0.86186144838153544  0.86292575114350434  0.86410240015362427
  0.86502448411265487  0.86581941201967372  0.86679618699019501  0.86879772038889680
  0.87150093563519271  0.87448377878597305  0.87721055157575734  0.87789460492024596
  0.87857865826473447  0.87910952326266845  0.87962808259561409  0.88008926550865074
  0.88053085252615693  0.88127934092065974  0.88250349081453539  0.88380824098251942
  0.88581988453629124  0.88971957641913479  0.89221846762468016  0.89367040757487226
  0.89496964894573894  0.89623510880247792  0.89765031136071627  0.89935210108215358
  0.90184325456559866  0.90499623646113259  0.90812204209345493  0.91071204155403152
  0.91347430035864530  0.91581338105494792  0.91866138890078475  0.92139019462541527
  0.92374994101457686  0.92593577773765068  0.92862785608153808  0.93223626654366432
  0.93931539908601991  0.95042355197619377  0.96444801712476436  1.00000000000000000
 -0.03235050816943881  0.15510051051397808  0.23183258928925210  0.26976102624388965
  0.29368119148527200  0.31022228036577615  0.32923537141486370  0.34643587410109034
  0.36033555576106824  0.37441300445331011  0.38842990913110964  0.39999597504469092
  0.40789996313415133  0.41272412253248453  0.41693255249805317  0.42028498931996749
  0.42379746240202698  0.43133456701647693  0.43969644870895247  0.44708302865251798
  0.45340615037624543  0.45882604364342994  0.46556821561178674  0.47180976785346956
  0.47537870766286489  0.47886561168534170  0.48510745008237804  0.49472644912380076
  0.50218570539128193  0.50636021980979784  0.50952660985051901  0.51283854773864779
  0.51536081846297321  0.51687740134005666  0.51844512092582418  0.52006367130916809
  0.52159577078009756  0.52302536753547624  0.52502991628411189  0.52818779279014505
  0.53226975762884310  0.53784376914008181  0.54325190999869077  0.54884321968366123
  0.55664301897883495  0.56514538953909588  0.57379392880794589  0.58142320907840972
  0.58890003780043598  0.59697851306949024  0.60552977366066107  0.61518705684687058
  0.62407385713198837  0.63231887930454123  0.63972515873399483  0.64682442621329128
  0.65464583618039185  0.66155160258833989  0.66801763531531433  0.67440775806903419
  0.68110980355259265  0.68783114154450253  0.69533126046930238  0.70102672766366203
  0.70697055132079467  0.71259804664817838  0.71685649590612754  0.72115109362269270
  0.72552098525936692  0.72903299543695377  0.73198410820565074  0.73598086259797968
  0.74165288463229617  0.74729163900339624  0.75076062971166768  0.75266059090405113
  0.75422273044900412  0.75554613093759804  0.75642121092917958  0.75715608791161515
  0.76001731722974430  0.76302725312831365  0.76499914402094504  0.76855598172735162
  0.77435626478045805  0.77966494233272809  0.78612090775817267  0.79424030813525948
  0.80447577759365219  0.81199959198106975  0.81783009040254540  0.82471177585594502
  0.83299556162931065  0.85315313179325714  0.89713984465551055  1.00000000000000000
   2.5912442249032446E-020  -1.0000000000000000     
 T F F F F F F F F F F F F F F F F F F F T F F F T F F F F F F F F F F F T F F F T F F F F F F F F F F F F F F F F F F F T F F F F F F F F F F F F F F F F F F F F F F F F F F F F F F F F F F F F F F F F F F F F F F F F F F F F F F F F F F F F F F F F F F F F F F F F F F F F F F F F F F F F F F F F F F F F F F F F F F F F F F F F F F F F F F F F F F F F F F F F F F F F F F F F F F F T F F F F F F F F F F F F F F F F F F F T F F F T F F F F F F F F F F F T F F F T F F F F F F F F F F F F F F F F F F F T F F F T F F F F F F F F F F F F F F F F F F F T F F F T F F F F F F F F F F F T F F F T F F F F F F F F F F F F F F F F F F F T F F F F F F F F F F F F F F F F F F F F F F F F F F F F F F F F F F F F F F F F F F F F F F F F F F F F F F F F F F F F F F F F F F F F F F F F F F F F F F F F F F F F F F F F F F F F F F F F F F F F F F F F F F F F F F F F F F F F F F F F F F F F F F F F F F F T F F F F F F F F F F F F F F F F F F F T F F F T F F F F F F F F F F F T F F F T F F F F F F F F F F F F F F F F F F F T F F F
  <DiscreteSampler_grid>
  grouped_processes
  1 # 1 for a reference and 2 for a running grid.
  10 # Attribute 'min_bin_probing_points' of the grid.
  1 # Attribute 'grid_mode' of the grid. 1=='default',2=='initialization'
  0.0000000000000000 # Attribute 'small_contrib_threshold' of the grid.
  0.5000000000000000 # Attribute 'damping_power' of the grid.
 # binID   n_entries weight   weight_sqr   abs_weight
    16   10   2.798204593348615E-018   5.315449777735629E-035   2.798204593348615E-018
    17   10   2.798204593348538E-018   5.315449777735299E-035   2.798204593348538E-018
    19   10   4.085640321376654E-018   1.159073531336541E-034   4.085640321376654E-018
    20   10   4.085640321376668E-018   1.159073531336573E-034   4.085640321376668E-018
    22   10   4.181883491152524E-018   1.265941836685632E-034   4.181883491152524E-018
    23   10   4.181883491152561E-018   1.265941836685673E-034   4.181883491152561E-018
    28   10   2.798204593348608E-018   5.315449777735594E-035   2.798204593348608E-018
    29   10   2.798204593348522E-018   5.315449777735225E-035   2.798204593348522E-018
    31   10   4.085640321376659E-018   1.159073531336544E-034   4.085640321376659E-018
    32   10   4.085640321376668E-018   1.159073531336573E-034   4.085640321376668E-018
    34   10   4.181883491152537E-018   1.265941836685642E-034   4.181883491152537E-018
    35   10   4.181883491152557E-018   1.265941836685669E-034   4.181883491152557E-018
    40   10   1.622388804687887E-018   2.185459141672548E-035   1.622388804687887E-018
    41   10   1.622388804687887E-018   2.185459141672547E-035   1.622388804687887E-018
    43   10   2.686428798599315E-018   6.462860349461685E-035   2.686428798599315E-018
    44   10   2.686428798599280E-018   6.462860349461524E-035   2.686428798599280E-018
    46   10   3.568926210234528E-018   7.064138116241834E-035   3.568926210234528E-018
    47   10   3.568926210234495E-018   7.064138116241667E-035   3.568926210234495E-018
    52   10   1.622388804687885E-018   2.185459141672544E-035   1.622388804687885E-018
    53   10   1.622388804687887E-018   2.185459141672546E-035   1.622388804687887E-018
    55   10   2.686428798599309E-018   6.462860349461658E-035   2.686428798599309E-018
    56   10   2.686428798599283E-018   6.462860349461534E-035   2.686428798599283E-018
    58   10   3.568926210234523E-018   7.064138116241806E-035   3.568926210234523E-018
    59   10   3.568926210234497E-018   7.064138116241678E-035   3.568926210234497E-018
    64   10   2.798204593348620E-018   5.315449777735647E-035   2.798204593348620E-018
    65   10   2.798204593348526E-018   5.315449777735247E-035   2.798204593348526E-018
    67   10   4.085640321376654E-018   1.159073531336541E-034   4.085640321376654E-018
    68   10   4.085640321376670E-018   1.159073531336575E-034   4.085640321376670E-018
    70   10   4.181883491152529E-018   1.265941836685637E-034   4.181883491152529E-018
    71   10   4.181883491152562E-018   1.265941836685673E-034   4.181883491152562E-018
    76   10   2.798204593348598E-018   5.315449777735545E-035   2.798204593348598E-018
    77   10   2.798204593348523E-018   5.315449777735232E-035   2.798204593348523E-018
    79   10   4.085640321376657E-018   1.159073531336542E-034   4.085640321376657E-018
    80   10   4.085640321376666E-018   1.159073531336572E-034   4.085640321376666E-018
    82   10   4.181883491152532E-018   1.265941836685638E-034   4.181883491152532E-018
    83   10   4.181883491152556E-018   1.265941836685668E-034   4.181883491152556E-018
    88   10   1.622388804687887E-018   2.185459141672548E-035   1.622388804687887E-018
    89   10   1.622388804687888E-018   2.185459141672548E-035   1.622388804687888E-018
    91   10   2.686428798599315E-018   6.462860349461685E-035   2.686428798599315E-018
    92   10   2.686428798599279E-018   6.462860349461522E-035   2.686428798599279E-018
    94   10   3.568926210234527E-018   7.064138116241832E-035   3.568926210234527E-018
    95   10   3.568926210234495E-018   7.064138116241664E-035   3.568926210234495E-018
    100   10   1.622388804687884E-018   2.185459141672541E-035   1.622388804687884E-018
    101   10   1.622388804687887E-018   2.185459141672544E-035   1.622388804687887E-018
    103   10   2.686428798599311E-018   6.462860349461666E-035   2.686428798599311E-018
    104   10   2.686428798599281E-018   6.462860349461526E-035   2.686428798599281E-018
    106   10   3.568926210234525E-018   7.064138116241811E-035   3.568926210234525E-018
    107   10   3.568926210234496E-018   7.064138116241672E-035   3.568926210234496E-018
  </DiscreteSampler_grid>
