  0.01979757351668087  0.06118904024571276  0.07703308003747712  0.09154009155320075
  0.11080821548757323  0.12842966201947995  0.16308886975781717  0.20177767396522261
  0.22895512024125125  0.24261185763671603  0.25631327343272808  0.27017123116480812
  0.28317027476833478  0.29361153324223888  0.30043065558445325  0.31688772487228895
  0.33320833222976221  0.34477289722035503  0.37029687855192484  0.42067272372105030
  0.45952892486080060  0.47101274819476496  0.47989543689789488  0.48179835596303744
  0.48370127502818000  0.48560419409332256  0.48750711315846512  0.48941003222360768
  0.49381134501186524  0.49895072105567023  0.50409009709947517  0.50922947314328015
  0.51436884918708514  0.51848513893997195  0.52005946291161353  0.52163378688325523
  0.52320811085489694  0.52478243482653864  0.52635675879818022  0.52959925091750859
  0.53418842699985691  0.53761914427859858  0.54090968942662487  0.54514540956779378
  0.55045051116386834  0.55499357480527800  0.55950331921004959  0.56422466830536955
  0.58204327548757384  0.59698566556766741  0.61322374559912340  0.62954336548935796
  0.63704940119522768  0.64277123885794618  0.64813192272866105  0.65352818912299737
  0.66012283730005861  0.66722922431954201  0.67401788993972134  0.68136924905174467
  0.68484226175435436  0.68654841442139802  0.68825456708844157  0.68996071975548523
  0.69323785289086037  0.69698879477877640  0.70073973666669231  0.70449067855460834
  0.70957921340033436  0.71501690395141326  0.72045459450249227  0.72589228505357117
  0.75213067184729476  0.76323058323794690  0.77298569607970802  0.78438167650525092
  0.79780788708248107  0.80848477182597001  0.82100900266202570  0.82748967123601513
  0.83019499733349855  0.83342679867491620  0.83510162281703559  0.83612501934035555
  0.83739958614888044  0.83980297772216084  0.84194338262775703  0.84416155654205571
  0.85979557099145631  0.89251480775459968  0.93439405482558757  0.95261432678555480
  0.96229361406600089  0.96675676054285065  0.97048239430125838  1.00000000000000000
 -0.00001770351898741  0.00054075186405672  0.00114807105958522  0.00155616563918369
  0.00253030900869373  0.00349284080083529  0.00438880775786512  0.00445619457462712
  0.00453388744992581  0.00460185675825811  0.00466131111338829  0.00471460223063436
  0.00476869761296494  0.00482890947934812  0.00487541187249534  0.00495993246937998
  0.00519242704845345  0.00551005224202090  0.00597821406536447  0.00653054765482087
  0.00699429850275312  0.00742744141597102  0.00788031499565480  0.00818104823828912
  0.00849390188550276  0.00872250055273692  0.00890290442889819  0.00901816876092115
  0.00913748079248185  0.00932128316262801  0.00953054303840718  0.00964067636895836
  0.00975080969950955  0.00986094303006074  0.00998225498263445  0.01011202902723705
  0.01024180307183966  0.01037157711644226  0.01048930358738166  0.01060273622661776
  0.01071616886585385  0.01082960150508994  0.01138441779591838  0.01169138407070613
  0.01208120031608642  0.01282456860003076  0.01335606009206000  0.01355837254582979
  0.01372390657747062  0.01390973148341479  0.01410403919867592  0.01423344126699747
  0.01440076363792972  0.01467888916316817  0.01497216098033808  0.01507876761129984
  0.01515159961446410  0.01524968572678900  0.01541476481057959  0.01552416768394435
  0.01556019850917667  0.01559622933440899  0.01563226015964131  0.01566829098487363
  0.01571581434481973  0.01583635647975978  0.01595689861469982  0.01607744074963987
  0.01619798288457992  0.01631852501951997  0.01648491166882305  0.01667601437855260
  0.01686711708828215  0.01705821979801170  0.01724932250774125  0.01749941211586255
  0.01791552371850397  0.01807344884743103  0.01827396821523491  0.01866392023571950
  0.01903826928799198  0.01937113008107137  0.01961146503321274  0.01990791218199795
  0.02031089249338435  0.02052611262740897  0.02071632555718506  0.02090493631360877
  0.02122435384380312  0.02186171361754484  0.02266938369566116  0.02361960431939862
  0.02479233300829825  0.02622806051187342  0.02758811449435940  1.00000000000000000
  0.02766617606742819  0.04851275587069871  0.07502849734561762  0.12122725603474016
  0.18225891963275584  0.23406978294584263  0.26351967498570000  0.27802527065665461
  0.28824283212496227  0.30365651135435434  0.32994669418321060  0.35298626724789689
  0.37245190406877698  0.38497137272207216  0.39216539396039118  0.39409927377606474
  0.39514316357464668  0.39608650648887705  0.39757643380277696  0.39864063265948513
  0.39939255465631363  0.40012434238780265  0.40665850009594845  0.42394902275121427
  0.44586552645321725  0.46812139355843269  0.47972097523742496  0.49322324092926401
  0.51008993429644123  0.52169825944771830  0.52875012337046645  0.53457226855767959
  0.54043855238784300  0.54553325677722952  0.55284965912357675  0.56344444473537225
  0.58827573950732592  0.60399950508907430  0.61558542947176564  0.62826048393472034
  0.64583179854941930  0.65900159573691419  0.67360079001351492  0.68584572778873809
  0.70223852634935302  0.72104249844319213  0.72908551593297333  0.73349767705740754
  0.73783117508810681  0.74323004711280227  0.75456858531413118  0.76688827546981175
  0.77872330239135901  0.79162447579049677  0.80294731770612937  0.81328636195636361
  0.81846052391790780  0.81989913164505035  0.82133773937219279  0.82277634709933523
  0.82421495482647766  0.82565353039209322  0.82709196184778455  0.82853039330347589
  0.82996882475916722  0.83140725621485856  0.83284568767054989  0.83533131725717902
  0.83795772079107878  0.84058412432497853  0.84321052785887829  0.84583693139277805
  0.86122503345724155  0.87214737024867806  0.88077647096905987  0.89386828609713753
  0.90565675007459856  0.91796839225172699  0.92900190182260667  0.93020804155724002
  0.93141418129187348  0.93262032102650683  0.93381753863183192  0.93490686281183977
  0.93599618699184772  0.93708551117185557  0.93817193086867190  0.93917597600891856
  0.94018002114916521  0.94118406628941187  0.94218811142965841  0.94635555512501568
  0.95291119522078449  0.95995022296431365  0.96979520270258912  1.00000000000000000
  0.01805462407859541  0.07119818620689591  0.10604682888666880  0.13301159249706868
  0.14723750206932548  0.16327783668202361  0.18802654231811594  0.21674141363881083
  0.23401943351371260  0.24130688435308334  0.24757773466371275  0.25987660474710267
  0.27267800057066061  0.28138559618396081  0.28418115669904148  0.28699525518259794
  0.28901639012404745  0.29087366721775115  0.29382863077804067  0.29723267230237338
  0.30040252989003552  0.30282585983748245  0.30599223504978690  0.31283741492933920
  0.31904708234313994  0.32515949255580207  0.33033456540141015  0.33536270727519046
  0.34006503139861155  0.35091860115454176  0.36893736950728140  0.38203061252833581
  0.39554559350653062  0.41554352258489297  0.43329060672121344  0.45791121918025479
  0.49720012442940420  0.52151416677697959  0.53657465341259125  0.55003416637507030
  0.56152435052290450  0.56982863314318111  0.57710865692780822  0.58280570229839024
  0.58529810142555216  0.58751254047388202  0.58874827955156572  0.59066911426107405
  0.59258994897058226  0.59451078368009058  0.59664666312667036  0.59986422598369393
  0.60308178884071761  0.60629935169774118  0.60949348271758375  0.61246727237333121
  0.61544106202907856  0.61841485168482602  0.62338400415952211  0.65975760268615746
  0.68863768689528060  0.69413492645629482  0.69724075236123673  0.70203435801798586
  0.70732264340574946  0.71193057123057135  0.71597369791005561  0.72105980768309064
  0.72453378773317079  0.72673566066491235  0.72958618011205523  0.74397906423406046
  0.75759956174855436  0.77235671173677845  0.78629819875060980  0.79910353799761147
  0.81559386795825817  0.82873249713137265  0.83543000840350801  0.84212751967564337
  0.84882503094777872  0.85552254221991408  0.86279551598943016  0.87183125957027829
  0.88086700315112632  0.88990274673197445  0.89893849031282258  0.90797423389367071
  0.91439985741824292  0.92052460706832917  0.92664935671841542  0.93277410636850167
  0.93889885601858791  0.95622546174608269  0.97135872669581846  1.00000000000000000
 -0.00016647126178078  0.00361241237275929  0.01026625645932240  0.01851164937697309
  0.02109908950493779  0.02211135674740508  0.02297557262492956  0.02344267553141617
  0.02407399182346701  0.02470120445678229  0.02489624521887949  0.02507468471390132
  0.02524687498130726  0.02539863831941623  0.02549601306647269  0.02555029596513204
  0.02560507757914777  0.02566415444538738  0.02576703067292997  0.02589131720090879
  0.02606398353311187  0.02625569378033473  0.02641634528941323  0.02656497166771572
  0.02664990864908923  0.02669966698915488  0.02674538938401223  0.02676519652362359
  0.02679156414725085  0.02681983096161508  0.02684687959413568  0.02687407652715602
  0.02689969727273399  0.02690787761022535  0.02690998381126887  0.02691209001231240
  0.02691419621335592  0.02691630241439944  0.02691840876729194  0.02692052094523746
  0.02692263312318299  0.02692474530112851  0.02692685747907403  0.02692896965701955
  0.02693107265988761  0.02693316281396966  0.02693525296805171  0.02693734312213376
  0.02693943327621581  0.02694152343029787  0.02696346778456313  0.02699432639308522
  0.02701754629576419  0.02702886952975457  0.02704066731172053  0.02705633319698703
  0.02724075112098375  0.03014948130760756  0.03038897204727592  0.03043397523310474
  0.03047334134969327  0.03051270746628180  0.03055207358287032  0.03058683215806231
  0.03061889942840293  0.03065096669874354  0.03068303396908416  0.03071571300230276
  0.03074980691795484  0.03078390083360692  0.03081799474925900  0.03085484100435152
  0.03097159763154603  0.03100364160988507  0.03103363340270777  0.03106400995502055
  0.03110530430384235  0.03115119254662589  0.03118123835503215  0.03120489977869197
  0.03122812327557888  0.03125488794833241  0.03130945535951334  0.03136780256993110
  0.03140002848385095  0.03143183053597141  0.03146356816979742  0.03161031962361576
  0.03196450002693952  0.03226244477523010  0.03257416705542113  0.03298845679224675
  0.03488323491109392  0.04476489534551912  0.51629864494009126  1.00000000000000000
 -0.00207534961416203  0.01418815085892434  0.02256540131386803  0.03304778098810469
  0.04705438225552314  0.06173796295557984  0.07423237382271720  0.07861407685999787
  0.08112406093301353  0.08261999712692306  0.08407129779244410  0.08595052766377856
  0.09033409784576844  0.09501773668522391  0.09914652654641645  0.11324924974126904
  0.13033172111352234  0.13692824676707815  0.13870641738416697  0.14085173081204960
  0.14203091373692678  0.14282283429968134  0.14361475486243591  0.14440667542519048
  0.14519859598794504  0.14651937069055107  0.15030453635161720  0.15408970201268332
  0.15787486767374942  0.16166003333481554  0.16544519899588167  0.16967336103663946
  0.17411962554523419  0.17856589005382889  0.18301215456242359  0.18745841907101832
  0.19356897369448298  0.20994558963232607  0.22021094742495750  0.23260446176859226
  0.24467956548351863  0.24967523570865538  0.26187565992421058  0.26320938837847108
  0.26454311683273157  0.26587684528699207  0.26721057374125251  0.26795905493891531
  0.26866655672127165  0.26937405850362800  0.27008156028598435  0.27073925520458447
  0.27138728735500267  0.27203531950542087  0.27268335165583901  0.28199967957803890
  0.31423468032092455  0.35588356022002854  0.39006988200106513  0.41645348405963967
  0.44139612890449653  0.46266889248860932  0.47712549080264399  0.49391765743421928
  0.51147792219259292  0.53478571128271002  0.56759273545934730  0.58512688068027674
  0.59740283479357648  0.60625044552792462  0.61464843153974635  0.62265680503100840
  0.63007901968744251  0.63984319809086498  0.65084613509930955  0.65966520296932851
  0.66617196090217767  0.67250021287048622  0.67898967369574337  0.69286069334115119
  0.70322130039384323  0.71091245487660626  0.71895314751193695  0.73156309479696824
  0.74361226514022127  0.75810135210008800  0.78909976161653061  0.81717116295766723
  0.83714208713246696  0.85540662345920482  0.87378699183789466  0.89264506885024819
  0.91077541684709984  0.92361053247711689  0.94783722901703804  1.00000000000000000
 -0.00630981407555541  0.03403120949992428  0.08882230514794236  0.13839448838519117
  0.15721158343787631  0.16956341030629174  0.17922370021353412  0.18634333064181532
  0.19322493913650854  0.19940470473259425  0.20690558320432687  0.22332648344094452
  0.26184597627107387  0.28615063069731916  0.29589563233928096  0.30007224806077065
  0.30549354440462345  0.31177751549577698  0.32028925110166440  0.33024864409725724
  0.34006867451855405  0.35151682318493416  0.36124264474657819  0.37081758033066903
  0.38315522566560889  0.43404062973093466  0.46595406524737459  0.48327146361438283
  0.49356744903691757  0.50264336230340068  0.51054508235015439  0.51659310422384097
  0.52410468407250377  0.53286309313530700  0.54492057058509136  0.55286809218835808
  0.56046144084495630  0.56886731995899209  0.58078858795640742  0.59181068008178450
  0.60903921252939941  0.62103425797795153  0.63794280610708121  0.65803425618022227
  0.67988319495991312  0.70411685231812637  0.70678409986609037  0.70945134741405436
  0.71211859496201846  0.71478584250998245  0.71745309005794655  0.71929243763514628
  0.72090300887672143  0.72251358011829647  0.72412415135987152  0.72573472260144656
  0.72733541036077121  0.72892114798309793  0.73050688560542454  0.73209262322775115
  0.73367836085007787  0.73532452738989051  0.74656354467408792  0.76653246414891985
  0.78648431608554614  0.80303383313057730  0.81794920558440731  0.83195676497115523
  0.84422215739463435  0.85833633529578546  0.86157822181086829  0.86383398892761565
  0.86595344595666246  0.86904741586532719  0.87181889441265459  0.87747532153493757
  0.88892622880249905  0.90023898984597817  0.91093113364704381  0.92460312329638006
  0.94286450010165845  0.95112520283348634  0.95257491296843144  0.95402462310337655
  0.95547433323832154  0.95692034837371709  0.95827665534178319  0.95963296230984929
  0.96098926927791539  0.96234557624598149  0.96349317470635543  0.96461698406586494
  0.96574079342537444  0.96686460278488384  0.97210492930783521  1.00000000000000000
 -0.00648588697555569  0.02515914205953661  0.02861447600882001  0.03206980995810340
  0.03552514390738679  0.03898047785667019  0.04243581180595359  0.04429392398995070
  0.04595300621067479  0.04761208843139886  0.04927117065212295  0.05093025287284703
  0.05245126206497344  0.05389116421526262  0.05533106636555180  0.05677096851584097
  0.05821087066613015  0.06193744611330276  0.06909498680839690  0.07126761007925442
  0.07309809723697350  0.07438870480584236  0.07569886123246473  0.07725695177395858
  0.07936385666448065  0.08118480749083037  0.08184268226815332  0.08250055704547625
  0.08315843182279918  0.08380506635496940  0.08442129510542816  0.08503752385588692
  0.08565375260634568  0.08627478589546488  0.08692321548133899  0.08757164506721313
  0.08822007465308725  0.08887979327080507  0.09140080153454633  0.09432929988588605
  0.09734273071394170  0.09977953176867714  0.10183344307160565  0.10486933430286008
  0.12583920659218942  0.14086971716187743  0.15111654675817182  0.16289901835046358
  0.17378252789781506  0.18413894832405406  0.19272455978101424  0.19870363329554491
  0.20609395156895260  0.21465431278719094  0.22794970802390024  0.23756715147809143
  0.24702549548218156  0.27218408387927678  0.31622767282902753  0.38489794093480800
  0.39956752325885675  0.40926067723028603  0.42074043367319586  0.43221611605126126
  0.44841666478244963  0.46820527912490778  0.48326699493296271  0.50851427841821528
  0.56727747676854745  0.58271098832342638  0.59451302221448576  0.60586932783349190
  0.62572861771258415  0.64806038217611628  0.69392073116687381  0.73194532706438842
  0.74871425692734717  0.75941851012212225  0.77130782042327772  0.77805216080710349
  0.78368611309260039  0.78880994566057894  0.79316167573022622  0.79648898904407239
  0.79888409109391445  0.80057152951917976  0.80233536367118163  0.80672849787210454
  0.81551141531516180  0.83679296786902013  0.86126604238921201  0.89007460639888281
  0.91869715219358605  0.94335840569473284  0.96711283235620693  1.00000000000000000
 -0.01112575098024106  0.02972494449622627  0.06018373963673125  0.08287185416068008
  0.09930673641046328  0.10140266160538822  0.10349858680031315  0.10559451199523809
  0.10769043719016302  0.10978636238508796  0.11240923890456209  0.11554814277009193
  0.11868704663562177  0.12182595050115162  0.12496485436668146  0.12810375823221129
  0.13148847900262114  0.13492340737159128  0.13835833574056144  0.14179326410953158
  0.14522819247850172  0.15297632933223690  0.18174069752538483  0.21029751324935017
  0.25703166237319436  0.29590592322749010  0.31416632236057984  0.32524735594304094
  0.33331242558120072  0.33564800694872193  0.33798358831624320  0.34031916968376441
  0.34311385100055730  0.34897598873337377  0.35483812646619034  0.36070026419900680
  0.36656240193182332  0.37687034906911199  0.38775700650565020  0.39864366394218836
  0.40953032137872653  0.42690740758398854  0.45270538231985269  0.48422344306980575
  0.50744968910968324  0.51819408575875203  0.52675564127020535  0.53555047239787279
  0.54121890316660648  0.54429350867896875  0.54658662507073363  0.54919847490709461
  0.55425881227015938  0.55968165958787863  0.56359356888244971  0.56796160525471873
  0.57477739234049385  0.58032921373072688  0.58516917740980690  0.59000884419359301
  0.60035662825030223  0.60983483789113213  0.61746473601143159  0.62572778701166720
  0.63863999463322652  0.66045138864219954  0.68033477927795660  0.71659063063112083
  0.74336971271237362  0.76241804604856844  0.77448496030458636  0.77985617009337760
  0.78426681801293963  0.78785797218967268  0.79364082488875209  0.80225919424932057
  0.80752555669946180  0.80957460352346000  0.81123950889587282  0.81476384528397838
  0.81759812981619939  0.82079926304311002  0.82269562074893710  0.82428536895062710
  0.83297996730162471  0.86043800706244611  0.89323739107292455  0.91740882710559368
  0.93287098972148885  0.95109257622608390  0.96526614113536480  0.97300867137669600
  0.97520487283618107  0.97664649995883246  0.98078233126531078  1.00000000000000000
 -0.00852769212109691  0.03547140870697107  0.05342881837389352  0.06504282756883185
  0.07192327373164457  0.07816737685698348  0.08086285660005516  0.08180868589689616
  0.08275451519373717  0.08370034449057817  0.08474876569645896  0.08585639626954415
  0.08696402684262934  0.08807165741571452  0.08904904832926420  0.08993684864769430
  0.09082464896612438  0.09171244928455446  0.09334664483428348  0.09505165206177130
  0.09674703933560902  0.09902832034900641  0.10229779913716168  0.10588864645965083
  0.10942217635097151  0.11326870746950009  0.11639428381181915  0.11953328383145262
  0.12267389496597721  0.12805892713478520  0.13739983573712078  0.14883992455081524
  0.15807101022458928  0.16755397293809893  0.17186542478646474  0.17589884084970830
  0.18149752945795483  0.18646923728054970  0.19223303147683005  0.20036824616879206
  0.21050132824698992  0.22661499651276565  0.23370674915631628  0.23643546071970936
  0.23931658137941245  0.24199054587733215  0.24407827550163899  0.24671450523246838
  0.25119113407057175  0.25557189083959786  0.26078634138238577  0.26496898209255004
  0.27053949651066378  0.28020493425002868  0.29268524676824742  0.31274232901183546
  0.33264627047918061  0.35093288931404898  0.36657910898650781  0.37248918216929816
  0.37421533761265746  0.37594149305601671  0.37766764849937595  0.37939380394273525
  0.38111124756568504  0.38270590304885449  0.38430055853202394  0.38589521401519339
  0.38748986949836284  0.38908452498153229  0.39117219604157272  0.39390143580573916
  0.39663067556990567  0.39935991533407217  0.40208915509823862  0.40481839486240512
  0.45108565353488067  0.46872403485557396  0.47790952839550260  0.48536337033766513
  0.49283659541893338  0.51241411211253540  0.53465263620750814  0.56891796156875052
  0.59552394270537379  0.61223627783770940  0.63785093487678279  0.66462722734185631
  0.70383433698984044  0.74407937085660614  0.77876506335193241  0.81012478831442936
  0.83633625652623378  0.86492462888267307  0.90334601261994552  1.00000000000000000
 -0.01347457137447611  0.07014705070973527  0.12180752139480323  0.13818989763135134
  0.14314584151522300  0.14810178539909466  0.15305772928296632  0.15801367316683801
  0.16145595544096356  0.16455377860661316  0.16765160177226274  0.17074942493791234
  0.17384724810356192  0.17851826586129890  0.18337768041894328  0.18823709497658764
  0.19309650953423202  0.19795592409187637  0.22542003089287696  0.24484462692806910
  0.25500603692286644  0.26004944497777255  0.26701522173277470  0.26803221275018557
  0.26912729942990005  0.27023133271437128  0.27118431912839563  0.27232463320952699
  0.27356186863997578  0.27481828559374932  0.27624293901239322  0.28402199496521430
  0.29149379255184460  0.29915830211342015  0.30737205563718906  0.31359865867531500
  0.32330015565949266  0.33909488303524865  0.35279164437773319  0.36407853227636083
  0.37865289127684093  0.40488421917804607  0.44411353861255198  0.47670868521484783
  0.49770427099729347  0.51013181022589527  0.52330751563494593  0.52982888145197282
  0.53701505396364779  0.54691511703096141  0.55335962826158258  0.55638751860780389
  0.55868053318925537  0.56080924690210077  0.56193733169199178  0.56360473010246936
  0.56716205516242091  0.56904927125332239  0.57200849961912026  0.57886240646448450
  0.59826389753887632  0.62345786422813121  0.64018101835953922  0.64480750696930245
  0.64943399557906556  0.65406048418882878  0.65868697279859190  0.66321452002890313
  0.66767649054576717  0.67213846106263120  0.67660043157949523  0.68106240209635927
  0.68417092003983104  0.68697754099138053  0.68978416194293002  0.69259078289447951
  0.69576423557266431  0.71156691376340531  0.73892407531605653  0.77999943612722034
  0.80013081264839103  0.81223334077268161  0.82419330400510948  0.84577228032107477
  0.86456109743362319  0.87469897757359127  0.87866238244530270  0.88077906797061445
  0.88363436268053486  0.88768877491731302  0.89580748330389259  0.90715059002644505
  0.92365686871964825  0.94668427947959644  0.97447923445246387  1.00000000000000000
 -0.00825421964386664 -0.00218887704529161  0.00387646555328341  0.00994180815185843
  0.01600715075043345  0.02207249334900847  0.02813783594758349  0.03475104437187999
  0.04148091051055615  0.04821077664923231  0.05494064278790847  0.06167050892658462
  0.08289683140447521  0.10147039146648650  0.11366814386620334  0.12807519537193862
  0.13873264022616905  0.14828357184618024  0.15634883734946131  0.16113841753082808
  0.17115340846015353  0.18225864732852043  0.19888568618288946  0.22248593637559047
  0.24339297372428012  0.27286031093209556  0.29094389638898188  0.30075691427011730
  0.30774452531807062  0.31529486474453194  0.32151481768230084  0.32797464612826788
  0.33220018351746233  0.33757892272000106  0.34302807122278806  0.34820057329177051
  0.35557988459374468  0.36719162624747909  0.40367273208139171  0.43304214050493073
  0.44714035362346460  0.45436326160687629  0.46332847962511314  0.47265413882711804
  0.48547404175209896  0.49231419388039399  0.49501547229540616  0.49771675071041838
  0.50041802912543054  0.50311930754044276  0.50577077197929643  0.50761425621346357
  0.50945774044763059  0.51130122468179773  0.51314470891596475  0.51498819315013189
  0.51679758146803390  0.51858353453255435  0.52036948759707491  0.52215544066159536
  0.52394139372611581  0.52672614869448364  0.53727149947565178  0.55260509402732738
  0.58260308165635988  0.63842819719941202  0.68063049904411665  0.69372013466074978
  0.70776612620230162  0.72468612415732758  0.73493739950799009  0.73881095954192355
  0.74014631901902228  0.74147338597164969  0.74326243825092131  0.74530583738695111
  0.74738981064420928  0.75037534086522395  0.75308800394338415  0.75635809156419676
  0.76849200492927394  0.77896104291671775  0.79353292859502633  0.82793606145646037
  0.84695524319192772  0.85676692104024921  0.86385477245337683  0.87180962115885097
  0.87954572200514214  0.89620167448239685  0.91478767437435127  0.92879746345731762
  0.93665264858707165  0.94562112832834633  0.95943608162264771  1.00000000000000000
 -0.01165522839870338  0.03858469569101495  0.08470464783391510  0.10598330670542208
  0.11873602655309932  0.12858480702913358  0.13244402021638765  0.14328499960617735
  0.15526730680651787  0.16559040845285650  0.17391501393767927  0.18681073567919640
  0.21964854751906182  0.22621760216895984  0.23278665681885785  0.23935571146875587
  0.24554796091497846  0.24946354837833198  0.25337913584168548  0.25729472330503900
  0.26131948182405035  0.26652662974271146  0.27173377766137252  0.27694092558003358
  0.28248121332415049  0.29732830853534625  0.30584551822606737  0.32312822964202736
  0.32987310122552083  0.33474087053363177  0.34653813294768820  0.35329400734410527
  0.36307432212570839  0.37004469878306895  0.37982306914269059  0.39934020262739184
  0.43367993292769802  0.46029582176500250  0.46887308960406354  0.47745035744312458
  0.48602762528218563  0.49460489312124667  0.50318216096030766  0.50746095282370374
  0.51161197331759090  0.51576299381147805  0.51991401430536532  0.52406503479925248
  0.52675815356596878  0.52762224040587835  0.52848632724578792  0.52935041408569750
  0.53021450092560707  0.53107858776551664  0.53701787217418706  0.54300686776507934
  0.54890146700673259  0.55360513036756853  0.55970525210311839  0.56596831907937362
  0.56966904449916178  0.57375087885092091  0.59020833774112669  0.61925412751158870
  0.64414136256074783  0.66492688555587121  0.68307534397122083  0.70587290728656982
  0.72778351932923813  0.74184230117968331  0.75697407687319951  0.77963084798181848
  0.79406708687183458  0.80204566412949030  0.80680673375053635  0.80970787804229438
  0.81251154916113755  0.81592655810227255  0.82549828869901143  0.83353720508665952
  0.84397849120827950  0.84814638869624581  0.85186300962154593  0.85558112158679966
  0.86210508971348099  0.87089119358499667  0.88092617275165908  0.89100011564142134
  0.89919016774467875  0.90317690733459799  0.90714092651140810  0.91124722380103362
  0.92236526762445814  0.94085494118889790  0.96511037881173845  1.00000000000000000
 -0.00106217647555305  0.00693505089317967  0.02148593920469630  0.04417644787587707
  0.06207077686537561  0.10567481162825930  0.13327778339190122  0.15104816576410962
  0.16406462023127855  0.17250137369994495  0.18265994798001906  0.21244401562450971
  0.24266336440988898  0.27632432057184558  0.30255070769462028  0.33500821052494029
  0.38146881600868499  0.42901453343758883  0.46404561574335368  0.47525180251812144
  0.48111198902866059  0.48428512770168464  0.48516428834986602  0.48591162773395763
  0.48672031851563846  0.48725619483763177  0.48776922634618330  0.48859228593009812
  0.48954515381037267  0.49046025671944049  0.49673222770950032  0.50234479695122591
  0.50865706712318837  0.51221010309251624  0.52268273239717489  0.53398272691406168
  0.53880148610498468  0.54130783670730487  0.54267274945696087  0.54403766220661687
  0.54540257495627287  0.54676748770592887  0.54813240045558476  0.54960146963919387
  0.55107313539052583  0.55254480114185778  0.55401646689318973  0.55548813264452168
  0.55694927286475548  0.55838799402297701  0.55982671518119842  0.56126543633941994
  0.56270415749764147  0.56414287865586299  0.57254190819267980  0.58522491333983173
  0.60660367617127642  0.62657916855443618  0.65497874210443219  0.70102429425026469
  0.73032686524452950  0.74358337724943990  0.75240635329919436  0.76106582326656014
  0.76976613962598162  0.77587710975334023  0.77923890001599261  0.78260069027864509
  0.78596248054129747  0.78946686890248763  0.79308870287405120  0.79671053684561466
  0.80033237081717823  0.80363379155473114  0.80673133626878057  0.80982888098283012
  0.81292642569687956  0.82080530962072518  0.83542924141524977  0.85799010632614980
  0.88888720190522230  0.91821662922938896  0.93480701888598539  0.93900995563083678
  0.94152404524684274  0.94346640594804243  0.94520092332149819  0.94846242119171920
  0.95165141417735211  0.95511377176142287  0.95920358919862581  0.96665867645333237
  0.97780488241916730  0.98716174554259339  0.99379287189721111  1.00000000000000000
 -0.00342591235468459  0.01611258367251175  0.03711442768648822  0.04771423741042635
  0.05657298594898960  0.06721217679920496  0.08878010452642968  0.09940106417151107
  0.10967826060963036  0.11995545704774964  0.13023265348586893  0.13922743087813474
  0.14807180013415633  0.15691616939017794  0.16576053864619952  0.17209218429675005
  0.17779927234406787  0.18350636039138565  0.18921344843870344  0.20779182703841628
  0.22273003714367867  0.23541343361306213  0.24542852991567840  0.25258628655352872
  0.26238404935951176  0.27505703300569434  0.28791883508862126  0.30267755973710131
  0.31545668825453721  0.32766451230482369  0.34428638787147581  0.36901704329103796
  0.38066058486835225  0.39035147420653260  0.39597968929345279  0.39951082419692968
  0.40497466779673336  0.41164976756186644  0.41769036498633316  0.42030784223725942
  0.42733011373623808  0.44636338400227371  0.48649897044819934  0.50588728898163693
  0.51990551447516153  0.54336456963594615  0.57976587337505736  0.62838121188684459
  0.68344592707198837  0.69626889754922139  0.70450905365187799  0.71232051264985297
  0.71980354360324883  0.72691345098424220  0.72939376749782847  0.73016317993137125
  0.73093259236491404  0.73170200479845682  0.73247141723199960  0.73321013631957921
  0.73388168017135536  0.73455322402313150  0.73522476787490765  0.73589631172668379
  0.73656785557845994  0.73706666377214014  0.73754313602559263  0.73801960827904522
  0.73849608053249771  0.73897255278595031  0.74059598773014035  0.74436973517843552
  0.75187558713322966  0.75784555511475005  0.76223379167286398  0.76748214449323326
  0.77100658974262803  0.78064427815936999  0.81444451101187432  0.83506780018710580
  0.84149483659245672  0.84814187645075667  0.85382633700866817  0.86108339386534904
  0.87124888409693091  0.88188543941953645  0.89102376299877872  0.89749376806247072
  0.90530645333835491  0.91552303309089034  0.92446005478065230  0.93085454010257063
  0.93925433394484981  0.95822274442483013  0.97970809734200104  1.00000000000000000
 -0.00279223089124638  0.01481813496053418  0.03182132782235489  0.04742062932503442
  0.05600649570517448  0.06635042940905576  0.08309295237945932  0.09447127312159770
  0.10433468877846118  0.11556295167772374  0.12919192391431267  0.14198551702344295
  0.15446466386851129  0.16582657228534886  0.18802777282690325  0.22168727943348421
  0.26306617406324689  0.30325752404508605  0.33021813332392136  0.35201186122546435
  0.38087957546740264  0.41652244565920404  0.44059993805480524  0.44457979671555203
  0.44855965537629877  0.45253951403704551  0.45651937269779225  0.46049923135853899
  0.46484798502413183  0.46926283316839290  0.47367768131265403  0.47809252945691511
  0.48250737760117623  0.48735510247414260  0.49345251343282542  0.49954992439150830
  0.50564733535019113  0.51174474630887401  0.51784215726755689  0.54695099879805709
  0.58782377276854703  0.62318880331485615  0.64708215644660050  0.66586177387869550
  0.68292251108898472  0.69206181602743644  0.69642943568939075  0.70071437147811177
  0.70502575546167823  0.71037505148636648  0.71977952959733726  0.73104173750920354
  0.73745313712259752  0.74386401094229282  0.75088045828787542  0.75813476441272043
  0.76406349832720044  0.77139678073054263  0.77765224072327777  0.77940253978509955
  0.78123219772357444  0.78382785179872805  0.78549204666360894  0.78683874288660494
  0.78833875495695083  0.78935381697098905  0.79014189088246933  0.79088215273604423
  0.79147176980989020  0.79545255680658944  0.80145805227915379  0.80676157905747548
  0.81417420902004711  0.82624431583286362  0.82972068857378689  0.83319706131471016
  0.83667343405563355  0.84009174634416173  0.84343644932091222  0.84678115229766260
  0.85012585527441298  0.85445964942724073  0.85961608627346442  0.86477252311968822
  0.86992895996591191  0.88058405209386548  0.89354699829265860  0.90470159334761924
  0.91274780706793657  0.91672323543125889  0.92062708726347309  0.92564967891120031
  0.93076858570938248  0.93934529444272130  0.96000233563554827  1.00000000000000000
 -0.00917128297993595  0.02575765941921754  0.04794064885201626  0.06262491925582309
  0.08452230405112790  0.10402490357697827  0.12784700488582221  0.13658498640021757
  0.14361013044541324  0.15063527449060890  0.15686759232402991  0.16141486027416463
  0.16596212822429934  0.17050939617443406  0.17582018774317071  0.18140065772824068
  0.18698112771331063  0.19467752178751194  0.20807636332026394  0.21633736036968435
  0.23131750461832853  0.25433402825322560  0.26541396176723797  0.26968923745912904
  0.28508243296826485  0.30284125039855664  0.31037006885796736  0.31743434269244680
  0.32923473473482728  0.34669113107725907  0.35818745238395738  0.36464133457208919
  0.36923421749648322  0.37652358963829902  0.40266022103635202  0.42618764189847547
  0.45659387276147895  0.48472340818195314  0.51450500764089357  0.54769768860540025
  0.57811807191499665  0.60617133712804827  0.63001020297757260  0.65283090799632337
  0.66840915189651884  0.67201229479615576  0.67561543769579280  0.67921858059542983
  0.68282172349506676  0.68642486639470379  0.68932438628139392  0.69072714026774362
  0.69212989425409333  0.69353264824044303  0.69493540222679273  0.69633815621314243
  0.69764431947131611  0.69870598228979774  0.69976764510827938  0.70082930792676090
  0.70189097074524254  0.70295263356372417  0.70541343181990035  0.72095246940585733
  0.72779617172051980  0.72997677353209534  0.73252451445218747  0.73475225431874003
  0.73684005739653302  0.73873438487555554  0.74061879470614700  0.74250426134445535
  0.74574922428900725  0.75280188711689799  0.76084802924793926  0.77074677723753249
  0.78122810445613755  0.79140173834967076  0.79808330751789203  0.80249661565865327
  0.80928797721611201  0.81893467196055203  0.82318149269485941  0.82694656264137134
  0.83448758107995047  0.84154941358026747  0.84969615168205748  0.85997918603112355
  0.87576847215132081  0.89177265822763929  0.90455057807120631  0.91313789138000256
  0.92401010437903164  0.94266067595259873  0.96936306173105058  1.00000000000000000
 -0.01055771388960586  0.61775960866904700  0.75054337989241404  0.78823074930486359
  0.79730807290320560  0.79859086602101315  0.79988117892545962  0.80135218655068541
  0.80326092543152805  0.80566719538772258  0.80831670177237092  0.81208839376489073
  0.81555583084628613  0.81847506759880617  0.82094058610536891  0.82367415660124788
  0.82703545689653757  0.82903873668591632  0.83027588390674090  0.83093161290786099
  0.83156366621880728  0.83248989631049075  0.83488937603944757  0.83655625210810958
  0.83732473563610632  0.83778006472230471  0.83821375509142315  0.83876700556513262
  0.83966713988014074  0.84009474267659334  0.84028890810401036  0.84048307353142726
  0.84067723895884428  0.84085619988262617  0.84102910511971285  0.84120201035679942
  0.84137491559388611  0.84153976081226989  0.84170110241125207  0.84186244401023425
  0.84202378560921654  0.84260619081515331  0.84336330855849950  0.84420353598050246
  0.84474561027712547  0.84484998615609408  0.84494727578603412  0.84515914002223880
  0.84598701594141545  0.84684428542288626  0.84758485233362513  0.84844782866047253
  0.84942948526750250  0.85084788498656305  0.85205030754119093  0.85406765285417319
  0.85660583318667105  0.86114956357363748  0.86578633873353628  0.87063707275181579
  0.87631362347647812  0.88255419972611093  0.88776520424657801  0.89048868108306434
  0.89221704727205264  0.89394709090697289  0.89521797996885244  0.89624832566171342
  0.89653110088096033  0.89681387610020713  0.89709665131945404  0.89737942653870095
  0.89766220175794786  0.89799967009268167  0.89834788410945199  0.89869609812622242
  0.89904431214299274  0.89939252615976306  0.89972841126641279  0.90004602901352226
  0.90036364676063174  0.90068126450774122  0.90099888225485070  0.90131650000196017
  0.90376738044578664  0.90605580975017475  0.90880243858412124  0.91150360046965850
  0.91338826092178382  0.91495693742305606  0.91721706395943181  0.92054046096258457
  0.92652850678468002  0.93349176662796940  0.95180550632584249  1.00000000000000000
 -0.03765865461196662  0.15839865180091395  0.21502619597315467  0.24144451298975769
  0.27032969729096745  0.29807052654524296  0.32199295874496520  0.34100901811705453
  0.36268251191494871  0.37236180278889447  0.38321579547856005  0.39319954313155642
  0.40054179743819412  0.40254312466176362  0.40452288016786381  0.40619506787717302
  0.40906928017599514  0.41138775068346800  0.41337409369968808  0.41620605174556252
  0.41881322489995992  0.42263852363316312  0.42747627753128609  0.42955709707569195
  0.43106777770744242  0.43720295341182547  0.44827061957467995  0.46135498332514069
  0.47098300498647894  0.48198499316124610  0.49037065856804152  0.49192844843839673
  0.49348623830875193  0.49504402817910720  0.49671527739602050  0.49852834975591026
  0.50034142211580002  0.50215449447568983  0.50428110805639581  0.50684772501565878
  0.50941434197492175  0.51198095893418483  0.51825056890831633  0.52657624851898555
  0.54037670420455797  0.55829798754417015  0.56768313646363522  0.57422662716174855
  0.57980678677111996  0.58245555262368554  0.59168216717890354  0.60644313743724887
  0.61287159969984761  0.61696461474065167  0.62073592511247389  0.62458593919147576
  0.62876195224841536  0.63301086326284406  0.63687823101669006  0.64043852568885440
  0.64351892205644390  0.64578132258279175  0.64690881935159794  0.64726768623054687
  0.64762655310949591  0.64798541998844494  0.64834428686739387  0.64870315374634291
  0.64970435211325961  0.65072186062143900  0.65173936912961838  0.65275687763779788
  0.65377438614597727  0.65493612750323460  0.65635283215934859  0.65776953681546269
  0.65918624147157667  0.66060294612769066  0.66201965078380476  0.66921998727221121
  0.67945473551878866  0.69200040389038109  0.71204002751244444  0.73383643896892092
  0.76611374539136157  0.78027504531171565  0.78980719574990232  0.79857684899365233
  0.80698810678357824  0.81367839542338216  0.82034513162448963  0.83506730982743671
  0.85654271568371942  0.87968650961657269  0.91555565266602601  1.00000000000000000
   1.1527331569555677E-014  -1.0000000000000000     
 T F F F F F F F F F F F F F F F F F F F T F F F T F F F F F F F F F F F T F F F T F F F F F F F F F F F F F F F F F F F T F F F F F F F F F F F F F F F F F F F F F F F F F F F F F F F F F F F F F F F F F F F F F F F F F F F F F F F F F F F F F F F F F F F F F F F F F F F F F F F F F F F F F F F F F F F F F F F F F F F F F F F F F F F F F F F F F F F F F F F F F F F F F F F F F F F T F F F F F F F F F F F F F F F F F F F T F F F T F F F F F F F F F F F T F F F T F F F F F F F F F F F F F F F F F F F T F F F T F F F F F F F F F F F F F F F F F F F T F F F T F F F F F F F F F F F T F F F T F F F F F F F F F F F F F F F F F F F T F F F F F F F F F F F F F F F F F F F F F F F F F F F F F F F F F F F F F F F F F F F F F F F F F F F F F F F F F F F F F F F F F F F F F F F F F F F F F F F F F F F F F F F F F F F F F F F F F F F F F F F F F F F F F F F F F F F F F F F F F F F F F F F F F F F T F F F F F F F F F F F F F F F F F F F T F F F T F F F F F F F F F F F T F F F T F F F F F F F F F F F F F F F F F F F T F F F
  <DiscreteSampler_grid>
  grouped_processes
  1 # 1 for a reference and 2 for a running grid.
  10 # Attribute 'min_bin_probing_points' of the grid.
  1 # Attribute 'grid_mode' of the grid. 1=='default',2=='initialization'
  0.0000000000000000 # Attribute 'small_contrib_threshold' of the grid.
  0.5000000000000000 # Attribute 'damping_power' of the grid.
 # binID   n_entries weight   weight_sqr   abs_weight
    16   10   4.875341421116791E-016   1.451432148677256E-030   4.875341421116791E-016
    17   10   4.875341421116480E-016   1.451432148677036E-030   4.875341421116480E-016
    19   10   1.149414229471688E-015   1.121914226911093E-029   1.149414229471688E-015
    20   10   1.149414229471502E-015   1.121914226910702E-029   1.149414229471502E-015
    22   10   5.610099168752365E-015   2.993424894273229E-028   5.610099168752365E-015
    23   10   5.610099168750165E-015   2.993424894270821E-028   5.610099168750165E-015
    28   10   6.087412420474219E-017   1.620389723909883E-032   6.087412420474219E-017
    29   10   6.087412420473242E-017   1.620389723909240E-032   6.087412420473242E-017
    31   10   9.304147708993044E-017   4.892708893159818E-032   9.304147708993044E-017
    32   10   9.304147708991163E-017   4.892708893157674E-032   9.304147708991163E-017
    34   10   7.807806918154290E-015   5.161091904379554E-028   7.807806918154290E-015
    35   10   7.807806918154497E-015   5.161091904379824E-028   7.807806918154497E-015
    40   10   4.875341421117535E-016   1.451432148677806E-030   4.875341421117535E-016
    41   10   4.875341421114126E-016   1.451432148675292E-030   4.875341421114126E-016
    43   10   1.149414229471581E-015   1.121914226910865E-029   1.149414229471581E-015
    44   10   1.149414229471567E-015   1.121914226910839E-029   1.149414229471567E-015
    46   10   5.610099168752340E-015   2.993424894273200E-028   5.610099168752340E-015
    47   10   5.610099168750404E-015   2.993424894271082E-028   5.610099168750404E-015
    52   10   6.087412420474311E-017   1.620389723909947E-032   6.087412420474311E-017
    53   10   6.087412420473362E-017   1.620389723909312E-032   6.087412420473362E-017
    55   10   9.304147708993051E-017   4.892708893159803E-032   9.304147708993051E-017
    56   10   9.304147708991094E-017   4.892708893157615E-032   9.304147708991094E-017
    58   10   7.807806918154281E-015   5.161091904379544E-028   7.807806918154281E-015
    59   10   7.807806918154498E-015   5.161091904379821E-028   7.807806918154498E-015
    64   10   4.875341421118615E-016   1.451432148678607E-030   4.875341421118615E-016
    65   10   4.875341421112673E-016   1.451432148674227E-030   4.875341421112673E-016
    67   10   1.149414229472737E-015   1.121914226913306E-029   1.149414229472737E-015
    68   10   1.149414229471908E-015   1.121914226911559E-029   1.149414229471908E-015
    70   10   5.610099168753886E-015   2.993424894274892E-028   5.610099168753886E-015
    71   10   5.610099168751364E-015   2.993424894272133E-028   5.610099168751364E-015
    76   10   4.875341421118498E-016   1.451432148678521E-030   4.875341421118498E-016
    77   10   4.875341421112622E-016   1.451432148674188E-030   4.875341421112622E-016
    79   10   1.149414229472608E-015   1.121914226913033E-029   1.149414229472608E-015
    80   10   1.149414229472064E-015   1.121914226911887E-029   1.149414229472064E-015
    82   10   5.610099168754114E-015   2.993424894275142E-028   5.610099168754114E-015
    83   10   5.610099168751374E-015   2.993424894272143E-028   5.610099168751374E-015
    88   10   6.087412420474233E-017   1.620389723909946E-032   6.087412420474233E-017
    89   10   6.087412420473157E-017   1.620389723909186E-032   6.087412420473157E-017
    91   10   9.304147708992902E-017   4.892708893159693E-032   9.304147708992902E-017
    92   10   9.304147708991502E-017   4.892708893158168E-032   9.304147708991502E-017
    94   10   7.807806918154300E-015   5.161091904379564E-028   7.807806918154300E-015
    95   10   7.807806918154465E-015   5.161091904379772E-028   7.807806918154465E-015
    100   10   6.087412420474268E-017   1.620389723909972E-032   6.087412420474268E-017
    101   10   6.087412420473228E-017   1.620389723909221E-032   6.087412420473228E-017
    103   10   9.304147708992869E-017   4.892708893159643E-032   9.304147708992869E-017
    104   10   9.304147708991395E-017   4.892708893158040E-032   9.304147708991395E-017
    106   10   7.807806918154301E-015   5.161091904379570E-028   7.807806918154301E-015
    107   10   7.807806918154476E-015   5.161091904379786E-028   7.807806918154476E-015
  </DiscreteSampler_grid>
