 -0.00000040900815252  0.00000438286291505  0.00000750518744157  0.00001033433900257
  0.00001230945246686  0.00001413437516765  0.00001543413690297  0.00001662723356662
  0.00001769015592751  0.00001876458828616  0.00001988816821584  0.00002102785347300
  0.00002193427077148  0.00002278214586002  0.00002349384782971  0.00002433027638298
  0.00002523124159726  0.00002620549955316  0.00002708606867931  0.00002785605109572
  0.00002843130035559  0.00002885715446134  0.00002921175243333  0.00002958856076811
  0.00002996324690456  0.00003029959363521  0.00003059852212325  0.00003095092392472
  0.00003127941676525  0.00003158204808106  0.00003192397073688  0.00003229720592368
  0.00003270562945337  0.00003312502223042  0.00003356331300213  0.00003401595432048
  0.00003446180835294  0.00003479890104179  0.00003517210210318  0.00003553387620632
  0.00003589806841072  0.00003625818849368  0.00003675601225582  0.00005019787527560
  0.00006336053497051  0.00006397991227646  0.00006442223884563  0.00006483677237425
  0.00006524656347901  0.00006568993459438  0.00006616162570958  0.00006673281183091
  0.00006726253534733  0.00006784852692835  0.00006840742002968  0.00006895474243839
  0.00006954861482800  0.00007017661652296  0.00007086110509692  0.00007150433155175
  0.00007214874555778  0.00007266636076560  0.00007341085295301  0.00007443509707203
  0.00007579934074532  0.00007710509368485  0.00007826055781100  0.00007930770948784
  0.00008024863260028  0.00008101784682553  0.00008193278516154  0.00008295956802783
  0.00008402469697973  0.00008526458344969  0.00008667481662946  0.00008850079957594
  0.00009068292736677  0.00009397771889301  0.00009911768317764  0.00010439207491180
  0.00011073919138993  0.00011745867359628  0.00012552288561622  0.00013359298940691
  0.00014100728790814  0.00014846466242548  0.00015988699420084  0.00018004092522128
  0.00020732743918941  0.00024436830174582  0.00031830823444477  0.00044722977554371
  0.00065637683192416  0.00094824951094262  0.00273800767200970  1.00000000000000000
 -0.00002349950711873  0.00014615964856695  0.00021332967061629  0.00026419238932120
  0.00032392080141810  0.00036842610393656  0.00039492567412357  0.00042954092292890
  0.00046591145267494  0.00050136984335807  0.00053682017206871  0.00057410014451197
  0.00061873533621727  0.00067422193263736  0.00073368663444760  0.00079256378958251
  0.00084186056242249  0.00088258368804361  0.00091539939825893  0.00094465663893581
  0.00097340812352371  0.00100269190945514  0.00104163265634087  0.00108158783631947
  0.00111985373143023  0.00114927376316780  0.00117627688033155  0.00120036729315080
  0.00122656466157515  0.00125300475023756  0.00127795548015290  0.00130031951273646
  0.00132098121063262  0.00133942734966594  0.00136220461083110  0.00138341637389395
  0.00139808869458297  0.00140711068784316  0.00141757999641233  0.00143006201246443
  0.00144239569369972  0.00145471200612865  0.00146939985627797  0.00148647699012384
  0.00150362033118597  0.00152067336879214  0.00153852730364832  0.00155884898985099
  0.00157805651771481  0.00159831394154397  0.00161875039255185  0.00163813591899561
  0.00165899176980533  0.00167522549835556  0.00169207477289799  0.00171046016741876
  0.00172924403008294  0.00174897362582245  0.00176858124003721  0.00178590044932241
  0.00180163315315025  0.00181947373541657  0.00183592298803445  0.00185618280298520
  0.00187384530723021  0.00189376932147684  0.00191140638883307  0.00192726557134108
  0.00194250791494656  0.00195739546133411  0.00197227083257848  0.00198778238750819
  0.00199800026897927  0.00200565847908329  0.00201369805757176  0.00202094303978161
  0.00202931778259039  0.00203864662625764  0.00205173919604235  0.00206678194754881
  0.00208380022731496  0.00209881168255854  0.00211343074860484  0.00212746144870337
  0.00214042700535798  0.00215338875526036  0.00216721289362091  0.00218153790805418
  0.00220039021513383  0.00222668545709792  0.00226102656443108  0.00230634108945214
  0.00236276050088599  0.00243593265016694  0.00249917087615816  1.00000000000000000
  0.02175719445707016  0.03917948263993034  0.05268667039412914  0.06507388223822992
  0.07780451467433229  0.09133351642673082  0.10377906323812222  0.11437608832627985
  0.12566081923137096  0.14157248196388361  0.15701773085899856  0.16885995561895986
  0.17903714641011753  0.18973322821884300  0.20301135474607748  0.21983358855245541
  0.24218878429662102  0.25907326432660449  0.27365416774194773  0.28496125841641362
  0.29334160602358600  0.29974674999796136  0.30887369570847079  0.31576452763419782
  0.32348786432763904  0.33340475599839531  0.34243488453000587  0.35081006682508048
  0.36027561798860658  0.37209954533004369  0.38477459951279636  0.39609558287272789
  0.40514141058338010  0.41246999364618758  0.41691282178178923  0.41966877719328227
  0.42401026686107690  0.43234580298983727  0.43939441386337691  0.44297822389451963
  0.44695044335067668  0.45140921166326631  0.45870832488952018  0.46655392649057953
  0.47372547897669098  0.48112483024170982  0.48859723597209120  0.49698366225992052
  0.50759218568032560  0.52175159599414600  0.53120698971070601  0.53920817066870874
  0.54600478970767441  0.55559071230930224  0.56389223272944577  0.57325468941397995
  0.58240409492632517  0.59214311426148081  0.60325562275887845  0.61428629411818592
  0.62569981472448088  0.63558789211378741  0.64653891219325343  0.65771191752751579
  0.66678086738368125  0.67571574234467491  0.68527614464091802  0.69551839717516184
  0.70534711385412874  0.71392820781293465  0.72165608612457344  0.73038352573092191
  0.73987749069002651  0.74868086937793443  0.75543210406742367  0.76155705236297044
  0.77045728282468517  0.78544225759839459  0.79847594622083917  0.80923307401100397
  0.81859381827247790  0.82753619558454616  0.83713087466777525  0.84714805663345649
  0.85722937060274640  0.86495908731281546  0.87346620085368054  0.88608418406909362
  0.90358467941924248  0.92296982720818843  0.93839876842103831  0.95065454213231104
  0.95930114627579266  0.96648168745793273  0.97127885320336238  1.00000000000000000
  0.02135317785228239  0.04667535538338574  0.06350735626298401  0.07758819737655483
  0.08800742084715379  0.09619512239863887  0.10511311941384231  0.11645819176913444
  0.12809334676632467  0.14321685777886584  0.15419520328942851  0.16209592380519389
  0.17744136959597284  0.19388572761486950  0.21011101458362874  0.22434460998589778
  0.23490267492875508  0.24418751887502868  0.25414897311997109  0.26269560879080478
  0.27080005308630312  0.27957772504157830  0.28884981037119634  0.29987843981734302
  0.31160859688654813  0.32240360362763454  0.33266877812707446  0.34310209814932929
  0.35260155722983177  0.36076380593988411  0.36835745182415602  0.37669998934123983
  0.38471486250777615  0.39243096097133290  0.40117036263131051  0.41125780332076117
  0.42281604489930186  0.43244476181551450  0.44065405227478271  0.45034907853636391
  0.45903874180108417  0.46949208596398867  0.48117760171737800  0.48934288896923461
  0.49718575711933866  0.50348753589411865  0.50980310542638752  0.51672274397889328
  0.52487502713426237  0.53583992949531356  0.54923479106707840  0.56310902913725402
  0.57384718937601442  0.58235196903268593  0.59060534519045405  0.59959663593144130
  0.60890148827657986  0.61809885112975427  0.62705221042108994  0.63676364827637810
  0.64724431306556784  0.65793930429215941  0.66845671606162471  0.67923664726839816
  0.68890787438014889  0.69647640860806836  0.70368660545356543  0.71256571440008942
  0.72242741659086540  0.73255109990936673  0.74151446817191724  0.74948786750433172
  0.76036630684605389  0.76940151085037389  0.77580213565927203  0.78127719440484278
  0.78649305140580772  0.79294510191050405  0.80255510744240366  0.81654040163795505
  0.83021522107490020  0.83862203866151686  0.84653707250491828  0.85524354217036613
  0.86397025921653881  0.87000683841408311  0.87516779794704358  0.88151258615685313
  0.88994671104881207  0.90067494364562528  0.91056423450855239  0.92302895884032710
  0.93994345899280196  0.95822786987747643  0.97223389318580489  1.00000000000000000
  0.00346665067457229  0.00371658279443640  0.00390139730255933  0.00403268623857815
  0.00414514961626259  0.00424942661772270  0.00435059263628536  0.00444626011030738
  0.00453237222376495  0.00460812686536380  0.00467886998852719  0.00475137352705433
  0.00482930688107525  0.00491096252012791  0.00497808802651642  0.00503391353189965
  0.00509141146460194  0.00515553628436889  0.00523435832270920  0.00532502083256982
  0.00542359652012832  0.00552591005215558  0.00563225066994974  0.00573230035356600
  0.00584684905226920  0.00596598512799384  0.00608297838274684  0.00619970758310041
  0.00631962984571028  0.00643582757163245  0.00655178744212262  0.00665736971541841
  0.00675860717386744  0.00685386492498035  0.00694567858343493  0.00703756038642223
  0.00713515170874006  0.00725393973961106  0.00738562303227529  0.00753587245360130
  0.00767693262706718  0.00780661011482122  0.00793677012135255  0.00806590711714589
  0.00819077723840598  0.00832244209118250  0.00847509005114682  0.00866316897575525
  0.00886009188035566  0.00901855784294964  0.00915975895198368  0.00930688064186830
  0.00944265472110241  0.00958397813382503  0.00971237358501089  0.00979942600192260
  0.00986873184733055  0.00993821392731726  0.01002938403055873  0.01016486767783095
  0.01032247414716559  0.01046475761105603  0.01056961646683704  0.01066620821851035
  0.01077422866027061  0.01088735692433752  0.01102015084077379  0.01119915849921228
  0.01141627625255226  0.01171125855649707  0.01203173296615694  0.01224709254772191
  0.01242282535942983  0.01262566798972084  0.01292259792459479  0.01331574331503337
  0.01366078749773046  0.01396648456417846  0.01440398715946971  0.01505273314424468
  0.01573659018938657  0.01636638868166379  0.01696558955356149  0.01765286090934485
  0.01859739086780355  0.01957220780228911  0.02046347679040610  0.02127886622272819
  0.02192516778755414  0.02339939270626952  0.02580710044720570  0.02815104087317323
  0.03149521307798905  0.17274879110943070  0.44414620803481197  1.00000000000000000
 -0.00065168985752898  0.00382752414379742  0.00674709062870464  0.01032053982896751
  0.01593997845704324  0.02363698834224040  0.03500409657713692  0.04392477293985136
  0.05249476083015453  0.06006626283136565  0.06711482087193409  0.07427228939984094
  0.08219401225253328  0.09338819378742411  0.10899034135314528  0.12330794877428511
  0.13106565154651420  0.13613994266164228  0.14168353265445671  0.15075135797687927
  0.16011691574507952  0.16947093493484688  0.18018620358920578  0.18943143589442513
  0.19393325019213989  0.19774855914206152  0.20301619220183131  0.20922236438395619
  0.21557286505925891  0.22240321643696873  0.22756187922205390  0.23340721825559099
  0.24130405332990898  0.25085879561408386  0.26160876069706124  0.27470862183017830
  0.29014200898869036  0.30468142358336525  0.31913262841214712  0.33302839936847656
  0.34270956810547010  0.35227807834715641  0.36021118527904922  0.36764370125435142
  0.37471417313183802  0.38373700267147115  0.39225794892013699  0.40084341654544459
  0.40901559291624601  0.41620893211580501  0.42247557764524740  0.42897812837426091
  0.43584296560905389  0.44221245575429591  0.45099856774982722  0.46156785180129828
  0.47226488153095814  0.48321403108728206  0.49389215899460709  0.50274903861765285
  0.51540156880367582  0.52922107151558717  0.54343883637865564  0.55749287963853988
  0.57091457346529140  0.58414662701982689  0.59641667930064746  0.60797053867153517
  0.61966367957720525  0.63180504263158399  0.64586516173550124  0.66135383944317927
  0.67846915845240818  0.69814061474909683  0.71596073433063234  0.73254388512934310
  0.74741849063368337  0.76393440200808427  0.77915963610703132  0.79386522443236973
  0.80923139977858849  0.82531727154253498  0.84003900894944161  0.85664432101222165
  0.87439731478004779  0.89110696939091505  0.90556819322586224  0.91458165170884720
  0.92508659855174902  0.93557853412578751  0.94385771299313292  0.95100655687167535
  0.95832452309093552  0.96792307463188476  0.98465181310716010  1.00000000000000000
 -0.00190768142215813  0.00776706086932669  0.01394155419296635  0.02141932792255810
  0.02799836853165031  0.03540687490631760  0.04366142996332360  0.05393476977085079
  0.06436911683414255  0.07400545800304860  0.08243585365795841  0.09063679304212074
  0.10052476065793892  0.10907438023909753  0.11902309500060901  0.12972727435169418
  0.14189939715675648  0.15240658872825752  0.16472779580363939  0.17748213248745587
  0.19055482930510442  0.20459729123104137  0.21501021925814512  0.22393811483670245
  0.23326064334547675  0.24094537646817163  0.24939644999044447  0.25910681089695053
  0.26656253060862989  0.27497451440804344  0.28611317063964209  0.30041366970843897
  0.31578484999037904  0.32682841822671682  0.33384828535481847  0.34073351307992633
  0.34773423819975624  0.35501103233839892  0.36287402419427583  0.37060317396437265
  0.38092842517776487  0.39630585237438132  0.40919199872523349  0.42275081996936781
  0.43682272543806622  0.45118714392935766  0.46591746189493666  0.47840725742799234
  0.48886098226003993  0.49897501088760238  0.51000484536250712  0.52174247988873157
  0.53336304002797497  0.54571039398408838  0.55749948953445405  0.56973629232608802
  0.58324723684229973  0.59792802254859423  0.61239152661614527  0.62593657642935174
  0.63600321117250191  0.64494344063191988  0.65331263851622934  0.66173685950303474
  0.66961804708470385  0.67816765366798692  0.69097140299884263  0.69916401265021122
  0.70515519447032871  0.71153712600082231  0.72036384832037725  0.73125848468518562
  0.74247033421877384  0.75571545354540359  0.76787408045229388  0.78015675304931298
  0.79384182457342833  0.80691169774174332  0.81691404326762407  0.82389537683713165
  0.83047263666277182  0.83837882432492405  0.84526459601469062  0.85195793643298012
  0.85965607558690682  0.86819785923864612  0.87812225817827549  0.88880403883766368
  0.90119976695206094  0.91452552587750113  0.92877232413601363  0.94344765500570149
  0.95707501351444146  0.96920890910510515  0.98258626931716642  1.00000000000000000
 -0.00259769631563933  0.00721853224233361  0.01606245334637071  0.02390681302665228
  0.03096228080456568  0.03790167254832215  0.04694364407745454  0.06473201074964283
  0.08220874121780605  0.09633293569967485  0.10764889167371534  0.11793020883750252
  0.12814506599432635  0.13964958279966919  0.15291191015890415  0.16530755565101377
  0.17674462207275088  0.18969825955695604  0.20353069380258440  0.21311573079381346
  0.22109704468365890  0.22879733864265764  0.23541275521718824  0.24247461893978331
  0.24971295327396054  0.25705682256349754  0.26589153185549647  0.27490277321437478
  0.28062841765422730  0.28515458733862220  0.29050319432053129  0.29799366958652518
  0.30798485094789052  0.31936050634896940  0.33221240445577982  0.34886833825975366
  0.36655394744473957  0.38285017245089054  0.39908600272498729  0.41524797014784037
  0.43028698608880062  0.44469021909915496  0.45684301147963063  0.46765051987644279
  0.47709814751169921  0.48509513088454964  0.49365453654584968  0.50475787651648607
  0.51693877897817730  0.53265389686199094  0.54501231857821220  0.55368496219729824
  0.55984980866924472  0.56614331880615565  0.57444714607216307  0.58531018090959286
  0.59705509121732792  0.60837002788784245  0.61905342605174574  0.62864007949792311
  0.63930380050652524  0.65178262593505354  0.66637895810263148  0.68235566062744102
  0.69837307095517653  0.71471540214767115  0.72891740775270741  0.74099858736544488
  0.75404703091522995  0.76547499058393842  0.77675218731242879  0.78919482282332853
  0.80199966393718247  0.81456772044194603  0.82897154273565565  0.84240128361506716
  0.85209484066905128  0.86200038381515265  0.87261070819552145  0.88316524745891523
  0.89188848421661016  0.90185354779426374  0.91223476396081526  0.92345411340832362
  0.93270366965876672  0.93939391795484384  0.94463573772026155  0.94911221878679619
  0.95466200546351665  0.95982285026347780  0.96550969509640083  0.97420404811865025
  0.98270670846547170  0.98851887149203888  0.99361469856753415  1.00000000000000000
 -0.00285450295503039  0.00864050645704170  0.02029704615149915  0.03320206681494260
  0.04211498532799785  0.04875728569264097  0.05636520209054621  0.06347013586838013
  0.07023733433619549  0.07673912795242128  0.08387926278617104  0.08944850593482669
  0.09861147690469280  0.10622508511850637  0.11193213604034311  0.11808746955531006
  0.12517017525181590  0.13333819054523069  0.14200200572923441  0.15334418969148875
  0.16638768461815590  0.17923482765568485  0.19078931415287673  0.20325647896355606
  0.21660383503134678  0.23131541733426678  0.24650648831757202  0.26006958316797862
  0.27163777320264504  0.28227417776833197  0.29260377878277072  0.30442412754401399
  0.31665051895436525  0.32814837896841698  0.33952986790987660  0.35132962297269776
  0.36366182135219377  0.37823626180878539  0.39131252670441924  0.40348872544436543
  0.41478886513899915  0.42404718333159275  0.43243941536083058  0.44068792499334392
  0.44774092288476708  0.45562712550055467  0.46171518605868550  0.47113575739050173
  0.48214234653794374  0.49358195718149983  0.50553228420367191  0.51661240609759107
  0.52748627662772896  0.53714069486224547  0.54464552414490908  0.55163830923136303
  0.55870999192328441  0.56596157474888309  0.57385798295161605  0.58244128162241138
  0.59253025535022996  0.60514952243794629  0.61837801175553353  0.63016072843263327
  0.64316181396077554  0.65785068282765835  0.67153129647670318  0.68201562970923812
  0.68915520102146222  0.69609132764806925  0.70327889667275301  0.70835830385086151
  0.71420856893445184  0.72189103813984867  0.73244681668779910  0.74556929208625911
  0.75883982300029562  0.76920289170192102  0.77826438282665744  0.78727199282806148
  0.79782688619710995  0.81050510687317801  0.82594560110438353  0.84205498082926356
  0.85472327684727778  0.86555832097994756  0.87682254463301756  0.88782811210795132
  0.89997459662564772  0.91297527012869273  0.92499900958997727  0.93618117069470519
  0.94785523139727978  0.96113590202217258  0.97799866517568779  1.00000000000000000
 -0.00172961708067019  0.00911714720455818  0.02103532079468323  0.03549549789290915
  0.05128295596919143  0.06695991081702028  0.08220051540899180  0.09330913813908610
  0.10449390376870538  0.11530365294578321  0.12583014567171064  0.13707761183902167
  0.14757053324686512  0.15596034876294043  0.16241666202220814  0.16871311733639355
  0.17601096622666443  0.18430865115908446  0.19531472379445300  0.20382086404737146
  0.21159108791545220  0.22214796114558913  0.23434677467646045  0.24947151049553087
  0.26710701607118909  0.28636902577836809  0.30396531766299895  0.31830857769142429
  0.33213542705585447  0.34225075043623715  0.35412031743735478  0.36529353485934773
  0.37606958749100039  0.38672816390651477  0.39830365980615973  0.40963093161295167
  0.42246159037108599  0.42911935733643120  0.43562396793992847  0.44225156130209448
  0.44931911926289053  0.45726401027193603  0.46443839714451629  0.47331559498367998
  0.48348549242001215  0.49343337874236970  0.50454787852860439  0.51744379709793586
  0.53242664651542393  0.54247767104522404  0.55213370305250864  0.56182068783775907
  0.57150148282784163  0.58098601510839176  0.59059931670800725  0.60047808942521275
  0.60947161488953217  0.61611851174966914  0.62357268461419835  0.63338965347035459
  0.64213398186946480  0.65112026509208398  0.66058335117452849  0.67051396139489894
  0.68079303245227929  0.69100951561947144  0.70118746760436046  0.71101407960243845
  0.72179362395252122  0.73434660396802953  0.74553189580221935  0.75504779478416140
  0.76317733105281516  0.77406058543378220  0.78580040297247267  0.79706298223411198
  0.80713471320052022  0.81584707505740295  0.82378313058680630  0.83069998961966995
  0.83737864049660427  0.84310026675949312  0.84827874394987635  0.85383548670003884
  0.86023600622288432  0.86786769314270085  0.87537241974567070  0.88619953925331019
  0.90153367240754467  0.91714528127172945  0.93199881830820952  0.94562205403706723
  0.95925334112858773  0.97296821410497747  0.98660590735737497  1.00000000000000000
 -0.00308387402156430  0.00955143873415912  0.02103755106578226  0.03408925226292765
  0.04795788941185026  0.06133816758170467  0.07478936756822945  0.08493646190747786
  0.09203947734475890  0.09929209128681775  0.10703757643681927  0.11520327751808809
  0.12445728719143488  0.13067544125632805  0.13762899119308764  0.14584790926558244
  0.15334847826137374  0.15985599142657522  0.16729429622794706  0.17555346174869157
  0.18479349640221632  0.19573669816704048  0.20752853672551763  0.21829771370647175
  0.22562730770012251  0.23481769688884979  0.24435137442988761  0.25462922638339447
  0.26825013447668322  0.28169895875040424  0.29749415042804811  0.31409216913238230
  0.33137864717372845  0.34734588647258879  0.35970673800829356  0.37169918502707355
  0.38283430769287202  0.39650882966245177  0.41080247251793173  0.42642818046259001
  0.44087036067589480  0.45230123106068104  0.46246620494640861  0.47295672078996009
  0.48344253787507163  0.49314205513477000  0.50122475588169990  0.50797601808440263
  0.51370880126426111  0.51956550086760922  0.52684998847079101  0.53486308000756810
  0.54388649557473467  0.55379107655936943  0.56424945236444346  0.57518222863968793
  0.58631996525320051  0.59644484585432112  0.60629822386435894  0.61751039592700341
  0.62786602507965439  0.63766159873609762  0.65008459651940376  0.66236008702432825
  0.67401865691068774  0.68440497760375307  0.69307867812079094  0.70018053619736442
  0.70699258410232202  0.71424068531266716  0.72195992666807773  0.73320237392357035
  0.74612830347968284  0.75844948708605853  0.76895259481080536  0.77900627004177103
  0.78950969107163160  0.79973847910695250  0.81086105302561318  0.82351896366858979
  0.83737773863089593  0.84991876077156181  0.85973310548241633  0.86902239083311450
  0.87931999414838580  0.88842998713457400  0.89704675710209814  0.90484210728354719
  0.91236655596943095  0.92119314395170371  0.93141792287233749  0.94245715629390059
  0.95380394776806476  0.96719377972961240  0.98235963841012841  1.00000000000000000
 -0.00412466347551684  0.01372793133981155  0.02740320999182344  0.03814131559230630
  0.04743084503691193  0.05627344782665691  0.06450222622726648  0.07293296893797833
  0.08216026921557540  0.09220245239985730  0.10239019650142756  0.11204698852314565
  0.12190694446238368  0.13462104807235634  0.14970764285470034  0.16059873442612677
  0.16999029544982178  0.17892480816361694  0.18695110939625925  0.19529906454842283
  0.20345289027391233  0.21109575825460392  0.22016164667101351  0.23160057086707020
  0.24467034853497352  0.25768250476678117  0.26971982962365981  0.28229402960978783
  0.29495461602894191  0.30795881009197035  0.32096252735736830  0.33167870225224688
  0.34152478500593242  0.35191613113235048  0.36360065950182041  0.37289239797901369
  0.38257291143627731  0.39315031787470833  0.40512247932720857  0.41874925825627729
  0.43360962606144854  0.44469589109228830  0.45275143793496980  0.46249571724149818
  0.47605581612044912  0.48720117536413832  0.49321687433407824  0.49790588669997027
  0.50255566846873612  0.50979336898618410  0.51999191184208926  0.52737577134837765
  0.53266851688942074  0.53922699253372319  0.54635274370666786  0.55360735877344236
  0.56031325178370317  0.56728446989524339  0.57799089492817513  0.59231425185091846
  0.60710958991686736  0.62277411129171500  0.64061915241171363  0.65671797879965432
  0.66901502287255488  0.67845943793451280  0.68736451176278790  0.69815721429065802
  0.71137311054248720  0.72795047332961782  0.74615596602378731  0.76191999581389780
  0.77567725583981950  0.78883406956806812  0.80161202966565714  0.81635071105564760
  0.83021637137383508  0.84178644441492478  0.85180957040724981  0.85905836584660367
  0.86540923844180317  0.87190008885362258  0.88064520007505620  0.88819735158523394
  0.89861970684229198  0.90915715907809247  0.91782776166799607  0.92258050008892900
  0.92806705278737311  0.93478656075707867  0.94343830803911322  0.95286388185722282
  0.96188160232504816  0.97076817361924739  0.98279599475878332  1.00000000000000000
 -0.00269978658076711  0.01119534458024964  0.01982249293048288  0.02693612736914178
  0.03708146744731788  0.04875696191411141  0.06117770973923811  0.07353933473149581
  0.08597855469161364  0.09858668721809871  0.11148840672450096  0.12514034233118443
  0.14008567544362369  0.15528630530414700  0.16655894485370909  0.17548948703821113
  0.18551573015150807  0.19658330974931798  0.20934359725854734  0.22311703059477758
  0.23559185847623898  0.24682070276841669  0.25876039632233322  0.27036525707527675
  0.28130573766735184  0.29208368783115102  0.30252060796880365  0.31302871117666548
  0.32634170494378634  0.34285959487619777  0.35697277555463136  0.36796164692355160
  0.37575716282682675  0.38241694214581617  0.38877313361148735  0.39641418484076846
  0.40517709713149608  0.41379309898387256  0.42286122065928639  0.43377202381722885
  0.44571646885091726  0.45805907643769139  0.47399575357777740  0.48992416406418260
  0.50241292291326378  0.51325610166196489  0.52148587911338340  0.52858480413333364
  0.53754354346012712  0.54778421671553257  0.56050442385604515  0.57349552854496610
  0.58595875138951525  0.59734434401585901  0.60937690118206200  0.62342421694842443
  0.63691359529484970  0.64960345504003514  0.66001609091648250  0.66861253624968930
  0.67479018165966220  0.68103901286547652  0.68941212077859260  0.70012693006020321
  0.71002226607745689  0.71581809416060860  0.72143556814696330  0.72861544732772920
  0.74085780178927418  0.75363876729524260  0.76171742753000649  0.76821233214747653
  0.77419589497776553  0.78147807155039584  0.78872052769095802  0.79645568663282318
  0.80951534902990741  0.82413025633657111  0.83835442339218147  0.84981565648813573
  0.85962841246291977  0.86766776119744193  0.87517070340908809  0.88425017655150051
  0.89350460679441168  0.90261567945105281  0.90857653636583990  0.91617450371039866
  0.92361337556378253  0.92844894098923425  0.93240620325008450  0.93901491167701778
  0.94830304609976845  0.96107604749819642  0.97945832389187992  1.00000000000000000
 -0.00307030021433800  0.01180406277364824  0.02206669165851463  0.03013487867895948
  0.03684031933962915  0.04339133818077870  0.05109933789791834  0.05816449565712025
  0.06505794903258809  0.07263379541432442  0.08102806953035842  0.08757809803834476
  0.09364338732523812  0.09917063935880850  0.10744564963320972  0.11735531151538013
  0.12736317297723887  0.13946056698130238  0.14838187617208179  0.15666193274082235
  0.16468093994048749  0.17195914510813859  0.17835481813540913  0.18649308977370421
  0.19515491829187709  0.20488524080439119  0.21601082414950942  0.22815489694143345
  0.23973281147650227  0.25155701306257156  0.26438766916067596  0.27633179047736062
  0.28873618023528658  0.30029037063649761  0.31334823910396448  0.32729468930994882
  0.34112569086653988  0.35385082378244065  0.36722475089705353  0.38185346027195083
  0.39793595231190770  0.41443925011974470  0.43006758405990514  0.44479530542112178
  0.45779057291200609  0.47054935078762522  0.48350833865109044  0.49547941575665416
  0.50835660144126926  0.52136757993617888  0.53585661529272632  0.54748197010075206
  0.55687135953913902  0.56589069094356081  0.57407051119581920  0.58159451215614377
  0.59004030148180076  0.60242681707368373  0.61977261321794375  0.63753945422890013
  0.65247046539770759  0.66677188209207927  0.67965227086517355  0.69134447586440961
  0.70020909710233270  0.70752510454058770  0.71350179593332330  0.71874900657334251
  0.72534470071449064  0.73146229654765538  0.74005595642683930  0.74822257253726721
  0.75752346026482420  0.76918382251068984  0.78179104977229330  0.79148356584616886
  0.80024379769512100  0.80913639569439011  0.81725962161459742  0.82360980897187175
  0.82949609200243468  0.83566842776726835  0.84263860288737380  0.84885847490687294
  0.85534465607743526  0.86389789203760281  0.87447942912063426  0.88629479087869001
  0.89869062507391417  0.90949654562857751  0.92183573391063056  0.93398391541047376
  0.94795585079920519  0.96410110038108687  0.98164626745561545  1.00000000000000000
 -0.00373765739731209  0.00943245622360994  0.02019988722053194  0.02921771394659995
  0.03916990929719518  0.05095667107729687  0.06542499516878698  0.08186441198623881
  0.09894774838579787  0.11610807881774027  0.13027735921410513  0.14235983255851317
  0.15158854752809761  0.15905937547172139  0.16706155996988192  0.17585512450683621
  0.18594294013986659  0.19723371566934791  0.20592412082019340  0.21641581570083260
  0.22911963399183075  0.24202180128312212  0.25586168961432859  0.26923064119355694
  0.28415081071818632  0.29986584971898156  0.31539027504299083  0.32861359199852924
  0.33753394163953815  0.34604291516281199  0.35306401695953554  0.36168876871815131
  0.37273730422687640  0.38460357368911946  0.39211580283406322  0.40022407056578307
  0.40937052357053838  0.42456927527107485  0.43886646905774523  0.44777695145648128
  0.45433830980217882  0.46046523641673248  0.46716273231827182  0.47439579288182854
  0.48042700615089234  0.48669564292106915  0.49364812574782668  0.50018319862907568
  0.50762243977518762  0.51550602022451286  0.52454991206916712  0.53338138412635216
  0.54241134785140077  0.55135378810349489  0.55970547846036556  0.57163569717473273
  0.58498121619340215  0.59566676600548873  0.60537697037296234  0.61435357628844811
  0.62217280262995378  0.62962195836859347  0.63827163520357422  0.65023991758582411
  0.66371779560055988  0.67693865881166027  0.68971742310589601  0.70200492487763078
  0.71379544687570462  0.72316946280366823  0.73248871110808678  0.74067836181007940
  0.74861120030440387  0.75721732351904436  0.76650631416745074  0.77361366958294775
  0.78260889483399465  0.79439114602890892  0.80793414673750819  0.82177494866996359
  0.83695493870904725  0.85254132380188241  0.86304398202779353  0.87421296164525830
  0.88747862294902347  0.89962168971511047  0.90826393110370596  0.91560892400825655
  0.92271393884574082  0.93181365685203255  0.94486965451127181  0.95401365297936647
  0.96353670960896298  0.97380882258718526  0.98521374979056320  1.00000000000000000
 -0.00239429680768556  0.00746381056950881  0.01538326281284639  0.02320041906789311
  0.03184200873555785  0.04092678506484387  0.05159447908093021  0.06303487773819709
  0.07362371292668571  0.08299680782273039  0.09246063025105931  0.10247610600361647
  0.11476786059031116  0.12961243180512655  0.14572187991291730  0.16205839367938168
  0.17482615600007526  0.18625607159754715  0.19751172887281518  0.20909369541326103
  0.22055107484100372  0.23172843722276951  0.24349485817829969  0.25452194990323174
  0.26374226980514565  0.27406801107956941  0.28584722547460867  0.29891055261989807
  0.31019614499159004  0.31900508546685002  0.32772426287951584  0.33662454203054859
  0.34565385525570130  0.35372215231953824  0.36164781966760962  0.37345953690636563
  0.38630509998997287  0.40479603969300854  0.41840399741662970  0.43134787073505204
  0.44426690604030405  0.45672708200822959  0.47315417367235879  0.48761082128419803
  0.50076242649700542  0.51273225479884033  0.52262746862677223  0.53174870625770287
  0.54070936346342724  0.54793825776312388  0.55417264353955586  0.56279546229026811
  0.57252287016069592  0.58178714061992820  0.59441846825720268  0.61102653726418354
  0.62692882883141476  0.63977868925744130  0.65085332078457181  0.66169291449412115
  0.67313435038743019  0.68234739795930266  0.69227941147285688  0.70636103991825827
  0.72373608669499279  0.74016529813348630  0.75063885819080656  0.75946131099638881
  0.76727882150037130  0.77780309989337471  0.78665114137083259  0.79739496413513022
  0.80804780900177142  0.81875802312430190  0.82889723597977261  0.83736081196099654
  0.84749272847603818  0.85751796097688293  0.86758173103944691  0.87658003888766733
  0.88373432749954306  0.89033645492483859  0.89703438406933356  0.90339727579413587
  0.91009068466577869  0.91809590406697694  0.92686973421147745  0.93538370959176365
  0.94389474940862306  0.95229320238592097  0.96001368899417017  0.96771149431712578
  0.97547865796625643  0.98393390722625262  0.99166890726913037  1.00000000000000000
 -0.00387815124629698  0.01410552037077320  0.02847277904629991  0.03982935447853118
  0.04978340816088981  0.06180234494434318  0.07747018721350862  0.09436662498049656
  0.10701241362763367  0.11859788253516924  0.13013534590096570  0.13963223898485042
  0.15127819457537037  0.16097491660251095  0.16846546697962647  0.17524322077346929
  0.18279830040045444  0.19135891502363656  0.19951124039455484  0.20804284427240935
  0.21559547846042901  0.22374595761041099  0.23336783734880140  0.24157629890554511
  0.24948933606187401  0.25721689393725650  0.26413551980958966  0.26929054044806233
  0.27690320193843626  0.28655911759652181  0.29951368699071290  0.31433928694389146
  0.32691596273399715  0.33789648113337961  0.34882802346945163  0.35964438920458786
  0.36979223526488758  0.38005253253462801  0.39164266837555423  0.40239453709640038
  0.41283966574993719  0.42252579109785743  0.43142251715274615  0.43923757719202705
  0.44603115900193913  0.45339008434099382  0.46354300488338612  0.47535204698414046
  0.48803826856441745  0.50017259374832923  0.51236943686873837  0.52460150752564916
  0.53558018065917912  0.54945465115166936  0.56314883766474289  0.57684784631157704
  0.59120195353868277  0.60483021111641355  0.61892684564647560  0.63261370954097540
  0.64513046942525210  0.65592879364662815  0.66528859187856537  0.67411107436975692
  0.68309127324278496  0.69140437213404493  0.69955868169017210  0.71072722144510891
  0.72376573435695890  0.73916659309524058  0.75550394698451429  0.76300089612702537
  0.76981330685081328  0.77697956853230643  0.78753784564388429  0.79818057377468787
  0.80417151623130756  0.80936798961457401  0.81653776964270464  0.82413211046151169
  0.83097974964203714  0.83796011687271599  0.84452654264660010  0.85086384389963121
  0.86022688668385949  0.87226523686962254  0.88546201878791808  0.90201062611843008
  0.91968088301453910  0.93486026861147542  0.94738225995144132  0.95818912758376928
  0.96850673216162220  0.98000475953298638  0.99059321550527224  1.00000000000000000
  0.03058272803068186  0.32092407305086984  0.36950918691364848  0.40181837890875516
  0.42912156983649075  0.44768955077784373  0.46619994256316166  0.48411388921010351
  0.49966388288345992  0.51407272839581608  0.52651544142133622  0.53757799697898279
  0.54734157108608505  0.55676600627757722  0.56627013338469101  0.57576675631753504
  0.58274007361831115  0.59084444426748861  0.60225378315844769  0.61184522713688805
  0.61904594453312090  0.62452655215783714  0.63043901717314388  0.63778630113402701
  0.64694069253927033  0.65780726856267624  0.66883502956163254  0.67945911143866100
  0.69013066351870511  0.70109335271523077  0.71198563477911658  0.72183616603135714
  0.73079201736672339  0.73638316515838442  0.74235825046383219  0.74895246827241224
  0.75588767781271404  0.76221586122158780  0.76732044110801589  0.77226752884228611
  0.77660369762543868  0.77962644326973596  0.78320884309149164  0.78751052598835813
  0.79252406529551012  0.79774485348830382  0.80289188150077062  0.80776706505789708
  0.81153544185838666  0.81567425641061642  0.82013775675633638  0.82470826766725691
  0.82896869482842950  0.83191114269691790  0.83524410152943296  0.83851306112223478
  0.84247311445180417  0.84647570512294801  0.85017576170088871  0.85338357476774696
  0.85625986427174461  0.85843143588743764  0.86001728941828282  0.86125278077414702
  0.86252443632390874  0.86405360841404066  0.86533798681631346  0.86651208587401396
  0.86856199489888786  0.87132082813018275  0.87422307774211183  0.87635670211508632
  0.87880418479663358  0.88116475068909494  0.88291386715474307  0.88462726904581757
  0.88649615069617271  0.88919383478579583  0.89254478730440945  0.89602976835974890
  0.89928405515857790  0.90249938281373376  0.90575512424524052  0.90910803661642947
  0.91285496028529278  0.91789900154931747  0.92309649514674808  0.92694481883348601
  0.93026203235605431  0.93334080746637371  0.93687213472934538  0.94181132428311531
  0.94889729865357630  0.95846511425061931  0.97277069735042143  1.00000000000000000
 -0.03716840916115736  0.17771051808321350  0.23743651279668276  0.26521527987544818
  0.28906547040012848  0.31029604296407809  0.32595829361889428  0.33905458509583436
  0.35011803972611644  0.35955408675515715  0.36896081290916427  0.37861210406003898
  0.38757062088980632  0.39651635771718868  0.40625985276088944  0.41566739200756314
  0.42616106974893675  0.43334552696948642  0.43887119325436186  0.44342934341160173
  0.44803348129586673  0.45418404508481930  0.46259751723862413  0.47031231248540512
  0.47690357073047485  0.48311601882327376  0.48877701060510009  0.49424789275385222
  0.49951481134814918  0.50335759679038694  0.50647349358401572  0.50978596752561822
  0.51395180879437152  0.51996539276165210  0.52576016126367542  0.53193128329811645
  0.53842844975755677  0.54514988676434217  0.55152714609545384  0.55799780735390325
  0.56566104715496279  0.57300600873968921  0.58024919727824964  0.58547473240577452
  0.59012682071078060  0.59464003712851776  0.59908276430484186  0.60294273833843726
  0.60676369213448333  0.61082363246164428  0.61509425563854714  0.61969892161315621
  0.62430812015796799  0.62851185253060993  0.63270891511055194  0.63565121319510087
  0.63869019408862859  0.64199727744442070  0.64718476413297576  0.65422482616587840
  0.66190722260869428  0.66877381398043434  0.67388739682602294  0.67737727075293397
  0.68078305208890466  0.68407670209365923  0.68842515245072833  0.69276361128383390
  0.69667859716575853  0.70016852170722121  0.70414419155197527  0.70825235299921774
  0.71199733213477179  0.71565707648181576  0.71941871296590965  0.72282131833469343
  0.72616550245122546  0.72993361091791187  0.73604526213709587  0.74307015035352175
  0.75042985029249154  0.75695380877411877  0.76305031110111876  0.76857007380105480
  0.77359141839514167  0.77862240808380190  0.78459639564284733  0.79236153215908922
  0.80090860011533216  0.80981497842803385  0.81990792044432714  0.83207707979194612
  0.84839825211143127  0.86697934331109783  0.89114730185769175  1.00000000000000000
   7.5962542817519139E-016  -1.0000000000000000     
 T F F F F F F F F F F F F F F F F F F F T F F F T F F F F F F F F F F F T F F F T F F F F F F F F F F F F F F F F F F F T F F F F F F F F F F F F F F F F F F F F F F F F F F F F F F F F F F F F F F F F F F F F F F F F F F F F F F F F F F F F F F F F F F F F F F F F F F F F F F F F F F F F F F F F F F F F F F F F F F F F F F F F F F F F F F F F F F F F F F F F F F F F F F F F F F F T F F F F F F F F F F F F F F F F F F F T F F F T F F F F F F F F F F F T F F F T F F F F F F F F F F F F F F F F F F F T F F F T F F F F F F F F F F F F F F F F F F F T F F F T F F F F F F F F F F F T F F F T F F F F F F F F F F F F F F F F F F F T F F F F F F F F F F F F F F F F F F F F F F F F F F F F F F F F F F F F F F F F F F F F F F F F F F F F F F F F F F F F F F F F F F F F F F F F F F F F F F F F F F F F F F F F F F F F F F F F F F F F F F F F F F F F F F F F F F F F F F F F F F F F F F F F F F F T F F F F F F F F F F F F F F F F F F F T F F F T F F F F F F F F F F F T F F F T F F F F F F F F F F F F F F F F F F F T F F F
  <DiscreteSampler_grid>
  grouped_processes
  1 # 1 for a reference and 2 for a running grid.
  10 # Attribute 'min_bin_probing_points' of the grid.
  1 # Attribute 'grid_mode' of the grid. 1=='default',2=='initialization'
  0.0000000000000000 # Attribute 'small_contrib_threshold' of the grid.
  0.5000000000000000 # Attribute 'damping_power' of the grid.
 # binID   n_entries weight   weight_sqr   abs_weight
    16   10   4.821157181846199E-017   8.699968849431261E-033   4.821157181846199E-017
    17   10   4.821157181846234E-017   8.699968849431335E-033   4.821157181846234E-017
    19   10   6.265671322323842E-017   1.867305863917112E-032   6.265671322323842E-017
    20   10   6.265671322323916E-017   1.867305863917142E-032   6.265671322323916E-017
    22   10   1.393149470897747E-016   8.082836750487583E-032   1.393149470897747E-016
    23   10   1.393149470897737E-016   8.082836750487419E-032   1.393149470897737E-016
    28   10   4.821157181846207E-017   8.699968849431280E-033   4.821157181846207E-017
    29   10   4.821157181846219E-017   8.699968849431328E-033   4.821157181846219E-017
    31   10   6.265671322323833E-017   1.867305863917111E-032   6.265671322323833E-017
    32   10   6.265671322323923E-017   1.867305863917147E-032   6.265671322323923E-017
    34   10   1.393149470897750E-016   8.082836750487619E-032   1.393149470897750E-016
    35   10   1.393149470897737E-016   8.082836750487416E-032   1.393149470897737E-016
    40   10   1.738925875920640E-016   2.000966130048576E-031   1.738925875920640E-016
    41   10   1.738925875920648E-016   2.000966130048598E-031   1.738925875920648E-016
    43   10   1.550193883215511E-016   1.189740902220078E-031   1.550193883215511E-016
    44   10   1.550193883215513E-016   1.189740902220090E-031   1.550193883215513E-016
    46   10   1.456920237149341E-016   1.143258251930856E-031   1.456920237149341E-016
    47   10   1.456920237149357E-016   1.143258251930874E-031   1.456920237149357E-016
    52   10   1.738925875920636E-016   2.000966130048565E-031   1.738925875920636E-016
    53   10   1.738925875920648E-016   2.000966130048591E-031   1.738925875920648E-016
    55   10   1.550193883215515E-016   1.189740902220082E-031   1.550193883215515E-016
    56   10   1.550193883215518E-016   1.189740902220098E-031   1.550193883215518E-016
    58   10   1.456920237149342E-016   1.143258251930859E-031   1.456920237149342E-016
    59   10   1.456920237149360E-016   1.143258251930880E-031   1.456920237149360E-016
    64   10   4.821157181846201E-017   8.699968849431270E-033   4.821157181846201E-017
    65   10   4.821157181846232E-017   8.699968849431353E-033   4.821157181846232E-017
    67   10   6.265671322323842E-017   1.867305863917117E-032   6.265671322323842E-017
    68   10   6.265671322323926E-017   1.867305863917148E-032   6.265671322323926E-017
    70   10   1.393149470897748E-016   8.082836750487601E-032   1.393149470897748E-016
    71   10   1.393149470897738E-016   8.082836750487438E-032   1.393149470897738E-016
    76   10   4.821157181846207E-017   8.699968849431270E-033   4.821157181846207E-017
    77   10   4.821157181846217E-017   8.699968849431312E-033   4.821157181846217E-017
    79   10   6.265671322323833E-017   1.867305863917109E-032   6.265671322323833E-017
    80   10   6.265671322323905E-017   1.867305863917134E-032   6.265671322323905E-017
    82   10   1.393149470897749E-016   8.082836750487607E-032   1.393149470897749E-016
    83   10   1.393149470897736E-016   8.082836750487409E-032   1.393149470897736E-016
    88   10   1.738925875920639E-016   2.000966130048574E-031   1.738925875920639E-016
    89   10   1.738925875920649E-016   2.000966130048598E-031   1.738925875920649E-016
    91   10   1.550193883215513E-016   1.189740902220080E-031   1.550193883215513E-016
    92   10   1.550193883215515E-016   1.189740902220092E-031   1.550193883215515E-016
    94   10   1.456920237149344E-016   1.143258251930860E-031   1.456920237149344E-016
    95   10   1.456920237149358E-016   1.143258251930876E-031   1.456920237149358E-016
    100   10   1.738925875920638E-016   2.000966130048569E-031   1.738925875920638E-016
    101   10   1.738925875920649E-016   2.000966130048597E-031   1.738925875920649E-016
    103   10   1.550193883215513E-016   1.189740902220080E-031   1.550193883215513E-016
    104   10   1.550193883215514E-016   1.189740902220091E-031   1.550193883215514E-016
    106   10   1.456920237149342E-016   1.143258251930857E-031   1.456920237149342E-016
    107   10   1.456920237149357E-016   1.143258251930875E-031   1.456920237149357E-016
  </DiscreteSampler_grid>
