  0.00000515872828190  0.00001328721692209  0.00002030441931997  0.00002550063804061
  0.00002992499910110  0.00003256249151281  0.00003361447769758  0.00003422582976523
  0.00003494125034113  0.00003544922737031  0.00003592446538253  0.00003668379866115
  0.00003748102446139  0.00003839879671031  0.00005193890239223  0.00006430735786190
  0.00006522075298332  0.00006604004123212  0.00006712196308791  0.00006818533912913
  0.00006883675696223  0.00006940296717192  0.00006976570710216  0.00007007167305887
  0.00007037763901559  0.00007068360497231  0.00007098957092903  0.00007129553688575
  0.00007162251396404  0.00007198867201145  0.00007235483005886  0.00007272098810627
  0.00007308714615368  0.00007345330420110  0.00007375460199006  0.00007401915789908
  0.00007428371380810  0.00007454826971712  0.00007481282562614  0.00007509862813506
  0.00007678800651209  0.00007904225072959  0.00008099591132767  0.00008358718206872
  0.00008552928275078  0.00008754476429440  0.00009045600485180  0.00009361134068137
  0.00009660128043222  0.00009853834666763  0.00010004004603697  0.00010153350473322
  0.00010357084985002  0.00010538488233586  0.00010729011414929  0.00010959055381948
  0.00011203381405901  0.00011447196356009  0.00011621799419136  0.00011781739990262
  0.00012047252468943  0.00012400520330897  0.00012743313757856  0.00013262681720404
  0.00013905145144353  0.00014790054133367  0.00015647236784641  0.00016190687554310
  0.00016987225123994  0.00017761947826946  0.00018699431928367  0.00019414467917883
  0.00020070388671789  0.00020899608542041  0.00021580640959664  0.00022708758663014
  0.00025260647793389  0.00027562087363655  0.00029260892338186  0.00032293926428466
  0.00035230151319505  0.00038040139913231  0.00043470785604169  0.00049808035912859
  0.00058361453197153  0.00071044850499621  0.00090876959429078  0.00133184016247459
  0.00171708361075266  0.00204475681333957  0.00250859763250624  0.00332904836846405
  0.00444912861414670  0.00880795969919825  0.03432470585388323  1.00000000000000000
  0.02482977924159572  0.05564092167731122  0.07610620690468155  0.08751006163639241
  0.09456619187875102  0.09907210141201417  0.10326139203251450  0.10711383931298642
  0.11103366905173162  0.11576722070403772  0.12206753288869641  0.12759208543051676
  0.14736737798574392  0.16746471313088793  0.19201064615570043  0.20330636710207597
  0.20950891118288753  0.21354460158052674  0.21785833798940821  0.22557093786895055
  0.23733587845992457  0.24320631384751973  0.24951544363697217  0.25611158914872917
  0.26232988196411161  0.26817243349669129  0.27296104772193230  0.27929087655440032
  0.29801738366242619  0.32953304907823422  0.34603115366791898  0.35756560972450441
  0.37067317534486427  0.39313843347727651  0.39870369603269945  0.40426895858812240
  0.40983422114354540  0.41539948369896834  0.42071398100145957  0.42295459144968650
  0.42519520189791349  0.42743581234614042  0.42967642279436741  0.43191708354371877
  0.43415850167935593  0.43639991981499315  0.43864133795063032  0.44088275608626754
  0.44350243351195440  0.45300181391008570  0.46211764692522939  0.46857534712458798
  0.47344680122986582  0.48561609173598064  0.50697580377029494  0.53245579622702599
  0.55601143985201795  0.57036572252327111  0.58273793864570533  0.59322317039311923
  0.60327598974335184  0.62362416026085399  0.66035703379833410  0.67223778928833311
  0.67792489843172099  0.68324581738110812  0.68725773151778935  0.69016468691078237
  0.69304102417021607  0.70076629338107421  0.70923212248756085  0.72228433854842822
  0.74124218923291685  0.76079531356553154  0.77663500073666059  0.79106457481465287
  0.79999762504249017  0.80845263505983689  0.81605907504970610  0.82162861810235477
  0.82357692794790083  0.82696127355319682  0.83290500177520166  0.83800078312152981
  0.84291577326259448  0.84999398769923540  0.85907786701353661  0.87394917049041432
  0.89195131553809703  0.90801833741028537  0.92325232545809144  0.93628146256523004
  0.94817478775955555  0.96065729542818934  0.96973426526976325  1.00000000000000000
  0.03015901536195402  0.03134563416591237  0.03216687852899998  0.03258860402499749
  0.03283038834059154  0.03303386236044711  0.03323590241614979  0.03342333837197314
  0.03357828778834789  0.03373608809533263  0.03392526240243042  0.03414870146786315
  0.03437001350999325  0.03457663297693254  0.03477448043987851  0.03530820216915660
  0.03562825132801443  0.03588120239861382  0.03609716833012806  0.03631443130199710
  0.03655809376345513  0.03686286583854040  0.03727038115563114  0.03772087305865195
  0.03821343255104345  0.03885863011935004  0.03949271939172047  0.04009430350184832
  0.04067969462784405  0.04134477600368596  0.04201030738473308  0.04239476891348476
  0.04268182122303277  0.04289779116465516  0.04317863109444248  0.04363686107923409
  0.04401412586536617  0.04424718766686810  0.04435325274433042  0.04445347322315015
  0.04472109886897389  0.04497670095987235  0.04522516562666753  0.04557917383287328
  0.04609181418203722  0.04661392286118437  0.04714517148562386  0.04737077217636190
  0.04759556868501984  0.04773582159267025  0.04785483231203503  0.04797384303139980
  0.04809285375076458  0.04821186447012935  0.04833087518949413  0.04852993167516267
  0.04877193822602472  0.04901394477688677  0.04925595132774882  0.04949795787861087
  0.04973996442947292  0.04998192340548513  0.05022383592559405  0.05046574844570297
  0.05070766096581188  0.05094957348592079  0.05119148600602971  0.05249406388787110
  0.05399373100116536  0.05541667362560924  0.05632440772311374  0.05689928323720381
  0.05756832310180571  0.05857618984520244  0.06012601430188003  0.06161123061554370
  0.06282336002103368  0.06345561462074688  0.06478329796195492  0.06599611294701350
  0.06743444447825289  0.06914643592958358  0.07086646326184673  0.07252252988613350
  0.07291657826498994  0.07363147199451950  0.07464791696030632  0.07584333559447395
  0.07722831009332577  0.07929966832507457  0.08382476871536858  0.09109674936111538
  0.09825889658794455  0.11253587521830773  0.12505708053151146  1.00000000000000000
  0.02264676960723966  0.05084245152321379  0.07878717017729453  0.09491800287330834
  0.09731599919806384  0.09971399552281933  0.10211199184757483  0.10450998817233033
  0.10671362479942023  0.10872435751721740  0.11073509023501459  0.11274582295281176
  0.11475655567060894  0.11658278206874219  0.11822422002569992  0.11986565798265765
  0.12150709593961539  0.12314853389657313  0.12540980152302028  0.12837701219235093
  0.13506794699303432  0.14749230796972929  0.16176096855606376  0.17373341329184666
  0.18510721023405788  0.19231542547564498  0.19710618731057725  0.20186052102550553
  0.20779471512421055  0.21130748813636949  0.21420060021411580  0.21513894357646376
  0.21794210297054217  0.22464107442489459  0.24009821064567363  0.26048286165063755
  0.30037746858963937  0.34416128885743735  0.36450236254192869  0.37884049135053838
  0.39235590524922803  0.40904068737717164  0.42082358712973283  0.42673062916638005
  0.43012791494661679  0.43346309349915096  0.43676482064822741  0.44145897122013017
  0.44820689325988022  0.46301091371506620  0.48474054712565945  0.50047548280918797
  0.51119325874021049  0.52502577478087487  0.54504072809215642  0.56937583600685127
  0.59385327068693805  0.60932739918475587  0.62644245727083769  0.64081003291433680
  0.65155284496448485  0.66218987589358624  0.67663652960461174  0.69624536027221651
  0.72022640313143393  0.74108210885346493  0.75227889400430359  0.76138636869910259
  0.77116291606186893  0.78289201548533094  0.79173912209736996  0.79916756146957546
  0.80730712412530703  0.81986927497240769  0.84421126182701911  0.86261351415293053
  0.87088752902798849  0.87834874502639415  0.88556952855678650  0.89281071715497651
  0.89626706781965426  0.89821838861524450  0.90066445410851703  0.90641711483693965
  0.90892376797717178  0.91143140558048052  0.91398573282504569  0.91654006006961086
  0.91893848657684951  0.92132173668071882  0.93029821558737036  0.93819486937105079
  0.94581544074382362  0.95339009471433955  0.97386819801884184  1.00000000000000000
  0.03310972079979033  0.03478430992810874  0.03567898284030473  0.03666304416513982
  0.03794979014125563  0.03938218450656792  0.04026509908412333  0.04105816647666400
  0.04256241799609307  0.04601852775640139  0.05049119748539081  0.05263788560703198
  0.05477259646512083  0.05707167382624142  0.05877584104942522  0.06042489306165596
  0.06115559195462435  0.06154769602685260  0.06186713414046747  0.06243493452583555
  0.06294555577166477  0.06339630152442741  0.06398631066391723  0.06429010346744474
  0.06460438256137592  0.06529244087674412  0.06616949006755037  0.06658408642672600
  0.06679578772535195  0.06700748902397789  0.06721919032260384  0.06743089162122978
  0.06764259291985573  0.06791515524935807  0.06819000746569266  0.06846485968202726
  0.06873971189836185  0.06901456411469646  0.06924514580500034  0.06930434974574180
  0.06936355368648327  0.06942275762722473  0.06948196156796620  0.06954116550870766
  0.06972473480067945  0.07006804087930368  0.07041922112069582  0.07078533336554044
  0.07124541962066924  0.07170345425133673  0.07229653351650450  0.07320042492433906
  0.07371804313044618  0.07420573014792413  0.07478100062912636  0.07564248175394349
  0.07757145596056486  0.08021868742747661  0.08223534866756360  0.08365892727439030
  0.08475085314252595  0.08566301359636141  0.08640930345814522  0.08711927863121033
  0.08767973462790109  0.08824019062459183  0.08887167807679604  0.08951688011031254
  0.09019324682644848  0.09110428331426434  0.09266966689082699  0.09498463651034214
  0.09655313906647166  0.09776985816870237  0.09901861735008885  0.10121440850177471
  0.10276779607372585  0.10352005235501770  0.10422185266929508  0.10499759730641990
  0.10572638998397965  0.10702574838588834  0.10864612767334246  0.11174004161971060
  0.11761858230548751  0.12424347383063782  0.13219424031421059  0.14047932770860211
  0.14811381094206028  0.15488836919610188  0.16064711457386205  0.16889369666241499
  0.18260495099122348  0.19537949622179684  0.87742294137071675  1.00000000000000000
 -0.00272891414218040  0.01344024165942585  0.02134917442958226  0.02205613711219781
  0.02276309979481336  0.02347006247742891  0.02417702516004445  0.02525350033523664
  0.02651307399654989  0.02777264765786313  0.02903222131917637  0.03029179498048961
  0.03115921060781482  0.03192895212125486  0.03269869363469491  0.03346843514813495
  0.03423817666157500  0.03897219464554962  0.04548574766770880  0.05479876572327896
  0.06531248922091298  0.07501414998884431  0.08348972421118671  0.09064084283123999
  0.09697840332088073  0.10629904621929469  0.11940420619879796  0.13071398213375957
  0.13581698086657121  0.14139632959017065  0.14648160667516133  0.15284481777045170
  0.16020154375116546  0.16536961064373881  0.17981720945147103  0.20205093261949628
  0.22978292191566713  0.26083965323964187  0.27868889142213094  0.29401665575387254
  0.30919961094654591  0.32888084224568787  0.34863928424337454  0.35716495612919541
  0.35986816318087123  0.36302925974565686  0.37645183495910234  0.38578904314614476
  0.39142117384640096  0.40524375453994221  0.43129241713038718  0.44862284776409622
  0.46517205451343618  0.47204033143149798  0.47487398205090964  0.47769257223059719
  0.48047750131422690  0.48329297723353842  0.48706192293112383  0.49083086862870923
  0.50823666041250870  0.53054393066436256  0.55353596121166426  0.56856528172169707
  0.58011333566014822  0.59431850003622799  0.60809384528043120  0.61958134660559516
  0.62965490300708171  0.63926746244668464  0.64987923745116838  0.66125988849005757
  0.67291942490658141  0.68448711296683995  0.69451243486276393  0.70298456444802049
  0.71037631979923821  0.72317844054955582  0.73777818391528449  0.75044584826444649
  0.76612006308925573  0.78025815427697254  0.79389778279007617  0.80663436058414684
  0.82381522647915861  0.84164362141680560  0.85769317433854264  0.87064505206632936
  0.88183801138728113  0.90306508548608522  0.93338201494073358  0.94478064756812774
  0.95684504782580004  0.97284712787211447  0.98716901954392078  1.00000000000000000
 -0.01155579331186534 -0.00073308789809268  0.00889021860876382  0.01851352511562033
  0.02813683162247683  0.03776013812933334  0.04738344463618985  0.05245366102441788
  0.05750031315600963  0.06254696528760138  0.06759361741919313  0.07190935660046077
  0.07389022501620572  0.07587109343195067  0.07785196184769561  0.07983283026344055
  0.08641549104949797  0.09508763675657556  0.10088667165036590  0.10675750134079674
  0.11456262022922770  0.12405024182684758  0.12768363816048858  0.13158179921922880
  0.14527560893057642  0.15896941864192404  0.17344617851391247  0.18801137822877617
  0.21237931172573490  0.21938967877287821  0.22093441535623751  0.22248320158000198
  0.22402723232986171  0.22556379121161213  0.23489608672425050  0.24948182418446857
  0.26673922203600819  0.27872152635510367  0.28414933936758507  0.29741324959555943
  0.31320986588340050  0.33203664453013532  0.35645612737347565  0.36499997805350914
  0.37413597502299401  0.38549792040232089  0.39403942803617698  0.40122649197121052
  0.40977559664279911  0.42767933364867233  0.43677854805165056  0.44474757369457929
  0.45640246138293850  0.47056846136517505  0.48599541442473460  0.50396758860258539
  0.51624293856610393  0.52774618687476305  0.53870482708527145  0.55104231175499685
  0.56754456352894511  0.58968184553908420  0.61182298173331429  0.62240227830663963
  0.63254904235114939  0.64322293428207300  0.65162870589657995  0.65645227756035018
  0.66721971273869585  0.68775795930662831  0.70670443244710879  0.72438094054706692
  0.73966528022897227  0.75137265648514096  0.75939243611767182  0.76817985625726892
  0.77867515325171399  0.78688408393822973  0.79522502896112091  0.80667560839329899
  0.81785363624405516  0.82975968679134093  0.84002244576203033  0.84749284056405183
  0.85941385760302924  0.87736700016951030  0.90187249719312090  0.92573252898074410
  0.93332780267058646  0.93735613364460524  0.94138255269798110  0.94530326759827066
  0.95637369089419888  0.96971924212055316  0.98001606240042372  1.00000000000000000
 -0.00220264048544872  0.01144703875734919  0.01581389504036240  0.01935976978132369
  0.02243802083018783  0.02700519776419250  0.03135766920542552  0.03631196565752195
  0.04177079157241319  0.04763027545239883  0.05502374662782168  0.08002117182267438
  0.10071748254379737  0.11129570146160374  0.11329896095334036  0.11554373072289116
  0.11752068692842536  0.11968776787864273  0.12466755327422852  0.12960164916086520
  0.13562676855839889  0.14202288607051389  0.14527793415667362  0.15031046575395585
  0.15926626071598951  0.17031194065739166  0.18410922008580649  0.20286385677817845
  0.22414084176580704  0.24483823518917147  0.25452606581406811  0.25815596923802714
  0.26178587266198616  0.26541577608594513  0.26904567950990416  0.27377510929390281
  0.27919315264902483  0.28461119600414680  0.29002923935926878  0.29544728271439075
  0.30109457800801787  0.30729082445781181  0.31348707090760575  0.31968331735739969
  0.32587956380719368  0.33207581025698762  0.34629142416773789  0.36198783938298795
  0.37958797071816197  0.39813021609920279  0.42422321831758081  0.44848613117481367
  0.46667435618582409  0.48245963269101028  0.49290734019266791  0.50637703931189071
  0.51308595498375220  0.51962220697931083  0.53201804265450492  0.55740475460138317
  0.58769800574511821  0.60195133845421889  0.61616385874977897  0.62373406777952345
  0.63130427680926804  0.63889412366592446  0.64650447120245702  0.65411481873898958
  0.67755900046935547  0.70243526786613830  0.72535120309778056  0.74065494812894028
  0.75061752604008058  0.76013900692848202  0.77906373708128807  0.81941885767954581
  0.85309261677611803  0.87224612222328135  0.88479538195627105  0.89499236495335610
  0.90261021829058763  0.91068522244174233  0.92010773471623031  0.93246918519829203
  0.94125243984295737  0.94319176250492598  0.94516868494753814  0.94763024004560492
  0.95094735590639590  0.95305765812400423  0.95454889430967327  0.95777996322120973
  0.96565043275330398  0.97686186820760867  0.98919016418263594  1.00000000000000000
 -0.00018535988098006  0.00115167151848534  0.00316868595373558  0.00545287281498156
  0.00754733809119199  0.00968051228035435  0.01363104051498093  0.02035066833293601
  0.02636895708987645  0.03465621419662720  0.04884337283275599  0.06159671239039303
  0.07071271825362341  0.08018214181989071  0.09618708372229678  0.11917581323190715
  0.13491423085360230  0.13912093323009278  0.14213146736488130  0.14351955468100125
  0.14490764199712122  0.14629572931324120  0.14768381662936117  0.14900450200832552
  0.15021510418779221  0.15142570636725891  0.15263630854672564  0.15384691072619233
  0.15520693902044588  0.15672147673542486  0.15823601445040383  0.15975055216538284
  0.16126508988036181  0.16324539970723448  0.16792669963459725  0.17255865620516592
  0.17472139503701462  0.17688413386886331  0.18198742840181062  0.18411100330090549
  0.18794756221422279  0.19700014959693091  0.20746939652501281  0.21693935551178700
  0.22660491503525704  0.24271754121842826  0.27626648363655798  0.30973041533763079
  0.32262918853312905  0.33269295741038274  0.34018544450213734  0.34567284771338957
  0.35491394276532184  0.36936313669928017  0.38022289578653096  0.38986335256433791
  0.39886880927610729  0.40781416604938980  0.41782511463824196  0.42885676569307574
  0.43814080276690875  0.44609572374428536  0.45955000562480891  0.48397827894891365
  0.51457887538654101  0.54179874079979007  0.57347470584070659  0.58687521249772534
  0.60238623838463434  0.61972818253478834  0.64629690079035240  0.67461284276692735
  0.70501845512964634  0.72430748526006561  0.73880341096409163  0.74892816570988241
  0.75847868882157654  0.76871092626256643  0.78505024418936975  0.80098616297674841
  0.81609793784266760  0.82467440279558635  0.83185015816610253  0.83896888807223624
  0.84773577605699013  0.85765817262299215  0.87151501302075274  0.88774992366252681
  0.90240319004769365  0.91371117180752648  0.92488178964438128  0.93509980733208087
  0.94641218665517479  0.95852645617294951  0.97737638830037343  1.00000000000000000
 -0.00200826326845286  0.01152454425854284  0.01672652473245595  0.01991375907157016
  0.02198518206866419  0.02462145551075670  0.02831718060902888  0.03497553841276935
  0.04226972996910221  0.05186014819064172  0.05690596593440159  0.05964587750212637
  0.06324918761594776  0.07171979156525224  0.08057851574512982  0.08826132330222003
  0.09551377617453877  0.10351369665995669  0.11180115294197950  0.12052774361413018
  0.12673589840038615  0.13285678229112405  0.14475658036011341  0.15561288144295971
  0.16288932349134561  0.16993516829803595  0.17476349979500572  0.17834744675754624
  0.18227626424176113  0.18559857923776610  0.19037924747099413  0.19909647535963196
  0.21102475484305497  0.22176849949991703  0.22866980877826501  0.23391639545609619
  0.23802099739684585  0.24501910380588662  0.26202250655167864  0.28020641809990088
  0.29383943280667990  0.30440757002682495  0.31479813571039977  0.33273240989200076
  0.34921113891229105  0.36437839895117136  0.37909749965739420  0.39520774728841312
  0.41719430457567241  0.42134116569293922  0.42548802681020603  0.42963488792747284
  0.43378174904473965  0.43788559032732527  0.44135900984392201  0.44483242936051876
  0.44830584887711550  0.45177926839371224  0.45524744455299992  0.45864466629987949
  0.46204188804675905  0.46543910979363862  0.46883633154051824  0.47396479044185325
  0.49586407023416013  0.51051380421792580  0.52756266867208856  0.53942227063376269
  0.55418161602721538  0.56712322920852609  0.58224420974383118  0.59513202076899985
  0.60797264350136637  0.62215352536295487  0.62826930169903827  0.63438507803512156
  0.64016558125733447  0.64585858878094804  0.65245915312735214  0.65939768725585246
  0.67214514407106041  0.70070132043396205  0.73232294260742703  0.74911779692442348
  0.76089366129043379  0.77480372474630144  0.79046066902885559  0.81309747715357061
  0.83997230159396863  0.85919133799496228  0.87414934764748187  0.89206289929429317
  0.92052060372395583  0.95525737900796936  0.97977131451561794  1.00000000000000000
 -0.00769706646048359  0.00035993189566337  0.00675364933198961  0.01314736676831585
  0.01954108420464209  0.02593480164096833  0.03232851907729457  0.03899415282789562
  0.04567073348721798  0.05234731414654035  0.05902389480586271  0.06515273172074805
  0.06879480709764964  0.07243688247455124  0.07607895785145283  0.07972103322835443
  0.08907836610315309  0.10193889205182925  0.11077384515968794  0.11815457124349095
  0.12627847264920311  0.13801106197234350  0.15429220726639153  0.17884376187093409
  0.19920091096000211  0.20795046608736953  0.21331684098151898  0.21803609166879059
  0.22504303742338669  0.23212559778792616  0.24165257544070839  0.27195843634368339
  0.31292838811328039  0.33940146128425164  0.35522006016771340  0.36854290281418406
  0.37957088105895670  0.38443134864421535  0.38863773425813342  0.39258817443657623
  0.39655491818308103  0.40468204945133479  0.41452330376655205  0.42206216654549589
  0.42939494376875431  0.43557808943636855  0.44149729909580882  0.44811505849947014
  0.45306044198578876  0.45996850383180088  0.46868942772643407  0.47783707620068694
  0.48737527005572928  0.49883381987968395  0.51233233336121964  0.52514513986936651
  0.53561763643303828  0.54392180659413680  0.54978213688416488  0.55398414763374426
  0.56017915471495683  0.56854897389582926  0.57021834661562842  0.57261826491396250
  0.57687239880312247  0.58298355900407783  0.59465534661054509  0.62493942204955133
  0.67276598878951477  0.70176835837790930  0.72327443896578458  0.74518828069124277
  0.76546206598280331  0.77990653411111832  0.79147716626209297  0.80674178255399298
  0.81302286823188674  0.81685659273662969  0.82042050630304364  0.82231376687766666
  0.82413404406851443  0.82607395772626813  0.83004907654339721  0.83771397103744838
  0.84575846123097942  0.85414666964661401  0.86710712223031183  0.87962473661535479
  0.89358695411907629  0.90656744342933471  0.91803644898963399  0.92845161736272519
  0.93904459763619075  0.95032594442004736  0.97311412615215453  1.00000000000000000
 -0.01234245638121859  0.03451260144448950  0.06297280035909916  0.07770055140316132
  0.09502626916529991  0.11629238902408924  0.13320069373191795  0.14313710984721278
  0.14665406905517150  0.14840086612108383  0.14997383852159307  0.15167095568937453
  0.15738858492872793  0.17131403356110320  0.18090706425114519  0.19299055796045572
  0.21613025420645876  0.23617413867519554  0.25411991964287389  0.27243296698218616
  0.28605370775967165  0.29966076807921871  0.30636658036095377  0.31397308075170544
  0.33006405117003018  0.33866878067614892  0.34208441679949059  0.34513879083186177
  0.35109784716212517  0.35872897714086277  0.36784677971047530  0.38031395701449211
  0.39277875680982088  0.40347839764687521  0.41148078973712560  0.42285142903073364
  0.44169221650387197  0.47610124075744853  0.49901051616845377  0.51623914134771054
  0.52588621908261513  0.54053747867746538  0.55462399661309791  0.56486288806384877
  0.57343974205519066  0.58508719903802009  0.59514443240607351  0.60761593080713872
  0.60894558382887498  0.61026624637960747  0.61158690893034007  0.61290757148107267
  0.61420166131594300  0.61496619609531378  0.61573073087468455  0.61649526565405544
  0.61725980043342621  0.61797896373109362  0.61841765179250108  0.61885633985390842
  0.61929502791531588  0.61973371597672333  0.62089252514590210  0.62416403415146393
  0.62958084340056897  0.63501091296878687  0.63916624979797299  0.64310072143345154
  0.64726146754393976  0.65232146808530367  0.65520751486632711  0.65943538106949506
  0.66353557525264284  0.66713899927961895  0.67146218482207665  0.67590049109543782
  0.68465812025605610  0.70472466735547756  0.72669781572849079  0.74529261207853326
  0.75552274792176755  0.76560738560770469  0.77764463243707072  0.79827570540710613
  0.81869013152024583  0.82912585933736460  0.83679097417201520  0.84459399466154528
  0.85217671037972320  0.86348813933134017  0.88186443441686946  0.90758413142198080
  0.93680069776238195  0.95228954426692847  0.96638446943900647  1.00000000000000000
 -0.01177346177980696  0.02534395905563984  0.05194445404874491  0.06050308212151825
  0.06906171019429161  0.07757312833503438  0.08608157021919619  0.09301843603357431
  0.09959875347442841  0.11242129294768914  0.12491578776199340  0.13894651202536185
  0.15066753300493396  0.16776331818579299  0.20119142753770178  0.22937196689422890
  0.24807074096272103  0.25926646979522655  0.26734807785457965  0.27447404828138283
  0.28222250638439561  0.29106397908929521  0.30854312238156478  0.32470526396759813
  0.33170060541504787  0.33795487936091351  0.34338577354740002  0.34784516462674864
  0.35178336708319896  0.35413416927511093  0.35600446605921199  0.35965456699307308
  0.36449596594091588  0.36925553160144969  0.37619850891213064  0.39939456485437391
  0.42876348294137490  0.44881435206248715  0.46128732660450167  0.47097114514043331
  0.47921398099711388  0.48767346049250831  0.49668724552356647  0.50996318709021471
  0.52088244418500762  0.53558671557934656  0.54465364135715322  0.55686294381044332
  0.56448606523006961  0.56898613473377813  0.57493599194588452  0.58217196177172059
  0.58950503983853653  0.60179925109443544  0.61330119496722657  0.61682817745927832
  0.61937045161629345  0.62265443054106329  0.62692811139494953  0.63149020781832077
  0.63928660863414022  0.64874424149146426  0.65802200839339786  0.66383397404355204
  0.67070635326271699  0.68265800957465372  0.69405768518964650  0.70766692855972790
  0.72233253601977854  0.73667169518654585  0.75195271776419625  0.76735345971164204
  0.78768865003346189  0.81286152499733832  0.83519765665948065  0.84873700279781883
  0.85938383592648215  0.86724036503159341  0.88474061020734973  0.91055153295147417
  0.92172890204659941  0.92627942117505124  0.93082994030350308  0.93538045943195480
  0.93993097856040664  0.94252388866403214  0.94503707673233506  0.94755026480063798
  0.95006345286894078  0.95255793793464560  0.95495132238932268  0.95734470684399975
  0.95973809129867682  0.96213147575335378  0.97071246181611304  1.00000000000000000
 -0.00172960152506011  0.00934568826043271  0.02122194460413838  0.03134376392157901
  0.04003040738291519  0.04675842859060694  0.05538549532446588  0.05903808029242958
  0.06276402405505321  0.06670681762371240  0.07059933567850564  0.07147899609133043
  0.07235865650415521  0.07323831691698000  0.07411797732980478  0.07507238644007948
  0.07618647519597672  0.07730056395187397  0.07841465270777122  0.07952874146366848
  0.08084100819588855  0.08232079770991911  0.08380058722394967  0.08528037673798022
  0.08676016625201079  0.09363160495790190  0.09948817888905834  0.11326081639019513
  0.13752342705237133  0.15525746810453259  0.16425457946970967  0.17578895835604610
  0.18873296872614720  0.20856637400758959  0.24599046557833745  0.26776752778574786
  0.27661379399665492  0.28620456060604715  0.30002499377965669  0.31774236399478950
  0.35605936176635233  0.39732478015246375  0.41248612300444065  0.41854977362807494
  0.42543438929595373  0.44604356953991448  0.47243844709763239  0.51022977832479055
  0.53818682737151269  0.56480030329831699  0.58592368529595829  0.60084161060216379
  0.61787077018017622  0.65069167624836632  0.68848310757006004  0.70631621192964134
  0.71757230950836115  0.72723425376727280  0.73249411940031151  0.73776873125945930
  0.74544354627466014  0.76017733495698747  0.80278607260525292  0.82165955260763379
  0.83948006914960993  0.85197535901095567  0.86409029740172971  0.87007815443046244
  0.87485597666775827  0.87965676030577222  0.88441440807161553  0.89698295249485083
  0.91112761503765138  0.92545373880923920  0.93669671260280341  0.94267523650913188
  0.94998726093873653  0.95682172085433126  0.96157536648651942  0.96388356314894230
  0.96558779942975415  0.96776250768099725  0.97017505686506089  0.97574672233983473
  0.97740174718411421  0.97818057732210306  0.97895938695252693  0.97973813097120610
  0.98052534830900739  0.98135565331376096  0.98236773919575560  0.98519010274767160
  0.98806972250765224  0.99116504538808048  0.99342254123411589  1.00000000000000000
 -0.00108101254122316  0.00418977060078406  0.01104117625111246  0.01881131501002628
  0.02586570123896290  0.02904255264455995  0.03247382673436722  0.03674782468899339
  0.04109359148656477  0.04609497002648447  0.05109634856640415  0.06212749240924307
  0.09063559406051876  0.12334835621019138  0.15608931088189154  0.19511656305798619
  0.21618317904001669  0.22989659696429587  0.24370889691643616  0.25791216515859727
  0.26769460866798339  0.27195777491484441  0.27787595675197452  0.29150598016889306
  0.30456710635430728  0.30929482557490662  0.31554533939864171  0.33719941944920490
  0.35794929501401257  0.37169690919769605  0.38238927765097774  0.39100077986039850
  0.40133491749521766  0.41270247337042126  0.42629738778077148  0.44461820374279437
  0.44947717449168151  0.45433614524056859  0.45919511598945573  0.46405408673834281
  0.46889132931751532  0.47365145650675161  0.47841158369598796  0.48317171088522431
  0.48793183807446061  0.49282896665727216  0.49920174398592126  0.50557452131457037
  0.51194729864321942  0.51832007597186847  0.52469285330051751  0.55632508066520792
  0.57688021357513808  0.59453499982967817  0.60910093621508554  0.61794075835632789
  0.62495045167791663  0.63486961099373040  0.65472651021321437  0.67111848783105887
  0.68449844226830392  0.69690979486220250  0.70525960685019551  0.71329584391778467
  0.72059559727914246  0.72600409357712825  0.72755444253408796  0.73002709522415699
  0.73339260227060277  0.73646486904760355  0.74010749563605749  0.74372633516447817
  0.75734624136154582  0.77862214347807479  0.79251756750588354  0.79837871343612521
  0.80202792223997277  0.80740830758992732  0.81795052958091607  0.83215586342981251
  0.84111711556198798  0.84396966040330290  0.84719874765812031  0.85159894691188076
  0.85789134015093116  0.86590110742739179  0.87617094539330009  0.89000573540606365
  0.90195963258216438  0.91493259019577156  0.93451288053255932  0.94649615230311090
  0.95402742577527722  0.96564418912483574  0.98336271126856256  1.00000000000000000
  0.00046331621380593  0.01710766731078095  0.04084971595501319  0.05808939503332950
  0.06162357588142883  0.06515775672952816  0.06869193757762750  0.07222611842572682
  0.07573723537518670  0.07919294626063746  0.08264865714608820  0.08610436803153894
  0.08956007891698968  0.09304008342763065  0.09736541204603243  0.10169074066443419
  0.10601606928283595  0.11034139790123772  0.11466672651963948  0.13707556061065285
  0.15052196096316992  0.15580408638266430  0.16020276694961910  0.16524230360600367
  0.17039001062275977  0.17359054735352220  0.17924973710513595  0.18828252024663350
  0.19686243990833180  0.20747869814292091  0.22382192659353012  0.25223311443036656
  0.27559066936020649  0.29724777583778222  0.31867029303058719  0.33811274613380049
  0.35732463128150227  0.37026141310070021  0.38274486247045414  0.39663879191378931
  0.40990597664539946  0.42329145250129574  0.43711061011710012  0.44800026963049649
  0.45888992914389287  0.46847738682616830  0.47805649089364644  0.48300833630834361
  0.48553163915226144  0.49101798077922476  0.50041904074438270  0.50950781238057885
  0.51857129898803389  0.52741621881773348  0.53438373120546523  0.53867331211903202
  0.54487110696220997  0.55484157997981531  0.56685054923645617  0.57199542178749385
  0.57406010500182247  0.57806968417142990  0.58413738693527673  0.58967418760557011
  0.59875502368526723  0.61052639121599672  0.63172092711907690  0.64893276491701746
  0.66239568131522764  0.67713701838959206  0.69508937842518193  0.70884286429742238
  0.72257552456996510  0.73655409244964343  0.75439232674023982  0.76970658416107418
  0.78556104306891850  0.79955970066524462  0.81118315819400866  0.82321831092213826
  0.83818183022749249  0.85500601398441667  0.87298229475363032  0.88289113112909412
  0.88858671937514477  0.89435347970928836  0.89789654143359254  0.90287255384696030
  0.90762568991735548  0.91254325049961005  0.91831222110809974  0.92636017663223258
  0.93795714568549804  0.95825473306634146  0.97910786827691110  1.00000000000000000
 -0.00265075201799321  0.01609561810630773  0.03024934481461647  0.04650730328528668
  0.05963194241391496  0.06668571646378806  0.07143134308274447  0.07814064628617415
  0.08479168428853819  0.09070094435341419  0.09654764175885254  0.10245761726628823
  0.11474693210635790  0.13523601036549046  0.14942811755371957  0.16114270003890999
  0.17130178697836654  0.17926732926137157  0.19603527874993962  0.21513503419993052
  0.23793788742452593  0.26453402301544171  0.28640197828723513  0.30723996232946316
  0.32858043998429654  0.35469568197705792  0.38550447391870546  0.41361036255825873
  0.42365768049301145  0.43002107423611224  0.43365386256209920  0.43681151401433499
  0.43939576256628865  0.44206474757464947  0.44648837791068585  0.45712926204630427
  0.47093412597128104  0.48521297599982938  0.50437080962075376  0.52885610673829020
  0.54913931392338045  0.55167981640466368  0.55422031888594692  0.55676082136723026
  0.55930132384851350  0.56198345117255555  0.56497379932653435  0.56796414748051305
  0.57095449563449185  0.57394484378847055  0.57661758758388626  0.57870850747742097
  0.58079942737095569  0.58289034726449040  0.58498126715802512  0.59093514218261345
  0.60218619156092179  0.61347478470981209  0.62027417381121286  0.62614577397520732
  0.63046426971339875  0.63949396099219036  0.64476687258149412  0.65196267748421122
  0.66183177019711381  0.67977052607132038  0.69197734269664690  0.70362779225982297
  0.71465791469133977  0.72835678397391912  0.74189986737404556  0.75242488892899861
  0.77518016680973389  0.80125585380795372  0.81946484823066956  0.82564102118933136
  0.83123114298621448  0.83713846161836059  0.84050802225375332  0.84404410206071545
  0.84846443990599463  0.85284581220442579  0.85632564296031910  0.85980547371621241
  0.86424814079920675  0.86938096242915164  0.87425811091161587  0.88119015056216909
  0.89085567712320235  0.89674486403736442  0.90216969896326626  0.90789130911231075
  0.91598636407449008  0.94348857367298045  0.97501035282775494  1.00000000000000000
  0.02941848226210754  0.45699551102449132  0.54719698040210196  0.58334178795887803
  0.61321668627665160  0.64667881089760515  0.67935562845106057  0.69999384470435266
  0.71463958416318052  0.72783465058339258  0.74001988107012751  0.74620730045691197
  0.75068632899675258  0.75361407377085921  0.75492003299125354  0.75855523423796656
  0.76492536616284201  0.77147667543835907  0.77661964105446657  0.78012547708377011
  0.78258613366532637  0.78504679024688262  0.78738831480683780  0.78972634747411941
  0.79107204413914933  0.79215133668920690  0.79373315531104871  0.79640560458524456
  0.80029415770924728  0.80295892249055945  0.80452347754588460  0.80505660470014284
  0.80538696191191961  0.80571731912369637  0.80604767633547314  0.80637803354724991
  0.80670249426214402  0.80702452188799856  0.80734654951385321  0.80766857713970786
  0.80799060476556239  0.80842893390832737  0.80894136947746653  0.80945380504660558
  0.80996624061574474  0.81047867618488378  0.81288723913520855  0.81696130500791864
  0.81936632946120713  0.82099464714518300  0.82293224036370771  0.82529699626074704
  0.82696955446339604  0.82872218044481982  0.82956177440573076  0.83027550920401161
  0.83116045655440751  0.83428517643883238  0.83778347728174629  0.83915548092496950
  0.84052014075858084  0.84337061324149898  0.84620079744736743  0.84837814476036733
  0.85055794300974363  0.85176225175329889  0.85236426838423163  0.85301390332143756
  0.85441252022569825  0.85600702197234058  0.85702886021615698  0.85746180063437716
  0.85829889522562908  0.86055634139883408  0.86212871123942847  0.86328640660290490
  0.86454939876437320  0.86654811527860132  0.86757791586389343  0.86837141977122123
  0.86901081139430558  0.86959349336377689  0.87107760709638660  0.87327955793784084
  0.87542009899202000  0.87860771357500644  0.88283022691953417  0.88773891876534228
  0.89227764184333780  0.89668694279297734  0.90111283608810022  0.90723190937921216
  0.91315875216839881  0.91817376759362945  0.93664203732923090  1.00000000000000000
 -0.03099563823491883  0.14744965382733499  0.22785435229359663  0.24867475447493229
  0.26092924295561487  0.27454048200991787  0.28481098112067238  0.29316671247954279
  0.30146501661473274  0.31014952538863216  0.32521355224885790  0.33802788233776376
  0.34639062763271061  0.35176391996968653  0.35440177634492703  0.36038372490718806
  0.36513921055910348  0.36934598985082595  0.37313965516594599  0.37659699249453471
  0.38078393078320905  0.38870272436951681  0.40939436855085076  0.42631427304889763
  0.44192035475622260  0.45662556791758230  0.47001034202526765  0.47860506211033071
  0.48509955868489479  0.48838678014437104  0.49279443247064342  0.50358316686856541
  0.51300320828770896  0.51837909491470413  0.52327403288533614  0.52759058052268037
  0.53126411484136082  0.53380224152258260  0.53692833811218765  0.54216815537143725
  0.54728642507438119  0.55259680682040002  0.55936395823468565  0.56741753414963780
  0.57757214880383390  0.58639164587582249  0.59172962572981314  0.59567904834635699
  0.60108658640405199  0.60883230177980996  0.61959846637261951  0.63033572395027393
  0.63951303008940785  0.64696064847037749  0.65429878563417809  0.65830499880073101
  0.66112601617678379  0.66296070166895404  0.66501904750797280  0.66746980091979302
  0.66946892245084111  0.67078459391267464  0.67276105748033244  0.67546260843108719
  0.67963751679534945  0.68276246461527723  0.68366739514480823  0.68457232567433934
  0.68547725620387046  0.68638218673340157  0.68700462981599519  0.68754506837687890
  0.68808550693776260  0.68862594549864631  0.68916638405953001  0.68976724300794312
  0.69037084605920851  0.69097444911047401  0.69157805216173940  0.69296731116547672
  0.69887786272456209  0.70539695304868744  0.71193181952081819  0.71881768010848357
  0.72754709880206614  0.73504976114220233  0.74410307707816814  0.76040680866461841
  0.77232981850289628  0.78447599152818692  0.80107872350531761  0.81608485042668000
  0.82750285213991159  0.83741460250948851  0.86995498220025080  1.00000000000000000
   1.3807450579313510E-019  -1.0000000000000000     
 T F F F F F F F F F F F F F F F F F F F T F F F T F F F F F F F F F F F T F F F T F F F F F F F F F F F F F F F F F F F T F F F F F F F F F F F F F F F F F F F F F F F F F F F F F F F F F F F F F F F F F F F F F F F F F F F F F F F F F F F F F F F F F F F F F F F F F F F F F F F F F F F F F F F F F F F F F F F F F F F F F F F F F F F F F F F F F F F F F F F F F F F F F F F F F F F T F F F F F F F F F F F F F F F F F F F T F F F T F F F F F F F F F F F T F F F T F F F F F F F F F F F F F F F F F F F T F F F T F F F F F F F F F F F F F F F F F F F T F F F T F F F F F F F F F F F T F F F T F F F F F F F F F F F F F F F F F F F T F F F F F F F F F F F F F F F F F F F F F F F F F F F F F F F F F F F F F F F F F F F F F F F F F F F F F F F F F F F F F F F F F F F F F F F F F F F F F F F F F F F F F F F F F F F F F F F F F F F F F F F F F F F F F F F F F F F F F F F F F F F F F F F F F F F T F F F F F F F F F F F F F F F F F F F T F F F T F F F F F F F F F F F T F F F T F F F F F F F F F F F F F F F F F F F T F F F
  <DiscreteSampler_grid>
  grouped_processes
  1 # 1 for a reference and 2 for a running grid.
  10 # Attribute 'min_bin_probing_points' of the grid.
  1 # Attribute 'grid_mode' of the grid. 1=='default',2=='initialization'
  0.0000000000000000 # Attribute 'small_contrib_threshold' of the grid.
  0.5000000000000000 # Attribute 'damping_power' of the grid.
 # binID   n_entries weight   weight_sqr   abs_weight
    16   10   4.251397431868322E-020   1.159508737258651E-038   4.251397431868322E-020
    17   10   4.251397431869202E-020   1.159508737259235E-038   4.251397431869202E-020
    19   10   2.566883978477312E-020   4.542086015056210E-039   2.566883978477312E-020
    20   10   2.566883978477566E-020   4.542086015057142E-039   2.566883978477566E-020
    22   10   1.384023890447117E-019   1.622253209916608E-037   1.384023890447117E-019
    23   10   1.384023890446949E-019   1.622253209916192E-037   1.384023890446949E-019
    28   10   5.343599486572302E-020   1.627228634249358E-038   5.343599486572302E-020
    29   10   5.343599486572651E-020   1.627228634249488E-038   5.343599486572651E-020
    31   10   5.919645954439302E-020   3.034449791250329E-038   5.919645954439302E-020
    32   10   5.919645954438794E-020   3.034449791249795E-038   5.919645954438794E-020
    34   10   1.234989034227680E-018   1.146518600495378E-035   1.234989034227680E-018
    35   10   1.234989034227667E-018   1.146518600495344E-035   1.234989034227667E-018
    40   10   4.251397431868324E-020   1.159508737258661E-038   4.251397431868324E-020
    41   10   4.251397431869225E-020   1.159508737259260E-038   4.251397431869225E-020
    43   10   2.566883978477354E-020   4.542086015056278E-039   2.566883978477354E-020
    44   10   2.566883978477550E-020   4.542086015057028E-039   2.566883978477550E-020
    46   10   1.384023890447068E-019   1.622253209916481E-037   1.384023890447068E-019
    47   10   1.384023890446987E-019   1.622253209916286E-037   1.384023890446987E-019
    52   10   5.343599486572293E-020   1.627228634249359E-038   5.343599486572293E-020
    53   10   5.343599486572590E-020   1.627228634249491E-038   5.343599486572590E-020
    55   10   5.919645954439162E-020   3.034449791250169E-038   5.919645954439162E-020
    56   10   5.919645954438672E-020   3.034449791249680E-038   5.919645954438672E-020
    58   10   1.234989034227677E-018   1.146518600495376E-035   1.234989034227677E-018
    59   10   1.234989034227669E-018   1.146518600495349E-035   1.234989034227669E-018
    64   10   4.251397431868427E-020   1.159508737258719E-038   4.251397431868427E-020
    65   10   4.251397431869043E-020   1.159508737259159E-038   4.251397431869043E-020
    67   10   2.566883978477269E-020   4.542086015056068E-039   2.566883978477269E-020
    68   10   2.566883978477548E-020   4.542086015057067E-039   2.566883978477548E-020
    70   10   1.384023890447124E-019   1.622253209916628E-037   1.384023890447124E-019
    71   10   1.384023890447055E-019   1.622253209916461E-037   1.384023890447055E-019
    76   10   4.251397431868421E-020   1.159508737258722E-038   4.251397431868421E-020
    77   10   4.251397431869027E-020   1.159508737259144E-038   4.251397431869027E-020
    79   10   2.566883978477241E-020   4.542086015055900E-039   2.566883978477241E-020
    80   10   2.566883978477470E-020   4.542086015056769E-039   2.566883978477470E-020
    82   10   1.384023890447108E-019   1.622253209916586E-037   1.384023890447108E-019
    83   10   1.384023890447054E-019   1.622253209916457E-037   1.384023890447054E-019
    88   10   5.343599486572450E-020   1.627228634249473E-038   5.343599486572450E-020
    89   10   5.343599486572511E-020   1.627228634249412E-038   5.343599486572511E-020
    91   10   5.919645954439172E-020   3.034449791250254E-038   5.919645954439172E-020
    92   10   5.919645954438850E-020   3.034449791249851E-038   5.919645954438850E-020
    94   10   1.234989034227689E-018   1.146518600495395E-035   1.234989034227689E-018
    95   10   1.234989034227661E-018   1.146518600495333E-035   1.234989034227661E-018
    100   10   5.343599486572386E-020   1.627228634249435E-038   5.343599486572386E-020
    101   10   5.343599486572482E-020   1.627228634249400E-038   5.343599486572482E-020
    103   10   5.919645954439116E-020   3.034449791250167E-038   5.919645954439116E-020
    104   10   5.919645954438765E-020   3.034449791249786E-038   5.919645954438765E-020
    106   10   1.234989034227683E-018   1.146518600495385E-035   1.234989034227683E-018
    107   10   1.234989034227665E-018   1.146518600495340E-035   1.234989034227665E-018
  </DiscreteSampler_grid>
