  0.02244435093695214  0.03816175363046639  0.05201624015656274  0.06670740179789671
  0.08192206952418071  0.09771306600262758  0.11370687685168594  0.12992415348998393
  0.14262118713734043  0.15487690245006622  0.17030954824665939  0.17991238499788242
  0.18989206933580036  0.19861716478036701  0.20742985430124133  0.21642483375626559
  0.22768065518577271  0.24753880326912422  0.26154582932456971  0.27414259206261588
  0.28637761402177742  0.29997573133072075  0.31345524182192608  0.32465852240837006
  0.33392274161182955  0.34083113760677874  0.34883525453460823  0.35715908678559211
  0.36590811455045297  0.37434975743034232  0.37846780897678445  0.38280383493856246
  0.39073062186101565  0.39905361064539463  0.40576420840312055  0.41093626807643235
  0.41610563576694670  0.42192085723404837  0.42997095824602388  0.43396117948967555
  0.44066389354631114  0.44878650224277744  0.45849266516944848  0.46945534162326907
  0.48718198332906942  0.49988729860610126  0.50755757471783247  0.51229359387050399
  0.51583126810992663  0.52029783262952811  0.52479186009932899  0.53199265553711816
  0.53826710083685214  0.54277037246104354  0.54691099758320427  0.55131742804385264
  0.55553392128013035  0.55951222230854292  0.56308809962095707  0.57367150785675192
  0.58447962097001604  0.59594233984596856  0.60909027084413003  0.62132183182090206
  0.63362528900502313  0.64722690522096760  0.65906833474770288  0.67020906523930135
  0.68222078303112743  0.69448896278969496  0.70643880169492224  0.71744368616814558
  0.72530251133143187  0.73020803569266202  0.73483625082065773  0.73889116667505683
  0.74488071022683089  0.75325998105537340  0.76113281006845002  0.77021520566495616
  0.78671384695079261  0.80244873499080160  0.81639659223407401  0.82684084151220771
  0.83509391318575676  0.84253805066219012  0.85434442583274506  0.87018067676925115
  0.88349575999406560  0.89324456272224806  0.90191227548071096  0.91089054568057415
  0.92212412097258289  0.94466821491907316  0.97430861090478438  1.00000000000000000
  0.02625028964492620  0.03541788598297081  0.04822996089841002  0.06133893329155696
  0.07462218842427161  0.08897337359790780  0.10355244048044872  0.12204414060230305
  0.14156314599066849  0.15941034093599071  0.17391976706358064  0.18472081389354231
  0.19514501418269348  0.20810728609811222  0.22092106613309284  0.22945323936848350
  0.23503828840401722  0.23946547351221259  0.24470985195556069  0.25274234419942970
  0.26319853213255540  0.26740088751407398  0.27133153447116526  0.27594104484963328
  0.27997037700018923  0.28718858068249464  0.30427381835644013  0.32040621531577407
  0.32996424019261661  0.33389061149601384  0.34077350558750169  0.34703674788771005
  0.35232096892985693  0.35757739403393879  0.36352602079070145  0.37217457559644607
  0.38410269290551780  0.39448469421655152  0.40609173801967130  0.41903136261028695
  0.42899591073320564  0.43582581430475192  0.44364586861703981  0.45231146544115691
  0.46319445082212379  0.47706377722839810  0.48696186313371925  0.49585401039348775
  0.50491522868634275  0.51251394326704769  0.52169463929930726  0.53196775877872315
  0.54164021247018701  0.55508845230893256  0.57127932198946485  0.58391291312919325
  0.59260878896025693  0.59826185826445766  0.60256108761891325  0.60794277824412468
  0.61178180488272116  0.61534934077363401  0.62019460409811578  0.62492747345340482
  0.62917593658461513  0.63205336839801540  0.63460832482460972  0.63666028032720823
  0.63928315778004308  0.64187116283906120  0.64749597969169248  0.65661408819898404
  0.66700824951160875  0.67898199765265588  0.69257550553309999  0.70536398388697852
  0.71575132313585843  0.72541939144077472  0.73589436223596849  0.74774741712348536
  0.76199823494980556  0.77407323291062857  0.78122760016521309  0.78684573758068876
  0.79668291781863987  0.80567793692195799  0.81590048267471305  0.82787459550304687
  0.84159492465725427  0.85787765971753049  0.88350677637981445  0.90632361886981594
  0.93019543407468674  0.95585732907810550  0.97248866015308300  1.00000000000000000
  0.00347220017617886  0.00381957359945069  0.00391055997664517  0.00396747197822742
  0.00401655206175014  0.00407259674096382  0.00412929122154641  0.00418334013581191
  0.00423407929398595  0.00426160828849267  0.00428652940511742  0.00430901000808822
  0.00433218654985250  0.00435654034947314  0.00438506734137975  0.00442060031652259
  0.00446419416720032  0.00452016625812935  0.00457541404376479  0.00461696364720580
  0.00465079982182071  0.00468198218638880  0.00470433567949053  0.00472420311746481
  0.00474863016349817  0.00477659642546047  0.00480529024259115  0.00481934549132060
  0.00483257132511511  0.00484598973130150  0.00486159111010219  0.00489566272657994
  0.00493149035790814  0.00496848400770205  0.00500839175445142  0.00504891611436628
  0.00508788944974449  0.00512671200273128  0.00516493162568683  0.00520414379168686
  0.00524779712184243  0.00529543990952622  0.00535231479635753  0.00542033799179004
  0.00547568079844921  0.00551733678033032  0.00555571076908594  0.00559025428325515
  0.00562416382505984  0.00565389866884902  0.00570521089335935  0.00576419418111582
  0.00580169994746641  0.00583505365587596  0.00587205812506534  0.00590750658258771
  0.00594148321412058  0.00598468069178796  0.00602783152676301  0.00606671365129778
  0.00610537511496419  0.00615108249274471  0.00622362996035855  0.00627905512326333
  0.00632869081843216  0.00638946089414489  0.00644804405283212  0.00650969305803508
  0.00657978014693459  0.00664347755307459  0.00672819689832755  0.00680214591743808
  0.00691697230080413  0.00703847481288022  0.00719931434951514  0.00735788397557774
  0.00752281158139572  0.00771117041516166  0.00790456630391678  0.00813886038521135
  0.00843853203249461  0.00890609508374442  0.00942981415686866  0.00979422587058776
  0.01010465334831761  0.01055280510873257  0.01153799659994464  0.01266081170642426
  0.01369179023041470  0.01562390665658625  0.01823401116832575  0.02118872492376995
  0.02434300947928169  0.02802947828288364  0.17921058088846850  1.00000000000000000
  0.00342506862487486  0.00446221134858414  0.00505960403399323  0.00538075933889221
  0.00561314986345465  0.00583280393780278  0.00605082699071253  0.00626331307365056
  0.00647330120004240  0.00668191048269763  0.00686907347967500  0.00704875650994966
  0.00721321094253770  0.00741846092466359  0.00766755766293355  0.00784984659236172
  0.00799665399265423  0.00816346083609821  0.00828106276786274  0.00838949667095575
  0.00850133835834104  0.00862731643942824  0.00878432025525290  0.00893228738069708
  0.00906787921238427  0.00922622635854950  0.00936493275651063  0.00947438608617593
  0.00959656414599586  0.00974715754928988  0.00990183875760482  0.01007968363585007
  0.01027339709070332  0.01043835694072023  0.01055860086158628  0.01069838946551894
  0.01084569418003507  0.01100551016052477  0.01117398942773658  0.01133674803854327
  0.01148466843248062  0.01160165066527718  0.01171400880086255  0.01190072644422369
  0.01216087420404020  0.01238467545138869  0.01253803101003661  0.01264635842000597
  0.01273831040726736  0.01282297035216512  0.01292727411406452  0.01314427385959889
  0.01351343893638287  0.01380937774993234  0.01393173901621189  0.01406734626869268
  0.01420697687828180  0.01440043270498918  0.01459451538954563  0.01483620948086253
  0.01507071988255887  0.01529280398001276  0.01564551238109374  0.01602595576635438
  0.01643124284169051  0.01686960275377805  0.01740615666534296  0.01780792642152062
  0.01800892765459153  0.01822244026951660  0.01851285648649596  0.01877202047245283
  0.01899428830432413  0.01922208648482284  0.01961062854292713  0.02010302112256790
  0.02059627548319551  0.02111477357887629  0.02166170429335508  0.02221655196667542
  0.02288244381720076  0.02361186788140886  0.02447391127001677  0.02543853551877265
  0.02630862782362432  0.02707693720488272  0.02765818935976796  0.02817536688541834
  0.02875252700725154  0.03042581801431698  0.03444942480825388  0.03848852994616068
  0.04173810674820808  0.04636229414841696  0.82633727190997575  1.00000000000000000
 -0.00000140062001513  0.00001149535379552  0.00001598424195288  0.00001783016732289
  0.00001948689920398  0.00002073988547666  0.00002183195435326  0.00002257135136608
  0.00002310655828763  0.00002347803091911  0.00002392883810895  0.00002459392793624
  0.00002512254309631  0.00002592709966072  0.00002709090791742  0.00002847511093464
  0.00002942456815227  0.00002999404214243  0.00003037120238869  0.00003068376011541
  0.00003101830292829  0.00003131788334309  0.00003159670909327  0.00003190268870102
  0.00003218906341691  0.00003247282417006  0.00003285765428528  0.00003315927604180
  0.00003330078351694  0.00003343980532904  0.00003355646459033  0.00003367270917781
  0.00003384427956855  0.00003420683819981  0.00003462085789069  0.00003484344787876
  0.00003504425173820  0.00003523300000982  0.00003543216533705  0.00003565631883652
  0.00003590402735726  0.00003610937944348  0.00003627454980023  0.00003698605286405
  0.00003847421434449  0.00004111138409203  0.00006299469423181  0.00006365811286012
  0.00006424874578583  0.00006479976466616  0.00006527757630448  0.00006566933928717
  0.00006604763813658  0.00006654986028283  0.00006715095113101  0.00006791499295028
  0.00006873278110746  0.00006962559218058  0.00007044416461355  0.00007119822134786
  0.00007180694221048  0.00007249425520900  0.00007321226395507  0.00007395844212780
  0.00007486347542394  0.00007599823436191  0.00007732831651578  0.00007870591017481
  0.00008072710630960  0.00008271401156211  0.00008448639128972  0.00008579830562025
  0.00008711532117719  0.00008872661792316  0.00009031305563474  0.00009216537597967
  0.00009483262770359  0.00009839681886460  0.00010221241164159  0.00010593827117375
  0.00010948266235437  0.00011280168075798  0.00011910533959454  0.00012835885792067
  0.00013707155641171  0.00014243354503235  0.00014797137708293  0.00015758983864415
  0.00018277659083216  0.00023009773598447  0.00029610965868585  0.00039419420878635
  0.00059652361290352  0.00125947745943978  0.06173694233988661  1.00000000000000000
 -0.00078297350064271  0.00507588819397807  0.01032281846234061  0.01368717331376199
  0.01690513225624912  0.01840953363245296  0.02065858918308354  0.02427530051980939
  0.02937913929952557  0.03789389096585227  0.04912190572353334  0.05464980003771812
  0.06070553221481795  0.07111029966012730  0.08755245823105123  0.09678382918779647
  0.10402554122264804  0.11032883033156486  0.11900660749736187  0.12969888942067923
  0.13923239392112433  0.14653777234420967  0.15446236964695020  0.16396383353606755
  0.17419610859378376  0.18499596826228112  0.19504160395820727  0.20228927405414376
  0.21315814301572217  0.22093131890955284  0.22916936956258507  0.23960441153090140
  0.24965988827338992  0.26012008359722549  0.27007098619482717  0.27868033923866553
  0.28691617972343869  0.29587339388898048  0.30491808756385358  0.31422560024362595
  0.32409001338724081  0.33502434102781181  0.34620619221342058  0.36253079750094402
  0.37236318142191877  0.37996928812020614  0.38714556692322660  0.39461132672247978
  0.40383764760614321  0.41505324427951268  0.42677097351727966  0.44105495403983724
  0.45687544299938609  0.47298384113216130  0.48184147296581914  0.48983675633544288
  0.49669818542851552  0.50299923845912664  0.51103367499598695  0.51968594351349007
  0.53266902065088495  0.54791703164214767  0.56523552221854578  0.58566712015880029
  0.60122615286823466  0.61779357893018172  0.63335192208136171  0.64759316129068656
  0.66101914602355560  0.67522900968690336  0.68934523597750885  0.70260341442803331
  0.71500252495184635  0.72927175122050414  0.74303021858667140  0.75719069447869014
  0.77312605996048911  0.79802909168860747  0.81870667361623517  0.82921218041197420
  0.83761515064656666  0.84431973359541845  0.84907459686313158  0.85436727125901157
  0.86149458880921748  0.87377682094869780  0.88715630711040294  0.89893911736353482
  0.91056939008408766  0.92246070782030898  0.93512844782780646  0.94663584231382647
  0.95855063296429788  0.97025915049658673  0.98383782392069785  1.00000000000000000
 -0.00400757367288223  0.01858284468043312  0.02544072038311119  0.03458524948011299
  0.03971803760978948  0.04284614869275160  0.04844656133205405  0.06017631887172090
  0.06981318910744500  0.07635207978581895  0.08113709855624976  0.08636118529822619
  0.09258572040882179  0.10491352859123892  0.12433359707507023  0.14079898238303698
  0.14889589347329030  0.15739700386373240  0.16721753287976049  0.17827098382711495
  0.18588882384655300  0.19028573355632408  0.19680130335930807  0.20606235617736465
  0.22021041378263997  0.23787602834909757  0.25215797012677149  0.26497251414693540
  0.27765418262034236  0.29020009989800766  0.30313995868026100  0.32257703055440484
  0.33969320822123095  0.34987227764021939  0.36230256759525620  0.37026795822961051
  0.37570959827577299  0.38100227706430773  0.38726807511745526  0.39348283707763981
  0.39932893843501294  0.40538256857303412  0.41787308455684619  0.42573132813150305
  0.43745252997252360  0.45095450762630146  0.46620937224927811  0.48199140749775332
  0.48951302410337411  0.49489108899661688  0.49997265821017473  0.50519445183935929
  0.50946019524512520  0.51475524894454650  0.52070015730066932  0.53201036903089616
  0.54667779187903265  0.55754744820243463  0.56857415131579725  0.57991423218894567
  0.59098028469132757  0.60744459929859285  0.61952260779152835  0.62891725631886197
  0.63733139523117199  0.64539498122402383  0.65366020109730538  0.66434743723358014
  0.67104650405337440  0.68155449206449126  0.69142027759296687  0.70089916054148216
  0.71157211579157220  0.72108641719238209  0.73145353344334263  0.74054078669728463
  0.75161442005574464  0.76271071290583026  0.76743557277028496  0.77228620357586275
  0.77829196513906351  0.78724097613327604  0.79659985091384544  0.80689915356661268
  0.82454963815891580  0.83967842455887653  0.85096424325677877  0.86272814464509229
  0.87626871513601545  0.89523448463520416  0.91630528188141802  0.93424086705755371
  0.94901495942214487  0.96418950381686908  0.98064631311471140  1.00000000000000000
 -0.00506547437057962  0.02159854244310397  0.04020270037196060  0.05228228450402793
  0.06014727215018605  0.06587756089639406  0.07161553292871031  0.07572850458024631
  0.08034272218222374  0.08889183137297073  0.09802116555441391  0.10788614376468783
  0.11894074459570883  0.13101603440363968  0.14377530299386551  0.15635823007423474
  0.16760834183543069  0.17636360470754028  0.18299103079732454  0.19086816294750364
  0.20020370941213148  0.20944270334969059  0.21832502084884201  0.23023876193575143
  0.24999150444599993  0.26347457102451438  0.27527075308400012  0.28565613928948796
  0.29419780945441720  0.30388353883464064  0.30969934909136093  0.31345752488326784
  0.31931311895965669  0.32694358833734399  0.33161724152066274  0.33564201578442193
  0.33963210790117659  0.34244250272483473  0.34483741488799075  0.34715811399364738
  0.35228131552317588  0.35863572560320972  0.36320887863135864  0.36733917818649792
  0.37113148546097746  0.37876300582139061  0.38738459331042691  0.40737162828439266
  0.42535322520369778  0.43948483852567150  0.44525566803131289  0.45213094987619468
  0.45970479415025634  0.46777833479724457  0.48443961004759994  0.49826193943296948
  0.50960355133304081  0.51950653787583101  0.52678686833550459  0.53293049763577682
  0.53845015372802651  0.54376271441737911  0.55407571389708299  0.57186201284665050
  0.59561597849405123  0.61953119074867602  0.63525338588761726  0.64543358607981516
  0.65380864314715748  0.66260836046115579  0.67140971110255687  0.67956678490100164
  0.68839027558798283  0.69839045376377051  0.71254487435873104  0.72679745430275211
  0.73902817804456289  0.74613794030987923  0.75252356727873249  0.75812140060182254
  0.76541545296308855  0.77373797920585841  0.78359958806260299  0.79940419974098464
  0.82156557264018515  0.84215238041144203  0.86052136146606639  0.87439882782813283
  0.88755482550654563  0.89951790461073389  0.91173634457602493  0.92612842650222038
  0.94538179666167721  0.96514414556570272  0.98288885873827891  1.00000000000000000
 -0.00532508787719266  0.02439752301681900  0.03313182193773557  0.03776720971141957
  0.04286274273539468  0.04787706588189899  0.05248861313571614  0.05758510465730431
  0.06312404490779670  0.06860583789818959  0.07405523202367113  0.08055454501024724
  0.08694892509335017  0.09688916426302652  0.11063958718069365  0.12868304360842997
  0.14181211637830113  0.15499977750149160  0.16958899747222278  0.18617135715218652
  0.20588159688995722  0.22463327016481638  0.24170115929503044  0.26127546260986895
  0.28327228454531544  0.30144998703642428  0.31470421839103713  0.32530730202884406
  0.33357454112892310  0.34045063848326529  0.34556713439631120  0.35391995095197454
  0.36421301152953406  0.37230700505601572  0.37889779944289148  0.38563851510850639
  0.39809889649383928  0.40383756096878259  0.40675316609145135  0.40987255129108696
  0.41390457241035261  0.42336291567738099  0.43418885766765719  0.44606638361112461
  0.46147921658061086  0.47991949847344773  0.49397904858139019  0.50193646405809811
  0.51119447141007979  0.52094829938755705  0.52572796272360955  0.53185099620108123
  0.53901141553428322  0.54719246509015951  0.55739909405111754  0.57751350932367285
  0.59526852666572094  0.60909898677113994  0.61992015253954613  0.62978997983340879
  0.63988120228016598  0.65529537165606888  0.67621680670345097  0.69553466877835612
  0.71200522840324032  0.72053044267204025  0.72717650377833642  0.73496509190645343
  0.74041814008743734  0.74717222323922539  0.75462729694382302  0.76140585262225979
  0.76749186129576163  0.77370414835647805  0.77997910111455704  0.78658178791827305
  0.79397335395134117  0.80200737781603593  0.81420548036102625  0.83456622711379913
  0.85181593485653484  0.86667813706497232  0.88595659889408318  0.90637768032641630
  0.92000234764487587  0.92829171334457872  0.93456080522560925  0.94014248746241014
  0.94547318495706911  0.95385756729144378  0.96200948982105117  0.96705451152041944
  0.97248124157034366  0.97908255079840523  0.98764687703831300  1.00000000000000000
 -0.00718547072417900  0.02451962363058852  0.04324155958769541  0.05945884139965237
  0.07445175168595861  0.09058761853879446  0.11439269151279456  0.13606258622103135
  0.15187571987563461  0.16778223554462571  0.18371544517066279  0.20017466874641981
  0.21337705422892470  0.22443956240912566  0.23412527100267372  0.24592838708654763
  0.25894409384858658  0.26816655974884651  0.27478827631321762  0.27978774072093693
  0.28389457681501001  0.28760762006468876  0.29110220604964376  0.29519131980268548
  0.29932543363154968  0.30405926722106352  0.31284175953550836  0.32487802101456986
  0.33878607593306426  0.35155920612814362  0.36665337399322295  0.38155972899586549
  0.39543919321948384  0.40833589078806964  0.42058364010382193  0.42967520305176243
  0.43876676599970288  0.44801817300666497  0.45710952707000668  0.46399445963262448
  0.47171024359934788  0.48057806125752250  0.48700457846934225  0.49208018822172367
  0.49714320881415264  0.50295091789305324  0.50982203011741167  0.51560076678129274
  0.52104567698708093  0.52892156706026194  0.54093667774687748  0.55776634321765173
  0.57459247009833903  0.59019301419931192  0.60519878190778442  0.61938706187060588
  0.62892068445200000  0.63720741261049596  0.64536883593300765  0.65313895086133211
  0.66074952459594227  0.66743207705400454  0.67341866952951301  0.67842487264730911
  0.68865941254989216  0.69778193183853410  0.70826246855113517  0.71839540821207537
  0.72567598957308588  0.73369002720809973  0.74175681062520060  0.75347933841902603
  0.77314803141085564  0.78848220244386269  0.79330504089905585  0.79754324793018760
  0.80197132963021456  0.80666172776801093  0.81133416919319878  0.82173174692936657
  0.83634313062683596  0.84853476037727615  0.86121287017311576  0.87236831647379531
  0.88363262223717887  0.89589956127017056  0.90690472473857431  0.91765865563527116
  0.92868984942413424  0.94000672830803489  0.95048374637055255  0.95883099902609659
  0.97085297292037687  0.98140660589276663  0.99099952345382891  1.00000000000000000
 -0.00140038609589699  0.00659565012711419  0.01689191996540730  0.02950520700268471
  0.04750465286562313  0.06573934764321233  0.07969663322876551  0.09249375044755206
  0.10451380845839660  0.11577037765875600  0.12255913066566357  0.12768726451456219
  0.13372814112517128  0.13868696447119450  0.14134623061804871  0.14449240801625141
  0.14908534057118852  0.15588893005224214  0.16341081748823066  0.17195370358918863
  0.18184285593033792  0.19063299891359478  0.20206205105746111  0.21963245953575125
  0.23730296739930601  0.25523307948812418  0.27382791531840933  0.28936395101559226
  0.30897294101479200  0.33442077455644653  0.35343008460896541  0.36654262347913674
  0.37809996315236849  0.38759311304395450  0.39745336847073137  0.40904088323430493
  0.41790110183582840  0.42493080794161148  0.43179573383772740  0.43889769359970110
  0.44610631689824698  0.45468524052846898  0.46407245121630969  0.47435983219311673
  0.48880113408231146  0.50178540128570681  0.50956554291663902  0.51663317073191151
  0.52456905583303304  0.53355919691930787  0.54185609421776815  0.54945000280871847
  0.55709537358468064  0.56341982009836300  0.56782297734679998  0.57371294296275355
  0.58214237937361102  0.59052156938372402  0.59937196342741661  0.60826430678043375
  0.61609664126586883  0.62705796065878183  0.64035861458387489  0.65237766792371787
  0.66421854459394936  0.67767374738153452  0.69176161255982294  0.70535386669127309
  0.71618917252215542  0.72466633558536231  0.73183405670892432  0.74340991031833215
  0.76719551947256259  0.78857157850799853  0.80596488360359841  0.81986332825834451
  0.83259259227559756  0.84556501685180729  0.85704892274413158  0.87019835072486362
  0.88113079679189443  0.88468819068499227  0.88970366325989902  0.89540089563341196
  0.90030690706648209  0.90789592963791899  0.91422953019727016  0.92018824932021126
  0.92661879572090855  0.93417898147995149  0.94329214048548138  0.95148079349770598
  0.95996846881833442  0.96739833242636852  0.97542537311458133  1.00000000000000000
 -0.00033903513125236  0.00231242966202138  0.00547330898744184  0.00935221244681655
  0.01592692020135097  0.02334002446493114  0.03108695773373920  0.04081386238270707
  0.05310594847206718  0.06057346471381496  0.06683847185191179  0.07235072223235434
  0.07853037764160707  0.08567598575664934  0.09326637921536622  0.10155407876364532
  0.11155412456734984  0.12265474544343062  0.13392777473501424  0.14486885618558834
  0.15388513826411404  0.16207561414314520  0.17091203990798556  0.18378234758203271
  0.20025341966685972  0.21743889113724091  0.22921837910839071  0.23934225805091669
  0.24750845829002219  0.25417688849977577  0.26489538285390546  0.27348068648434393
  0.28206181926211360  0.28950440388062409  0.29824124013062031  0.31064041109250118
  0.32292824831307265  0.33290267030498877  0.33916414669070793  0.34470489212630956
  0.34956864881623517  0.35472578381499953  0.36146351579090524  0.36820766493147006
  0.37573362687926776  0.38322630725763673  0.39065524248764016  0.39605679264581078
  0.40096204267421487  0.40519900867203801  0.40865129475189343  0.41163444602310734
  0.41409819321008157  0.42242460646105917  0.43701409244983258  0.45332834798697003
  0.46986770868336597  0.48786815078704709  0.50613720242704263  0.52909814920096065
  0.55158429106305606  0.57184808865620018  0.59116005830418716  0.61059163885790957
  0.62599355142105451  0.63675037701911996  0.64797185134986957  0.65434663473302079
  0.65664021320781751  0.66064771396098265  0.66592820297198885  0.67317688941266607
  0.68036186261224707  0.69329067799215316  0.71021314991042461  0.72432628007625988
  0.74320830456484965  0.76500077758255092  0.77860340978557041  0.79049824371747535
  0.80053223797479867  0.81072195767825195  0.82417622098300025  0.83617443832517524
  0.84637199054358248  0.85653807528558090  0.86789471895418058  0.88198493409909506
  0.89794496357215525  0.91859900712548759  0.93504356375860664  0.95211981046509320
  0.96766320393263416  0.97752077980896568  0.98852479658645442  1.00000000000000000
 -0.00523130848011155  0.00838492689341887  0.02195432713731071  0.03534491538809691
  0.04919924044728732  0.06423823468824814  0.08426654442723429  0.10705776886973029
  0.12949345564360482  0.14396342522967687  0.15178552733326539  0.15899322393057486
  0.16386095859951097  0.16870468170155811  0.17381921893406097  0.17999557650125791
  0.18724129807569825  0.19582634576151925  0.20926571931756527  0.22267723170937687
  0.24269833355574119  0.25906231393437329  0.27106932409546358  0.28463992242718039
  0.29350678753875564  0.30580423860305039  0.31901376087498096  0.33351105172960105
  0.35109007775675966  0.36223412528892746  0.37163317606937463  0.38105382665675608
  0.38799552406423482  0.39635892409277557  0.40721224486777230  0.41990671493403470
  0.43361596153615684  0.44695756811245674  0.45794339090434150  0.46561509898537184
  0.46915861499048339  0.47202720620501259  0.47459697385947691  0.47656166341730294
  0.47832006319194298  0.48190865152358520  0.48666721579340005  0.49244888197013187
  0.50194336169849452  0.50763867320589429  0.51271369014410617  0.52066462506428690
  0.53131969371402732  0.54230718321013383  0.55156759766012242  0.55777796834144577
  0.56158450918091818  0.56508599026881012  0.57121953534071990  0.57999461763299820
  0.59053004939604337  0.59828154281979118  0.60474637859605540  0.61112424595027093
  0.61794172473103004  0.62623126844194332  0.63317640559475619  0.64094646015612955
  0.65229904426838614  0.66636776431551514  0.67473084848942344  0.68311096348953337
  0.69198784623444998  0.70229954740752909  0.71441678118778429  0.72564432582859750
  0.73568685336645379  0.74388064650284214  0.75174899744597601  0.76085080909736069
  0.76986629931828665  0.78192828568632167  0.80704432232225287  0.83492620724048505
  0.87040601756910374  0.89437038575862737  0.90723204574251692  0.91627368352457472
  0.92573660921081125  0.93768955642087837  0.94975785239065014  0.96130907528257881
  0.96988417405443916  0.97816560924956930  0.98908280462478460  1.00000000000000000
 -0.00226277087588035  0.01109111939186859  0.02022383068454764  0.03053115878863825
  0.03964352055397558  0.04947383018816941  0.05782264741367803  0.06532475071897674
  0.07227355654417666  0.07897549016531689  0.08591366263608691  0.09301694784969812
  0.10111129543998781  0.11096388462925294  0.12144492431957497  0.13393519069848303
  0.15392939237085329  0.16598522857091555  0.17430995491710075  0.18300255767780244
  0.19081396198011699  0.19561088585503056  0.19876817572817751  0.20167860689095382
  0.20567915113767940  0.21421501757273478  0.22661617072520918  0.24043234005832931
  0.25759192895036437  0.27735035044506229  0.29208582618797224  0.30500261432446768
  0.31616520259590852  0.32555531870355042  0.33455727965342585  0.34376434776784337
  0.35304582554393593  0.36302158716512561  0.37431829787637771  0.38992202470532211
  0.40429757238304270  0.41418439970100279  0.42333191659329916  0.43125772767812709
  0.44134309715410414  0.45478112299179152  0.47323938722395231  0.49878576474883479
  0.53144118709318400  0.56239843455611060  0.58584932673284973  0.60058993071724875
  0.61033292911392911  0.61774488487351120  0.62426489476498126  0.63025321581790483
  0.63630370665743397  0.64316505206707741  0.65018523728079103  0.65793208570143813
  0.66898788609454629  0.68070457445078592  0.69656945386662683  0.71239785882039752
  0.72179449009373020  0.73184608321903100  0.74645380028630204  0.76209573976038703
  0.77696443847458774  0.78943968768360295  0.79885306657992938  0.80704404758105797
  0.81565347735541116  0.82029341551083335  0.82441362144463437  0.83043412324517596
  0.83736115750731388  0.84385029643614806  0.84961312517250498  0.85336082913302724
  0.85990420645746257  0.86701809144155972  0.87452407241166574  0.88240021119992740
  0.89138613210014683  0.90195937397955028  0.91417509563539812  0.92386789612937270
  0.93241209571446659  0.94084700326319104  0.94854655461404092  0.95613197604334332
  0.96619306954094186  0.97792188512388267  0.98900367787902832  1.00000000000000000
 -0.00253927179087663  0.01044621491533783  0.02236820686460984  0.03171208034434901
  0.03914873182584502  0.04446222575422461  0.05195770174315708  0.05967989206696877
  0.06726247867817577  0.07802538493627564  0.08932064330935302  0.10102328964724189
  0.11446132440761772  0.12916478272573731  0.13441977554682513  0.14061486923935887
  0.14687271029261925  0.15454623469981985  0.16302216181134757  0.17113270885153029
  0.17968060458507817  0.19147330935937174  0.20417288427193570  0.21866032311329034
  0.23434106610961322  0.24053366099787188  0.24681448391215155  0.25423644872557255
  0.26352301863926730  0.27362569640255524  0.28457090508169031  0.29552089189706082
  0.30110071192338134  0.30629535754171916  0.31096874302278266  0.31669188474846222
  0.32318129241054938  0.33452273526550569  0.34979628136087743  0.36644667108054979
  0.38598932819455495  0.40590393784437917  0.42280732090743856  0.43836698856664019
  0.45471537839298803  0.46894755868687671  0.47911282486336426  0.48853554551308576
  0.49943534675002504  0.51402029132576688  0.53141785004312569  0.54856402651794434
  0.56128109574457474  0.57125280031323011  0.57974635367849969  0.58799328918881988
  0.59551588658967258  0.60257466188124753  0.61095252002204548  0.61962681705659417
  0.62892292856366905  0.64125588750021711  0.65167470422857043  0.65672004847590237
  0.66073785257638151  0.66742004887448159  0.67445338936549737  0.68263229705633421
  0.69655286481865819  0.72064637547137489  0.74874546873772407  0.76879225234611159
  0.78536052312360449  0.79430323922333446  0.80237152103178244  0.81162931192710619
  0.81869472833097678  0.82363905251286795  0.83144896116759959  0.83955231204547542
  0.84684604596225888  0.85385481756366410  0.86452201257683758  0.87584082317495771
  0.88804490767347266  0.89745915072309368  0.90586845032287200  0.91564822360579257
  0.92756168862958810  0.94048835069410408  0.94934587684815475  0.95841797928974715
  0.96910667326529831  0.97846924332057628  0.98649145586701137  1.00000000000000000
 -0.00585329894352723  0.02556668701815721  0.04980681473972084  0.06728847977090491
  0.08400199395224382  0.09630119694010809  0.10676518912865150  0.11607699926458609
  0.12618558373773078  0.14325549972351082  0.16316055498695220  0.18389076046435382
  0.20435592500370683  0.22283337622453209  0.23529554644503309  0.24518014021010803
  0.25525713747349066  0.26267816182498277  0.27026654377214626  0.27485696200938259
  0.28104213491832819  0.28941338533567851  0.29813928535083523  0.31175723724204513
  0.32633199020667908  0.33779948622870398  0.34758492848381617  0.35662038256925949
  0.36557869007516902  0.37507874436852184  0.38511955083778249  0.39376734047198714
  0.39943289702254459  0.40368898767653089  0.41038541856391536  0.41756281975971926
  0.42247732072264610  0.42755000607921972  0.43576384932170048  0.44508059102920211
  0.45530036043433675  0.46240497712256595  0.46946965957969927  0.47535168064534528
  0.47982463173837531  0.48341306763120490  0.48689229146352292  0.49253731373638521
  0.49973373879890975  0.50566989928679729  0.51149480438918271  0.51782557377746896
  0.52471501486930250  0.53032174260414155  0.53604771528555062  0.54237834867581203
  0.54912292380906658  0.55585991502549781  0.56267816546830318  0.56905883221077536
  0.57546834239349320  0.58462006990747617  0.60587039146928257  0.63153782289462401
  0.65299585629412260  0.66979259947566672  0.68056535428236653  0.69273851798362607
  0.70731110559804955  0.72495636174685685  0.74264985203104816  0.75789045143218325
  0.76887851642798966  0.77713029395519284  0.78605523273749445  0.79397681804607634
  0.80173220973210202  0.81076745488552482  0.82123539300713422  0.83544863450182150
  0.85499192092677134  0.87451298057508509  0.88348193865432534  0.89030526712419789
  0.89764111614380260  0.90455358819682752  0.91208608214619125  0.91956109270261399
  0.92505638399920787  0.93137340250383727  0.93905833037894171  0.94772439563723676
  0.95670740776328578  0.96780536851168686  0.98108504140934572  1.00000000000000000
 -0.00344647650279874  0.01225004320615668  0.02823330350932111  0.04570607486246517
  0.06356775247987256  0.07988717949007586  0.09950331475714166  0.11374631680556223
  0.12895893327659053  0.14526983378020383  0.15798070509234130  0.17312625821073277
  0.19025906121258765  0.20520193832553757  0.21649854642792318  0.22779710761543928
  0.23929672779770045  0.25230151882271035  0.26922691771097601  0.28708916797248646
  0.30538730748784554  0.32215051445574999  0.33375078851592999  0.34076217190532704
  0.34774154822752990  0.35475436306926400  0.36143667748498021  0.36820057222331481
  0.37568405389955128  0.38408400177573665  0.39356615361144365  0.40436176655813089
  0.41167000601487480  0.42200185628321213  0.43500699635927925  0.44964256951066151
  0.46364398499374571  0.47809221926151607  0.48846256571700059  0.49610072113213427
  0.50532355293835973  0.51377885428866954  0.52446247807067725  0.53759496166405851
  0.55468178710806171  0.57124247112921955  0.58495044263814588  0.59398517244674598
  0.60196162313332746  0.60851116196400246  0.61419077521805598  0.62627434602041132
  0.64614485239320330  0.66509677594727268  0.68165326964920736  0.69554308621621608
  0.70827892092698164  0.71869416263753128  0.72311082515427771  0.72739581152490340
  0.73004095251578660  0.73451292212106634  0.73812968157208969  0.74140646265607013
  0.74499781393462228  0.74985477444587378  0.75320213124569035  0.75692770171483670
  0.76194237845881374  0.76794693050032181  0.77491842404643885  0.78552976884880965
  0.79211210181310665  0.79883924647598847  0.80779559453145988  0.81864725337492350
  0.83646866512239981  0.85324842553114577  0.86530068798513926  0.87312142902041079
  0.88042232990645120  0.88842516877043654  0.89683324428385836  0.90148718826601804
  0.90550501360944025  0.90978925052947202  0.91460973149310232  0.92070062697118515
  0.92749108681188586  0.94093295362306717  0.95218212058009377  0.96117660394122006
  0.97178278460493517  0.98106157101816183  0.98758943182964842  1.00000000000000000
  0.05389927240502593  0.58542142543333398  0.64777607836452111  0.66585333551642223
  0.68612447477731775  0.70480606773396670  0.71950738614768917  0.73025532967291529
  0.73538706724987390  0.74080065242537319  0.74417365784773126  0.74630248949821576
  0.74863322179638303  0.75060852380822218  0.75370355025383551  0.75625071294406421
  0.75794147275139145  0.75933630854648748  0.76162140066815687  0.76406236685720719
  0.76667437781790526  0.77103758378830467  0.77363812872088822  0.77598872309303291
  0.77851520567882415  0.78118724139817342  0.78357309426786381  0.78582661050659874
  0.78791219971211612  0.78918734935344326  0.79066454431089517  0.79246732894649474
  0.79435261458084561  0.79606166901195252  0.79782414891827624  0.80063019797489421
  0.80340792421250129  0.80670145412403593  0.81010578089001672  0.81278752407171484
  0.81459089139230356  0.81604552682908182  0.81754781840572188  0.81950783909455271
  0.82128226299772134  0.82335993016448250  0.82553022503688644  0.82807434072587616
  0.83154998104697886  0.83503007986565836  0.83808560787984077  0.84074715202160588
  0.84324921879896997  0.84570449505830425  0.84813274865791766  0.85020816080943007
  0.85186595141666110  0.85346672448766037  0.85536129889073431  0.85705978567201446
  0.85861688453048990  0.85986885853614559  0.86121877369023847  0.86271190508544737
  0.86459531718729898  0.86613668823858170  0.86743703327903154  0.86858799669433118
  0.86977206497865212  0.87106200207434903  0.87280304758660388  0.87479653113644729
  0.87729919829439995  0.87991113303476376  0.88279452671174286  0.88696843098798417
  0.89017387733021047  0.89216293845410233  0.89401041768789125  0.89556387533121051
  0.89684360353867043  0.89876928475161866  0.90053178589415450  0.90223613710022610
  0.90431123856389950  0.90651866911134915  0.90889626470499751  0.91169913099628730
  0.91674985088965355  0.92366921806796165  0.92823902424759941  0.93249808869968442
  0.93607592995973532  0.94388937667788941  0.95836053183523628  1.00000000000000000
 -0.04014958216861576  0.18688919735730594  0.23829382500384763  0.26620390926696813
  0.28977000329518271  0.30995442573660076  0.32841744506838855  0.34284942365272952
  0.35258868719666131  0.36119816981882003  0.37178315599819239  0.38025187552396900
  0.38818542153219199  0.39652812582319441  0.40580803906304486  0.42039211251261260
  0.43322894344826968  0.44076972420527877  0.44740150719799054  0.45472610537483016
  0.46037457345330224  0.46496059726002237  0.47074311697379856  0.47717042294793555
  0.48374989962562726  0.48875529925737660  0.49178323330992724  0.49453324737515664
  0.49996948036878552  0.50484297141077916  0.50891912232312053  0.51193288416728533
  0.51405079433702994  0.51805633018769315  0.52389730718335548  0.52979102094077979
  0.53515035094677099  0.53878254768650302  0.54206709638067263  0.54518036617197674
  0.54915767687678407  0.55375345082751670  0.56138144913776122  0.56908519430823468
  0.57455885601781742  0.57835703314954945  0.58281097340082144  0.58686393348796795
  0.58880841974808251  0.59234562930743950  0.59624420296920300  0.59995221520011888
  0.60294728561867972  0.60578889058521768  0.60915838948861822  0.61413628990587865
  0.61924431955795745  0.62336809640146018  0.62665185802597978  0.63039258025517619
  0.63419190974429351  0.63806245529707284  0.64233674850969058  0.64790268430611275
  0.65488642793835994  0.66178543705865522  0.66644734630271518  0.66964838389540982
  0.67271462496590806  0.67527977475609924  0.67690779631661746  0.67795556836484894
  0.67915327765349076  0.68041184461154536  0.68292932717332022  0.68743751844753431
  0.69229634318778777  0.69923535075658605  0.70772145854895618  0.71725496527691290
  0.72686468846389030  0.73569441324062101  0.74514836850552812  0.75391986224504981
  0.76490182972272458  0.77383140918162552  0.77986716367891440  0.78777413485964376
  0.79552859645781948  0.80337107931306007  0.81546863915309087  0.83276300439575301
  0.84933562456349843  0.87711712084170868  0.93035902491214473  1.00000000000000000
   2.1334207344303833E-018  -1.0000000000000000     
 T F F F F F F F F F F F F F F F F F F F T F F F T F F F F F F F F F F F T F F F T F F F F F F F F F F F F F F F F F F F T F F F F F F F F F F F F F F F F F F F F F F F F F F F F F F F F F F F F F F F F F F F F F F F F F F F F F F F F F F F F F F F F F F F F F F F F F F F F F F F F F F F F F F F F F F F F F F F F F F F F F F F F F F F F F F F F F F F F F F F F F F F F F F F F F F F T F F F F F F F F F F F F F F F F F F F T F F F T F F F F F F F F F F F T F F F T F F F F F F F F F F F F F F F F F F F T F F F T F F F F F F F F F F F F F F F F F F F T F F F T F F F F F F F F F F F T F F F T F F F F F F F F F F F F F F F F F F F T F F F F F F F F F F F F F F F F F F F F F F F F F F F F F F F F F F F F F F F F F F F F F F F F F F F F F F F F F F F F F F F F F F F F F F F F F F F F F F F F F F F F F F F F F F F F F F F F F F F F F F F F F F F F F F F F F F F F F F F F F F F F F F F F F F F T F F F F F F F F F F F F F F F F F F F T F F F T F F F F F F F F F F F T F F F T F F F F F F F F F F F F F F F F F F F T F F F
  <DiscreteSampler_grid>
  grouped_processes
  1 # 1 for a reference and 2 for a running grid.
  10 # Attribute 'min_bin_probing_points' of the grid.
  1 # Attribute 'grid_mode' of the grid. 1=='default',2=='initialization'
  0.0000000000000000 # Attribute 'small_contrib_threshold' of the grid.
  0.5000000000000000 # Attribute 'damping_power' of the grid.
 # binID   n_entries weight   weight_sqr   abs_weight
    16   10   1.457821603260351E-017   1.288447657429328E-033   1.457821603260351E-017
    17   10   1.457821603260349E-017   1.288447657429322E-033   1.457821603260349E-017
    19   10   2.285879427853759E-017   2.859933089594868E-033   2.285879427853759E-017
    20   10   2.285879427853746E-017   2.859933089594837E-033   2.285879427853746E-017
    22   10   2.330186138234575E-017   2.872253222827738E-033   2.330186138234575E-017
    23   10   2.330186138234606E-017   2.872253222827770E-033   2.330186138234606E-017
    28   10   5.755881887508216E-018   2.636079471750046E-034   5.755881887508216E-018
    29   10   5.755881887508185E-018   2.636079471750018E-034   5.755881887508185E-018
    31   10   7.968298418086581E-018   4.992215385349561E-034   7.968298418086581E-018
    32   10   7.968298418086507E-018   4.992215385349479E-034   7.968298418086507E-018
    34   10   8.458393598128743E-018   4.822902197803736E-034   8.458393598128743E-018
    35   10   8.458393598128704E-018   4.822902197803660E-034   8.458393598128704E-018
    40   10   1.457821603260351E-017   1.288447657429329E-033   1.457821603260351E-017
    41   10   1.457821603260348E-017   1.288447657429321E-033   1.457821603260348E-017
    43   10   2.285879427853759E-017   2.859933089594866E-033   2.285879427853759E-017
    44   10   2.285879427853750E-017   2.859933089594843E-033   2.285879427853750E-017
    46   10   2.330186138234570E-017   2.872253222827729E-033   2.330186138234570E-017
    47   10   2.330186138234603E-017   2.872253222827766E-033   2.330186138234603E-017
    52   10   5.755881887508216E-018   2.636079471750046E-034   5.755881887508216E-018
    53   10   5.755881887508185E-018   2.636079471750022E-034   5.755881887508185E-018
    55   10   7.968298418086573E-018   4.992215385349561E-034   7.968298418086573E-018
    56   10   7.968298418086506E-018   4.992215385349472E-034   7.968298418086506E-018
    58   10   8.458393598128753E-018   4.822902197803735E-034   8.458393598128753E-018
    59   10   8.458393598128696E-018   4.822902197803657E-034   8.458393598128696E-018
    64   10   1.457821603260351E-017   1.288447657429329E-033   1.457821603260351E-017
    65   10   1.457821603260350E-017   1.288447657429324E-033   1.457821603260350E-017
    67   10   2.285879427853759E-017   2.859933089594869E-033   2.285879427853759E-017
    68   10   2.285879427853746E-017   2.859933089594838E-033   2.285879427853746E-017
    70   10   2.330186138234574E-017   2.872253222827737E-033   2.330186138234574E-017
    71   10   2.330186138234605E-017   2.872253222827770E-033   2.330186138234605E-017
    76   10   5.755881887508222E-018   2.636079471750050E-034   5.755881887508222E-018
    77   10   5.755881887508187E-018   2.636079471750022E-034   5.755881887508187E-018
    79   10   7.968298418086577E-018   4.992215385349556E-034   7.968298418086577E-018
    80   10   7.968298418086509E-018   4.992215385349477E-034   7.968298418086509E-018
    82   10   8.458393598128735E-018   4.822902197803731E-034   8.458393598128735E-018
    83   10   8.458393598128703E-018   4.822902197803660E-034   8.458393598128703E-018
    88   10   1.457821603260350E-017   1.288447657429327E-033   1.457821603260350E-017
    89   10   1.457821603260348E-017   1.288447657429320E-033   1.457821603260348E-017
    91   10   2.285879427853759E-017   2.859933089594867E-033   2.285879427853759E-017
    92   10   2.285879427853748E-017   2.859933089594840E-033   2.285879427853748E-017
    94   10   2.330186138234572E-017   2.872253222827733E-033   2.330186138234572E-017
    95   10   2.330186138234605E-017   2.872253222827770E-033   2.330186138234605E-017
    100   10   5.755881887508213E-018   2.636079471750046E-034   5.755881887508213E-018
    101   10   5.755881887508185E-018   2.636079471750021E-034   5.755881887508185E-018
    103   10   7.968298418086572E-018   4.992215385349556E-034   7.968298418086572E-018
    104   10   7.968298418086507E-018   4.992215385349475E-034   7.968298418086507E-018
    106   10   8.458393598128750E-018   4.822902197803731E-034   8.458393598128750E-018
    107   10   8.458393598128696E-018   4.822902197803657E-034   8.458393598128696E-018
  </DiscreteSampler_grid>
