 -0.00000174943214525  0.00001310080555016  0.00001749416004026  0.00002175943110564
  0.00002643680561250  0.00002952418024078  0.00003252586535470  0.00003542446353587
  0.00005182363878674  0.00006346391617745  0.00006380960689669  0.00006412936640063
  0.00006446761979186  0.00006491742904382  0.00006505653774801  0.00006516993823452
  0.00006529979290951  0.00006547192845195  0.00006567525685517  0.00006664151411771
  0.00006715344474144  0.00006742706354217  0.00006763186684090  0.00006779680309340
  0.00006793922381279  0.00006811093451698  0.00006834897458709  0.00006849167685575
  0.00006862994744052  0.00006876328771561  0.00006890886480707  0.00006905051632551
  0.00006915497609997  0.00006925652950529  0.00006935882028649  0.00006945385741877
  0.00006961448892766  0.00007002424611470  0.00007072626390261  0.00007156807590462
  0.00007274989642308  0.00007421568669320  0.00007470698026373  0.00007506049511488
  0.00007527746720647  0.00007548784219829  0.00007569229228755  0.00007600749899560
  0.00007638763644294  0.00007669518164046  0.00007697912618537  0.00007723647153002
  0.00007737383612136  0.00007783655393031  0.00007851758509029  0.00007922715989214
  0.00008029075216213  0.00008308159633863  0.00008646147220278  0.00008885300535390
  0.00009003788523858  0.00009089971389718  0.00009181509604545  0.00009243980667086
  0.00009277732530416  0.00009317953875532  0.00009441653607910  0.00009538205236616
  0.00009598486920946  0.00009658768605276  0.00009800414094639  0.00009948494138109
  0.00010299355298349  0.00010673952128468  0.00011610483620105  0.00012452191895988
  0.00013190362231930  0.00013941432398446  0.00014861666010888  0.00017121047383425
  0.00019613783024803  0.00023563184245469  0.00030708566202181  0.00037704920356550
  0.00041815881896158  0.00046500495290176  0.00051404910581669  0.00058716811345914
  0.00067424371599836  0.00100760354129302  0.00147287035566919  0.00181368030931214
  0.00219151896378958  0.00299054368893578  0.02243785791136639  1.00000000000000000
 -0.00005898423980474  0.00038230259258075  0.00075310926881914  0.00113587158324059
  0.00134619550811483  0.00192552154570868  0.00262444081625336  0.00310437273414807
  0.00351540404547352  0.00385210588068331  0.00412028821482425  0.00439322744971501
  0.00465215934993365  0.00477433083217717  0.00493393232432281  0.00512971871042103
  0.00531848639173193  0.00544665971622743  0.00550564851140605  0.00555673784399252
  0.00564573046381392  0.00596374132567809  0.00617829864504194  0.00634087177346910
  0.00643877375750974  0.00653748842857665  0.00663301137640903  0.00665392046746230
  0.00668937195368244  0.00674128217680007  0.00679103479292766  0.00684654730406406
  0.00690455860278286  0.00706582012056403  0.00736642380689759  0.00767640876387695
  0.00796392977066292  0.00823853952776837  0.00842537696139980  0.00861221439503123
  0.00876416343193303  0.00890268107250364  0.00898560391900443  0.00904645359217143
  0.00909168413573930  0.00914131627523358  0.00922066373357802  0.00929562293414492
  0.00936152984267979  0.00940312421852719  0.00943051628107145  0.00946306038825658
  0.00953318684663456  0.00967138697708755  0.00979450943907759  0.00990749098828574
  0.01000421947153046  0.01009035900541062  0.01015411786645458  0.01021468061594061
  0.01030798597608022  0.01040147868836875  0.01049489200262093  0.01062955686417849
  0.01080012428169186  0.01090906941725038  0.01102216119129993  0.01117406311051020
  0.01135794921655581  0.01154014925990104  0.01159530711542934  0.01165021628890166
  0.01169784564007656  0.01174547499125146  0.01178707694501146  0.01182823348438444
  0.01188032589232570  0.01193622885849696  0.01199985795178332  0.01237796570121875
  0.01261753163464712  0.01270409945618315  0.01275552284339786  0.01282035470655935
  0.01289146360709133  0.01302123421547407  0.01325555151673006  0.01344383942169718
  0.01359931393636822  0.01377618126207104  0.01390327553402017  0.01422959496863719
  0.01473199111904776  0.01633285801283712  0.01933404568885894  1.00000000000000000
  0.02671389614733544  0.04208908528906273  0.06234536391217683  0.07765465090962566
  0.08668754365317077  0.09242966159587802  0.09884249504392055  0.10623125007262020
  0.11126162542703547  0.11706118937154829  0.12542311662249855  0.13252564801619340
  0.14022921513837611  0.14400421074610689  0.14710412190067132  0.15159236749968596
  0.15698775772396559  0.16509367013389015  0.17708631797314131  0.19421969963108415
  0.21365015144025240  0.22589007349104789  0.23731679940988237  0.24845941516559397
  0.26033281733924685  0.27267036605363948  0.28600549999484598  0.30043636710092153
  0.32380543405498863  0.34438334872879461  0.35570705460823421  0.36720820559632056
  0.37859721967060372  0.38596669086711588  0.38851390297692484  0.39101793830108816
  0.39326569930791916  0.39551848312325999  0.39809678931262499  0.40067509550198999
  0.40432197919731810  0.40878337382987973  0.41455979072370347  0.42206527582164904
  0.44540620441940637  0.46306564916277887  0.46846903028492065  0.47150201245315981
  0.47452956806240193  0.47759444171927368  0.48095045627824323  0.48305976208441304
  0.48495453181311837  0.49111987558274062  0.50301905514152445  0.51446310870935108
  0.52294948585137613  0.52619251895845565  0.52987482430196053  0.53284458927479672
  0.53555025793843614  0.53871202153005127  0.54294141610938662  0.55061466742283405
  0.55758952481206570  0.56386944607907574  0.56912906508520822  0.57515347040400377
  0.57932267809237015  0.58738761387349281  0.60383140051758133  0.64331343328150714
  0.72369318607732913  0.77148884305347287  0.79058007106744754  0.80135842012880498
  0.80596568667955149  0.81048026092351622  0.81484698619527729  0.82137696321226805
  0.83008772004832365  0.83807653584177566  0.84649263647287609  0.85670949743183811
  0.86966407773414633  0.90244705512461754  0.92264791141267843  0.93500870286953908
  0.94108053405236813  0.94443883496473258  0.94762027372082513  0.95216107411580131
  0.95800786934394000  0.96411547832728350  0.96950136894041972  1.00000000000000000
  0.02392548010236401  0.03340003707866369  0.04265612436106878  0.05237666414703936
  0.06027684179393959  0.06615201288319097  0.07175924261165970  0.07847485408769451
  0.08984165012796234  0.11012639010766131  0.12529558853764225  0.13490905221610358
  0.14306809656583960  0.15530620175215770  0.17077543300476239  0.18771589244891651
  0.19929093196262246  0.20432627485694560  0.20936161775126877  0.21408594785259263
  0.21871504045398515  0.22284155064871178  0.22650179725011957  0.23024762006338320
  0.23411665949934418  0.23751696689830490  0.24067881180494835  0.24402330765877961
  0.24892148642476530  0.25768248727768578  0.27671810478487796  0.30429343566802397
  0.32743924842702044  0.34596179990794435  0.35972569047035574  0.37889351254870740
  0.39795976634175600  0.42582434447678591  0.44574333147225459  0.46707640834902359
  0.48960594955780884  0.50888255566632101  0.53134524638190728  0.55570041728367070
  0.57123539707739635  0.57834650775354413  0.58704693532787000  0.59376126114318206
  0.59919188276844038  0.60291240790385525  0.60697113630110289  0.61263736162623561
  0.62351223311139492  0.63052005688996182  0.63492239511830406  0.63932226615280074
  0.64381250793539824  0.64851307641999434  0.66005146639459022  0.67047876240519688
  0.68125718581552108  0.69269763451264676  0.70078465535598955  0.70475442756574924
  0.70754007337294289  0.71274344910631660  0.72614787341199505  0.73867893013830743
  0.74885977577438800  0.75759579197834936  0.76526143635061128  0.77165957749285685
  0.77777914608234289  0.78644613331052060  0.79559952380036103  0.80187220014590399
  0.80828388109203142  0.81616399164820730  0.82998242945402256  0.84972855195945707
  0.86418954912308599  0.87393466580397050  0.88006773330334742  0.88593568276530243
  0.89201209628167710  0.89904215292649858  0.91108182229469770  0.91849166309408015
  0.92588499114477762  0.93133530811518805  0.93605781185585946  0.94190129844023807
  0.94685790448893559  0.95711457484607276  0.97445816503239657  1.00000000000000000
  0.00002498335143425  0.00009957987358160  0.00011720171626926  0.00012595166904305
  0.00013299527473924  0.00014139475405464  0.00015471047258198  0.00016876734569213
  0.00018256557234993  0.00020482323939004  0.00023181441162519  0.00025604718517526
  0.00027582190960990  0.00028845925740617  0.00029888980750833  0.00030872920965358
  0.00031561286965254  0.00032233828907732  0.00032940113313878  0.00033500944198510
  0.00034110581529198  0.00037047641236893  0.00038608982320379  0.00039521088777064
  0.00040364056844742  0.00041154458691317  0.00042748121360825  0.00043631920387904
  0.00044293473425599  0.00044910222101276  0.00045531771985642  0.00045961383110872
  0.00049746932608296  0.00055305289475658  0.00060962014566325  0.00063879323523086
  0.00068328791346433  0.00075537466241253  0.00090524032197766  0.00113203821421171
  0.00134032990684202  0.00146500158135767  0.00159290477472504  0.00173540961533775
  0.00199877292785516  0.00217247802220298  0.00224105335994667  0.00231892180945724
  0.00241025005983934  0.00246695742146972  0.00252634396625729  0.00259599695309717
  0.00268131116371233  0.00279531281840804  0.00292052662545492  0.00300212137437516
  0.00303749091805860  0.00306476626481074  0.00309053761836490  0.00312674506837573
  0.00316656038648385  0.00321975634473311  0.00329456440931083  0.00338578392442577
  0.00350655255612591  0.00363260481431223  0.00397105255693124  0.00495908904156318
  0.00624820317749086  0.00774328707948028  0.00874336720627175  0.00948016228445055
  0.01032384150914127  0.01108734782190965  0.01176310169544498  0.01249017787088289
  0.01318740271479126  0.01347333938023816  0.01396488340391283  0.01481172648281872
  0.01583261197760898  0.01663789610048636  0.01727802526154659  0.01788774554383250
  0.01829063580613770  0.01857747457198120  0.01886431333782470  0.01915115210366820
  0.01943799086951169  0.01967147530729134  0.01990249116447269  0.02013350702165404
  0.02036452287883540  0.02059553873601675  0.27472243494112747  1.00000000000000000
 -0.00200646211983521  0.01334827155136631  0.02140925245999159  0.03288885203537610
  0.04424809857843486  0.04654918391352574  0.04769722906130532  0.04886354495537869
  0.05056290749949462  0.05894154258393425  0.07960048583390789  0.09521682479537746
  0.10015189998255872  0.10403829627519247  0.11002561926998050  0.11917897597701868
  0.13287876402458820  0.15375684183431901  0.17500306709615776  0.18510954625512699
  0.19417472171700659  0.20178307812232973  0.20780384426421786  0.21520133332181060
  0.22805861496827570  0.24262862763926518  0.25267428331890396  0.25822124499420013
  0.26236324233221009  0.26563690341263774  0.27050390715321010  0.28062151701338928
  0.29560100772078274  0.31283857842514134  0.33133348187017797  0.35154084266316449
  0.35874577609552111  0.36364730354500280  0.37052562442471149  0.37902219483334942
  0.38645925752744997  0.39067278321063637  0.39366125755392328  0.40127294921369761
  0.40422536240012130  0.40757934280269142  0.41038120249177279  0.41364249327525926
  0.41579977783035510  0.41773857115815144  0.41963226242737006  0.42199332119563931
  0.42535773358625878  0.43127828226134252  0.43936066093503517  0.46155521758706047
  0.49001400523381705  0.52933574454554544  0.55976478208935776  0.57619650766246810
  0.60104790020174581  0.61606397863150841  0.62642109523900802  0.63678235044733678
  0.64730068843084221  0.66070463418409420  0.67417414871264691  0.68613759653989970
  0.69661025846147862  0.70453483537522943  0.71054079370699152  0.71538018981999796
  0.72008064228765889  0.72878997727687522  0.73678888411582344  0.74483935086310160
  0.75651301624411249  0.77655647989352716  0.79470296161308285  0.81644691311401141
  0.82567925484902160  0.83491159658403169  0.84421861721797231  0.85355315383698327
  0.86228013682162230  0.86823368617660401  0.87418723553158584  0.88014078488656766
  0.88878605691981449  0.89767531830405545  0.90700688076820712  0.91665285126657059
  0.92730823257565975  0.94547738646433299  0.97059658974603435  1.00000000000000000
 -0.00633417876123330  0.02741083722171584  0.05050528974501960  0.06534977057847793
  0.07453012645684989  0.08506957435025851  0.09454689038662473  0.10616525834879588
  0.11845534652622489  0.12804596048077221  0.13660444801240249  0.14393863175734595
  0.15036544942755997  0.15620983418183507  0.16062566802753808  0.16416336871240264
  0.16737994507025383  0.17059437515285264  0.18331965463531830  0.20487374989574655
  0.21552616026462074  0.22335793976375173  0.22945217231911341  0.23523247406331346
  0.24270048655185092  0.24888328532718512  0.25292418614558371  0.25597490682082941
  0.25959437057736523  0.26244927754537922  0.26527607708746292  0.26851035389313527
  0.27563835973315270  0.28665363108545089  0.30659269496096775  0.32879286585633150
  0.35000075518288276  0.37685656579935611  0.39960208306013928  0.40974808470397922
  0.41942513997196784  0.42451833623552093  0.43228397461731327  0.43854760379972280
  0.44710496785784187  0.45810184468666426  0.47407566505021986  0.49352272735031683
  0.50093515721964621  0.50208252347535087  0.50333867830935952  0.50534837822601963
  0.50769047547928847  0.51025525747061629  0.51789794950718326  0.52938977329124637
  0.53354635318539168  0.54006869637078347  0.55308343426285145  0.56302995677197232
  0.56714035073105296  0.57085841666457571  0.57431527461978182  0.57727015032955875
  0.58036442731719273  0.58355150055269611  0.58674316119606262  0.58996139856117680
  0.59275949015746621  0.59827177674880239  0.60473506440564373  0.60912464794432375
  0.61311082933780447  0.61668113339910968  0.62177830461975447  0.63185954316557480
  0.64413067866170248  0.66435290979858908  0.68261043845747016  0.69879496253540041
  0.71268567031338603  0.73038911022270392  0.75205309223860395  0.76911657566435188
  0.79051629231293596  0.82885010276546911  0.86333301677673635  0.87511676482590306
  0.88690051287506977  0.89658653170022995  0.90612846484435683  0.91913491561674199
  0.93302493024713962  0.95445851685012861  0.97790948723152815  1.00000000000000000
 -0.00299688495929962  0.00572722359372082  0.01414084480618662  0.02174385775750519
  0.03093516433089463  0.04076457609732408  0.05062568759025517  0.05776962383571953
  0.06399897091625989  0.06874158431840713  0.07154843688295585  0.07503625080261070
  0.07762508219431226  0.08006511982725972  0.08071117318987896  0.08106624923307737
  0.08238434117643044  0.08447404212626652  0.08655969026858508  0.08777212881922285
  0.08874014893075802  0.08996614817055236  0.09179859415749485  0.09351547813851520
  0.09481838311241389  0.09689570480989944  0.10182670475154730  0.10688123367421827
  0.11326421576533249  0.12548411320948291  0.13707425931990880  0.14096279595751887
  0.14268648947039636  0.14518330110591271  0.14787109507887816  0.15951988486840585
  0.17817174795868015  0.19558462495529974  0.20738880090111719  0.21606316457418995
  0.22528515980408886  0.23520788343646093  0.24747063932136942  0.26403046915685324
  0.28810750222995996  0.32595677922728783  0.35146676965810769  0.36765721305035337
  0.38426008336007528  0.40719218009841085  0.42860792998752806  0.44250011682677909
  0.45538253756636821  0.47105786096080843  0.48663647861845288  0.50051647045217307
  0.51439646228589320  0.52153057742037023  0.52762606257529909  0.53274470598689394
  0.53592066799025628  0.53909662999361874  0.54282821766283618  0.54669898888548252
  0.55363960929429645  0.56383976395080015  0.57708688586515366  0.59575158131768191
  0.62808856423517301  0.65038376172243695  0.66696284477882550  0.68107443732741013
  0.69738667457448167  0.71506878026371556  0.73325603415311857  0.76248443374705965
  0.78519038444334732  0.80501427959065253  0.82151309558738395  0.83685443589546693
  0.85230787181225365  0.87154106914914564  0.89389201086095327  0.90987103471929953
  0.92203480281542793  0.93011258954852205  0.94489749731401640  0.96418449451642219
  0.97812048355110426  0.98271899666923013  0.98556790994379706  0.98808431335374280
  0.99038564776703919  0.99248745455505882  0.99614291591401816  1.00000000000000000
 -0.01176063629526618  0.03035102585536086  0.05596014279337348  0.06728528559562796
  0.07742368429561258  0.08659135120927391  0.10336783669165882  0.12311050407196954
  0.14179592570065025  0.15412085746827572  0.16833278444175229  0.18448699925765100
  0.20209966267476090  0.22846265566957083  0.24613908833119999  0.25539819574829165
  0.26811425008939987  0.28242994347649764  0.29206058860475820  0.30146557000274721
  0.31131299817290764  0.32220908206512994  0.33652635517299578  0.34840003740218289
  0.35895856101376461  0.36953959423780153  0.38751782321091499  0.40846064758161432
  0.44310444366170409  0.46678713249085946  0.47511402958839649  0.48037733695078350
  0.48478251985987275  0.49000780671227123  0.49344603045919472  0.49586592663506268
  0.49673585451066987  0.49760297893161376  0.49846718838431225  0.50197676399094882
  0.50637674238549280  0.50873526488790144  0.51089960676405033  0.51504160289604417
  0.51978572246298971  0.52387802434890818  0.52760832888743214  0.53461372086981784
  0.54027570777833744  0.54319767543877107  0.54502977582208023  0.54846333352544208
  0.55207844984279897  0.55656214633546075  0.56025151853826383  0.56474360108653565
  0.57333489563701268  0.57973451577600177  0.58201745243187530  0.58451724104083524
  0.58620610147004582  0.58706991449271917  0.58794157334962738  0.58952962770222739
  0.59211510157030522  0.59525299813815991  0.61477756195478839  0.64670730559475842
  0.65945019436588137  0.66573772177805646  0.67047613082192548  0.67526439282180317
  0.68027530859275831  0.68486765479189471  0.68928751126492760  0.70934174171278885
  0.73127660223377788  0.75190113823339666  0.77138800261998841  0.78932095790522183
  0.80941198609074272  0.84079536264739441  0.88503069053477967  0.91507022840676577
  0.92659054769074134  0.93684297919686499  0.94069001410247666  0.94264910810431057
  0.94449793787046543  0.94708522425183417  0.95188657992402570  0.95932169001589607
  0.96763173484165510  0.97812070019468500  0.98655758796326176  1.00000000000000000
 -0.00271688588366259  0.01362940605621098  0.03064519407807189  0.04237307330366180
  0.04994292758384664  0.05767505563679801  0.06396631709089155  0.07103499900844083
  0.08205609468168865  0.09424153365291749  0.10642483965129083  0.12307976518386651
  0.13198349821122551  0.14134759798863475  0.15064117617877937  0.15909614474943728
  0.16980379940097326  0.18332241717993034  0.19362157687806864  0.19832327590950646
  0.20564994925879479  0.21601697853439861  0.22329809969235606  0.22970520943908460
  0.23789189156429216  0.24639381510294953  0.25796162551515178  0.27463113579651538
  0.29574565107317652  0.32390461158973399  0.34027071469922526  0.34361706655799401
  0.34987011597936052  0.35511195786300331  0.36191174692688299  0.36789183071616477
  0.37529919191510752  0.38262270451119101  0.38911449889124655  0.39483605368195324
  0.40078307505816807  0.40911722215947854  0.42046333688073917  0.43263855993451583
  0.44905751509333874  0.46017208781510155  0.46038761639754433  0.46108078486972282
  0.46197447871206304  0.46301922465893164  0.46372810415655696  0.46405688262013456
  0.46438668466533928  0.46646535013207102  0.47216062690309385  0.47697493325213769
  0.48822136973130520  0.49877592980789487  0.50701521835811203  0.51568766812619049
  0.52924527749941064  0.53958993529615262  0.54457972659895160  0.54976505918418761
  0.55512394965190592  0.56046244601530038  0.56554029180986654  0.57047871608856970
  0.57771159524232163  0.58760014959722751  0.59319752721350916  0.59743312866262899
  0.60182874451479673  0.60745616196736418  0.61521367969613461  0.62470089001366469
  0.63364220988926712  0.64537909327911369  0.65833946563722667  0.68275894783508317
  0.71082162334547505  0.73127526770746787  0.74759583753265513  0.76633983613025047
  0.78679026588642498  0.80823211984328691  0.82283622015512892  0.83716763735118904
  0.85250034861867663  0.86848316536243797  0.88354489270165781  0.90044075349069019
  0.92632077521288181  0.95185426004324958  0.97592713002162446  1.00000000000000000
 -0.00445431671441158  0.01642392286852102  0.03177650713827258  0.04771689049234051
  0.06967692188855831  0.09718453759413577  0.12799099795127331  0.16175739033959394
  0.18559256082056116  0.19760758861430960  0.20734397591496473  0.21489530896301193
  0.22185555671530868  0.22877415750420901  0.23618393591069164  0.24055703003914924
  0.24556485137239709  0.24927034541919582  0.25133920374450031  0.25350645081314027
  0.25683886382750831  0.26000236079914840  0.26299135711771959  0.26601450609233129
  0.26873314985739499  0.27246149183257901  0.27641201591203490  0.27904791659301109
  0.28088719132251178  0.28327941953067087  0.28654044385456467  0.29143892708828206
  0.30223123316987260  0.32191938656768326  0.33594576694044281  0.34850875195867209
  0.35995333270087454  0.37127488628065697  0.38239905664057622  0.39446925168605479
  0.40843907089523657  0.42098171043782490  0.43036766215371253  0.43833517209250766
  0.44288880845180484  0.44834887427750697  0.45554074386647736  0.46568124970570124
  0.47564544957385552  0.48258324008281783  0.48793586312230586  0.49264833406343089
  0.50015261450578796  0.53020696121648025  0.55810303828721275  0.59061359663116597
  0.60844192282668608  0.62306146690658026  0.63799543470126341  0.64831581555758122
  0.65884006760492708  0.66992251854151297  0.68031567282606586  0.68350037626587645
  0.68612662190500096  0.68814108946500030  0.69015555702499964  0.69244536994783246
  0.69481859610180274  0.69720719360778716  0.69964724071181128  0.70232496188491034
  0.70675581262938247  0.71238281092026523  0.71895277753828235  0.72860912600837668
  0.75133718015280793  0.77082390864496797  0.78007600030133262  0.78719054378756093
  0.79717109579724799  0.80873252291472786  0.81830467512700378  0.82650493609967113
  0.83280859288728459  0.83901676815660686  0.85452959490573177  0.86819594875834916
  0.87736547339581372  0.89818132031569486  0.93594565597603963  0.96058453995323356
  0.97003569984953852  0.97912695773931446  0.98701069001128872  1.00000000000000000
 -0.00674256912141617  0.03689194013781578  0.08514335665898366  0.12286052646997077
  0.15120452994330180  0.17528432775756150  0.19353000581275995  0.20794028548295593
  0.23577656093230556  0.25319829573756719  0.26706791765320281  0.28196860306272303
  0.29242387981638884  0.30794153008051783  0.32325872171042797  0.34503264585251636
  0.37157141228124380  0.39498691262654817  0.41580588080581105  0.43537969257313330
  0.44780120455229655  0.46069901717738593  0.47420840783449619  0.48408680106117030
  0.49276644273272896  0.49895286022335156  0.50158095324538654  0.51093258309819245
  0.51697160302751421  0.51826892859245621  0.52018934176070097  0.52383277402535611
  0.52734876298716460  0.53087647282599471  0.53398517610110752  0.54143661263491671
  0.54689681426628511  0.55159097331940288  0.55368747973853460  0.55513172092075158
  0.55638953989268158  0.55764655861345602  0.55890089544369015  0.56029004586708719
  0.56208286644550509  0.56474191326253320  0.56700761621773210  0.56913148740491182
  0.57175212432799805  0.58602202005879156  0.59399817681758604  0.60266080389189769
  0.61002470832416988  0.61242350319467675  0.61734466678757582  0.62798130305287347
  0.63871511221087185  0.64962237232993481  0.66992229212966170  0.69877367508260679
  0.72209378109280264  0.74638605961369808  0.76629062335160025  0.78106428166282649
  0.79341389541676355  0.80344142727145162  0.81538050029453557  0.82942476106848262
  0.84397286004009087  0.85911508963828198  0.87343407810606266  0.88695243617849007
  0.89586431144310863  0.90182776728028891  0.90543279587139847  0.90907975583059719
  0.91062341124292556  0.91181456453372267  0.91250419692190077  0.91319382931007886
  0.91392744390690495  0.91467493003054523  0.91547241241971156  0.91668290069590086
  0.91795760753024536  0.91978831284331919  0.92163454305340120  0.92446224990161441
  0.93044245096529654  0.93361740052299746  0.93822634020610263  0.94349981428509933
  0.94945070819385524  0.95741362878835046  0.97584810416646039  1.00000000000000000
 -0.00949087585733322  0.02281748995976492  0.05414493667906231  0.08318502859164180
  0.10319425333792379  0.12024083848062030  0.13301195534670190  0.14787671926156071
  0.17635356523114343  0.21833119243819782  0.24603385676159964  0.27091072876492683
  0.28355828885539774  0.28788176403539961  0.28983054034423167  0.29093749606073060
  0.29209932653853649  0.29347788958730420  0.29531217077690830  0.30029821364819331
  0.30901620177239009  0.31679418771925061  0.32295621387092810  0.32694175620287574
  0.33091973910613909  0.33489052126902547  0.34388159346661329  0.35853416073354544
  0.37538564355266757  0.38672525664395468  0.39408555084532149  0.39980704972622305
  0.40654254481771601  0.41596265646159836  0.42110263056028041  0.42254797074310274
  0.42324992560365410  0.42390926536674028  0.42458074505026139  0.42535402004670769
  0.42651340957973166  0.42799754552026592  0.42962440089467363  0.43120483278260163
  0.43343062714978875  0.43682908026327966  0.44309395795128731  0.44748721368271610
  0.45148087937548187  0.45517739940765595  0.46035909244410705  0.46586865853520804
  0.47057162034722561  0.47752351179646740  0.48661004347090836  0.49910901260700902
  0.51592599500879111  0.53043455010566964  0.54303383237733471  0.55381792638890026
  0.57229412544634406  0.59457314367749625  0.62468440935648661  0.65002707362821610
  0.65971200301595723  0.66537672229315303  0.66823718996485149  0.67106845281924321
  0.67386692500773138  0.67666539719621954  0.68167909025817275  0.68691155793204683
  0.69225567457382731  0.69767801886856362  0.70219504242836006  0.70926958398498829
  0.71815323791807040  0.73468103516273664  0.75074763785303977  0.75945002053945121
  0.77438894122982282  0.79569480947739635  0.80610699828381349  0.81189899179198166
  0.81821968563283698  0.82292596432430998  0.83107569046103125  0.84206271523510789
  0.85292045963927232  0.87359871657011046  0.89106137853511824  0.90600781248536988
  0.91767466912858642  0.93164295364329153  0.95098639396646156  1.00000000000000000
 -0.00506560831717719  0.02179343220983953  0.03594975279439821  0.04546028012440294
  0.05285975030243276  0.06159011035190611  0.07404952528160957  0.08326065093937161
  0.09155642366005960  0.10000267514418104  0.10440644872328748  0.10991195920505961
  0.11579294632154698  0.12217509970716905  0.12957952166326786  0.13728103549051610
  0.14282885646050916  0.14867369357474536  0.15506522567692838  0.16197408274937394
  0.16931904541355589  0.18668056259774005  0.21433547679761519  0.24630013000975931
  0.26720158829686386  0.28668936796160616  0.30552631502180344  0.32445293116991347
  0.34892838306114649  0.37340383495237944  0.38821072456288491  0.40026469861374786
  0.40423220554384237  0.40871943891047741  0.41334232165728590  0.41720402246276317
  0.42030053637848735  0.42965587811107298  0.46076636332215015  0.49918153110766705
  0.50569240053553421  0.50831438392966199  0.51056515839851824  0.51709271526214340
  0.52886012608616195  0.53562396102890109  0.54462904368496134  0.55354379405928023
  0.55892197373345487  0.56620259712469867  0.57679518452365286  0.58430063957834510
  0.59176509924587350  0.59671187930299741  0.60073584189017137  0.60479552057911101
  0.60837818850222347  0.61042310054231208  0.61236676243545130  0.61369509296011671
  0.61510669324131617  0.61887033988973594  0.62265112183178906  0.62710499424924382
  0.63494175070741521  0.63998618854764233  0.64496160665980562  0.65001288608083341
  0.65526179287060349  0.66051069966037357  0.66982285338827707  0.68051144553705900
  0.69055830567889809  0.69947585415695179  0.70839340263500550  0.71819736366723042
  0.72841505836684795  0.73756364181268319  0.74683183884701965  0.75485889561550479
  0.76139591969695153  0.77281787145211145  0.78938623437546296  0.80426519703272736
  0.81615329481831356  0.82625588292737229  0.83280362533809127  0.83930282434409453
  0.84588833805527630  0.85318002833915296  0.86434132994323309  0.89520104322167215
  0.93166201105004032  0.95570157441193504  0.98018576258621259  1.00000000000000000
 -0.00317447992723622  0.02248521374452464  0.04554467870977774  0.05035628873457293
  0.05419920632016686  0.05689652240174062  0.05933603496164010  0.06179956744790775
  0.06454884474744024  0.06717056794677008  0.06963081411661737  0.07197991995082122
  0.07429211969050761  0.07825191529193695  0.09402513542004329  0.12001006197633783
  0.14285422496407754  0.16348558012517733  0.18110702010542393  0.19317558162957318
  0.20344222379846047  0.21436688948525326  0.22893411033558986  0.24350133118592646
  0.25541769799359659  0.26674041710070734  0.27887858302430191  0.29229730849638247
  0.30693916848119507  0.32491730966283805  0.39463494819925682  0.44370273198300680
  0.45461679198097249  0.45806455385664835  0.46345151147445718  0.47362445679937343
  0.49789484519739641  0.51551711224331265  0.53979827122706525  0.55587070831660568
  0.56650252884063435  0.57298201689652306  0.57984359237441196  0.59345740508282940
  0.60557261726100842  0.61772227651800504  0.62468173062116483  0.63279281415491684
  0.64066189266885809  0.64994542487168105  0.65818481097772608  0.66618378324672045
  0.67505833744381449  0.68525167783018326  0.69089493629171628  0.69491721956205199
  0.69893375729452101  0.70301370810231489  0.71079085605158954  0.72734818516698185
  0.74727759277996442  0.76833532083710943  0.77554676060768191  0.78414025864201320
  0.79138263884940752  0.79749456812805686  0.80549761686542642  0.81337210857797049
  0.82183213558369195  0.83131984738243891  0.83841992443018787  0.84444572680207630
  0.85064169633248521  0.85558436257521497  0.86047147980591077  0.86479705339481350
  0.86844671193991940  0.87173797261591623  0.87548122815813623  0.87920302889035984
  0.88370391673122406  0.88655623644924786  0.88946999592249654  0.89313168842087032
  0.89642220184512755  0.89943575776082196  0.90417725855487030  0.91004406338478494
  0.91643421466644293  0.92319623404954099  0.93451207607263054  0.94372121983274415
  0.95700792277909263  0.97266530221319203  0.98625293486295229  1.00000000000000000
 -0.00996418868347055  0.01816651544187615  0.04270110188067947  0.05205294067193367
  0.06644849092556243  0.07840616895263852  0.08621422001777049  0.09203440367848413
  0.09759014424463429  0.10322110579378026  0.11165077486498891  0.12394885664262191
  0.13324879271552026  0.14086573279250650  0.14795728639173719  0.15384186673025033
  0.15929821604404470  0.16573473587837212  0.17837538246475376  0.20181749060977955
  0.21574589563179164  0.22330764263031441  0.23216114263839305  0.24086776409371966
  0.24894814336581989  0.25466540163026735  0.26153345439907888  0.27550941107089827
  0.29361218536554584  0.32232558103965758  0.34722905359181827  0.37328708623595558
  0.40458312446187256  0.42017989092857239  0.43218533748247445  0.43727200950258432
  0.44102558148651466  0.44419241695861095  0.44732741102165879  0.45392664043764014
  0.46282485857627842  0.47339262143508304  0.47720003416626389  0.48612030804880257
  0.49120814700004051  0.49623708624102708  0.50636871043684584  0.51478286934460749
  0.52048163678931370  0.53181281627702992  0.54768769126745898  0.55884300697911526
  0.56715120342498138  0.57188944428689004  0.57609282510015969  0.57993624893126428
  0.58350091220043099  0.58673378891885719  0.59059368597319861  0.59561092629442081
  0.60210509458288863  0.61355053297151774  0.61910123784906312  0.62673816444665154
  0.63097307747799647  0.63618249265706328  0.64136204122659091  0.64955790312859063
  0.66465342815187423  0.68205581021855599  0.70011398035848327  0.71774488084530774
  0.73211418906881753  0.74513436804388955  0.75998024773479378  0.77573506221577138
  0.79080371064561905  0.80548196079784029  0.82299391662356702  0.84152116625120155
  0.85816542845564858  0.86511259542238439  0.87278231510112914  0.88405419091701898
  0.89110265838839087  0.89983627033905589  0.90945992750076687  0.91956584052621537
  0.92983306888679029  0.93405684839521408  0.93860596784138683  0.94559060912106385
  0.95291029980380082  0.96535333939345802  0.98157268903782291  1.00000000000000000
 -0.00066139543440288  0.00510654182580624  0.01000392371849426  0.01523051057656054
  0.02080758413841737  0.02998006534896807  0.04498378883097792  0.06055574171497653
  0.07001129184927574  0.07776880342852543  0.08335027612406509  0.08900685776437627
  0.09544151694051697  0.10943241447545954  0.13152358770533362  0.15110904515170698
  0.16497132159776523  0.18180268994004198  0.19069132713711298  0.19613762805607793
  0.20083114483376202  0.20599868847977404  0.21038451833732338  0.21167613126083812
  0.21243743469740359  0.21319864931389201  0.21395969385944422  0.21472073840499642
  0.21626652390576551  0.21796793854429911  0.22454951546265917  0.24145923179417986
  0.25251106968761650  0.27180601645779884  0.28986077577104774  0.30040414579113611
  0.31596719617652319  0.34070852959811015  0.36484636139622512  0.37823694218087639
  0.39040707304749972  0.40436667772890850  0.42372392636873324  0.43968230915234041
  0.44726638695954102  0.45193386308187189  0.45657773632371224  0.46129013609649361
  0.46860031547556158  0.48356545398584994  0.49730666412962343  0.51034948817993098
  0.53313471403276713  0.55743419910761161  0.58212354664492294  0.61476939405418229
  0.62855977361979898  0.63188455237591601  0.63550766809064085  0.63856629348651539
  0.64374131387782052  0.65299787110628094  0.66147419473590874  0.66649538755320747
  0.67201372490694922  0.67734600608724027  0.68098307031711247  0.68550158101460135
  0.69049546605780898  0.69446441464855446  0.70092060983751681  0.70939938372109579
  0.71506792975275457  0.72189133904047109  0.73270255073350243  0.74793794228705712
  0.76124233223537396  0.77132004921176800  0.78283027108180503  0.79498747180075091
  0.80398932075814744  0.81262104512977973  0.82123590038789018  0.82872550024504665
  0.83563815381593798  0.84234343103469556  0.84885697989241415  0.85541095191865968
  0.86221743702965092  0.86929607630565864  0.87792796417834795  0.89492803594914128
  0.91842343663908432  0.94331169052501829  0.97131215818629957  1.00000000000000000
  0.05325144786740784  0.13259358560185369  0.15198903097626246  0.17180064233024581
  0.19506207569367953  0.21052518135129275  0.22183407155142368  0.22991802184305624
  0.23698806584740348  0.24299244170274076  0.24987652720401429  0.25795858789687159
  0.26544681724951080  0.27348617809828618  0.28147933422852123  0.28832932621718826
  0.29597924609403048  0.30344629538632995  0.31596577516900920  0.32079139478944452
  0.32319761510284256  0.32565738011894935  0.32888198400301566  0.33199660032061123
  0.33507109535949681  0.33927870197295595  0.35522687855232138  0.37296976108586616
  0.39006079006049893  0.39858525443412390  0.40331355554704096  0.40633301137665145
  0.40854927216999049  0.41045622940422793  0.41122558051102459  0.41254312800033210
  0.41455161466597396  0.41644548690001443  0.41969062723114681  0.42661871565227583
  0.43318083554385839  0.44330164651066067  0.45738059060687442  0.47058912573231665
  0.48494910519055096  0.49948635228340593  0.50570192971984862  0.51176263541530564
  0.51583534204454040  0.51990804867377505  0.52229576972137670  0.52456288030314813
  0.52749973800042982  0.53179637049358019  0.53824904124307205  0.55524720656542492
  0.56659160528185470  0.57237483476814766  0.57691262417701006  0.57989909685399432
  0.58141860930148315  0.58324271670371908  0.58555514259121155  0.58730212969580708
  0.58962840761714919  0.59186431786499027  0.59441783334941334  0.59654394621066720
  0.59815615035543690  0.59964198537612245  0.60211383537563179  0.60588304833579310
  0.60963447045155350  0.61392983499852261  0.61876469121116495  0.62293308780293832
  0.62744473361517794  0.63177372731609249  0.63684621008343223  0.64223173225493480
  0.65505902760073309  0.66919626937939458  0.68209601772712680  0.69334065759344787
  0.70888061349752929  0.72501422508717328  0.74134798927563850  0.75655059798930446
  0.76889495739238456  0.77660915685705545  0.78517618815793344  0.79727132056609529
  0.81223115565330095  0.83009077849890045  0.89722740664215983  1.00000000000000000
 -0.03690772884940041  0.19293575991601575  0.28775413194789656  0.32901373135275314
  0.34516836202404638  0.35762825366028134  0.36656955141181569  0.37410514755008378
  0.38087495518721171  0.38643995437866507  0.39141387783438608  0.40016284648831252
  0.41358719098157765  0.42482392263264729  0.43202348387860678  0.43846457294629343
  0.44566107651672410  0.45432546226218173  0.46298984800763932  0.46560807341065985
  0.46749644896594933  0.46966761353315351  0.47241063943978923  0.47516746925621783
  0.48182571504075572  0.48510167575303648  0.48689791037891089  0.48878365997920326
  0.49214781135556823  0.49820154031075781  0.50166829417316894  0.50388183592505831
  0.50610440067634233  0.50947103715650588  0.51306904588817726  0.51716821142189906
  0.52202857828204841  0.52676681422629568  0.53081144842091155  0.53509413742972067
  0.54717197825815667  0.56872179532048983  0.58152207074351514  0.58828201690207116
  0.59158198460145039  0.59454610200654345  0.59691645259489867  0.59876972874930057
  0.60347000781491367  0.60610635540793933  0.60728020267281013  0.60809091779943913
  0.60941158123771366  0.61108557996348634  0.61261938129265792  0.61455580996022030
  0.61826342272877322  0.62160355584496696  0.62466498435450446  0.62819055943838331
  0.63350805886017147  0.63993491827640459  0.64303787080540742  0.64679171512072409
  0.65160843828738735  0.65577638067605171  0.65813762259231978  0.66049886450858797
  0.66326382165029130  0.66613158550366969  0.67035525519419681  0.67708479006723865
  0.68435330580903531  0.69770890138226915  0.70996056167301780  0.71444880622646278
  0.71719858841866024  0.71983264741103137  0.72273461629109936  0.72387975877696054
  0.72772757118278864  0.73320813324730216  0.74031225741848772  0.74982179233472845
  0.75405604388428915  0.75827134757325088  0.76235812507386880  0.76594150017058737
  0.76996434897880039  0.77611675365137422  0.79031520308622016  0.80593321353282432
  0.82509273310356790  0.84537790596046991  0.86768026940582788  1.00000000000000000
   5.5917943100434767E-018  -1.0000000000000000     
 T F F F F F F F F F F F F F F F F F F F T F F F T F F F F F F F F F F F T F F F T F F F F F F F F F F F F F F F F F F F T F F F F F F F F F F F F F F F F F F F F F F F F F F F F F F F F F F F F F F F F F F F F F F F F F F F F F F F F F F F F F F F F F F F F F F F F F F F F F F F F F F F F F F F F F F F F F F F F F F F F F F F F F F F F F F F F F F F F F F F F F F F F F F F F F F F T F F F F F F F F F F F F F F F F F F F T F F F T F F F F F F F F F F F T F F F T F F F F F F F F F F F F F F F F F F F T F F F T F F F F F F F F F F F F F F F F F F F T F F F T F F F F F F F F F F F T F F F T F F F F F F F F F F F F F F F F F F F T F F F F F F F F F F F F F F F F F F F F F F F F F F F F F F F F F F F F F F F F F F F F F F F F F F F F F F F F F F F F F F F F F F F F F F F F F F F F F F F F F F F F F F F F F F F F F F F F F F F F F F F F F F F F F F F F F F F F F F F F F F F F F F F F F F F T F F F F F F F F F F F F F F F F F F F T F F F T F F F F F F F F F F F T F F F T F F F F F F F F F F F F F F F F F F F T F F F
  <DiscreteSampler_grid>
  grouped_processes
  1 # 1 for a reference and 2 for a running grid.
  10 # Attribute 'min_bin_probing_points' of the grid.
  1 # Attribute 'grid_mode' of the grid. 1=='default',2=='initialization'
  0.0000000000000000 # Attribute 'small_contrib_threshold' of the grid.
  0.5000000000000000 # Attribute 'damping_power' of the grid.
 # binID   n_entries weight   weight_sqr   abs_weight
    16   10   5.835666290922664E-018   2.936291359968438E-034   5.835666290922664E-018
    17   10   5.835666290922640E-018   2.936291359968535E-034   5.835666290922640E-018
    19   10   4.898156384360057E-018   1.743921689726691E-034   4.898156384360057E-018
    20   10   4.898156384359772E-018   1.743921689726582E-034   4.898156384359772E-018
    22   10   1.020685857593726E-017   7.189978163367778E-034   1.020685857593726E-017
    23   10   1.020685857593699E-017   7.189978163367642E-034   1.020685857593699E-017
    28   10   2.330656322434396E-018   5.389335513097917E-035   2.330656322434396E-018
    29   10   2.330656322434607E-018   5.389335513098898E-035   2.330656322434607E-018
    31   10   3.244961826829351E-017   1.051976412462147E-032   3.244961826829351E-017
    32   10   3.244961826829434E-017   1.051976412462202E-032   3.244961826829434E-017
    34   10   3.740454982883333E-016   1.394126929200782E-030   3.740454982883333E-016
    35   10   3.740454982883395E-016   1.394126929200828E-030   3.740454982883395E-016
    40   10   5.835666290922670E-018   2.936291359968444E-034   5.835666290922670E-018
    41   10   5.835666290922664E-018   2.936291359968561E-034   5.835666290922664E-018
    43   10   4.898156384360055E-018   1.743921689726688E-034   4.898156384360055E-018
    44   10   4.898156384359791E-018   1.743921689726599E-034   4.898156384359791E-018
    46   10   1.020685857593726E-017   7.189978163367792E-034   1.020685857593726E-017
    47   10   1.020685857593700E-017   7.189978163367648E-034   1.020685857593700E-017
    52   10   2.330656322434388E-018   5.389335513097877E-035   2.330656322434388E-018
    53   10   2.330656322434568E-018   5.389335513098718E-035   2.330656322434568E-018
    55   10   3.244961826829338E-017   1.051976412462140E-032   3.244961826829338E-017
    56   10   3.244961826829431E-017   1.051976412462199E-032   3.244961826829431E-017
    58   10   3.740454982883324E-016   1.394126929200775E-030   3.740454982883324E-016
    59   10   3.740454982883396E-016   1.394126929200828E-030   3.740454982883396E-016
    64   10   5.835666290922682E-018   2.936291359968462E-034   5.835666290922682E-018
    65   10   5.835666290922635E-018   2.936291359968510E-034   5.835666290922635E-018
    67   10   4.898156384360100E-018   1.743921689726705E-034   4.898156384360100E-018
    68   10   4.898156384359791E-018   1.743921689726593E-034   4.898156384359791E-018
    70   10   1.020685857593728E-017   7.189978163367778E-034   1.020685857593728E-017
    71   10   1.020685857593707E-017   7.189978163367695E-034   1.020685857593707E-017
    76   10   5.835666290922681E-018   2.936291359968459E-034   5.835666290922681E-018
    77   10   5.835666290922658E-018   2.936291359968535E-034   5.835666290922658E-018
    79   10   4.898156384360117E-018   1.743921689726719E-034   4.898156384360117E-018
    80   10   4.898156384359787E-018   1.743921689726591E-034   4.898156384359787E-018
    82   10   1.020685857593729E-017   7.189978163367797E-034   1.020685857593729E-017
    83   10   1.020685857593712E-017   7.189978163367767E-034   1.020685857593712E-017
    88   10   2.330656322434377E-018   5.389335513097831E-035   2.330656322434377E-018
    89   10   2.330656322434481E-018   5.389335513098315E-035   2.330656322434481E-018
    91   10   3.244961826829320E-017   1.051976412462128E-032   3.244961826829320E-017
    92   10   3.244961826829420E-017   1.051976412462192E-032   3.244961826829420E-017
    94   10   3.740454982883318E-016   1.394126929200771E-030   3.740454982883318E-016
    95   10   3.740454982883403E-016   1.394126929200833E-030   3.740454982883403E-016
    100   10   2.330656322434372E-018   5.389335513097804E-035   2.330656322434372E-018
    101   10   2.330656322434446E-018   5.389335513098152E-035   2.330656322434446E-018
    103   10   3.244961826829281E-017   1.051976412462102E-032   3.244961826829281E-017
    104   10   3.244961826829417E-017   1.051976412462191E-032   3.244961826829417E-017
    106   10   3.740454982883315E-016   1.394126929200769E-030   3.740454982883315E-016
    107   10   3.740454982883405E-016   1.394126929200835E-030   3.740454982883405E-016
  </DiscreteSampler_grid>
