 -0.00000012188100393  0.00000103065719076  0.00000205443261827  0.00000253891239610
  0.00000292465170490  0.00000347704102203  0.00000411717827606  0.00000524020900634
  0.00000712368957497  0.00001080288597386  0.00001400026510602  0.00001540912180219
  0.00001620854136575  0.00001695677310781  0.00001758681426348  0.00001800168411045
  0.00001851585707462  0.00001907992139323  0.00001965181556288  0.00002031725126958
  0.00002096694090623  0.00002142901547101  0.00002190406391799  0.00002240077566704
  0.00002288900747004  0.00002337228641822  0.00002398792524456  0.00002454028687977
  0.00002506561758347  0.00002572385036894  0.00002622595497939  0.00002658087158093
  0.00002688067228398  0.00002716333966566  0.00002765948038563  0.00002820390356556
  0.00002890757634873  0.00002991220509473  0.00003854892822370  0.00004689546742461
  0.00004796676276598  0.00004877199170388  0.00004897227609840  0.00004921371935084
  0.00004952336629063  0.00004991950592984  0.00005024036731636  0.00005064573416352
  0.00005142124346362  0.00005241317703697  0.00005351481807019  0.00005454368665886
  0.00005502051206106  0.00005560079840293  0.00005600355909520  0.00005635115312888
  0.00005662521620733  0.00005679953829883  0.00005696229068539  0.00005714080117657
  0.00005773857110632  0.00005877161384550  0.00006003420213715  0.00006134964690011
  0.00006243723684131  0.00006343944668433  0.00006462675968181  0.00006602749083518
  0.00006750666124098  0.00006837805380791  0.00006921412597726  0.00007006849326694
  0.00007233178458955  0.00007471659668554  0.00007791373026146  0.00008353036365749
  0.00008863184824978  0.00009450422228739  0.00010093753723728  0.00010443771113188
  0.00010698030651385  0.00010944531983143  0.00011456502400456  0.00011983160384061
  0.00013122999289297  0.00014876088342203  0.00016892617915658  0.00019601649323336
  0.00022439239374216  0.00026222072003304  0.00032422643431407  0.00041811872304181
  0.00111322688544872  0.00693632902637836  0.03381861422868170  1.00000000000000000
  0.02936452953714154  0.03760266435446667  0.04383842696946598  0.04835230485941007
  0.05298756611447339  0.05638149678712231  0.05969953985596239  0.06463598185540706
  0.07596204754215294  0.10167966670701722  0.12186185983081567  0.13201144829973366
  0.13619957298497334  0.13962966898189588  0.14625437116511902  0.15351165649324219
  0.16123980947589159  0.17250137454750480  0.19265571398124168  0.21221497703501052
  0.22538467131946202  0.23727455229884412  0.24810968513012063  0.25826163174842165
  0.26802389257545423  0.28410019820256260  0.30076780782298385  0.31503616285413083
  0.32755367689037840  0.33761317324152090  0.34317298194247792  0.34792203102310426
  0.35124689599945935  0.35327014999364220  0.35875952170437669  0.36763719656589983
  0.37381285742280612  0.37943582763671524  0.38310890600412251  0.38950164498338835
  0.40226457935937099  0.41688733660818200  0.42285472419194720  0.42607036063156983
  0.42909729572743621  0.43152305597367641  0.43380319339422363  0.43581132210539619
  0.43775758444130486  0.44017554535286557  0.44328402586050669  0.44819367902535934
  0.45594380956745872  0.46310100909084423  0.47065126784753086  0.47880607960443539
  0.49086219936021791  0.49856663637476695  0.50423183901361168  0.51211879069886201
  0.51956966373556379  0.53709055002968786  0.55653697038267236  0.57759354275382324
  0.59952034871844018  0.61183118540293047  0.62410902366778831  0.63787535008267793
  0.65184516584468022  0.66077263221532179  0.67106383603736186  0.68276966672243578
  0.69036868463672973  0.69755872817883224  0.70911301527389425  0.72620426619032485
  0.73510403120001067  0.74575646332325718  0.75806836005446054  0.77783661761774292
  0.79481050392239616  0.81106415938018128  0.82467342943245947  0.83528037532339372
  0.84707192162513412  0.85620819028875306  0.86449183243259142  0.87182647827698267
  0.87867358640372595  0.88603361775654454  0.89840606271649415  0.91077850767644386
  0.92997593966181191  0.95229163635623115  0.97460733305064917  1.00000000000000000
  0.03026410607129046  0.03060542284781873  0.03095501420222434  0.03136508578056269
  0.03194906417815011  0.03241313812279122  0.03264147870005837  0.03278613923242533
  0.03292272826097892  0.03310915775471890  0.03332948179393016  0.03351949265315924
  0.03373898525335457  0.03401213866515684  0.03435635963043000  0.03461291066810149
  0.03483178911661899  0.03502709261623274  0.03516633404198868  0.03531833966856723
  0.03543897242343175  0.03551111448210301  0.03559563963890046  0.03568738306027643
  0.03579775794234365  0.03593368341484969  0.03616335624120601  0.03637395471251077
  0.03689092020634108  0.03744392633714985  0.03786723290187381  0.03803908618871941
  0.03809567055471098  0.03815428752745352  0.03820832127424267  0.03825810024529749
  0.03830956925864647  0.03838361967138364  0.03849432751898307  0.03871761476399176
  0.03901623660475422  0.03924475235652032  0.03938572957060667  0.03952701479831938
  0.03966877792374769  0.03980673880212226  0.03993717738671369  0.04007149898810914
  0.04020791070585804  0.04034847965715573  0.04052178769546553  0.04069647605283242
  0.04085511093564304  0.04096782074433891  0.04111117629664308  0.04123677787850552
  0.04133753790608739  0.04147800090646379  0.04173064290126506  0.04195288636587112
  0.04208464323750939  0.04220274819941601  0.04229901155161164  0.04239723294047801
  0.04253548613800599  0.04278902097985655  0.04312753176808649  0.04355250742558012
  0.04401829862655898  0.04452286444685094  0.04539920916808553  0.04616775409266638
  0.04681387556068264  0.04763949763614347  0.04906042102469609  0.05060577079384307
  0.05219532552260901  0.05374376944575821  0.05507367553625284  0.05620844882601526
  0.05719126131161983  0.05814668620588854  0.05912789002567004  0.06006442987682582
  0.06108483599275633  0.06200130378940927  0.06304128807825414  0.06681743793955926
  0.07358921164898212  0.08118071670581638  0.08653568827505215  0.09556067857205985
  0.10067381080362831  0.11219076266095117  0.97176471714372537  1.00000000000000000
  0.02912275468836753  0.03841633174158728  0.04146214520036803  0.04310141548807468
  0.04460385857046065  0.04616958735732570  0.04849615339281776  0.04916526560191943
  0.04976040192442147  0.05023067945497450  0.05068230206763608  0.05117005903763552
  0.05180805744109129  0.05246693251138627  0.05303712682084818  0.05370371669190105
  0.05441692725284938  0.05506635758593876  0.05555463349445224  0.05600190254675890
  0.05632993790983679  0.05674447214882151  0.05724916106254973  0.05785277751135923
  0.05857885591684073  0.05923646836507637  0.05989714735554228  0.06052048781084018
  0.06129779679125467  0.06182401456092862  0.06223755125411377  0.06262323488938158
  0.06316624872214739  0.06357841546219276  0.06387619167922332  0.06453211078376565
  0.06541395414673723  0.06650350187551514  0.06757060149199065  0.06865142422821019
  0.06973814099361686  0.07076790361507920  0.07170035879915315  0.07267496656242226
  0.07369955824764800  0.07455780549867368  0.07546251881743463  0.07648334694208966
  0.07753926690901694  0.07897793690734234  0.08028590875199022  0.08144559004525836
  0.08239129928444203  0.08322766396378774  0.08380029658899997  0.08416547740554353
  0.08457539796278606  0.08498077463869949  0.08537918390354285  0.08586261974198349
  0.08636800718350310  0.08695496886180877  0.08756793483556120  0.08809420068747828
  0.08995453619872693  0.09123473941696054  0.09211329099760523  0.09289713372350761
  0.09355741802132858  0.09419988054905994  0.09480518171933321  0.09568940699141104
  0.09681826677420571  0.09748961534323936  0.09903792007489390  0.10009997859895499
  0.10124429260226439  0.10254823005980172  0.10407011054267658  0.10565950300673047
  0.10701769077327010  0.10882096121209375  0.11078277987930452  0.11183160573283757
  0.11393453256875723  0.11715384114398522  0.12124751760331307  0.12746388483636201
  0.13499948765751729  0.14401355057733220  0.15469379688305504  0.16110623419072290
  0.16634972940585091  0.17612183542559634  0.97730418828583276  1.00000000000000000
 -0.00000236726585076  0.00001895293638726  0.00002355787988986  0.00002499945460395
  0.00002652742303798  0.00002761894437843  0.00002850866166153  0.00002903555356212
  0.00002941971094916  0.00002984772990270  0.00003052912130868  0.00003126857968756
  0.00003212402654611  0.00003300569223897  0.00003401452056932  0.00003500286024397
  0.00003604000809364  0.00003741136600350  0.00004250923233606  0.00004778882864794
  0.00005306842495983  0.00005720184797367  0.00005895490113389  0.00006070795429410
  0.00006246100745432  0.00006389004734238  0.00006466284472440  0.00006543564210642
  0.00006620843948844  0.00006720855702353  0.00006870948433114  0.00007017416196354
  0.00007156239508220  0.00007288994164272  0.00007438592144623  0.00007582355598512
  0.00007715137464569  0.00007842308563507  0.00007971620880970  0.00008116273875097
  0.00008262675982955  0.00008398313183353  0.00008538662226572  0.00008685870437895
  0.00008892250630141  0.00009099971213248  0.00009302406751164  0.00009552654094332
  0.00009820485179836  0.00010019561442986  0.00010208796596541  0.00010503813204936
  0.00010945224351184  0.00011299311046853  0.00011710681751902  0.00012028256610100
  0.00012272822942356  0.00012648170218220  0.00013065458770646  0.00013317937488672
  0.00013562118986832  0.00013819443650624  0.00014072735239326  0.00014297871097217
  0.00014632227209031  0.00015005522263536  0.00015393332734312  0.00016787369133174
  0.00019588888340267  0.00020128000267239  0.00020565570027559  0.00021826305140021
  0.00023547700259645  0.00024915207100175  0.00025955128327969  0.00027224896478804
  0.00029017714556729  0.00030994512449753  0.00032682538379773  0.00038068445858135
  0.00048011356664090  0.00058828677260333  0.00069661446687945  0.00078910965213874
  0.00085847464092947  0.00091224535449571  0.00104591306071928  0.00131308400522492
  0.00150234887098406  0.00182193159420483  0.00245059582821321  0.00315301194779982
  0.00426733062413255  0.01009986789430123  0.31440518518950028  1.00000000000000000
 -0.00513546667121110  0.02211973611855698  0.02861944408890608  0.03314514417876387
  0.03822319972977849  0.04565210145526907  0.05149648888006569  0.05673766489373896
  0.06119299398285060  0.06544845656432396  0.06951482708581001  0.07288430998489542
  0.07807097301196896  0.08389487280054002  0.08838670651010797  0.09372104034195211
  0.09935581753009637  0.10477467018894041  0.11019352284778443  0.11926628367566885
  0.12836060217936215  0.13848803608997920  0.15143010605745041  0.16289464052069202
  0.17298773996523925  0.18175328615912653  0.18963431419541826  0.20345592604725971
  0.21462581437432518  0.22456570767087686  0.23506659731712731  0.24574041683476880
  0.25724895749122068  0.26897967033616360  0.28893517240709499  0.30089442950807460
  0.31257703979840351  0.32613911603741291  0.34137079882653454  0.35610550029123056
  0.37538112157446429  0.38681748865301352  0.39748980683063201  0.40817520494191378
  0.42064873494351801  0.43221330679573317  0.44314192607251462  0.45465490269248959
  0.46758811698770875  0.48248701662218979  0.49846346833119676  0.51518647538815088
  0.53055781613741071  0.54440611587140075  0.56005957840734866  0.58231482470794127
  0.60917403981232354  0.62885280743579641  0.64207218446819769  0.65215569118067362
  0.66101570521394015  0.67083746756810991  0.68152102534451842  0.69260153632665022
  0.70142194291655058  0.70777752127523474  0.71769684748114793  0.72866125296605777
  0.73987632545489068  0.74567462365913861  0.75220105804523474  0.75807892382991526
  0.76395093767761135  0.76903398163539893  0.77468697535844522  0.79174654752618268
  0.82148141938842101  0.84364219717525635  0.86197587291434852  0.88220256738884051
  0.90188237978380004  0.91763107624725626  0.92550683375524945  0.93038827962666160
  0.93639030756258979  0.94410308492427297  0.95244224418111145  0.95937449574635847
  0.96321057105743024  0.96662453996816922  0.96980961522584619  0.97332368044532536
  0.97768095009549072  0.98658321106580349  0.99632143030463405  1.00000000000000000
 -0.00295693051074207  0.00702051106368255  0.01735172057906152  0.02658119387585372
  0.03442520105358190  0.04349749201970654  0.06034383853298229  0.07575549867519871
  0.08433392521029986  0.09193007865747403  0.10155403521028686  0.10844202856275027
  0.12127926391526057  0.13439109127948995  0.14700234064132389  0.16185492554907305
  0.17929126811263504  0.19122232873353634  0.20082765462796326  0.20843025132240103
  0.21631185656464041  0.22883503789347714  0.24583586461449736  0.26444272433296068
  0.28840074351675904  0.31252235327860872  0.33345826693703062  0.34765159039668586
  0.36039381914584562  0.37232732882277930  0.38497107951815512  0.39596103333923016
  0.40504563151210704  0.41407404740995668  0.42329354001193409  0.43269119460985661
  0.44195874656304912  0.45902887375357415  0.46654011309759236  0.47268437266100294
  0.47958289449722002  0.48618774255565023  0.49523316330083128  0.50730112209626643
  0.52102560609241688  0.53484183300713317  0.54818892148481579  0.56777048468153468
  0.58147685674662286  0.59044201229315740  0.59870912156550149  0.60619719900750013
  0.60994071643501235  0.61460027636604109  0.62067640031634563  0.62851771238880749
  0.63900787788477442  0.64898076939462657  0.65552019708800080  0.66114921030853346
  0.66578132527775591  0.67291478134791738  0.68425577768732404  0.69742223579038021
  0.70857556586747761  0.71683933862370386  0.72432833581314715  0.72777348839910694
  0.73121864098506661  0.73475844634212872  0.73839862392271960  0.74203880150331059
  0.74535299069089389  0.74864936580858255  0.75281127103690593  0.75917789479804187
  0.76592666456169944  0.77199013613864997  0.77935348968599383  0.78888538624724636
  0.79461498730104940  0.80078847611698012  0.80711381777927027  0.81319250050357139
  0.83376174598443187  0.85087520916608272  0.86590412787883464  0.87965405562296017
  0.89053842741337186  0.89803216022452237  0.90473888407342939  0.91278065894275995
  0.92715485719887769  0.95325538792685927  0.98103972430613229  1.00000000000000000
 -0.00674203141811966  0.02052465957321926  0.04055822956859741  0.05801087237463325
  0.07452494604338163  0.09139228574973129  0.11018027525208214  0.12018492901721067
  0.12789079723835695  0.13401747525671326  0.13997889106452643  0.14818776497511518
  0.16444977907580527  0.18796899476537668  0.20645599713208768  0.21705485359435706
  0.22852419884412570  0.23812237223768923  0.25037414114424861  0.26955408209533649
  0.28276032172927201  0.29456939496440177  0.30525530250243982  0.31304600672781668
  0.31809299465258900  0.32426100755814380  0.32953985849901191  0.33260255083503354
  0.33449859021636463  0.33654586332105746  0.33879213455021379  0.34098687718999543
  0.34315597177416424  0.34638828848468151  0.35112733760349923  0.36238550142276804
  0.38422856202272637  0.40421409869956859  0.42526234805010615  0.44106056285086881
  0.45122350529737976  0.46138070705826362  0.47163026687671300  0.49498701121134553
  0.51440461496216694  0.52563267174621919  0.53619059027378235  0.54455551220966281
  0.55378447777580087  0.56448292006331946  0.58562534852740789  0.61089803906415752
  0.62184906983582144  0.63102652666917680  0.63920851808087997  0.64618666010122239
  0.65530069149051207  0.66330639553292470  0.66958083374853639  0.67244593546949982
  0.67410430952655731  0.67630842442444550  0.68128853764308273  0.69031640174749564
  0.70066127952785096  0.70712323887236472  0.71181302684072911  0.71902732980027984
  0.72740573108654061  0.73561548495082418  0.74556773768937235  0.75585123977677593
  0.76582652969056675  0.77220575218850873  0.77798899417255862  0.78537653997410062
  0.79583637707927646  0.80286402395910916  0.81664189369958007  0.82639996208527111
  0.83521072738201685  0.84664566041840617  0.86577239013531304  0.89217500942830841
  0.91930546334274665  0.93144960564945201  0.94359374795615736  0.95276207429705317
  0.96160456771049085  0.96676350256296029  0.97113267816718751  0.97754060847095892
  0.98450755884935670  0.99032963055154755  0.99535125129748414  1.00000000000000000
 -0.00734266295243517  0.03063570831552872  0.05725765394909299  0.06557184712718057
  0.07346224082950960  0.08049443064394522  0.08775501081153897  0.09624485302583985
  0.10495196117742953  0.12142593438604385  0.13370011725189215  0.14660248291688949
  0.15894113345424235  0.17190210114324325  0.18000569456175325  0.18723551940026009
  0.19412450153894387  0.20090302651869785  0.20751026402134159  0.21401500792750691
  0.22446443058242452  0.23876424727046341  0.25327757591665218  0.26491219332149840
  0.27628770304789957  0.28970119894934132  0.30681585504546383  0.32140079532969462
  0.33166615658629084  0.33857300336593399  0.34060052862031787  0.34479689698024313
  0.35004459925985182  0.35391340299231711  0.35877135271450888  0.36427091778669751
  0.37202226128660082  0.38106549727691241  0.39062926865322806  0.40601339783516233
  0.42252962710404990  0.43406705896238434  0.44393637470296271  0.44913783199654689
  0.45489284642632405  0.46048198103566718  0.46907006883895408  0.47562985532310942
  0.48339509077881870  0.49653290621877161  0.51218102643504948  0.52716825209095686
  0.53677184879656614  0.54336412271140033  0.54828223587686387  0.55418859156161071
  0.56445674236151266  0.56932905618775342  0.57311160682618589  0.57680932558689890
  0.58012685378520112  0.58901430390949838  0.59944239180417092  0.61057669434092809
  0.62266464157998025  0.63599763205254356  0.65174533126906142  0.67405028380379528
  0.69244260199702634  0.70672512748590699  0.71831522023249217  0.72704156458770797
  0.73551845384272918  0.74339230528980438  0.75146837393716559  0.76124295241069162
  0.77346642272647281  0.78633834710107242  0.80229791504533765  0.81988193521321762
  0.83505668454723592  0.84219673740588996  0.84772659530073058  0.85371594044671784
  0.86104991453380819  0.86854359945858617  0.87630848117454252  0.88899979325481648
  0.90479860475700202  0.92317174165332294  0.93702154052524222  0.94555087609387733
  0.95380667139840536  0.96735402679340565  0.98305698585378054  1.00000000000000000
 -0.00240246577668392  0.00951503461051867  0.02165795844890009  0.03204537148810326
  0.03880642080221140  0.04566423868250317  0.05261171618156435  0.06219115218325552
  0.07480973376123612  0.09389964936718707  0.11126814863267892  0.12419581420289866
  0.13721438780804945  0.14928209995423472  0.15950453488253424  0.16973570718140193
  0.18000361344395124  0.19025191115632401  0.20010061403261614  0.20994931690890828
  0.22724333487847800  0.24254088018544134  0.26350832051602990  0.28044125489186250
  0.29712256553566047  0.31705582029704871  0.33187219927898487  0.34397134346291053
  0.35432366775534668  0.36551319621806394  0.37912838372935048  0.39537046563734174
  0.41544802912716677  0.43568512633838308  0.44401457185294618  0.44697859372578014
  0.44896912243142334  0.45183613334367750  0.45500869341681799  0.46131295410986650
  0.46814838601115422  0.47971155254174142  0.49186949385864071  0.50070319286104492
  0.50677509088722938  0.51238228858479584  0.51813554291525155  0.52335981581865554
  0.52633585964894158  0.52947886914261633  0.53333376570019209  0.53778079430414671
  0.54309527196164697  0.54579461221017578  0.54948280562453733  0.55776223824001137
  0.56522563467174114  0.57130610184057196  0.57736694243869302  0.58213361402462371
  0.58747712923145534  0.59343323907363499  0.60213807079212311  0.61792867801433404
  0.63388820394965539  0.64494253396946200  0.65736410775984178  0.66823592584505687
  0.67909922012181867  0.69019552836939835  0.70204474078193324  0.71509264993567823
  0.72619230674224167  0.73280199837695525  0.73912397918841366  0.74486335178971219
  0.75162033381075355  0.76114580748810490  0.76974568455925385  0.78030702748326175
  0.79863245778491787  0.82180714469788319  0.83873611542203308  0.85343110093609420
  0.86506684214806884  0.87171990050282377  0.88041366070773552  0.89062546010954502
  0.89826808148544335  0.90559012061519373  0.92158412570121606  0.94156576386635449
  0.95643489429127138  0.97308867875051153  0.98722804284559929  1.00000000000000000
 -0.00389795324394832  0.01784700392737506  0.02873587785255376  0.04281717228021299
  0.05799771807235334  0.07444657161033665  0.08972215546642145  0.10418074531494179
  0.11196324432805867  0.11663117755502718  0.12105011510495475  0.12560188404330547
  0.13369212141125117  0.15000417064475269  0.16152578596993677  0.17443014101074722
  0.18608298025667463  0.19580078162909120  0.20859277719070835  0.22973626503623068
  0.26196610846108404  0.28792709801288457  0.30867989176328803  0.32202968300567381
  0.32933298725194349  0.33589567742737514  0.34098183366437740  0.34491611381941240
  0.35415311291848789  0.36514751831214326  0.37537703772620618  0.38870909798600656
  0.40374665496229578  0.41675768742409719  0.42810293451809561  0.44306336886239306
  0.46230515084565654  0.48145369347978156  0.50035582951467483  0.51455059724074803
  0.52690292812069295  0.53899833062746261  0.55309357707096529  0.56953952962025156
  0.58223164627655610  0.59175135738929963  0.59907331054854107  0.60608827912289986
  0.61374282460867546  0.62016314554764285  0.62472408438668359  0.62873888599916472
  0.63254759206023681  0.63739985187780190  0.64273385106841030  0.65687845567953251
  0.66766734778986014  0.68173161235627644  0.69791687183594509  0.70992086033855317
  0.71554231236116528  0.72255882929361426  0.73128631523131249  0.73726977886454093
  0.74172769739702216  0.74586976199416977  0.74848539848374962  0.75190726404761354
  0.75716837446237562  0.76664443698310392  0.77960293519885737  0.79521763315700322
  0.80147747032273253  0.80724015155695816  0.81276820143367645  0.81872416420197192
  0.82516815913272967  0.83616650036325968  0.85203003760594387  0.86327409892619178
  0.87196549865022999  0.88061481044227075  0.88920607785590311  0.89674444826800170
  0.90430221006546840  0.91506202441364715  0.92146277873200388  0.93092544816887268
  0.94319721505493304  0.95000224911355269  0.95492089736928198  0.96154193388773712
  0.96950980650770235  0.97737363383427711  0.98546857444594438  1.00000000000000000
 -0.00438475426172428  0.01323407712390672  0.02523326623492501  0.03356841065790610
  0.04081609476682624  0.04916293560090317  0.05735660715926486  0.06774731355267440
  0.08264781743087388  0.09812061970028960  0.11295359312714345  0.12284223344738822
  0.13246089286463764  0.14178280028884446  0.15043551732637470  0.15900454095273159
  0.16754555322659756  0.17403430477724766  0.18100678370544201  0.19178507401412279
  0.20730559165470414  0.21987810344280470  0.22993131303659781  0.23771294058128065
  0.24267413638470858  0.24852226293252488  0.25861233742001632  0.27465085867398681
  0.29072218915906439  0.30212935607447622  0.31169004548367624  0.31954085097945606
  0.32447031428371420  0.32720342865011975  0.33049719439309244  0.33753310288519539
  0.34482911205339972  0.34890037148416286  0.35217962518293366  0.35656455904988055
  0.36197991569587384  0.37122356624908515  0.38357356081315080  0.39738032512046217
  0.41226683673156922  0.42763384566252027  0.44346668047686283  0.45691687509204021
  0.46604674251667072  0.48065185417766815  0.49532288581064127  0.51339467136130645
  0.52919272789026284  0.54324470749915599  0.55606368098735837  0.56798571356620897
  0.57774654172062434  0.58928769052926566  0.59694825646266114  0.60555411447521723
  0.61670662860366399  0.62470181062251540  0.63693978866950596  0.64778953369223491
  0.65944271916070618  0.67630442715623462  0.69463554558551954  0.71235873308695197
  0.72310352061280114  0.73079354544871078  0.73900905487436164  0.74585537451712691
  0.75221264707885316  0.75868105539756991  0.76702212198777453  0.77881951706691643
  0.78954861878841620  0.79970709667318574  0.80910672375181270  0.81427419482359276
  0.81899217571550720  0.82346603309767896  0.82795554667524318  0.83254902859651381
  0.83758123789247851  0.84450718958357951  0.85564313881605480  0.87577704860936267
  0.89449240085926018  0.91791553695900785  0.93884928894548658  0.95578979014971865
  0.96777413769632015  0.97847205680447780  0.98923602840223890  1.00000000000000000
 -0.00748321408778223  0.01940578212116308  0.03917132957369345  0.05243489918425597
  0.06243122135839544  0.07148796399470905  0.08094153545275073  0.09106622127379620
  0.09918050170882267  0.10363583034776008  0.10712003149654985  0.10952533237400108
  0.11223353103074862  0.11599085023875261  0.12047879287952419  0.12300664244544059
  0.12444916219571545  0.12628354115198953  0.12896675799032839  0.13699806087984406
  0.14842745866902607  0.15251194775747981  0.15509455889139909  0.15888389773470432
  0.16172586014560181  0.16412851085824229  0.17325873867274322  0.18990516110374761
  0.20923802782647893  0.22400319916158859  0.23292882896925934  0.24010813343107165
  0.24674213323491317  0.25312103629991095  0.26094116865909434  0.26973573975694709
  0.28106078697732084  0.29451135091694963  0.31024390618514514  0.32367687853534094
  0.33549463911132360  0.35056954781356664  0.37046236918188769  0.38748200283504808
  0.39924885179684094  0.40872809437275853  0.41521446983194127  0.42268269694050620
  0.43124589444677647  0.44036858435310183  0.45753125823559193  0.47241378808648288
  0.48809073394482433  0.50318846089387836  0.52596340415536680  0.54858201336263435
  0.56071594164096106  0.56856595565791157  0.57320688664603880  0.57991252707034735
  0.58772379790061613  0.59462588423083007  0.60140236346690279  0.60620201194879519
  0.61017259967843229  0.61593645800629293  0.62327351113730867  0.63070622141006816
  0.63867260207752696  0.65166236087965146  0.66660544154450985  0.68203325643226143
  0.69664475140658810  0.70842389780953585  0.72153003551221750  0.73847285675211405
  0.75824390403766917  0.77820097040086100  0.79520514540179976  0.80995969129969780
  0.82354311248766854  0.83714615007559889  0.85050842631886436  0.87054506299693701
  0.88431302143117529  0.89226798209848046  0.89949538890907355  0.90661495144346937
  0.91149352682719664  0.91754745682899619  0.92469626648929681  0.93835443870549284
  0.95879867953848996  0.97503974758592915  0.98787136735074255  1.00000000000000000
 -0.00107700275405083  0.00564622138294372  0.01484503862999179  0.02550056659264799
  0.03495810791207983  0.04216656959345383  0.04813061091894434  0.05314137098056559
  0.05976695430455790  0.06949826814614640  0.08212323877832627  0.09594240443670987
  0.11679878874235099  0.14328088254415811  0.17266882989240601  0.18481889169213275
  0.19652885272161633  0.20773221690961249  0.21799851060818493  0.22723213965521391
  0.23725819950751914  0.24755711722655488  0.25817303796458135  0.27818101481670121
  0.30715035242560845  0.33810613712360721  0.36091799081564091  0.37546289202136657
  0.38786506780643704  0.39983057509709158  0.41138666164885840  0.42541237708406265
  0.44292910668629049  0.45656202656716854  0.46727701019397910  0.47793741139145590
  0.48704194239246906  0.49358891248377246  0.50048532480423624  0.50759262635789026
  0.51504118087918915  0.52327789085187504  0.53727903618565043  0.55551463485122876
  0.57613121124295041  0.59291135601649037  0.60529843547015250  0.61701276270309147
  0.62806508333711086  0.63839976429867762  0.65029788053620841  0.66874709556265388
  0.69274259853150777  0.71552980172253067  0.73296798623129522  0.74131250107151048
  0.75028135555261100  0.76046906033204253  0.77039122857513020  0.78231303839117894
  0.78913703664640988  0.79337231686409726  0.79608945136474685  0.80017831203682999
  0.81001035765187801  0.81729829183971647  0.82434106325511158  0.83278267593079880
  0.83993555909166062  0.84523201626295663  0.85016851190653131  0.85630902254637065
  0.86458770613910418  0.86954589423249395  0.87278463887004665  0.87698997642926757
  0.88167777764824951  0.88418495704302036  0.89296074672923753  0.90441543628639487
  0.91510731324344929  0.92419642954828241  0.93315976954796076  0.93830347958341787
  0.94183498726561199  0.94455601287824709  0.94691326156819267  0.94866330271312693
  0.95018469820314955  0.95426550560881895  0.95813595046949795  0.96210742764169022
  0.96854477861755461  0.97790949794362825  0.98888373980525757  1.00000000000000000
 -0.00138422642091882  0.00629848243119048  0.01439464144965030  0.02232680799998927
  0.03094708396842788  0.03778309691048350  0.04168163259355081  0.05093517545981820
  0.06746703019544484  0.08456753242079651  0.10001404872413967  0.11558430215952227
  0.13087868495256569  0.15298011188323979  0.17626615602707874  0.19943056482909036
  0.22512208511466528  0.24632759694102474  0.26471156425653375  0.27740973394749519
  0.28664770380541776  0.29498680185436754  0.30317338661493587  0.30919362723243898
  0.31499935083454800  0.31981174198722467  0.32659540626085520  0.33462311477310519
  0.34136254277257116  0.34588934075757560  0.34827413220154047  0.35068775470776897
  0.35392286302885806  0.36105225437574656  0.36724917781173283  0.37682141796228286
  0.38892620849239679  0.39830493080869417  0.40736624401636368  0.41605799963098811
  0.42612263519650379  0.43655444252772851  0.45624266294628324  0.47227549766072552
  0.48202150263534765  0.48989510087080862  0.49776043109534557  0.50356727106568455
  0.50938156473841656  0.51520034327953990  0.52225811047495996  0.53105043999637869
  0.54027865809556530  0.55108783593490074  0.56577229660450745  0.59136735825705822
  0.61223458486467974  0.62534952513774045  0.63440984279190815  0.64201964970893077
  0.65452730295725736  0.66785998521515100  0.67735296139409806  0.68579751613822360
  0.69617468011041905  0.71303719222942308  0.73400093570674219  0.74962913017979771
  0.76008428322017152  0.76872942263143085  0.77742495272257361  0.78711483674116056
  0.79944364782716504  0.81518285675553592  0.83455231489316362  0.85018580179493219
  0.86338229456841642  0.87443631407350919  0.88408345413273670  0.89445326221263810
  0.90231252575275500  0.90885920914341634  0.91525707894510067  0.92208186838225914
  0.92713677854632770  0.93266058933952134  0.93826234371254857  0.94868910921580141
  0.95520931755612093  0.96141022371493701  0.96733040655499414  0.97218672168037756
  0.97651700259364982  0.98166838928489797  0.98868076817182282  1.00000000000000000
 -0.00569181316917551  0.02136199467380568  0.03165656118042781  0.04094980174684481
  0.04891863593043486  0.05653583259304991  0.06314813890588485  0.07181300523610550
  0.07961691366960316  0.09519012253352553  0.10988748994964952  0.12649846081369309
  0.13866244547393602  0.15025454317930853  0.15970291183665994  0.16788250810706939
  0.17628421596730007  0.18502877501193948  0.19134249380129531  0.19809639715817068
  0.20739326145164391  0.21827810991166219  0.22691797065307365  0.23557059230326685
  0.24493284845190252  0.25278172465444160  0.26160600350909985  0.27805494818943638
  0.31444898310097480  0.35120087254172005  0.37991068737689387  0.39862093316892938
  0.40891967956133973  0.42206970720074105  0.43877998794448830  0.45594018057340718
  0.47222034099536114  0.49024919060378164  0.50440653867613927  0.51992773399854419
  0.53902265742989497  0.55069606906632484  0.56229840385293761  0.57380968330618132
  0.58529819845042175  0.59841020840954995  0.61306832341550588  0.62841196862761317
  0.64381802896513773  0.65207114927952992  0.65869295958252694  0.66903106825896619
  0.68056032154932966  0.68766706830791480  0.69298929045475310  0.69727796608194859
  0.70230226933700979  0.70556111430734036  0.71059801591488514  0.71823576141189915
  0.72828465468212988  0.73847229180544605  0.74675633074048675  0.75288894228928416
  0.75934362132013722  0.76739073964601068  0.77536312302361632  0.78330837333329895
  0.78985813035628871  0.79510551622487802  0.80204229488246359  0.81208955042459507
  0.81862965342146909  0.82523182200557399  0.83277849926672376  0.83626213164144891
  0.84006676033835359  0.84283261071560889  0.84601084329517429  0.85072505244647534
  0.86307387289760107  0.87421119181269935  0.88391305302159129  0.89389972989852329
  0.90333963759652192  0.91052711067155478  0.91824510591861164  0.92652195742952304
  0.93387897541984477  0.94056404919647840  0.94737032547269362  0.95345649189305115
  0.95851683383227126  0.96419842775158227  0.97714121497498485  1.00000000000000000
 -0.00547595101327498  0.02310763768145451  0.02799042394086832  0.03030776296122387
  0.03293226115184990  0.04130129836572718  0.05202795024693146  0.05868831932502719
  0.06379941908987900  0.06963349767529935  0.07576527402573338  0.08159249539380402
  0.08580862394545639  0.09225937237012671  0.09911189814054144  0.10735930805368804
  0.11598604142036557  0.12567904704865598  0.13646935203925814  0.15014610977167736
  0.16690263547787873  0.17391127447334387  0.17839878440110066  0.18202226292507950
  0.18404875911813190  0.18708497376547242  0.20060998875726693  0.21092336286093891
  0.22053719922570911  0.22697636205567356  0.23096924714278524  0.23520388692159322
  0.23955211839317520  0.24361031901394850  0.24793414215493267  0.25319213227831666
  0.26002922875989087  0.26922232809599250  0.28456899645068218  0.30174990163852522
  0.31690501874933469  0.32780200942171644  0.33943076113159698  0.35378783660518093
  0.36747886527822732  0.38374044063730989  0.39688900938113869  0.41118338405962701
  0.43136418362371987  0.45628160156588571  0.47910371157162146  0.50001936900388666
  0.52319209251752818  0.54488122364510250  0.57116326817127083  0.58294868146197509
  0.59436722545859877  0.60603065525730238  0.62665679181423539  0.64442946568775872
  0.65796585760645332  0.66884118485573918  0.67809889344019969  0.68756751332488220
  0.69921378893625918  0.71007389338282523  0.71586712641235883  0.72245058826411079
  0.72808184674514720  0.73513304241120314  0.74258438784629510  0.75344920578966845
  0.76132483124715256  0.76638155466880975  0.77093770085089997  0.78001040304659597
  0.79017554933881939  0.80206334028352599  0.81634282548779147  0.83132793848651210
  0.84139611503405032  0.84725642898584885  0.85102768293721331  0.85493014112549903
  0.86179330713804725  0.86891876883376740  0.87798710064014729  0.88788981380148913
  0.89669385284645986  0.91020669609692040  0.92767380204742400  0.94304048714956523
  0.95657180128708530  0.96885125147232565  0.98407072891195735  1.00000000000000000
  0.04603270870466768  0.43888252256472954  0.46405870189569925  0.47435671057258622
  0.48450024544908454  0.50773402741584872  0.53146947987746462  0.53888153745810541
  0.54669721151202455  0.55101667793888254  0.55487810749207356  0.55842077245424915
  0.56361393022152639  0.57069877274419556  0.57603567518470000  0.57812144871743976
  0.58051508957768072  0.58304031711156934  0.58578349342178393  0.58946101878078250
  0.59456740202759506  0.60177611295738942  0.60870762652527821  0.61309946880028132
  0.61748292563525786  0.62177079616812081  0.62554840238605980  0.63012216394031761
  0.63633520244426056  0.63939765806967319  0.64190410907700768  0.64400357818379950
  0.64546781782881646  0.64808922801662094  0.65210477221047769  0.65478287091405984
  0.65713473291534608  0.65858679090409378  0.65988083252416263  0.66102471481812330
  0.66297175146970155  0.66493251503483675  0.66721773857858135  0.66874653366607228
  0.66982464243821582  0.67129507441384140  0.67366605743019270  0.67767990449997462
  0.68252456319827015  0.68592644240842660  0.68915334427806607  0.69605246169864177
  0.70164096686234179  0.70879880331216927  0.71715646073237294  0.72673860725722272
  0.73464566874598825  0.74031930668415047  0.74532169061431197  0.74883791076625517
  0.75193429402586720  0.75468579286767656  0.75701609777257073  0.76028808298063633
  0.76383839363312600  0.76818642463569520  0.77201504401319743  0.77549671072541915
  0.77842434659173665  0.78127554570054059  0.78475096631906760  0.78778011770455014
  0.78989763217476761  0.79250438859078576  0.79524166559027243  0.79837447128711514
  0.80204133344092021  0.80607940542204004  0.81035760534226597  0.81356034434764402
  0.81639662494020404  0.81994977100588540  0.82404222861598297  0.82837610270150752
  0.83289966959633721  0.84004551026669827  0.84810051903289774  0.85475574054813641
  0.85944457132590546  0.86417793621636185  0.86900941060874592  0.87497054903356286
  0.88324363646527548  0.89411633499909282  0.90457530588897117  1.00000000000000000
 -0.03639994176989797  0.18502516744014816  0.25216389711900500  0.29497419019570753
  0.31655516137508166  0.32928532841879959  0.33913444161414785  0.34506871164404068
  0.34987191925940725  0.35539947723959386  0.36224885389228345  0.36940754556538141
  0.37878301687496468  0.39323304983022656  0.40717715972174173  0.41686493423018911
  0.42774951930069355  0.44023016076292004  0.45065702780113936  0.45689686825051545
  0.46270208920743516  0.46719174392443941  0.47168654972597146  0.47633628171728698
  0.48098601370860256  0.48725724296848827  0.49405432167093627  0.50032941042216850
  0.50510115737857253  0.50921084258046345  0.51309409886241564  0.51679539580280198
  0.52027404465889637  0.52599981016193931  0.53377365617944805  0.54132264187949597
  0.55069998874778892  0.56023624064914812  0.56685805010401757  0.57149080720138856
  0.57493076601724702  0.57786990344934908  0.58060268319215946  0.58562122054248100
  0.59299649730293724  0.59877675110563156  0.60354845396666301  0.60867237902055571
  0.61138156334781690  0.61237875966153121  0.61316486395110781  0.61362963017114469
  0.61471708997953201  0.61613196339734300  0.61751713037807854  0.61986106148761078
  0.62284340902033464  0.63166174665942476  0.64168319392799911  0.65129034662431362
  0.65888262925355556  0.66427639842120523  0.66894129487205423  0.67630914428768862
  0.68435692641875812  0.69212483405747560  0.69743633135913119  0.70230361508493500
  0.70609910887963767  0.71042388118221911  0.71508407526805906  0.71884900838303034
  0.72242745991160018  0.72580938227356184  0.72892648345882016  0.73180444682957135
  0.73577670246170968  0.74177618878707052  0.75055211866838722  0.75996071926537823
  0.76901033382782713  0.77796188689394041  0.78691252563819070  0.79393740693392756
  0.79958050867851016  0.80367578836641340  0.80686775298721392  0.81035076504913317
  0.81237270600781331  0.81363009985568946  0.81736372734807938  0.81974295217484194
  0.82380714709299696  0.83451165526073778  0.86311265078612220  1.00000000000000000
   2.2006491473386366E-020  -1.0000000000000000     
 T F F F F F F F F F F F F F F F F F F F T F F F T F F F F F F F F F F F T F F F T F F F F F F F F F F F F F F F F F F F T F F F F F F F F F F F F F F F F F F F F F F F F F F F F F F F F F F F F F F F F F F F F F F F F F F F F F F F F F F F F F F F F F F F F F F F F F F F F F F F F F F F F F F F F F F F F F F F F F F F F F F F F F F F F F F F F F F F F F F F F F F F F F F F F F F F T F F F F F F F F F F F F F F F F F F F T F F F T F F F F F F F F F F F T F F F T F F F F F F F F F F F F F F F F F F F T F F F T F F F F F F F F F F F F F F F F F F F T F F F T F F F F F F F F F F F T F F F T F F F F F F F F F F F F F F F F F F F T F F F F F F F F F F F F F F F F F F F F F F F F F F F F F F F F F F F F F F F F F F F F F F F F F F F F F F F F F F F F F F F F F F F F F F F F F F F F F F F F F F F F F F F F F F F F F F F F F F F F F F F F F F F F F F F F F F F F F F F F F F F F F F F F F F F T F F F F F F F F F F F F F F F F F F F T F F F T F F F F F F F F F F F T F F F T F F F F F F F F F F F F F F F F F F F T F F F
  <DiscreteSampler_grid>
  grouped_processes
  1 # 1 for a reference and 2 for a running grid.
  10 # Attribute 'min_bin_probing_points' of the grid.
  1 # Attribute 'grid_mode' of the grid. 1=='default',2=='initialization'
  0.0000000000000000 # Attribute 'small_contrib_threshold' of the grid.
  0.5000000000000000 # Attribute 'damping_power' of the grid.
 # binID   n_entries weight   weight_sqr   abs_weight
    16   10   2.421800875923306E-021   5.330243593163441E-041   2.421800875923306E-021
    17   10   2.421800875923435E-021   5.330243593164029E-041   2.421800875923435E-021
    19   10   2.456709625274137E-021   5.119247144196853E-041   2.456709625274137E-021
    20   10   2.456709625274062E-021   5.119247144196615E-041   2.456709625274062E-021
    22   10   1.201212391267880E-020   1.397505917252332E-039   1.201212391267880E-020
    23   10   1.201212391267843E-020   1.397505917252248E-039   1.201212391267843E-020
    28   10   5.138542016531554E-021   2.089946814619005E-040   5.138542016531554E-021
    29   10   5.138542016531368E-021   2.089946814618736E-040   5.138542016531368E-021
    31   10   8.143550878526620E-021   3.300354975801065E-040   8.143550878526620E-021
    32   10   8.143550878526752E-021   3.300354975800950E-040   8.143550878526752E-021
    34   10   1.102234664150770E-020   5.542824191189744E-040   1.102234664150770E-020
    35   10   1.102234664150784E-020   5.542824191189633E-040   1.102234664150784E-020
    40   10   2.421800875923357E-021   5.330243593163679E-041   2.421800875923357E-021
    41   10   2.421800875923415E-021   5.330243593163935E-041   2.421800875923415E-021
    43   10   2.456709625274123E-021   5.119247144196789E-041   2.456709625274123E-021
    44   10   2.456709625274069E-021   5.119247144196643E-041   2.456709625274069E-021
    46   10   1.201212391267876E-020   1.397505917252322E-039   1.201212391267876E-020
    47   10   1.201212391267842E-020   1.397505917252247E-039   1.201212391267842E-020
    52   10   5.138542016531566E-021   2.089946814619014E-040   5.138542016531566E-021
    53   10   5.138542016531353E-021   2.089946814618722E-040   5.138542016531353E-021
    55   10   8.143550878526606E-021   3.300354975801052E-040   8.143550878526606E-021
    56   10   8.143550878526760E-021   3.300354975800956E-040   8.143550878526760E-021
    58   10   1.102234664150768E-020   5.542824191189712E-040   1.102234664150768E-020
    59   10   1.102234664150789E-020   5.542824191189697E-040   1.102234664150789E-020
    64   10   2.421800875923210E-021   5.330243593162997E-041   2.421800875923210E-021
    65   10   2.421800875923478E-021   5.330243593164223E-041   2.421800875923478E-021
    67   10   2.456709625274145E-021   5.119247144196879E-041   2.456709625274145E-021
    68   10   2.456709625274020E-021   5.119247144196414E-041   2.456709625274020E-021
    70   10   1.201212391267887E-020   1.397505917252347E-039   1.201212391267887E-020
    71   10   1.201212391267817E-020   1.397505917252187E-039   1.201212391267817E-020
    76   10   2.421800875923260E-021   5.330243593163230E-041   2.421800875923260E-021
    77   10   2.421800875923477E-021   5.330243593164220E-041   2.421800875923477E-021
    79   10   2.456709625274166E-021   5.119247144196970E-041   2.456709625274166E-021
    80   10   2.456709625274011E-021   5.119247144196379E-041   2.456709625274011E-021
    82   10   1.201212391267887E-020   1.397505917252349E-039   1.201212391267887E-020
    83   10   1.201212391267816E-020   1.397505917252186E-039   1.201212391267816E-020
    88   10   5.138542016531511E-021   2.089946814618961E-040   5.138542016531511E-021
    89   10   5.138542016531406E-021   2.089946814618769E-040   5.138542016531406E-021
    91   10   8.143550878526531E-021   3.300354975801003E-040   8.143550878526531E-021
    92   10   8.143550878526770E-021   3.300354975800968E-040   8.143550878526770E-021
    94   10   1.102234664150757E-020   5.542824191189606E-040   1.102234664150757E-020
    95   10   1.102234664150784E-020   5.542824191189622E-040   1.102234664150784E-020
    100   10   5.138542016531517E-021   2.089946814618965E-040   5.138542016531517E-021
    101   10   5.138542016531396E-021   2.089946814618760E-040   5.138542016531396E-021
    103   10   8.143550878526539E-021   3.300354975801010E-040   8.143550878526539E-021
    104   10   8.143550878526775E-021   3.300354975800971E-040   8.143550878526775E-021
    106   10   1.102234664150758E-020   5.542824191189619E-040   1.102234664150758E-020
    107   10   1.102234664150787E-020   5.542824191189664E-040   1.102234664150787E-020
  </DiscreteSampler_grid>
