  0.02047970014109743  0.03643177818820362  0.04176670121410877  0.04710162424001392
  0.05243654726591907  0.05774275300475068  0.06298353296726859  0.06822431292978649
  0.07346509289230441  0.07870561736469706  0.08393821340870219  0.08917080945270733
  0.09440340549671246  0.09963600154071758  0.11078248608100018  0.11877831257249780
  0.12209144773162625  0.12540458289075471  0.12871771804988316  0.13203655075447970
  0.13535670063552679  0.13867685051657391  0.14199685588734229  0.14531569509471798
  0.14863453430209364  0.15195337350946930  0.15993945683085664  0.17122194055259524
  0.18167166479850716  0.19245471385338719  0.20266308312753900  0.20908454208971428
  0.21538086325856684  0.22167099573713547  0.22924793619474790  0.24155555433455500
  0.25539133375613465  0.26869338189197634  0.28024196351292430  0.28823619524133609
  0.29572244552348304  0.30390848411474464  0.31771124540213264  0.33301236596986328
  0.34739741938604779  0.35743979320760438  0.37347768336007098  0.41752495015518210
  0.48833497440746515  0.52205979779803924  0.52886283644518206  0.53526816054295034
  0.55057907705880160  0.56225428375264463  0.56892506606828241  0.57270751352783089
  0.57565015523048768  0.57842758196349242  0.58630021992593206  0.59095539413776876
  0.59286159314122289  0.59570838719295061  0.59878336838978830  0.60240267163040762
  0.60415864717197243  0.60533900642325289  0.64878087599894552  0.73629981224351349
  0.77834902852260046  0.78234706518463826  0.78306525881849220  0.78378345245234615
  0.78485494496346453  0.78601334566899372  0.78728670944306267  0.78884817725665179
  0.79040964507024092  0.79368676091458801  0.79550873288738877  0.79918641993353357
  0.80908739222237791  0.81969569606752890  0.82344924960072907  0.82464528300627427
  0.82545449920108449  0.82641881256493821  0.82708744049196714  0.82763369668946452
  0.82793136217765151  0.83454840806299979  0.84979844289850193  0.86595126142486256
  0.88861827562966833  0.91315521989669235  0.94573295053468842  1.00000000000000000
  0.00001856836204546  0.00020126160198821  0.00031235917179632  0.00033113632444242
  0.00034819331846387  0.00036525031248531  0.00038937277163312  0.00041989260283609
  0.00045041243403906  0.00048092522059383  0.00051133724398185  0.00054174926736987
  0.00057216129075789  0.00082472469442695  0.00216963896417816  0.00260940563275510
  0.00286137549763864  0.00304147029806871  0.00316018865833226  0.00324718878820004
  0.00333636274190591  0.00346818868261481  0.00361145766502802  0.00377597264590745
  0.00393621715227524  0.00396846255525318  0.00398655886527544  0.00400465517529770
  0.00402391465848328  0.00405000441350740  0.00407609416853153  0.00410218392355565
  0.00412881592826909  0.00415622104739425  0.00418362616651941  0.00421103128564457
  0.00438025651745108  0.00467945069070403  0.00487901882947508  0.00519044073506326
  0.00551522190729563  0.00670405711338886  0.00726975749128961  0.00759248010298263
  0.00806394672769568  0.00836844365005284  0.00840461965221251  0.00843312631135977
  0.00846163666435590  0.00851949175964575  0.00855261024927430  0.00857729173621784
  0.00860184946002826  0.00862769637872899  0.00866479426403502  0.00870281644714447
  0.00875445480773211  0.00880923041289065  0.00886285622826859  0.00891801685919748
  0.00895237479610746  0.00900455046179726  0.00920202274157413  0.00980492836772125
  0.01014301796504332  0.01062483946110452  0.01108999008321850  0.01122191105503103
  0.01125418724889928  0.01128214040686581  0.01131703943501446  0.01142647386388766
  0.01159664215112861  0.01206488906292952  0.01234537095969622  0.01244962470248408
  0.01255387844527193  0.01265431464258433  0.01275088987643642  0.01284746511028852
  0.01302228219545488  0.01321168336481967  0.01361070707973971  0.01417806777255204
  0.01449792371514745  0.01480754674357122  0.01511111121546701  0.01530654060210334
  0.01540153280882281  0.01551024576224789  0.01571938973526611  0.01674738992694874
  0.01806845124328136  0.02193737408982701  0.21939637986580030  1.00000000000000000
  0.00006184502869984  0.00105249332272535  0.00132763027535850  0.00150183466563635
  0.00173301431738437  0.00208120639786146  0.00245564380782340  0.00296254750794481
  0.00301877885415830  0.00307501020037179  0.00313124154658527  0.00318747289279876
  0.00324370423901225  0.00329993539673619  0.00335616641939040  0.00341239744204462
  0.00346862846469884  0.00352485948735306  0.00358109051000728  0.00363732207877741
  0.00369355372976532  0.00374978538075323  0.00380601703174113  0.00386224868272904
  0.00394015095126962  0.00413546395761317  0.00433077696395673  0.00452608997030029
  0.00471623147469074  0.00489638635847582  0.00507654124226090  0.00525669612604598
  0.00536187652944393  0.00539961192362095  0.00543734731779798  0.00547508271197501
  0.00577183044022735  0.00593769424593961  0.00605857132641058  0.00618294968209359
  0.00637447785136409  0.00648003743975473  0.00813078312676080  0.00941868369067803
  0.01017925917347840  0.01097572199631713  0.01149973889375676  0.01166448837052815
  0.01182756440958321  0.01193300709718352  0.01203800908082133  0.01214344237108313
  0.01228467515497116  0.01251238967379161  0.01280513641551242  0.01335973509115744
  0.01383966637858349  0.01429782991716990  0.01468550066152710  0.01503132661188896
  0.01538802930245477  0.01581845767474601  0.01646221787938260  0.01902996447606313
  0.02196437854962518  0.02347194388734996  0.02442785588942039  0.02499479782725343
  0.02540037293216366  0.02595200074440726  0.02634409793675447  0.02677240575019687
  0.02684676292778575  0.02692941936838143  0.02699966445223229  0.02705009061313996
  0.02712337395028160  0.02721784665622557  0.02733004598136718  0.02736855591302260
  0.02740709393279689  0.02744565571564504  0.02748421171923791  0.02754034546142780
  0.02806789358135149  0.03039478626108437  0.03393981027389251  0.03599168991959734
  0.03807385935729306  0.04020184768124090  0.04220158057271909  0.04383024673458671
  0.04637391406065604  0.05789438080923486  0.67931554468970889  1.00000000000000000
 -0.00000412748628865  0.00001989421497721  0.00002099959274985  0.00002206731171963
  0.00002466034271350  0.00002624785749483  0.00002739313353418  0.00002842579758592
  0.00002890159193719  0.00002937738628847  0.00002985318063974  0.00003024003455337
  0.00003040936321252  0.00003057869187167  0.00003074802053082  0.00003091734918997
  0.00003108667784912  0.00003125574992665  0.00003136993518266  0.00003148412043868
  0.00003159830569470  0.00003171249095072  0.00003182667620674  0.00003194086146276
  0.00003206774485223  0.00003225730615871  0.00003244686746520  0.00003263642877168
  0.00003282599007816  0.00003311256382761  0.00003519600360975  0.00003727944339188
  0.00004471839499192  0.00005780060785263  0.00008004101080085  0.00010242958973280
  0.00012503060718876  0.00014350097298280  0.00015553584506710  0.00015904890431428
  0.00016336257977838  0.00016482018651092  0.00016506547206023  0.00016515273298838
  0.00016528027416588  0.00016538388766276  0.00016586166015114  0.00016664712228939
  0.00016753609372310  0.00016780164183586  0.00016806239792132  0.00016838718929568
  0.00016906635461344  0.00017178958919379  0.00017796798643265  0.00018215063172289
  0.00018626155035603  0.00018982018291119  0.00019337881546635  0.00019685297175771
  0.00020031655278590  0.00020633371676732  0.00021898131116654  0.00024394914203337
  0.00026836338003019  0.00028650861453987  0.00031029671568384  0.00034727785687902
  0.00041826232316929  0.00051969732888431  0.00095787483500851  0.00177670997931679
  0.00185148943039554  0.00192383386145170  0.00199333973016032  0.00208720182270448
  0.00218856321536741  0.00225893464941797  0.00230400453428711  0.00234533339463486
  0.00242909452280273  0.00251152183090442  0.00259571598333467  0.00262965916346339
  0.00264980370286157  0.00267567781033211  0.00273153608152135  0.00301336908465643
  0.00336348325219852  0.00352131932360312  0.00372134658590147  0.00403821245366905
  0.00458805678617772  0.00709029935215528  0.29148452397992364  1.00000000000000000
 -0.00003974285673211  0.00013607218985873  0.00053269410880167  0.00104405249949190
  0.00149675845773108  0.00161560179218754  0.00164103274185435  0.00164377236329429
  0.00164677057928789  0.00165060099940844  0.00165655262340713  0.00166555779176068
  0.00167668487719826  0.00168623381259595  0.00168859657944877  0.00172040592609097
  0.00177229577622676  0.00178151923031531  0.00178957720439404  0.00180371500975163
  0.00181990893363369  0.00183479465985169  0.00184810638067989  0.00187516686895011
  0.00191396396982206  0.00194794393377327  0.00197196140231593  0.00200831084133731
  0.00209896919560411  0.00220210635648052  0.00223369249636600  0.00226177041967887
  0.00229459151351685  0.00234362716721773  0.00241479837617339  0.00246903082081516
  0.00250989999266178  0.00254088906306951  0.00257187813347724  0.00262305205642430
  0.00276939578359033  0.00291573951075636  0.00306208323792239  0.00357239543463638
  0.00418076063512586  0.00478912583561533  0.00553051515302338  0.00643457723701966
  0.00733863932101594  0.00967244980537611  0.01302821098286857  0.01638397216036104
  0.01832836923605122  0.01969578533522773  0.02106320143440425  0.02157268955396579
  0.02167722259706671  0.02178210779150099  0.02191244904510463  0.02225352668400407
  0.02257028710168257  0.02281440747387460  0.02293628441420718  0.02296288403402272
  0.02299296652241941  0.02302374330778720  0.02304183680382932  0.02305507663897941
  0.02306828313159867  0.02308416466032708  0.02310985422571944  0.02314282574968984
  0.02316085975758887  0.02317880556220030  0.02320640367986712  0.02323764241346010
  0.02327095430864444  0.02328862191125236  0.02330411837209895  0.02331959545763184
  0.02351626113245641  0.02364048833593169  0.02389153766699118  0.02414167922644118
  0.02439120371155078  0.02554513552007423  0.02664622640860562  0.02766626402633825
  0.02868630164407088  0.02970706665896745  0.03072786312213180  0.07117135206912739
  0.20835722221598157  0.34554309236283576  0.48920765501469871  1.00000000000000000
 -0.00008786566256991  0.00072788367451675  0.00328033060898634  0.01561116814155635
  0.03825039053170981  0.04584418751437903  0.04660401746198010  0.04704847085504862
  0.04747814566887222  0.04788595893159560  0.04829377219431897  0.04845271937602639
  0.04857698570659069  0.04884741913418058  0.04929321867635007  0.04973913912462484
  0.05015793306616040  0.05053430640307107  0.05077214508645484  0.05115319489194892
  0.05344612536824146  0.05820420718724267  0.06255264436497948  0.06301174157448410
  0.06330592166691651  0.06353192421030804  0.06410803298442375  0.06757988389911612
  0.07234642701862731  0.07707275138042839  0.07997397595293804  0.08279327288203006
  0.08639642893676566  0.09353399283165120  0.10120206269828125  0.10644596303917825
  0.11017364405613743  0.11393060455197553  0.11775908542847445  0.12219819521859417
  0.12962621174012823  0.14356710980902329  0.15285735873530448  0.15650389296907666
  0.15999044807840174  0.16469948787299463  0.17178693464308548  0.18080240656367580
  0.18774215112495177  0.19585627869299144  0.20784888045012384  0.21861210347247634
  0.22212360216931207  0.22375042363592701  0.22537724510254198  0.22706100489712283
  0.22948615402412334  0.23191130315112385  0.23433645227812433  0.23648348865515401
  0.23826823958337884  0.24005299051160364  0.24183774143982847  0.24457051711470187
  0.24652556290948752  0.24785333729315664  0.24874038914120136  0.25018776336912613
  0.25163207265171844  0.25307638193431076  0.25452069121690307  0.25596500049949539
  0.25762486974550869  0.25937260736573553  0.26112034498596243  0.26286808260618932
  0.26599554178190243  0.27409726919230554  0.28219899660270864  0.29030072401311174
  0.29840245142351485  0.34323669002839963  0.39136662637255637  0.45296199041130669
  0.51352882405930944  0.54947415115148335  0.59022794124239331  0.63748799699477254
  0.68474891920850978  0.73201051951888874  0.79285772631020635  0.85084197935045325
  0.89537660709492406  0.93114112692467943  0.96583064025593313  1.00000000000000000
 -0.01306151833431719 -0.00294297052852802  0.00717557727726115  0.01729412508305032
  0.02741267288883949  0.03753122069462866  0.04764976850041783  0.05615974135256696
  0.06331240619130626  0.07046507103004557  0.07761773586878487  0.08477040070752417
  0.10224500548265217  0.15196343867899315  0.24022965872123303  0.30402714836550271
  0.31829445498947323  0.32680394908834670  0.33179002867635249  0.33467849223063634
  0.33619015912269340  0.33812871637584963  0.34195501081079888  0.34976798043332757
  0.35566175576766695  0.36081654399287155  0.36247018639204004  0.36392333442157937
  0.36538032280856175  0.36737082484770489  0.36914370531217738  0.37098892664473665
  0.37246963701231928  0.37346521909905900  0.37454827047405725  0.37625375507456343
  0.38598400332241201  0.39267372377352366  0.39423689460986350  0.40674555794961131
  0.41627796848852150  0.42897427541079702  0.44438821874325285  0.46448822047286986
  0.49984438724658359  0.52330668525706381  0.54562654971975011  0.56714148225836658
  0.59923369661871539  0.63635441096929957  0.71988267307698428  0.74460960419622590
  0.74627392379671753  0.74777804212254417  0.74910599674026712  0.75108259948461698
  0.75227382774944795  0.75480646976542254  0.75899920985228275  0.76039412367822767
  0.76162502160177725  0.76228563910878810  0.76294625661579896  0.76347895433932900
  0.76398837591524726  0.76466287895266438  0.76546892436941283  0.76629774984385979
  0.76702659284251140  0.76745391977125821  0.76774270334680095  0.76801881539815187
  0.76851464387870339  0.76942635390538028  0.77014076779643315  0.77847776581083672
  0.78555594203722368  0.79137579397432267  0.80040906063165485  0.80831189963703776
  0.81475746950108840  0.82411805385603221  0.85770755370399920  0.87095704004261232
  0.88251097772514342  0.89406491540767452  0.90561885309020551  0.91728015725018697
  0.92895321784261908  0.94062627843505120  0.95229933902748332  0.96006032341116077
  0.96726912558729350  0.97447792776342634  0.98168672993955919  1.00000000000000000
 -0.01441215799644935  0.09488256491054345  0.15914104795526968  0.19573144120465744
  0.22895875434010196  0.25754996522475282  0.28362313661608463  0.30026427720023324
  0.31690541778438192  0.39042217471744878  0.52104972479718137  0.54414019593106300
  0.55085040607343994  0.55483576190214701  0.55882111773085408  0.56221205857405154
  0.56484677116056070  0.56748148374706997  0.57010680859704310  0.57256317795312395
  0.57501954730920479  0.57747591666528564  0.58520917454067067  0.59240022158028638
  0.59944997102922881  0.60691835329721600  0.61456282347853586  0.63055032431874714
  0.65704794728841909  0.67527597694682961  0.69127184292237520  0.70639188199634040
  0.72330847727173331  0.74113847362587737  0.75590043371126769  0.76914044642892609
  0.78328659969110792  0.79741298386091042  0.81569935840402108  0.81910489119006591
  0.82089222173752874  0.82108784705994464  0.82128339888142188  0.82147818026090103
  0.82169079288045976  0.82200947509986944  0.82261308980760317  0.82401464362645704
  0.82470245611138193  0.82578079460147502  0.82645476978812804  0.82693696131842076
  0.82726109999320008  0.82739451702953737  0.82752793406587455  0.82766135110221184
  0.82779566409085770  0.82814414106529732  0.82849261803973695  0.82884109501417669
  0.82918957198861631  0.82965768530424744  0.83023631301290945  0.83081494072157136
  0.83139356843023327  0.83208647823544568  0.83546620542203887  0.83671265886285096
  0.83728337134089548  0.83754002923864290  0.83784669410602175  0.83830834939855858
  0.83969824426608397  0.84125695760904906  0.84230578699551351  0.84326648988508979
  0.84454918027261183  0.84547870402872216  0.84634079304114851  0.84715760623105618
  0.84780905515920535  0.84849659635860764  0.84906844390639424  0.84963838130596792
  0.85058008657640127  0.85571570681880993  0.86016272203656030  0.86487740090353160
  0.86812825768257007  0.87165684468409688  0.87323884922605688  0.87610966477564822
  0.89115535803401458  0.91250525880847477  0.93951635446619597  1.00000000000000000
 -0.00258856072999048  0.00392432911290036  0.00962250834535133  0.01280835825333555
  0.01505140288652941  0.01709134072317630  0.01905877853516484  0.02248800459483963
  0.02790254608592159  0.03228441089729939  0.04450802818271743  0.06748253450908746
  0.11120239198869028  0.16028777382882864  0.18411540676634613  0.20794303970386363
  0.23177067264138113  0.24854813873491710  0.25594524329311791  0.26334234785131877
  0.27073945240951958  0.27441805521148965  0.27608068846071410  0.27774332170993854
  0.27940595495916298  0.28676481275321375  0.29323296313252195  0.30107794634891055
  0.30921658797528262  0.31789616582548619  0.32128349517248950  0.32358120675275748
  0.32535307680118081  0.32659843192747817  0.32784866999715068  0.32873692423180123
  0.32952031632739837  0.33587281916900180  0.34641667734605130  0.35649829189977289
  0.36595694598331263  0.36670181385849493  0.36846921158878104  0.37087018976081210
  0.37261322731376151  0.37479307122734001  0.37629900061472793  0.37735883523893232
  0.37841806699369468  0.38050048913972789  0.38315378095933500  0.38525901079948599
  0.38713606722889837  0.39909487554925999  0.41457022192513282  0.42164160153890462
  0.42879823166670811  0.44051005684423772  0.44135656186877592  0.44220306689331418
  0.44304957191785238  0.44389607694239058  0.44470649862449146  0.44518160430901110
  0.44565670999353080  0.44613181567805044  0.44660692136257008  0.44708302383231502
  0.44756357744183239  0.44804413105134977  0.44852468466086715  0.44900523827038452
  0.45124791446995782  0.45608735643197434  0.45945148314989415  0.46053882675179969
  0.46144239969417927  0.46514651733543905  0.47179009489777329  0.47618083197122441
  0.48388875945781556  0.49376331392918332  0.49933634391480985  0.50409335058545490
  0.50814822518539060  0.51286203468612834  0.51976634479028572  0.52810979357561050
  0.53234696410220705  0.53494394286087366  0.54064217319419283  0.62800840092014154
  0.86510044095619976  0.90934754747035718  0.95195438974401392  1.00000000000000000
 -0.00731799915082798  0.04923261265222370  0.08362833162927963  0.10868243515177545
  0.13015317294881254  0.17540962487667117  0.22208714621813833  0.26415437428221178
  0.27227999846426987  0.27701686383743601  0.28121284084806869  0.28354522369632906
  0.28458941295732293  0.28491367343921686  0.28498084690724079  0.28502196856204870
  0.28506309021685655  0.28511660764405800  0.28521642495295774  0.28531624226185753
  0.28541605957075727  0.28653275436467307  0.28839355551029300  0.29025435665591287
  0.29211515780153280  0.31059904297246332  0.32127789365713977  0.32378536920715567
  0.32471173244074647  0.32563838343286128  0.32656563897641860  0.32738929690605639
  0.32807716588568070  0.33021915598679469  0.33267782126089684  0.33492684520532434
  0.33581243812264799  0.33638646518145082  0.33699371776319059  0.33782622187553690
  0.33877081380054735  0.34037889977713992  0.34183124509108048  0.34327143623064682
  0.34468077981317963  0.34593353974738089  0.34666155132513765  0.34738313656325259
  0.34801674009216588  0.34926227651999264  0.35295974960096049  0.35738982790444646
  0.36693685813522375  0.38107940421413666  0.39112745401204202  0.39617743717619847
  0.40267209914658475  0.41011870034435122  0.42156103956974117  0.43251961707795455
  0.44687016172177779  0.45543551872250754  0.46400087572323728  0.47210363320222493
  0.48016612519813506  0.48629277882583083  0.48997824421310976  0.49366370960038863
  0.49734917498766751  0.50103464037494638  0.50511106877387335  0.50939352948565420
  0.51367599019743504  0.51795845090921588  0.52218241188518000  0.52635550300865708
  0.53052859413213427  0.53470168525561135  0.54231482377363183  0.55482599147967160
  0.56730002204621011  0.58110417704086847  0.59967428437642878  0.64494001707519255
  0.72005267592852795  0.72567377675569977  0.72995354625820874  0.73780405860142040
  0.74438743839722543  0.75044180846148234  0.75533276533210159  0.76386446843423172
  0.77353670989248924  0.79524309531118043  0.88561038252306301  1.00000000000000000
 -0.01270161166805902  0.06484567348642137  0.13839531796505355  0.16336452665609258
  0.17600289001412500  0.18431123329894772  0.19267796256899217  0.20373991589647858
  0.22843448828849253  0.25553817124871037  0.27665804052690812  0.28649347830940269
  0.29500876890401206  0.30328256524234853  0.30935948496713900  0.31697513336454003
  0.33063376126333627  0.34559095734765682  0.35093200020872301  0.35270567264239738
  0.35447934507607176  0.35625301750974608  0.35802687713698739  0.35980095916344040
  0.36157504118989348  0.36334912321634649  0.36567600726779659  0.37017845530509980
  0.37468090334240300  0.37918335137970627  0.38368579941700948  0.40629971935425641
  0.41303045016329232  0.41923368013088397  0.42361730965576400  0.42809280599812694
  0.43518156550740711  0.44227032501668734  0.45941810135912525  0.48172845890560601
  0.49373920746396899  0.49920088489373671  0.50466256232350448  0.51011765481310134
  0.51552299864954521  0.52092834248598907  0.52633368632243294  0.53195824046180373
  0.53778125492292139  0.54360426938403905  0.54942728384515671  0.57486752577538802
  0.62298388731603838  0.65983560727287938  0.69070674434317514  0.71298544568799793
  0.71967376945012396  0.72612250442421167  0.73927567536527250  0.75066869213093079
  0.75384045355219331  0.75691082676832910  0.76674766121518989  0.79656992304412211
  0.80554280822126012  0.81132216385179190  0.81829068513862890  0.82542532148717596
  0.83263526319871595  0.84669214040103802  0.85588127008658721  0.86360286392919161
  0.87280995387824156  0.88199776972705657  0.88534721273306916  0.88869665573908163
  0.89121511010583920  0.89351063644029172  0.89576747435998427  0.89797261628988900
  0.90027485483155889  0.90460143620506750  0.91190064831680251  0.92004492723251374
  0.92307021939471379  0.92519521741053090  0.93206655467415622  0.93763607856603604
  0.94069180554605669  0.94229160069739226  0.94365144699369774  0.94571419471137852
  0.94893871772232663  0.95154460914113304  0.97527031807211728  1.00000000000000000
 -0.01487279455199346  0.02003977555521816  0.04685538651340137  0.07136148757290695
  0.08049046175067073  0.08961943592843451  0.09332442505533842  0.09477999832078855
  0.09694457399353852  0.10114163519552176  0.10271057087512891  0.10427978383563337
  0.10584881848395662  0.10880352149144626  0.11101055887245702  0.11321790300391159
  0.11677595754546358  0.12063280718023950  0.12288089644485897  0.12513261405883000
  0.12837188137552152  0.13083855403805783  0.13326081687653502  0.14709635779004612
  0.15700838848299700  0.16430261495559714  0.17310007890891030  0.18092850643804240
  0.18538851472691706  0.18942569641865731  0.19239626689720921  0.19977763090702677
  0.21126630881301120  0.22635238929074089  0.24217782682403949  0.25232461766112130
  0.26667456507269416  0.27755714253387309  0.29090480456453460  0.30940160908540937
  0.32899348467677275  0.34028099226392333  0.34704750433802906  0.35546479723236901
  0.36856878939557236  0.37695812169245468  0.38650547454859119  0.39456739327711732
  0.43695667749623041  0.50645114575660544  0.52033211480312946  0.53067309959065090
  0.53547579869058870  0.53648086198946565  0.53762849122634515  0.53859848139704891
  0.53982508709510446  0.54092305608758340  0.54195987660545719  0.54539241461538712
  0.55750133975356719  0.57341323561900526  0.58448747984990079  0.59061170072132607
  0.59148515299898852  0.59235860527665085  0.59323205755431330  0.59408700516461244
  0.59485625012120147  0.59562549507779050  0.59639474003437953  0.59716398499096857
  0.59766614868519496  0.59813707376121050  0.59860799883722604  0.59907892391324158
  0.60083718978450540  0.60601687200953414  0.64236367982271203  0.74113765447872726
  0.75223459313696739  0.76150450218253607  0.77077441122810475  0.77945962518013445
  0.78702949564535285  0.79459936611057125  0.80216923657578965  0.81470804060909774
  0.83082057345129701  0.84693310629349627  0.86304563913569554  0.89116983444587838
  0.92214001493083364  0.95019105668573456  0.97509552834286695  1.00000000000000000
 -0.04993084154633098  0.14432397669465907  0.26910825009177936  0.33910405324128340
  0.37476864685138972  0.39447702564203424  0.40439784002732126  0.40903467163406765
  0.41033407001718236  0.41262300952534020  0.41329590658540377  0.41389516302120455
  0.41441570719887344  0.41485133265373847  0.41538848078637830  0.41578884004071703
  0.41607045958991723  0.41635224628356937  0.41676355500662893  0.41798446569343772
  0.42430735449077450  0.42789312555604220  0.43072132787670575  0.43543534228641978
  0.43963832051138918  0.44440745226011946  0.44834485216194714  0.45067527203856050
  0.45377808156738847  0.45642807776936617  0.45934601700161759  0.46471452635445876
  0.46915246245585579  0.47220739455982874  0.47424482125981499  0.47572656167729038
  0.47777373097230907  0.48942655504717669  0.50169832989454222  0.50398501009431973
  0.50581569751810540  0.50729323173443086  0.50917542728439291  0.51472041096346155
  0.51807637415862695  0.52012889423271558  0.52162870862181931  0.52279644310974727
  0.52424788815213852  0.52638299356144158  0.53002944191218093  0.53595817595079931
  0.53863526137124818  0.54069983347921735  0.54401201269392485  0.54930084018312875
  0.55458966767233253  0.55988372671418296  0.56517847127610288  0.57633352416235450
  0.59710506971772725  0.61851116078919288  0.64183603959895619  0.65920206520037083
  0.67919787079194816  0.70296814098677163  0.70781276847015751  0.70930852465788985
  0.71080857839599232  0.71231713246266581  0.71395513092871732  0.71595237498447339
  0.71861332119918531  0.72356972708695544  0.73335533742323122  0.73939907304508368
  0.74822716045449134  0.75637297966693884  0.76295659966061213  0.76953389086917701
  0.77611118207774188  0.78349561062099338  0.79727307079932752  0.81105053097766167
  0.82482799115599581  0.83860545133432995  0.85238291151266410  0.86616037169099824
  0.88264378817160327  0.89940896128994574  0.91617413440828810  0.93293930752663057
  0.94970448064497293  0.96646965376331528  0.98323482688165775  1.00000000000000000
 -0.00610575518981255 -0.00109606391885637  0.00391362735209979  0.00892331862305596
  0.01396531604654722  0.02176745125649603  0.02956958646644485  0.03737172167639367
  0.05729451178983041  0.07626371459397384  0.08997070059219016  0.10057151817398728
  0.11692513458283949  0.13155059337545810  0.14878694629210143  0.16537449868469548
  0.17743524824900678  0.19172630443254363  0.21830428656982467  0.26550372270697403
  0.29813997158802080  0.33023760322175322  0.36538383868083979  0.40192334256898271
  0.42728521638919581  0.43930874124648334  0.45133226610377092  0.46335579096105850
  0.47392102564978861  0.48155069690483443  0.48918036815988025  0.49681003941492613
  0.50184964499769202  0.50584006779431423  0.50983049059093644  0.51400203973479930
  0.52010091261027758  0.52589847611252205  0.53016025739883366  0.53396185412218422
  0.53727772502142390  0.54086881927637265  0.54526520255088695  0.55293855315754470
  0.55881252125678327  0.56463362717850984  0.57173919102025994  0.58067951725765643
  0.59001846479910591  0.59853285623868391  0.60517185472345170  0.61025499272043671
  0.61858263814261705  0.63327835327969284  0.64797406841676863  0.66266978355384432
  0.67736549869092011  0.69404845053630870  0.71088335414211012  0.72771825774791143
  0.74455316135371274  0.75556923622287175  0.76212440326876640  0.76867957031466116
  0.77523473736055593  0.78513271535254125  0.80912945203903419  0.83554503113355416
  0.87043201183285879  0.90240204419228065  0.91151581078764021  0.91722970634128198
  0.92191249553162968  0.92949656521863322  0.93904269894757952  0.94317813265536532
  0.94390241542726983  0.94425236489868969  0.94552149679391595  0.94662365811645133
  0.94757029947022320  0.94809571134675474  0.94870226775156175  0.94941230411759481
  0.95020588209074319  0.95058964889498165  0.95097875831635958  0.95137627463281493
  0.95179062779598189  0.95259754394980678  0.95335886744111253  0.95391660219866792
  0.95440831204719845  0.96702530880583937  0.98409882558042161  1.00000000000000000
 -0.00903637276504615  0.02420505192912129  0.04352928069150194  0.05279549973889638
  0.06194364952628301  0.07217195273126552  0.08306328637136409  0.09243066814188684
  0.10378199450056651  0.11806779710248518  0.13396659093275723  0.14970799210326172
  0.16745340008211451  0.19215084587008166  0.21671640458732883  0.23820648295410907
  0.25185186767256845  0.25887896284961176  0.27085953343745339  0.28027159727498530
  0.28909315374824512  0.30265606381995813  0.31563969563277283  0.34587658642744890
  0.37530162642864151  0.39154251028295356  0.40778339413726566  0.42402427799157771
  0.43348560408986331  0.44123923323335923  0.44899286237685515  0.45674649152035107
  0.46143134800922198  0.46194378573465339  0.46245622346008480  0.46296866118551616
  0.46349097137901829  0.46415762228078866  0.46482427318255903  0.46905097915339206
  0.47738228612178235  0.48266733405537543  0.48409548276271880  0.48452227051940094
  0.48494905827608309  0.48537584603276529  0.48581091953057604  0.48639210933918381
  0.48697329914779158  0.48755448895639936  0.48813567876500713  0.48874398595195229
  0.48937966254470661  0.49001533913746093  0.49065101573021519  0.49128669232296951
  0.49531783521379397  0.49694674426500840  0.49735549411078117  0.49765469818324171
  0.49776227038080356  0.49784356902656590  0.49794886773715380  0.49826896217735156
  0.49870098470564439  0.49930483199400866  0.49946937981200396  0.50016567484013563
  0.50324647307298487  0.51802016054919509  0.54996606568536388  0.58401698059673113
  0.60699978447074443  0.64397024322765728  0.68195805437999324  0.73415801797018743
  0.75635060151918243  0.76925006074252633  0.79107904285515540  0.80254720777665378
  0.81347185505689978  0.82436311726405753  0.83921132670594367  0.85936562628689483
  0.87687029574263420  0.89411803982677740  0.90897897002653705  0.91595420108821313
  0.92218945250935980  0.92774241807172253  0.93270456808028979  0.93728645619194106
  0.94937342431737459  0.96521525858778501  0.98487110740639494  1.00000000000000000
 -0.01716666591405361  0.07996546296228607  0.10110827520457842  0.11379503888048166
  0.12319291481710182  0.13306960799227033  0.13731720947554724  0.14136527532389523
  0.14736600430416438  0.15090073082782679  0.15424002343854878  0.15757483143921067
  0.16091002098448681  0.16752301792002677  0.17499047932867109  0.18842848113637875
  0.20268570099007061  0.22529941427900310  0.24820421850277324  0.30583152703424343
  0.37798969412431715  0.43790826746630829  0.49290177467837637  0.51341136457504433
  0.51601032546054582  0.51779341581184479  0.52075580646339970  0.52459951700761021
  0.52808651407850493  0.53052563826146737  0.53296476244442981  0.54486293717263590
  0.56136125312229679  0.57720953070960068  0.58405154539598658  0.59143584611807010
  0.59687428513453844  0.60118609937079415  0.61220615841925508  0.62603189604090248
  0.64014128038162155  0.64796571007898396  0.65360015993702403  0.65771570151788794
  0.66087090341982191  0.66805543965259195  0.67766840573126341  0.69014313278812933
  0.70243273070515722  0.71075792861945941  0.71908312653376150  0.72740832444806369
  0.74049115022859568  0.76035867511470301  0.78022620000081044  0.80009372488691788
  0.80855143821742337  0.81222581895901658  0.81590019970060979  0.81974900486276936
  0.82727862964646126  0.83338573531804017  0.83833735210581517  0.84613160585221170
  0.85030671782027090  0.85179202114765207  0.85365828124927967  0.85584075878164390
  0.86032232307472034  0.86407922851513297  0.86675219200899312  0.86942127103828137
  0.87162426672670412  0.89523167604492271  0.91384565999218337  0.92381743408853623
  0.93532388063916749  0.94482002317458014  0.95062959610696407  0.95642365053207612
  0.96475442504676179  0.97230973594153447  0.97856706179503261  0.98027744251844262
  0.98154126663416918  0.98280509074989575  0.98406891486562231  0.98533673796172216
  0.98660567584633374  0.98787461373094532  0.98914355161555689  0.99041247066777016
  0.99168138042284926  0.99295029017792835  0.99421919993300745  1.00000000000000000
 -0.01890334987107864  0.00139327944913505  0.02027483280023905  0.03915638615134306
  0.05803793950244707  0.07691949285355108  0.07915308823756580  0.08069906785715147
  0.08224504747673715  0.08379102709632283  0.08941075487011038  0.09846771360032609
  0.11090141227609593  0.11519379063696970  0.11839999596935503  0.12085970662008401
  0.12333794212827731  0.12452090260921692  0.12531739127467917  0.12611387994014139
  0.12691036860560365  0.12793030374807562  0.12930345817453900  0.13067661260100238
  0.13204976702746576  0.13342292145392914  0.13497775540959328  0.13653441102038111
  0.13809106663116893  0.13964772224195673  0.14712128917211323  0.15908663349437308
  0.16468046591470414  0.17239107992724353  0.18086613876341565  0.22896247084085192
  0.25397627267566247  0.25434502430510514  0.25472999814063718  0.25757924522891551
  0.25987770677513566  0.26611894909549727  0.26782142342792858  0.26850506874528746
  0.26898655707334007  0.26945312309894609  0.26990231360038403  0.27045763624498154
  0.27110209739475311  0.27194060828359679  0.27246331694626047  0.27284624845076966
  0.27351028841500913  0.27597401366979979  0.28226196116152907  0.29010134845752666
  0.29407778478970742  0.29924864569788817  0.30728885563420433  0.31384679302557394
  0.31777522670866931  0.31982731608920001  0.32226864756990364  0.32475063647951696
  0.32553519609651044  0.32622150209278328  0.32740355140601857  0.32861571568957154
  0.32982787997312446  0.33111799728661462  0.33242461073382862  0.33373122418104256
  0.33520178778775828  0.33673980692227090  0.34309158829012892  0.42612695049879373
  0.51401743271983724  0.56890646729164418  0.58655704213317494  0.58914165034845911
  0.58993239497576933  0.59106803059866386  0.59303012174459613  0.59641133727829965
  0.60692023561479735  0.61601268415392674  0.62458844842794514  0.62997419843801417
  0.63607109630372727  0.64750919243157845  0.66674766750101044  0.69621428465408952
  0.74670595723610211  0.82024056597393635  0.89499230363770710  1.00000000000000000
  0.12446789922645199  0.96275748197790312  0.96513489338256420  0.96751230478722516
  0.96988971619188624  0.97191417990316376  0.97368580922729286  0.97545743855142197
  0.97722906787555097  0.97747748200813056  0.97762074263924148  0.97776400327035251
  0.97826572773802289  0.97971478761582409  0.98128199514796455  0.98322679098519783
  0.98958736813207193  0.98997686019137876  0.99019906166274074  0.99038656769747846
  0.99047337152492443  0.99058113614210852  0.99067560405806232  0.99081577807361132
  0.99091089695897383  0.99099921913901878  0.99115019371453938  0.99168931157569540
  0.99269072341137177  0.99346411562773806  0.99376987191556099  0.99387560618806126
  0.99398679869408568  0.99410256029028998  0.99416810952565360  0.99421212247403790
  0.99423362780314595  0.99425513313225389  0.99427663846136194  0.99429638283073918
  0.99431118202805557  0.99432598122537186  0.99434078042268814  0.99435551268197619
  0.99436866531352375  0.99438181794507130  0.99439497057661885  0.99440812320816652
  0.99448583566579152  0.99463499451850612  0.99477069862281819  0.99482241610504263
  0.99485871717754681  0.99490078511503421  0.99500717704687991  0.99506025013498522
  0.99508884886958593  0.99511766554006298  0.99514887235623228  0.99523552520783853
  0.99532957989936899  0.99584965681303772  0.99642340065134605  0.99699810438152492
  0.99744540096826417  0.99770362707110960  0.99796185317395503  0.99808923840052566
  0.99820511461373118  0.99833234746754429  0.99845069545142262  0.99852736326352420
  0.99859113563980018  0.99860542013268105  0.99862302342760012  0.99864762944200125
  0.99867166327708079  0.99869497338916691  0.99871991222325929  0.99874934828159156
  0.99878068804673559  0.99881114331200094  0.99883496501960412  0.99885642397860797
  0.99887474382668839  0.99889164109288442  0.99890833721790773  0.99892586658336568
  0.99894226142126785  0.99895657976599328  0.99897178072867887  0.99899041682230394
  0.99900905057403933  0.99902764743263506  0.99904624429123079  1.00000000000000000
 -0.01844999606260073  0.00794004450666458  0.03433008507592988  0.06072012564519520
  0.08911616416460758  0.11799983149374813  0.16309063403680574  0.27694909828936215
  0.34620494514642014  0.38240559299646298  0.41166819971119284  0.44827865174389181
  0.49167021706631697  0.54362584290735916  0.58207607860890342  0.60057951505840279
  0.60764987227962686  0.61106331847307516  0.61304013325191131  0.61501694803074747
  0.61699376280958362  0.61874285290848130  0.62025930576471888  0.62177575862095635
  0.62329221147719382  0.62455924071475521  0.62509503249811504  0.62563082428147487
  0.62616661606483470  0.62730882766728169  0.63540209168161077  0.63894367412435193
  0.63958436148253217  0.63986765381407151  0.64013127234197409  0.64037826698984446
  0.64061296869575313  0.64093367561105241  0.64355605820816708  0.64853386975596716
  0.65135466868764647  0.65442203800531595  0.65895442300455154  0.66613372860485831
  0.66960556173319652  0.67028027028770165  0.67070205704297414  0.67112396985901301
  0.67155841689685192  0.67248471698549050  0.67292277574131465  0.67306714711638560
  0.67321151849145666  0.67335588549211944  0.67350023916908575  0.67364459284605205
  0.67378894652301835  0.67393256010889246  0.67407589629367570  0.67421923247845894
  0.67444031744807853  0.67501010594339383  0.67569604029861385  0.67661517989872633
  0.67781171604049339  0.67873439360536469  0.67926060091919749  0.68067929273945571
  0.68481033871115105  0.72017494856522235  0.73688573914083733  0.74015298208814573
  0.74099573507491245  0.74131754107062253  0.74154674716799107  0.74177616452760220
  0.74200573161469596  0.74223484672417306  0.74246302945137232  0.74271786493420877
  0.74343243498644673  0.74407760821790769  0.74574339008429724  0.74822928361966368
  0.75698851223754426  0.76466695439012977  0.77232545205394165  0.77670469613396242
  0.77885624770769291  0.78100739864459201  0.78375538789399546  0.78782494750513321
  0.79401097785326336  0.80023329545103838  0.80762734757198618  1.00000000000000000
   1.8985019855667657E-020  -1.0000000000000000     
 T F F F F F F F F F F F F F F F F F F F T F F F T F F F F F F F F F F F T F F F T F F F F F F F F F F F F F F F F F F F T F F F F F F F F F F F F F F F F F F F F F F F F F F F F F F F F F F F F F F F F F F F F F F F F F F F F F F F F F F F F F F F F F F F F F F F F F F F F F F F F F F F F F F F F F F F F F F F F F F F F F F F F F F F F F F F F F F F F F F F F F F F F F F F F F F F T F F F F F F F F F F F F F F F F F F F T F F F T F F F F F F F F F F F T F F F T F F F F F F F F F F F F F F F F F F F T F F F T F F F F F F F F F F F F F F F F F F F T F F F T F F F F F F F F F F F T F F F T F F F F F F F F F F F F F F F F F F F T F F F F F F F F F F F F F F F F F F F F F F F F F F F F F F F F F F F F F F F F F F F F F F F F F F F F F F F F F F F F F F F F F F F F F F F F F F F F F F F F F F F F F F F F F F F F F F F F F F F F F F F F F F F F F F F F F F F F F F F F F F F F F F F F F F F T F F F F F F F F F F F F F F F F F F F T F F F T F F F F F F F F F F F T F F F T F F F F F F F F F F F F F F F F F F F T F F F
  <DiscreteSampler_grid>
  grouped_processes
  1 # 1 for a reference and 2 for a running grid.
  10 # Attribute 'min_bin_probing_points' of the grid.
  1 # Attribute 'grid_mode' of the grid. 1=='default',2=='initialization'
  0.0000000000000000 # Attribute 'small_contrib_threshold' of the grid.
  0.5000000000000000 # Attribute 'damping_power' of the grid.
 # binID   n_entries weight   weight_sqr   abs_weight
    16   10   5.933980984640065E-021   1.507587056198017E-040   5.933980984640065E-021
    17   10   5.933980984640072E-021   1.507587056198015E-040   5.933980984640072E-021
    19   10   9.465681843465664E-021   4.841455942720230E-040   9.465681843465664E-021
    20   10   9.465681843465638E-021   4.841455942720214E-040   9.465681843465638E-021
    22   10   1.481060342188642E-020   8.845424185552247E-040   1.481060342188642E-020
    23   10   1.481060342188640E-020   8.845424185552239E-040   1.481060342188640E-020
    28   10   7.674385137983015E-021   2.097715833981661E-040   7.674385137983015E-021
    29   10   7.674385137983015E-021   2.097715833981673E-040   7.674385137983015E-021
    31   10   7.860636573557113E-021   1.930675501173516E-040   7.860636573557113E-021
    32   10   7.860636573557091E-021   1.930675501173505E-040   7.860636573557091E-021
    34   10   1.992747689867788E-020   2.135074596828727E-039   1.992747689867788E-020
    35   10   1.992747689867785E-020   2.135074596828725E-039   1.992747689867785E-020
    40   10   5.933980984640064E-021   1.507587056198016E-040   5.933980984640064E-021
    41   10   5.933980984640072E-021   1.507587056198015E-040   5.933980984640072E-021
    43   10   9.465681843465664E-021   4.841455942720232E-040   9.465681843465664E-021
    44   10   9.465681843465640E-021   4.841455942720215E-040   9.465681843465640E-021
    46   10   1.481060342188642E-020   8.845424185552260E-040   1.481060342188642E-020
    47   10   1.481060342188641E-020   8.845424185552253E-040   1.481060342188641E-020
    52   10   7.674385137983013E-021   2.097715833981662E-040   7.674385137983013E-021
    53   10   7.674385137983019E-021   2.097715833981677E-040   7.674385137983019E-021
    55   10   7.860636573557109E-021   1.930675501173517E-040   7.860636573557109E-021
    56   10   7.860636573557091E-021   1.930675501173505E-040   7.860636573557091E-021
    58   10   1.992747689867789E-020   2.135074596828730E-039   1.992747689867789E-020
    59   10   1.992747689867782E-020   2.135074596828720E-039   1.992747689867782E-020
    64   10   5.933980984640066E-021   1.507587056198017E-040   5.933980984640066E-021
    65   10   5.933980984640077E-021   1.507587056198018E-040   5.933980984640077E-021
    67   10   9.465681843465658E-021   4.841455942720225E-040   9.465681843465658E-021
    68   10   9.465681843465644E-021   4.841455942720216E-040   9.465681843465644E-021
    70   10   1.481060342188642E-020   8.845424185552253E-040   1.481060342188642E-020
    71   10   1.481060342188642E-020   8.845424185552273E-040   1.481060342188642E-020
    76   10   5.933980984640065E-021   1.507587056198017E-040   5.933980984640065E-021
    77   10   5.933980984640076E-021   1.507587056198018E-040   5.933980984640076E-021
    79   10   9.465681843465664E-021   4.841455942720227E-040   9.465681843465664E-021
    80   10   9.465681843465646E-021   4.841455942720221E-040   9.465681843465646E-021
    82   10   1.481060342188643E-020   8.845424185552273E-040   1.481060342188643E-020
    83   10   1.481060342188642E-020   8.845424185552279E-040   1.481060342188642E-020
    88   10   7.674385137983024E-021   2.097715833981671E-040   7.674385137983024E-021
    89   10   7.674385137983009E-021   2.097715833981668E-040   7.674385137983009E-021
    91   10   7.860636573557115E-021   1.930675501173519E-040   7.860636573557115E-021
    92   10   7.860636573557089E-021   1.930675501173506E-040   7.860636573557089E-021
    94   10   1.992747689867790E-020   2.135074596828732E-039   1.992747689867790E-020
    95   10   1.992747689867782E-020   2.135074596828722E-039   1.992747689867782E-020
    100   10   7.674385137983024E-021   2.097715833981670E-040   7.674385137983024E-021
    101   10   7.674385137983012E-021   2.097715833981669E-040   7.674385137983012E-021
    103   10   7.860636573557115E-021   1.930675501173518E-040   7.860636573557115E-021
    104   10   7.860636573557088E-021   1.930675501173506E-040   7.860636573557088E-021
    106   10   1.992747689867791E-020   2.135074596828732E-039   1.992747689867791E-020
    107   10   1.992747689867783E-020   2.135074596828724E-039   1.992747689867783E-020
  </DiscreteSampler_grid>
