 -0.00000028085858584  0.00000642988444675  0.00001243672961108  0.00002022705881444
  0.00002159523774317  0.00002278305278547  0.00002375041786911  0.00002475782573668
  0.00002578279864987  0.00002836558135041  0.00002934619574280  0.00003032681013519
  0.00003140148267762  0.00003249662799696  0.00003359177331629  0.00003519422262157
  0.00003688966173567  0.00003858510084976  0.00004108140003882  0.00004368337388053
  0.00006180914262249  0.00006384062046442  0.00006485809898615  0.00006572769399572
  0.00006652749001233  0.00006711622711286  0.00006770496421340  0.00006832327496002
  0.00006894245222000  0.00006948698663165  0.00007002115944363  0.00007075806073037
  0.00007161563426238  0.00007356049612270  0.00007504866120529  0.00007623516755010
  0.00007733333883135  0.00007883046912095  0.00007924264829723  0.00007969926614219
  0.00008052586045866  0.00008133769382861  0.00008209206352928  0.00008313893760577
  0.00008469419528511  0.00008587589838633  0.00008672817871374  0.00008733392890867
  0.00008824085120962  0.00008928503441998  0.00009050657380349  0.00009315135131204
  0.00009682726441510  0.00009915924387457  0.00010116171323908  0.00010290399318510
  0.00010493453124094  0.00010812056613896  0.00011332676462214  0.00011978260501071
  0.00012363267482672  0.00012789584962240  0.00013477125941602  0.00014903403996906
  0.00016269817690223  0.00017534826492122  0.00018136299817937  0.00018679470531815
  0.00019362178524295  0.00020120615555636  0.00021020644075841  0.00022137854001020
  0.00023744634387579  0.00025970624980324  0.00028195413181572  0.00029915911522449
  0.00032288138274587  0.00034398579567267  0.00036202454589895  0.00037004477753403
  0.00038101320706050  0.00039335655635591  0.00041586441670973  0.00047731897604036
  0.00056361651089049  0.00067768955315243  0.00084181226191019  0.00111756827056018
  0.00139921536849666  0.00165362800221319  0.00192822882560444  0.00242349293424468
  0.00358846239222066  0.00743278824034555  0.03121696983181625  1.00000000000000000
 -0.00006925892215560  0.00047379198574184  0.00098190684754056  0.00162277811445746
  0.00185732701686546  0.00202584229423490  0.00213032659237504  0.00222848789044111
  0.00240471357107305  0.00252514425896724  0.00269838813001536  0.00295211065469275
  0.00306996752828449  0.00325286040932985  0.00348563141082363  0.00387018054928902
  0.00428556986647656  0.00473786617533797  0.00519568211772604  0.00545646725443381
  0.00572000670679218  0.00599214687733462  0.00621278431294460  0.00642250010201860
  0.00663256008399966  0.00687314451763228  0.00718995710565331  0.00756799764295738
  0.00777677693638930  0.00793193891887849  0.00803852571370153  0.00814997589305073
  0.00829480072156504  0.00852143372705625  0.00873887596343777  0.00895490207860634
  0.00913071586103976  0.00936823456022795  0.00977748366028747  0.01017004865952820
  0.01043196429916794  0.01064459353220718  0.01087893201764665  0.01118125514484442
  0.01159486974134300  0.01200461805534658  0.01234163722528641  0.01251404960454844
  0.01267626475169296  0.01274801063589352  0.01282643650103870  0.01288878730209175
  0.01296179186627981  0.01303246123547084  0.01314973007823404  0.01333719059304575
  0.01371411102427871  0.01396801150492762  0.01419877210676206  0.01446059825513538
  0.01472324265068065  0.01500388563736856  0.01528489336378347  0.01559575978731157
  0.01588470665142659  0.01618710385477246  0.01659139013022050  0.01705075371950030
  0.01745363337796880  0.01766854925517412  0.01776591966944448  0.01790660240447959
  0.01805715533505212  0.01819672843588744  0.01834456827323338  0.01851289850408824
  0.01881184139983530  0.01903578921663259  0.01920557777418707  0.01936367900701957
  0.01953327209356112  0.01971034619080785  0.01987016582726260  0.02000191277919427
  0.02025161203849230  0.02065433455569636  0.02107006359662476  0.02154857671894802
  0.02199804754312990  0.02240109124536334  0.02283827877601734  0.02329012398082326
  0.02385856177352676  0.02528582897303333  0.02734392026684538  1.00000000000000000
  0.02926422026859012  0.03274451887604145  0.03621650652552862  0.04025320535209469
  0.04591663831611883  0.05418697650118180  0.07175727420951743  0.09010318396356956
  0.10799800445852407  0.12427968875692759  0.14094538725817685  0.15413407459714246
  0.16352458231171307  0.17343642901505932  0.17950258438027689  0.18544729993634548
  0.19062091035396198  0.19546377372833257  0.20234173060771807  0.21398340431834750
  0.22025810427172565  0.22671368171400763  0.23500298982238241  0.24245987223654061
  0.24858550950524974  0.25357110908964570  0.25796838265750988  0.26139538363145043
  0.26459630100054621  0.27488401388186340  0.28524851126354483  0.29602549122544064
  0.31379003813822254  0.32783900648630204  0.33270458988249468  0.33827882241270868
  0.34854402864463369  0.36041769275068786  0.37724482232107864  0.39317573433453390
  0.40584870077975310  0.42249108595693285  0.44445652944440123  0.46638498713103366
  0.48599785189959083  0.50232043875994981  0.51386284231871349  0.52419603016501415
  0.53327940090613624  0.54799481788570858  0.56346474530828472  0.57793146076759938
  0.58633610016529036  0.59526080787175173  0.60456033305284840  0.61318041155888225
  0.62156669253012009  0.62960305914972758  0.63724181129226354  0.64770121626138044
  0.65584686498785627  0.66063324986766991  0.66602752597527815  0.67801289735286863
  0.69398692420575614  0.71175020328069249  0.73014080982330043  0.74985991261793594
  0.77274129116400958  0.79062319786391755  0.80577735475080781  0.82162298230932496
  0.83646542117213629  0.84241245016997446  0.85002577615799091  0.85751230250361732
  0.86366682384128757  0.86983807122280632  0.87781850532470229  0.88458289648989152
  0.89114406224357900  0.89647920221138189  0.90092736652378858  0.90298502928269064
  0.90634114482190642  0.91100034948434849  0.91699720892583436  0.92750137824384782
  0.93580756372749663  0.94233237830571326  0.94698908768396006  0.95188678057952358
  0.95653044932962228  0.96237020338883661  0.96978634254211682  1.00000000000000000
  0.02676671937952779  0.03236812326679877  0.03608392187279908  0.03937064069674643
  0.04101325304884651  0.04187541012012234  0.04253025579590492  0.04299655589568031
  0.04390175100459075  0.04521675295036433  0.04687413783439803  0.04809476372583682
  0.04940880612471418  0.05034161507039779  0.05124634149812650  0.05185392236144687
  0.05239772421445289  0.05314157409117781  0.05392487202062862  0.05509260300283541
  0.05704057379017289  0.05818095617677840  0.05935103574623739  0.06055728405939610
  0.06161078936874605  0.06264867575104281  0.06303846333573493  0.06332934237692710
  0.06358311511087293  0.06404349612330315  0.06465999887594544  0.06507325231661119
  0.06542537159222053  0.06576724315624481  0.06613884961401463  0.06642750255723762
  0.06705377163196033  0.06807467516218876  0.06895214138951719  0.06956116669206244
  0.07006430169611574  0.07058580940164008  0.07107945593654423  0.07145264295521368
  0.07205528742692126  0.07272508731318333  0.07331659099042799  0.07385777574561744
  0.07439253657240831  0.07531914885407040  0.07678879857232901  0.07790387671403487
  0.07883110227309145  0.08001594347530931  0.08111569558696678  0.08214536561929646
  0.08306129526883792  0.08347841622918226  0.08376499794022288  0.08414369097094483
  0.08434177287383335  0.08454871043184278  0.08476054446784012  0.08498667877997976
  0.08521670536922146  0.08591774686737648  0.08665016020178283  0.08712704772093947
  0.08760502787975233  0.08862973507496165  0.09035535025228328  0.09166596050068268
  0.09214211422960739  0.09245993617403676  0.09276297319213962  0.09307481526682276
  0.09356401439278013  0.09381066006719302  0.09402138038572690  0.09415794524551492
  0.09428882839527696  0.09446290420607251  0.09465067502304790  0.09548433381005353
  0.09627657587707696  0.09716832636211924  0.09959511852754112  0.10413705591954414
  0.10980754657415265  0.11321434518295098  0.11603216196606884  0.11928543335731230
  0.12515172211918052  0.13959710513996063  0.17478469287100185  1.00000000000000000
 -0.00831864462932280  0.02020472572790970  0.04270790109570543  0.06002183171386823
  0.07629412951359082  0.09244321038642647  0.10210874642511880  0.11088949650564686
  0.11659660574279003  0.12210443971456844  0.12816271300921028  0.13102902299887356
  0.13368325858269567  0.13622725838949343  0.13876329024029183  0.14224832641688978
  0.14650193329450747  0.15217572905257865  0.15997403707363908  0.17602910985874420
  0.19617310739866781  0.21470823785063814  0.23321330509862742  0.26070710003858055
  0.28749312305892527  0.31411361885743788  0.34209122934636882  0.35523379056114951
  0.36080627159314127  0.36637598978848407  0.37194451213701807  0.37522144468386187
  0.37773881546918359  0.38361026528507436  0.39269920292333771  0.40870791291337022
  0.42144463110983849  0.43830872115028569  0.45000728214390201  0.45561862187048990
  0.46026743624387872  0.46442556970315724  0.46851876076118293  0.47220159384929711
  0.47617959870970045  0.48484352997602420  0.49698944187588778  0.51619347312981867
  0.53880650650461159  0.55824255018930324  0.57538670008044213  0.58780965074007641
  0.60139162313766259  0.60717053123111053  0.61119502472029474  0.61472625380246859
  0.61830268988925252  0.62218468313655539  0.62800426469599524  0.63137694564848368
  0.63394368561172654  0.63935800745021154  0.64879100033380677  0.65821221062913904
  0.66899403310150651  0.68051322779357959  0.69607518763920029  0.72660715016826483
  0.75896057795020022  0.77148418521479967  0.77790976685597124  0.78107770074230087
  0.78419288799006637  0.78728922268597623  0.79056997859704015  0.79360198493516187
  0.80330525130524810  0.81299417713791500  0.82314954718425881  0.83283281663311437
  0.84278493633574925  0.85373723325363871  0.86393494732011600  0.87223460134729269
  0.88001150827215791  0.88778380238717125  0.89744352756328982  0.91291127745230971
  0.92505221737359367  0.93485417743821619  0.94688734900026561  0.95617818068117855
  0.96402507242349467  0.97271776479403094  0.98355660890891006  1.00000000000000000
 -0.00599462694566775  0.02807816771816485  0.03534091196338379  0.04115327380924758
  0.04825555567748395  0.05557739058019003  0.06260105252032594  0.07018879417653039
  0.07314255021915346  0.07656688241268157  0.08058677769999066  0.08523166902986513
  0.09101097715380620  0.09663839679857593  0.10836854840435199  0.12444992201093359
  0.14701885767877540  0.16300094323292183  0.17969988716945515  0.19717720355627694
  0.21385570803509257  0.22788470035444480  0.23703508686435637  0.24535175126026051
  0.25292362170233734  0.25935038933896210  0.26677980146603691  0.27713530427183952
  0.28827840821843026  0.30086682337998255  0.31659104281557110  0.33222986931504650
  0.34459415207662725  0.34684943863811957  0.34910488710441834  0.35136291875748266
  0.35362095041054697  0.35616247787938493  0.35878070868438355  0.36307289067030979
  0.36732493120580850  0.37054051261161736  0.37390590057599787  0.37705304472900525
  0.38102397945279898  0.39005705825575870  0.40652924482832364  0.41929435223530848
  0.42863613080466478  0.43604164502402160  0.44037377220582147  0.44510163916119605
  0.44716940354495394  0.44941721718388972  0.45340690563600450  0.46267084292832672
  0.47341548488094870  0.48304806564029157  0.48891768569711491  0.50542956772599790
  0.52449035596898896  0.54625296514083743  0.55961215412983800  0.56741370256158619
  0.57136923943063778  0.57720636246635448  0.58399974324176107  0.59703347907320170
  0.60414049702584605  0.61060659243323223  0.61426642136285536  0.61725430052214381
  0.62265836085056336  0.62869628269970412  0.63500171480221079  0.64140257499642195
  0.64906416209495799  0.65692983960909368  0.66525061252325912  0.67498949054095414
  0.68912866741679624  0.70969718809695115  0.73560291998446015  0.76228718102944937
  0.78472401135541137  0.80421216916224658  0.82637969355975693  0.84054590976092980
  0.85429773015848220  0.86763549199221479  0.88658868893889098  0.90579194872686952
  0.92623546784230981  0.95035735525239451  0.97532271841468043  1.00000000000000000
 -0.00099752259746008  0.00335388066842748  0.00737837357222482  0.01421871186663052
  0.02289381144723854  0.04248963116220071  0.05555912564573459  0.06125918014452096
  0.06539313612464237  0.07158452740590930  0.07743635463741538  0.08294430152579799
  0.09068242059481928  0.09565026195456831  0.09762472170725514  0.09888953479189140
  0.10015434787652765  0.10239327086309551  0.10474421251910504  0.10717575334245243
  0.10981318812563644  0.11245062290882044  0.12248935373566501  0.13669390046168226
  0.15134405858909714  0.17210798977885514  0.19341638303438374  0.21073925870667862
  0.22723886247453259  0.23644460240222898  0.24324963390150051  0.25019779625973793
  0.25788391196279309  0.27197291925674039  0.28062109700328458  0.28558896004417694
  0.29217949205429911  0.29739375444033889  0.30336688728126887  0.30996738252674444
  0.31325378335694448  0.31572800758675829  0.32366921060109943  0.33032805542090427
  0.33585002762776311  0.34058356834661191  0.34676479886369249  0.35362637800994406
  0.36100140441243650  0.36519958005629732  0.36892089505028575  0.37226027370253828
  0.37617130284217853  0.38202832444383172  0.39261500965124729  0.40611088350253699
  0.42910096214516985  0.44892900984486361  0.46023611505490686  0.46937974270626670
  0.48004186712420560  0.49056646105199136  0.50590991814759112  0.52418208437807712
  0.54328483637712877  0.56151796602028548  0.57878121208190991  0.60039134291987695
  0.62780190909730504  0.65535894870207101  0.68063429677464704  0.70515623316679388
  0.73305878660327739  0.75803303914981668  0.77698000215580987  0.79325368174205801
  0.80680810950479664  0.81782967617733526  0.82156583324542642  0.82542328084304828
  0.83246250652398390  0.84019738983627634  0.85530244439961833  0.87441927922253482
  0.89071748748018198  0.90797485726796623  0.92557608368327349  0.93265954307696119
  0.93927643902597568  0.95127307326641553  0.95805122940677367  0.96314897917234232
  0.96729265392178643  0.97109751533193456  0.97628705958402828  1.00000000000000000
 -0.00117756138365940  0.00628044684553456  0.01473659054297204  0.02089080684663492
  0.02377312805560980  0.02636991324307485  0.02817583281394126  0.02992458724082760
  0.03153744103898368  0.03387168882135552  0.03766708794525049  0.04258385074299095
  0.05416188056388620  0.06743784524915090  0.08379557457083070  0.11125993178586822
  0.13027695653355287  0.14601918978703923  0.15106677820766912  0.15330284723973261
  0.15606384650252092  0.15846588847460474  0.16002217532874663  0.16145785080465655
  0.16308895682292088  0.17064054273122339  0.18008327674042418  0.19134171105770201
  0.21038169811124530  0.23857209724241021  0.25091338075949166  0.25998150061156300
  0.26942593927462410  0.28177364755089856  0.30506937150573754  0.34037840382574136
  0.36057210629878911  0.37514674180137875  0.38601327688235154  0.39462921196598666
  0.40320097979742142  0.41108893594764290  0.41981425555636170  0.43449104135867250
  0.45852648160592446  0.49754746753525908  0.52175035105554957  0.53384320428256804
  0.54416958084780664  0.55466155554768526  0.57016980932534955  0.59524351380724527
  0.61923815882032807  0.63581904190055283  0.65701549083328270  0.68172450704092780
  0.69514690409845437  0.69998825442688151  0.70475874285840567  0.70830177979809505
  0.71380825641362300  0.72048597424889516  0.72647759151010860  0.73394376021958663
  0.73990788749690117  0.74643880987800715  0.75379044651201310  0.75923407640754403
  0.76388420228165854  0.76941725675621708  0.77528514624605294  0.78191820640814758
  0.79102718958692952  0.80491114512609441  0.82317276018080643  0.83883278625987745
  0.85693671894376799  0.87825765916242915  0.89068015283794255  0.89841492126529632
  0.90634587935260968  0.91180215658061570  0.91678466927435709  0.92155396644941290
  0.92624317714664206  0.92978524068492252  0.93291150896888098  0.93878422607497403
  0.94695496976634008  0.95202364773716008  0.95524812377997115  0.95834149564033067
  0.96259704903112375  0.96867147439939294  0.98175902725692599  1.00000000000000000
 -0.00383734554952486  0.01947369216600591  0.03383488644792307  0.04592515836543976
  0.06173614142933113  0.08474798587619123  0.10912050466610698  0.13022210839867374
  0.15342608500710489  0.18497356511239799  0.20323096043795796  0.21803009131266077
  0.23152292199233968  0.24830289130393368  0.26596978525304249  0.28757082007197665
  0.30238290688947306  0.31288466391245956  0.32397896257295017  0.33201119953148533
  0.33709823397277772  0.34328351603012341  0.34981475641233739  0.35799327304942047
  0.36422671627095476  0.37208365084515949  0.38175919614049975  0.39299676290549046
  0.41091752702335604  0.42979720010155298  0.43518652269615060  0.43745526527781475
  0.43942747636348289  0.44130477413662261  0.44386278458413841  0.44832910328250847
  0.45399220693594433  0.45927818609475018  0.46551064677296494  0.46972791013338533
  0.47998207125012271  0.49323104475112778  0.50710132455848633  0.52392350539960908
  0.54310273318711100  0.55778229410265445  0.57087855789346542  0.58435678424646653
  0.59521036632978819  0.60784918608065086  0.62154003396868363  0.63553608407340145
  0.64700786266316823  0.65499873222511062  0.65970723921729313  0.66591796040279372
  0.67766828636697418  0.69708875491333100  0.71034588172301028  0.71632538492837794
  0.72324759174929298  0.73098517183181821  0.73675578115824814  0.74326662337316307
  0.75070026404389112  0.75704766804934209  0.76281456200084174  0.77403606032532513
  0.78217369152669669  0.79102181684555106  0.80062598521918193  0.81327017075875507
  0.83607691226571290  0.84802902191547047  0.85782679070558621  0.86421627708399540
  0.86990512149205601  0.87675474827042854  0.87952058695084412  0.88381149239744983
  0.88711464332327838  0.88937327318076731  0.89172030164895300  0.89417374957285034
  0.89668391206485942  0.89922454087626136  0.90819523005234393  0.91819957881449432
  0.93133836736129250  0.94247687357443310  0.95069783702047783  0.95960062965478810
  0.96722955295572033  0.97526097233844200  0.98763048616922089  1.00000000000000000
 -0.00478054853394270  0.03050420341369083  0.06175831760824280  0.08242283402823991
  0.10503776084771393  0.11831551793445644  0.12917263287873457  0.13764744818463479
  0.14132154916510709  0.14435814880106410  0.14732130168686933  0.15001478913141483
  0.15278571247443312  0.15552468256514626  0.16027545782568048  0.16602122867604441
  0.17049976933264741  0.19256228903133732  0.22409626195582499  0.25939862999722207
  0.27793953393948417  0.28730602644896513  0.29534546077598900  0.30310288803342872
  0.30826716226587975  0.31644936452663630  0.32544163608747539  0.33544791989522021
  0.34779555986372701  0.36193473416877614  0.37822247211532001  0.39437687422231071
  0.40777715835159201  0.41894844690134964  0.42723117230237728  0.43243475840077705
  0.43755624419350408  0.44611472891158188  0.45910230395779239  0.47327480405246825
  0.48718042349055374  0.49817394666027898  0.50697475382928003  0.51358874818518840
  0.51937518389264936  0.52409172436185902  0.52872902069811967  0.53841492590687412
  0.54893668135707885  0.56472520836384787  0.58556181551169473  0.59824355541544449
  0.60869654081772007  0.61929850767845440  0.63020707022494094  0.63958689941462266
  0.65230698901342321  0.66553144754833071  0.67927173674467745  0.69208412524243434
  0.70627196187767194  0.71515907932855516  0.72315705426996224  0.73058257529338522
  0.73599818987277399  0.74106661781403249  0.74640526112151495  0.75182949614312278
  0.75916526784213456  0.76661703649590462  0.77365854042637217  0.78053311210103793
  0.78529050749709117  0.78955948268311449  0.79637498334966772  0.80611703461033668
  0.83230955034238852  0.86223320863744990  0.88630926587697068  0.90247958464731015
  0.91389320202817470  0.92545319483808619  0.93441290684333600  0.94262054689120189
  0.95100640885619325  0.95848473227889330  0.96468290461752570  0.97216158243033146
  0.97964677202169792  0.98443140330002155  0.98775603373012744  0.99031470975539215
  0.99243874621127259  0.99430044867891354  0.99530523149691474  1.00000000000000000
 -0.00442000775624259  0.02684488807425514  0.04621154188850097  0.06655952972927812
  0.08132515732132323  0.09334187124128678  0.10573589990331528  0.11775760116185512
  0.12683559777637321  0.13199727581780266  0.13967209984666915  0.15172577703547441
  0.16593711980585793  0.17340842846712895  0.18063876722251015  0.18766525766677714
  0.19653883690046586  0.20316527810982027  0.21042235434439674  0.21852002996725786
  0.22658688944451175  0.23493275344723002  0.23962245535721186  0.24437672245574002
  0.24931213479602179  0.25373032989858807  0.25745018545768045  0.26341718863114050
  0.26969098479365550  0.27704903969983774  0.28799008318184005  0.29664704391948998
  0.30666569040561925  0.32441766360981639  0.34367832586480768  0.36399187284054607
  0.38176228498173537  0.39140536332958548  0.39577504332974728  0.40030839186054618
  0.40705662389300956  0.41747096948744478  0.43558608074405925  0.45186600850563169
  0.46235778423716012  0.47307735157366287  0.48557562191044884  0.49756018544566899
  0.50811823886542806  0.51785947817814937  0.52830252142767653  0.53802120720567048
  0.54874865501132664  0.56417221974326126  0.57615903817345016  0.59262578430028112
  0.61816713482641550  0.64704346632184750  0.66059424120247934  0.66945900889924237
  0.68293774892905423  0.70774682751994022  0.72604534601566018  0.74116419196642525
  0.75215187530764427  0.76243086498588719  0.77152450982048104  0.77913940865964093
  0.78743992122462392  0.80106760592816417  0.81466599546934082  0.82733048155395517
  0.83999496763856951  0.85660799628054152  0.86884471108594696  0.87926343818737140
  0.88555541376631319  0.89261468031305924  0.89875966440729949  0.90375475914641157
  0.90852974852927038  0.91326355364679390  0.91995317211217720  0.92651311518665136
  0.93250949232745883  0.93964708357587867  0.94570164891175412  0.94866745853659240
  0.95211188928174861  0.95674936681249789  0.96333535273393389  0.97193127061794748
  0.97926880457396959  0.98581841091640787  0.99310827430469850  1.00000000000000000
 -0.00157327287230542  0.00909994583290672  0.01607514137822154  0.02267182708470653
  0.02783139867146271  0.03772990730630152  0.05280165270523358  0.06945297090050298
  0.08736038004944056  0.10144282885740449  0.11394954838723856  0.12511949959238883
  0.13446273680033832  0.14390339020807172  0.15356284115103797  0.16351202697502112
  0.17430166146161966  0.19113377294511263  0.20825373061424171  0.21880242935255895
  0.22678772286230783  0.23542467101291639  0.24685656734756201  0.25728344367918182
  0.26506918655996986  0.27981048778514889  0.29852081256327034  0.32319682875591310
  0.34923963772374195  0.36407924949981613  0.37755272509802390  0.38645571131425949
  0.39405685253572403  0.40073668411374647  0.41168423980738461  0.42383560327401076
  0.43978652307138766  0.46163653219437689  0.47301601374374702  0.48164751034909070
  0.48524105483279961  0.48741552973577063  0.48871396712279447  0.48933302291818964
  0.49064727604077446  0.49194961975316864  0.49480889390077071  0.50025715873379806
  0.50679014169528647  0.51226639805784879  0.51848339968042467  0.52739621496818023
  0.53551042608852306  0.54128174358814296  0.54810334579059572  0.55882892399979200
  0.56909548321879233  0.58135587645510323  0.60025881080720422  0.62430168896362914
  0.63773789810182935  0.64404345173217958  0.64981912616340987  0.65411371239204430
  0.65812876561857803  0.66180513021580401  0.67147531892560053  0.68075282398653347
  0.70231767466175299  0.71618808493317443  0.73312264758996859  0.74618974177053554
  0.75776229158975650  0.76404513701693133  0.77165428997953256  0.78078977249159098
  0.79108338661723843  0.80004760759325044  0.80717366337635432  0.81310340619949750
  0.82027596458199181  0.83822541781069337  0.85123638783753841  0.86676531252327149
  0.88455674674978357  0.90046757071769534  0.91408654804071698  0.92657637799211678
  0.93759755049557536  0.94744963348267408  0.95540911229295589  0.96521486691269542
  0.97820659568566259  0.98835036591377812  0.99494577900754455  1.00000000000000000
 -0.00458515871192615  0.02355808409335534  0.04324856190476899  0.06208605944880771
  0.08426695272495899  0.09636160707369437  0.10306186881585934  0.10722865755347451
  0.11011732336346242  0.11231365482226702  0.11490742301440184  0.12121407827576465
  0.13325856876549463  0.14054832637507672  0.14425314569491629  0.14945432838608028
  0.16100729214043424  0.17256025589478818  0.18212881247400486  0.19117377769877639
  0.20318523712937975  0.21614365920883608  0.22927467416399003  0.24013001546445212
  0.25453473427913742  0.26818543091067393  0.28376563108869579  0.29626158780131928
  0.31140065299038561  0.32825616859644396  0.34280597262880791  0.36182396985837317
  0.37706001665308642  0.39046438801312433  0.40254677822519236  0.41680115635538534
  0.42192623966597936  0.42503996907942654  0.42871361736950880  0.43280910797641609
  0.43997723174786169  0.44494163749565097  0.45078485234042764  0.46201427012164792
  0.47178607915661913  0.47515248483242878  0.47851688103425982  0.48186131742005300
  0.48524685446655635  0.48893754655761451  0.49373712792938057  0.50427919987718484
  0.51536371800665670  0.53380580234642494  0.55503161606495477  0.57983870770126089
  0.60327501768719149  0.62307732048434972  0.63332356136994616  0.63941026960819425
  0.64532060629691179  0.65131864943123219  0.65982278990718535  0.66872646914844602
  0.67642374396852800  0.68562441964730025  0.70044658625844380  0.71022687105176296
  0.71631733271815734  0.72179160176053736  0.72714716509385835  0.73240349534787741
  0.74081538882244125  0.75034281157157801  0.76655093624024140  0.78366512471276517
  0.79659063980837186  0.80510154373782772  0.81216474489369550  0.81702700374492021
  0.82001942002062189  0.82403062235250812  0.82761311321085673  0.83250523080869387
  0.83976413471036482  0.84836313703233879  0.85778305200081373  0.87037353582925880
  0.88602216138515466  0.89728350957682024  0.90737205570312618  0.91886230791075685
  0.93133916399243755  0.94505698753773704  0.96888935611986671  1.00000000000000000
 -0.00987611897343352  0.04400064919210696  0.05583275863446632  0.06368061338932708
  0.07263827935146300  0.08289138359144836  0.09148501195267641  0.09782294355318259
  0.09967370350559525  0.10199888159861475  0.10520600609320810  0.10912754172345127
  0.11552098563294154  0.12056906290213285  0.12656998898966121  0.13647540437339747
  0.14723273023035749  0.15847245574108296  0.17074735209329608  0.18739643125187219
  0.21058123678387597  0.22727143356121973  0.23995796015549187  0.24856916450734617
  0.25616951467720339  0.26039062462591550  0.26443509962252720  0.26796269751308238
  0.27196225335637358  0.27729247830292225  0.28883860318337151  0.30235586663216302
  0.32130325631514539  0.34364427910057266  0.35934128560678735  0.37442204896164927
  0.39008661537576417  0.41175918243782739  0.43743570080356198  0.45399497320222920
  0.46718410683207506  0.47547031106430515  0.48398884379959428  0.49365841690110290
  0.50261880588595431  0.50936806949594726  0.51873581042219097  0.53372053298307887
  0.55167213854138819  0.56712296257358297  0.57889761357190783  0.58302330380977374
  0.58675903977880473  0.59011819495133455  0.59259678503734181  0.59487671416642851
  0.59838917291672666  0.60392785405583260  0.60976991153147564  0.61537493457419690
  0.62011918781382735  0.62709829966424147  0.63663738100228007  0.64747131863977592
  0.65959304498223736  0.67640284809857809  0.69627690051907343  0.71449495169589416
  0.73050003281240605  0.74698573561652781  0.76295489720139953  0.77789776700122526
  0.79215284273483799  0.80572600985994747  0.81907711120022320  0.83227178628940479
  0.84294243386642809  0.85175321464874720  0.86150823628964224  0.87146331056942816
  0.88093444349492322  0.89132017595105517  0.90771433690868664  0.91942475692359438
  0.92648606769298092  0.93184397366234728  0.93675962963889048  0.94148197428659108
  0.94760165892205439  0.95405907526531442  0.96175105635209390  0.96577433688539949
  0.97008280268971259  0.98063039401012941  0.99054322274564699  1.00000000000000000
 -0.00350896851588731  0.02074831751956177  0.04669474284684912  0.06945579906852936
  0.07818055404380946  0.08398835088955828  0.08728821909440845  0.08964866641842457
  0.09310880422828600  0.10107606006981500  0.10906627835259472  0.11491469972191069
  0.11820217260957792  0.12201078944067181  0.12816930665346329  0.13683301671132722
  0.14825261200991971  0.15334611128720579  0.15747686724562124  0.16107276426734934
  0.16418284735800306  0.16970012444896301  0.17260553217435690  0.17572646828897123
  0.18091792550730074  0.19004118780136614  0.21391099664348140  0.22789241927990092
  0.23596971416760662  0.24277868552253887  0.24985465708602497  0.25755800811898422
  0.26457375934787752  0.27567632551838656  0.29132174253901721  0.31368492808719867
  0.33782977019713162  0.36000494719010495  0.37908146366086198  0.40613912476142094
  0.43347148460850726  0.44507139883760882  0.45300424347111906  0.45978492771913609
  0.46551703833508284  0.47352080120046558  0.48179961449984066  0.48763907522321859
  0.49947958184140168  0.50974726381833502  0.52921570757672243  0.55129000717783294
  0.56661198946134195  0.58121378752812425  0.59303481548112713  0.60240449295334952
  0.61130297419689250  0.61968547443972033  0.62561682465774393  0.62940744548097904
  0.63629245017010627  0.64543663741817514  0.65500838904083236  0.66176390111751304
  0.66683036652530892  0.67604234945611885  0.69306806773069707  0.70632925625074372
  0.71829414882884246  0.73509377192141945  0.75447335533543225  0.77338332470129256
  0.79192632453649348  0.81354316446143837  0.83204840120449874  0.84672251432978340
  0.85756692074187069  0.86332468123041428  0.86537408175145614  0.86809108133187640
  0.87106641941049834  0.87329023896299851  0.87536772411433483  0.87850654472583833
  0.88381442299848079  0.89286132421494380  0.90458189526039112  0.91919007926750895
  0.93124868989488307  0.93748840131801603  0.94439676199599387  0.95315587105209620
  0.96129262480362587  0.96651876422714578  0.97396534052139394  1.00000000000000000
 -0.00134036608747312  0.00906098012249473  0.01840635499656115  0.02953819826373882
  0.03895581744136193  0.05152066728552753  0.06283902105132770  0.07358817661548253
  0.08227772695510746  0.09041859913766864  0.09930937120042807  0.11222504569347612
  0.12711201010161186  0.14143420846269081  0.15431826009304586  0.16637277890717786
  0.17926766092581209  0.19287744351418828  0.20381258241213368  0.21319117357299161
  0.22379600194663568  0.23802151739139621  0.26254468072040554  0.27513159414918087
  0.28237850055261798  0.28691023603071208  0.29331059503329288  0.30391235709942466
  0.31011516071130574  0.31620887220406990  0.32201611370556799  0.32713969912441548
  0.33118181963947391  0.33608927895354462  0.34280388516032062  0.34629754179132272
  0.34878455390463825  0.35102905674294976  0.35380100493764138  0.35617655579026380
  0.35802217679042142  0.35990799972758658  0.36167178279587980  0.36974641559902854
  0.37858207452421594  0.38543554144220293  0.39297069253480144  0.40454414600180505
  0.41731842375308487  0.42865555241121778  0.44553517609587528  0.46161194231506358
  0.48079980568900593  0.49201059542817110  0.50092803920645590  0.50900108697550173
  0.51936323426910092  0.53451039574704473  0.54393835214125119  0.55225841034805734
  0.55843571938813297  0.56437893331788946  0.56932868049075547  0.57419204316534211
  0.58362230704471763  0.59653788265056795  0.61324379945710983  0.64138018199765079
  0.66793668367870573  0.68584355219466686  0.69896450991620185  0.71482352411504024
  0.73169794589118475  0.74013826470577226  0.74955724376679445  0.76039574628798134
  0.77236877719865460  0.78503255448874254  0.80789893980598271  0.82441829363705810
  0.84221442224618326  0.85930089500593154  0.87331127213635451  0.88133315980076543
  0.88706785241324471  0.89199204053839609  0.89714267748753473  0.90226467382630005
  0.90575870512987999  0.90888351562318870  0.91387362046630527  0.92306016476817121
  0.93909330277411296  0.95464633746510263  0.97513499965714101  1.00000000000000000
 -0.00693237938982595  0.03257857881732025  0.04822736464081896  0.05953841556596680
  0.06910867255246678  0.07615575107886575  0.08357993085661154  0.09173718266997706
  0.09894627117497364  0.11060256584621839  0.12194302125520555  0.13285682073455890
  0.14673668450499999  0.15867535167253791  0.16600587066375402  0.17308017033830525
  0.18104823236493381  0.19567062501207805  0.20741774025228729  0.21828778886086433
  0.22926114194894459  0.24667053569416825  0.26225734917983473  0.27234007270948341
  0.28023269783738497  0.28737173678188332  0.29663179698874448  0.30890966011157200
  0.32062409378848666  0.33460454386804578  0.34867666196877894  0.35622883831034091
  0.36717224225098560  0.37808787263001031  0.38460009652294991  0.39108413846886358
  0.39910831695593163  0.40684767357872265  0.41328156381986447  0.41834940914185464
  0.42491339312767062  0.43569105967614830  0.44652968381732189  0.45448821387729293
  0.46281330551685013  0.47048202425104135  0.47616642929110653  0.48069211550722407
  0.48510999165325897  0.49042044833423837  0.49594623584340469  0.50332150194332204
  0.51150458409629507  0.52374647640319782  0.53426844388215389  0.54281824236728515
  0.55237250303359720  0.56213580904547655  0.57831730029957018  0.58764968574179666
  0.59634776812135626  0.60501474323022086  0.61413762497130875  0.62944131840958484
  0.64575626615688497  0.65498780705045245  0.66292460489303007  0.67541258898865764
  0.69218755157148615  0.71079925885593165  0.72994595001644158  0.74656055231435836
  0.75685476996645984  0.76812371625375919  0.77932422347831998  0.78788136235146744
  0.79480727344353741  0.80312975615135007  0.80911067153866933  0.81767404739777561
  0.82645679464050237  0.84560063704611410  0.85974936268440350  0.86817810749975144
  0.87460702164032267  0.88143339245642149  0.89237534020116427  0.90712409556323281
  0.92677216901302550  0.94167134391158769  0.95562826858765659  0.96801122177222843
  0.97739478725681062  0.98600145093579983  0.99300072546789997  1.00000000000000000
  0.01082223737682113  0.43443880172865290  0.49516833980629749  0.53086372587936204
  0.55522802836514273  0.57350910448159842  0.58800173976537962  0.59962887355574324
  0.60975997454486197  0.62159054266832681  0.63974760995227031  0.65828591679233261
  0.67335129974404295  0.69179298467210859  0.70713522407868912  0.72096964675427966
  0.73178223090801797  0.73965306351395854  0.74985551863306465  0.75544240391474615
  0.76042941437208389  0.76830542261007573  0.77780050686555213  0.78691787344348085
  0.79447043849087851  0.79755177828955237  0.79848395723411125  0.79935937949396507
  0.80047463962038712  0.80157187201414015  0.80223186668279900  0.80296004365099749
  0.80368246904108998  0.80444238329498297  0.80548328165805605  0.80705086002862803
  0.80909828956332897  0.81147461801240561  0.81358229419588490  0.81536409907933449
  0.81712414510245446  0.81845796106187962  0.81955482126854506  0.82012318352190827
  0.82069650897459778  0.82128782052137328  0.82190919184069688  0.82261761461627625
  0.82370897055443892  0.82554705235464620  0.82743615919908176  0.82987767589744843
  0.83256657125164191  0.83458629972090415  0.83573658082359104  0.83635422107949942
  0.83687132318180613  0.83758382380992347  0.83812625626320525  0.83869823536285693
  0.83941996703769572  0.84005948465699110  0.84115184094294437  0.84237102526599306
  0.84349520607181916  0.84445502265398842  0.84517193567646509  0.84592251332040647
  0.84674571908430740  0.84758173799449688  0.84842869206584925  0.84948357180458867
  0.85063251084880820  0.85174225889891209  0.85282701636234415  0.85340553486326909
  0.85354920142019608  0.85388090494702396  0.85457342471402975  0.85545592320692132
  0.85616107708606926  0.85702415166575419  0.85813708725447535  0.85981982833739523
  0.86394224872934833  0.86680363004052630  0.86925222002870806  0.87172670742797120
  0.87423742528018067  0.87888137153938073  0.88393957195679529  0.89150230422191923
  0.89985217695302533  0.91462741390745417  0.93266452864997873  1.00000000000000000
 -0.03862979564593615  0.13273044071849471  0.20692519714709376  0.25038666036724772
  0.26719617287034592  0.27876172456170500  0.29128130006530850  0.31448379851687358
  0.32871380990102350  0.33757715579607123  0.34320156787466632  0.34967167002561605
  0.35725238981325763  0.37176025440859994  0.39194862613480935  0.40644130639735299
  0.41451314412720008  0.42108946871166258  0.42530180771839088  0.42951893683438297
  0.43437989865293430  0.44163484144826443  0.44622613255774385  0.45087030507013182
  0.45910293055039464  0.46203076608851906  0.46496583586025203  0.46791175464536244
  0.46951713413282159  0.47081898938844874  0.47337661058213587  0.47567850889459357
  0.47738601514155382  0.47910451456501113  0.48144281401575234  0.48369602009591506
  0.49136948975561173  0.50028277890904960  0.50599158558411894  0.51249123567924604
  0.51887934503851030  0.52271269585976288  0.52563198655051813  0.52851562961721532
  0.53178021661163266  0.53548668884347561  0.53958177998065537  0.54353074619521624
  0.54635797874176939  0.55053485770682231  0.55826933929519973  0.56511136899464964
  0.57125957867602495  0.57654542172567058  0.58132651054521089  0.58549671885446330
  0.58981595654388574  0.59643611088277759  0.60599374667755490  0.61796625366274982
  0.62550275441179215  0.63265854921809439  0.63953626937624364  0.64575392821797895
  0.65187506591278954  0.65951798392777761  0.66517089473771196  0.67040010950870177
  0.67541504144482234  0.68033335749760204  0.68494222297323581  0.68912115224186687
  0.69289482640444677  0.69587066062903002  0.69984173229957858  0.70147814698340272
  0.70309048982852462  0.70571188541188568  0.71294840482816713  0.72036669484118498
  0.73012784663834052  0.74393374685830360  0.75120244793450852  0.75818670611383820
  0.76410462153814607  0.76970109756712979  0.77403034972034535  0.77973493884082556
  0.78780442570028353  0.79775513384470775  0.81203450223008189  0.82923014684477969
  0.85183225242137939  0.87218715047075246  0.90373381535182662  1.00000000000000000
   7.2328720321361103E-014  -1.0000000000000000     
 T F F F F F F F F F F F F F F F F F F F T F F F T F F F F F F F F F F F T F F F T F F F F F F F F F F F F F F F F F F F T F F F F F F F F F F F F F F F F F F F F F F F F F F F F F F F F F F F F F F F F F F F F F F F F F F F F F F F F F F F F F F F F F F F F F F F F F F F F F F F F F F F F F F F F F F F F F F F F F F F F F F F F F F F F F F F F F F F F F F F F F F F F F F F F F F F T F F F F F F F F F F F F F F F F F F F T F F F T F F F F F F F F F F F T F F F T F F F F F F F F F F F F F F F F F F F T F F F T F F F F F F F F F F F F F F F F F F F T F F F T F F F F F F F F F F F T F F F T F F F F F F F F F F F F F F F F F F F T F F F F F F F F F F F F F F F F F F F F F F F F F F F F F F F F F F F F F F F F F F F F F F F F F F F F F F F F F F F F F F F F F F F F F F F F F F F F F F F F F F F F F F F F F F F F F F F F F F F F F F F F F F F F F F F F F F F F F F F F F F F F F F F F F F F T F F F F F F F F F F F F F F F F F F F T F F F T F F F F F F F F F F F T F F F T F F F F F F F F F F F F F F F F F F F T F F F
  <DiscreteSampler_grid>
  grouped_processes
  1 # 1 for a reference and 2 for a running grid.
  10 # Attribute 'min_bin_probing_points' of the grid.
  1 # Attribute 'grid_mode' of the grid. 1=='default',2=='initialization'
  0.0000000000000000 # Attribute 'small_contrib_threshold' of the grid.
  0.5000000000000000 # Attribute 'damping_power' of the grid.
 # binID   n_entries weight   weight_sqr   abs_weight
    16   10   2.533006881194144E-015   1.871466951324490E-029   2.533006881194144E-015
    17   10   2.533006881186709E-015   1.871466951311475E-029   2.533006881186709E-015
    19   10   8.028059360708038E-016   2.089703791697771E-030   8.028059360708038E-016
    20   10   8.028059360696240E-016   2.089703791692024E-030   8.028059360696240E-016
    22   10   6.899954779239899E-014   3.561274271258657E-026   6.899954779239899E-014
    23   10   6.899954779240111E-014   3.561274271258554E-026   6.899954779240111E-014
    28   10   1.564117696632747E-014   1.158202825550579E-027   1.564117696632747E-014
    29   10   1.564117696631891E-014   1.158202825550149E-027   1.564117696631891E-014
    31   10   4.353918263113610E-015   9.759167873577625E-029   4.353918263113610E-015
    32   10   4.353918263111820E-015   9.759167873573598E-029   4.353918263111820E-015
    34   10   1.762762989805697E-014   1.440718639736759E-027   1.762762989805697E-014
    35   10   1.762762989805839E-014   1.440718639737025E-027   1.762762989805839E-014
    40   10   2.533006881195374E-015   1.871466951326664E-029   2.533006881195374E-015
    41   10   2.533006881185312E-015   1.871466951309088E-029   2.533006881185312E-015
    43   10   8.028059360711367E-016   2.089703791699508E-030   8.028059360711367E-016
    44   10   8.028059360700628E-016   2.089703791694159E-030   8.028059360700628E-016
    46   10   6.899954779239747E-014   3.561274271258639E-026   6.899954779239747E-014
    47   10   6.899954779240025E-014   3.561274271258565E-026   6.899954779240025E-014
    52   10   1.564117696632669E-014   1.158202825550512E-027   1.564117696632669E-014
    53   10   1.564117696631947E-014   1.158202825550181E-027   1.564117696631947E-014
    55   10   4.353918263113303E-015   9.759167873577222E-029   4.353918263113303E-015
    56   10   4.353918263111966E-015   9.759167873573935E-029   4.353918263111966E-015
    58   10   1.762762989805760E-014   1.440718639736870E-027   1.762762989805760E-014
    59   10   1.762762989805889E-014   1.440718639737087E-027   1.762762989805889E-014
    64   10   2.533006881194340E-015   1.871466951324849E-029   2.533006881194340E-015
    65   10   2.533006881190470E-015   1.871466951318184E-029   2.533006881190470E-015
    67   10   8.028059360690446E-016   2.089703791688900E-030   8.028059360690446E-016
    68   10   8.028059360699600E-016   2.089703791693578E-030   8.028059360699600E-016
    70   10   6.899954779240415E-014   3.561274271258537E-026   6.899954779240415E-014
    71   10   6.899954779240048E-014   3.561274271258576E-026   6.899954779240048E-014
    76   10   2.533006881195039E-015   1.871466951326082E-029   2.533006881195039E-015
    77   10   2.533006881192127E-015   1.871466951321065E-029   2.533006881192127E-015
    79   10   8.028059360693618E-016   2.089703791690523E-030   8.028059360693618E-016
    80   10   8.028059360706920E-016   2.089703791697270E-030   8.028059360706920E-016
    82   10   6.899954779240330E-014   3.561274271258533E-026   6.899954779240330E-014
    83   10   6.899954779239988E-014   3.561274271258649E-026   6.899954779239988E-014
    88   10   1.564117696632878E-014   1.158202825550602E-027   1.564117696632878E-014
    89   10   1.564117696631938E-014   1.158202825550161E-027   1.564117696631938E-014
    91   10   4.353918263113163E-015   9.759167873576946E-029   4.353918263113163E-015
    92   10   4.353918263112141E-015   9.759167873574199E-029   4.353918263112141E-015
    94   10   1.762762989805854E-014   1.440718639737025E-027   1.762762989805854E-014
    95   10   1.762762989805820E-014   1.440718639736981E-027   1.762762989805820E-014
    100   10   1.564117696632818E-014   1.158202825550566E-027   1.564117696632818E-014
    101   10   1.564117696631938E-014   1.158202825550158E-027   1.564117696631938E-014
    103   10   4.353918263112927E-015   9.759167873576638E-029   4.353918263112927E-015
    104   10   4.353918263112226E-015   9.759167873574358E-029   4.353918263112226E-015
    106   10   1.762762989805891E-014   1.440718639737093E-027   1.762762989805891E-014
    107   10   1.762762989805814E-014   1.440718639736965E-027   1.762762989805814E-014
  </DiscreteSampler_grid>
