  0.01331420434977994  0.07893601998519799  0.11361048128956491  0.13578510989327813
  0.15290565616576299  0.17548544185216031  0.19897035959171649  0.21507072561341570
  0.22193664796682505  0.22557648577295092  0.22739464654051766  0.22932499203782136
  0.23140572004318899  0.23521486614163278  0.24145324209433963  0.25615608668210488
  0.27427435802668837  0.28935543239952410  0.30382457589800083  0.31601770599210782
  0.32859151780202855  0.34343651320821128  0.35655670667844758  0.35924749926961841
  0.36193829186078924  0.36336184837463575  0.36458670444314495  0.36581622980355849
  0.36704760574850254  0.37034830888557030  0.37377552554068694  0.37902388922961605
  0.38553337564507040  0.39341572653934043  0.40150976230357083  0.40791480751580311
  0.41408014813057464  0.42041012540121719  0.42972686880929556  0.44179510775942776
  0.45047249908279274  0.45747459531019025  0.46518011670449139  0.47584851085871893
  0.50316619342176216  0.52826213964700808  0.53687793139030571  0.54208529859790655
  0.54994022704027035  0.55856183017401428  0.56319573783570487  0.56768781107371491
  0.57185532147900064  0.57602769753017324  0.58021932868862203  0.60094209193905501
  0.65498892348046722  0.67405281765893610  0.67986353878337247  0.68512287576612885
  0.69051744524128589  0.69655981929112376  0.71390537727083592  0.72147385928662799
  0.72425036310105195  0.72692818615890264  0.72925244293357017  0.73254001628766752
  0.73557371941452676  0.74139194760514560  0.75083664402089900  0.75876032896138201
  0.77569731294822930  0.80228334083627029  0.81279788156050481  0.82026110507294614
  0.82692108702862033  0.83278033904412674  0.83726415574296997  0.84235504996573540
  0.84718578635029551  0.85503651864566810  0.86693877016837539  0.87649458665045987
  0.88511135996489254  0.89220636917061924  0.89913489086922904  0.90450488849105626
  0.90909747748013237  0.91498287514494092  0.92254429708262553  0.93947710705583864
  0.95101764121143151  0.96016241524595425  0.97129907112009017  1.00000000000000000
 -0.00003977252926097  0.00045139871912786  0.00098147088538634  0.00178329558515395
  0.00241702531290545  0.00290511596600047  0.00350615532280013  0.00406825745047977
  0.00454676819403952  0.00496170128821771  0.00534114016525027  0.00568692076045089
  0.00597388562238798  0.00649060255575079  0.00693341275219887  0.00725018247295468
  0.00755886939102242  0.00784818136940185  0.00813329786000327  0.00841583883256118
  0.00916304261484368  0.00987351922640608  0.01053343679150308  0.01098197043870714
  0.01145120750336843  0.01171750260669888  0.01194486708880814  0.01213410003927670
  0.01247801382038659  0.01297293932152983  0.01344828050240878  0.01379578082723424
  0.01398389258711537  0.01412766049235983  0.01421997771821842  0.01430369643686477
  0.01439382119919588  0.01447989146474915  0.01456408229330017  0.01467421751756243
  0.01484625048403944  0.01511416284878920  0.01545642065097641  0.01591502971291447
  0.01641082469971116  0.01669466372880603  0.01680502837791121  0.01691757879234272
  0.01707159561718936  0.01728854804832122  0.01745926376909659  0.01760188546431816
  0.01774543698842641  0.01784621391576006  0.01792580417822505  0.01798371833226474
  0.01803823773231109  0.01808831368905067  0.01813761223557348  0.01818570925466725
  0.01823910369161263  0.01829718778103290  0.01833759471520533  0.01836152948222098
  0.01838541069716517  0.01840916293900458  0.01842977510224202  0.01843944709470180
  0.01845130525901734  0.01846967426063085  0.01848135064732553  0.01849518674773145
  0.01850700129930707  0.01851582236154502  0.01852473007554472  0.01853636154711566
  0.01855022153380013  0.01856653746220404  0.01858324810977046  0.01860953576438740
  0.01864397689106864  0.01869749337325565  0.01883204120152263  0.02057910739411171
  0.02137186453807002  0.02149513503119841  0.02159739321005614  0.02169225519232185
  0.02178771227332674  0.02189223550500269  0.02205694684975936  0.02231034811795713
  0.02271066880355476  0.02377177142459167  0.55826041346635102  1.00000000000000000
 -0.00130291718824308  0.00497154008470881  0.00964639403566342  0.01328622485209215
  0.01567545180946292  0.01667091403138293  0.01736011493626641  0.01775176779838103
  0.01801569350105565  0.01822113274955034  0.01839130506598943  0.01856295811347743
  0.01866343180175071  0.01874330906841257  0.01882263454294064  0.01894589207187340
  0.02145510386076511  0.02158563427374798  0.02166491220835377  0.02175660873656687
  0.02181408475152865  0.02186247282776716  0.02189098605761219  0.02192709760644250
  0.02194696523270000  0.02196648540682967  0.02198599012338243  0.02200546993756378
  0.02202805880879906  0.02205043837077535  0.02207219806125993  0.02211704531946929
  0.02217401546488184  0.02222725939565619  0.02228150508183793  0.02233511292159709
  0.02237031979664087  0.02240785179703654  0.02244646223865399  0.02247667415658382
  0.02250198010887787  0.02252470976810328  0.02254415140864345  0.02257403432055938
  0.02261108778806904  0.02264400058892715  0.02269178416345948  0.02275229155368494
  0.02283979520699865  0.02296233393558340  0.02311127740892388  0.02329606614237168
  0.02351183797380261  0.02366215254131089  0.02382434213163662  0.02406955221159596
  0.02433817360123831  0.02470823682730040  0.02507638499391788  0.02534122719309231
  0.02563580715881556  0.02610275321240401  0.02697066784238102  0.02758511745399787
  0.02776593625297274  0.02785733020755245  0.02794095976597168  0.02802885402770244
  0.02813823476251287  0.02835131209840719  0.02861052565241104  0.02889325124592573
  0.02920054082262333  0.02952613747872219  0.03049124113721681  0.03243018101370232
  0.03476445164934835  0.03706184668052404  0.03837100207152000  0.03876272550184857
  0.03914542894083382  0.03948663444188862  0.03982746999957312  0.04010624967143855
  0.04038502934330397  0.04112207601222077  0.04170996072376974  0.04247573848943102
  0.04357725388273033  0.04479389471702849  0.04604458159938700  0.04791766401869316
  0.05303352115696788  0.07107956413392201  0.09078140033489973  1.00000000000000000
  0.00000115608051347  0.00001901950342383  0.00002413703440060  0.00002690828654154
  0.00002862609692361  0.00002965184863294  0.00003055332545866  0.00003165528751847
  0.00003262463773303  0.00003334966538327  0.00003399341896558  0.00003463637158210
  0.00003588091128212  0.00003866869057264  0.00005743418065153  0.00006347594523821
  0.00006415230101816  0.00006445013328823  0.00006472668462403  0.00006498948048492
  0.00006530621703568  0.00006563500993219  0.00006596492924000  0.00006630081657147
  0.00006667313026284  0.00006697870129937  0.00006717575207913  0.00006727223274012
  0.00006737309504626  0.00006748612170254  0.00006759914835883  0.00006772980625933
  0.00006786095852386  0.00006808269448654  0.00006831396144124  0.00006848888917165
  0.00006865945001764  0.00006882478868286  0.00006900573149580  0.00006920064455669
  0.00006984599381099  0.00007082495321440  0.00007173053100964  0.00007260857775055
  0.00007325742926810  0.00007372865293166  0.00007416135489998  0.00007474956080003
  0.00007545000438972  0.00007608053809089  0.00007696817992122  0.00007937220805622
  0.00008280221142313  0.00008451132343553  0.00008601988788531  0.00008791798995893
  0.00008959479009757  0.00009082256361517  0.00009128149739265  0.00009171468352979
  0.00009229045179125  0.00009303344852926  0.00009423284027325  0.00009573023354785
  0.00009808362875400  0.00009911233951311  0.00009986434700579  0.00010060840444847
  0.00010148038691380  0.00010283013539775  0.00010473408438256  0.00010785832723478
  0.00011130713411300  0.00011395987441224  0.00011603181328305  0.00011830019770855
  0.00012099922794155  0.00012411009362737  0.00013102946357068  0.00014027603304465
  0.00015529612151345  0.00016814733243640  0.00017981030656707  0.00019031109620499
  0.00020270994362275  0.00021916537251491  0.00023656254524372  0.00025691753528196
  0.00027917024021296  0.00031797221075729  0.00038598466081484  0.00048892412781441
  0.00102314132416178  0.00174343512056149  0.02534009196350301  1.00000000000000000
  0.02090260002363097  0.06577494090734014  0.08197145483002384  0.09842345900647839
  0.11746675440728868  0.13113483999559969  0.14404325237627441  0.15954789448002274
  0.16764701897511522  0.17647648536164132  0.18692621093922726  0.19163220322491675
  0.19455057058023992  0.20043408616598143  0.20549435497090468  0.20986746010000226
  0.21482905315315462  0.21938166045068636  0.22179496746689575  0.22388578353793726
  0.22602286530988483  0.23562925365505333  0.24583480943215424  0.25509271208284162
  0.26015295086227525  0.26416153993449976  0.26824888787105394  0.27041870473196794
  0.27258852159288199  0.27466400166146376  0.27673115550251687  0.27856730334547497
  0.28033373876761591  0.28443765558883427  0.29250173258471945  0.30121404571831784
  0.31025633493616828  0.32025039206325212  0.33200687318056676  0.34861133461156485
  0.36819059702484203  0.38183481956812848  0.39162809495846618  0.39920990035501303
  0.40454599153190762  0.40949576354128187  0.41318489527831709  0.42016713830169983
  0.43858754149098800  0.47007828028413301  0.50066735407159735  0.51454996512339590
  0.52883344551470046  0.54255786096460756  0.55353243705095279  0.56396906313793238
  0.57510345626160098  0.58148004563834699  0.58997486791421228  0.59895230101441377
  0.60712407645846023  0.62155872671959700  0.63570985051039874  0.64929229444648484
  0.67128427727682161  0.69751171778926158  0.71385216263374940  0.72196616041868356
  0.73121545601439930  0.74146884104449517  0.75072482090161030  0.75864491107608800
  0.76723274328732360  0.78446028018452429  0.80096596674687626  0.80741274957687270
  0.81290473790925766  0.81828052471001156  0.82319580700113526  0.83311349731325934
  0.85362789084527047  0.86982503185139204  0.87908624281816894  0.88546304434287193
  0.89221437141988535  0.89954492000754360  0.90693357408610753  0.91490725820685770
  0.92288094232760787  0.93287299731801443  0.94112547479143738  0.94702480847565773
  0.95401508777106803  0.96183358716271472  0.97109526256893242  1.00000000000000000
 -0.00344958078094691  0.01243269706444355  0.02312741609465587  0.03740184539725668
  0.05305734061018500  0.06827814235790129  0.08404472787157018  0.09062711497104080
  0.10006638882037887  0.10976245310117243  0.13262180455570560  0.14741231735230392
  0.15377788894445407  0.15989527746982810  0.16611094495138951  0.17303773183231289
  0.17829441314744254  0.18369074879588915  0.19127947532909281  0.19902574803156564
  0.20614117364897783  0.22858935809974959  0.23639170151708894  0.24397795865728603
  0.25088328335628529  0.25791324690749123  0.26745051967778194  0.28413666263187765
  0.30035073969374171  0.31985182818404756  0.34018254866810188  0.35119442173538512
  0.35889878751256077  0.36443461444738312  0.36801351968797175  0.37162813521587723
  0.38256415416587675  0.39584087205598317  0.40388180715341054  0.40993134101397455
  0.41282575604824101  0.41601852340560597  0.41929094554260271  0.42250880945213259
  0.42634301274833641  0.43554819748809132  0.44779591805111635  0.45110456538020377
  0.45441321270929114  0.45918137522911084  0.46422807404143368  0.46948062323337575
  0.47492343421441718  0.48277347337658078  0.50178076934743476  0.51868193930708739
  0.52794016170718172  0.53681459161269696  0.54672438556145186  0.55640122592431573
  0.56280354103304542  0.56974150653659561  0.58021162146817828  0.59097452747516177
  0.60149657554142766  0.61444272469552552  0.63076202843745033  0.65029142405948925
  0.66098152967912205  0.66758845391344124  0.67318674064096806  0.67894356555721780
  0.69052321767004221  0.70903057302850880  0.72987702212024896  0.75367629949583415
  0.77496435462732516  0.78932445063673540  0.80124876178956272  0.81063242263245205
  0.82323743487391055  0.83351057349519542  0.84097066284044175  0.84901231618004247
  0.85800948118357245  0.87193721408034397  0.88342143797453088  0.88998411759460361
  0.90515651666448671  0.92440951813086591  0.94428901153024447  0.96430266446290824
  0.97839258439770849  0.98627527931095815  0.99368129555153162  1.00000000000000000
 -0.00078922101045677  0.00339065275772680  0.00888125155155370  0.01481318298738545
  0.02193467308683671  0.03048809898286734  0.05242697351122902  0.06859331870755156
  0.07775724987818686  0.08732926243494116  0.09489398409024614  0.10407296409064942
  0.10996570577044447  0.11775692153907837  0.12636371975781407  0.13547177136151342
  0.15042813409997766  0.16935002667291876  0.19348847200684369  0.21623030436722787
  0.23023419465805950  0.24064498297720266  0.25188533394159590  0.27250444874885205
  0.30151214044148661  0.31572116287870339  0.32968329419837350  0.34406510327108147
  0.35937580049091505  0.36837241625892186  0.37293860366302267  0.37864204235245363
  0.38586470768201203  0.39297211921464814  0.39996291683525614  0.41101463665979526
  0.42151207696770482  0.43028937640400294  0.44069991781444007  0.45615303257035150
  0.47461096211614701  0.48648216243163200  0.50138293081297314  0.51739613198283052
  0.53215917963191817  0.54908524188831553  0.56571181084067235  0.57642151898249605
  0.58776161572769359  0.59588776515065001  0.61327210330222404  0.64263769152457817
  0.67496461670009456  0.69518080991487141  0.70927721704607627  0.72860939768096622
  0.74536890504186293  0.78389747358643069  0.80231801666470570  0.81307691103068902
  0.82344363478028015  0.83848911057723763  0.84636799196120371  0.85252045582715030
  0.85748532583864967  0.86399856752058479  0.87790846944762335  0.89247581440269075
  0.89725391729857307  0.90037815802927457  0.90373447826375219  0.90856637114374483
  0.91085272018621077  0.91319037961431004  0.91557015955109455  0.91795668983669199
  0.92251128025784523  0.92798435349446196  0.93338268584875383  0.93743772971435313
  0.94147541670003043  0.94570228556480374  0.95115566948349339  0.95664719529502562
  0.96050209420368660  0.96629872221820767  0.96954491239766716  0.97142825268086996
  0.97233454745716674  0.97323459597112660  0.97413416480220194  0.97503394878785998
  0.98016905249900210  0.98399508883201858  0.98981052967128580  1.00000000000000000
 -0.00363111402042165  0.01136788456756676  0.02079241241496341  0.02907127996314218
  0.03520005686858535  0.04127471875090277  0.04751797050026800  0.05381275352847891
  0.06076478319167540  0.06865186530959068  0.08276032305169879  0.09515078585493887
  0.10449838875818326  0.11118978335906293  0.12265000495961809  0.13845511182580417
  0.15535672385979638  0.16976431691943006  0.17920934486075885  0.18408368318009502
  0.18837221361285933  0.19709378486935777  0.20825716071523262  0.21601176072838005
  0.22732400221430754  0.23515103985043417  0.24236805737437780  0.26009142870122709
  0.27612888035939737  0.29104602714733718  0.30869099995381255  0.32749159335297856
  0.33947480784588313  0.34534328952442839  0.35713631432168358  0.36490508036148422
  0.37168538644493437  0.37965147768212726  0.39379714822484146  0.41378475367546214
  0.43359379209425641  0.45868717352949545  0.47913560177980108  0.49524542804896332
  0.50681155764241992  0.51139390634607007  0.51405941658686616  0.51672449794013098
  0.51938934017169669  0.52207687328985586  0.52561720836814407  0.53225435643043006
  0.53924965391195501  0.54761273630618823  0.55205047780158700  0.55664721698546271
  0.56525944035816011  0.58206279382660653  0.59601998833493408  0.60534416404776947
  0.61839623177750813  0.63148403631815342  0.64395044963431514  0.66333321778485310
  0.68461804211660193  0.71020089751650473  0.73746699121291748  0.75448810502072805
  0.76713716376570751  0.77428460788167042  0.78143205199763344  0.79001848659095231
  0.79915729220459841  0.80871826882732600  0.81849875643426273  0.83297144658415456
  0.85113504287495578  0.86394719039023393  0.87656391633705821  0.88886612228359108
  0.89803748574062470  0.90560640893999578  0.91357535870429596  0.91953900265432742
  0.92554378862840936  0.93190624443237546  0.94011564205667419  0.95019856540084435
  0.95460371736205774  0.95850384592115934  0.96129536473294208  0.96812070627183666
  0.97487665658800182  0.98175288755692880  0.99025350329902251  1.00000000000000000
 -0.00224646232239625  0.00721627715917466  0.01752027164754751  0.02719195421106551
  0.03773348549870993  0.06338844116206106  0.10274591387251927  0.14079124726716774
  0.16724154010428896  0.17449652688964917  0.17743243252156130  0.17996284344346375
  0.18369840991308703  0.18853907360499675  0.19478819514776627  0.20027934048233817
  0.21837396713542542  0.23841016782650476  0.25448802823921196  0.27110983942536865
  0.28899906216693538  0.29571328062826008  0.30157757921233741  0.30696794474631134
  0.31199778406364015  0.31694942892150318  0.32154985730893670  0.32615028569637022
  0.33070849400674651  0.33525253625280738  0.33922622185243723  0.34206548412651522
  0.34513640950658997  0.34919322429792427  0.35484564344560665  0.36735913275940069
  0.37295835123707982  0.37667649132317571  0.38093106856676839  0.38450251210093966
  0.38930469094326514  0.39736725450051408  0.40938201450634448  0.42426263001209918
  0.44483533585189322  0.47694042699084221  0.50437453398120746  0.52015457389707465
  0.52913244412454918  0.53954153087268930  0.55278148314929121  0.57257862292525752
  0.59937439509248946  0.62248709071584651  0.64138556150492987  0.66645973954477145
  0.67980711260437410  0.68981559396097281  0.69948418292706493  0.71437722065688458
  0.72226640978818091  0.72831714218598353  0.73303485571372129  0.73866271071695477
  0.74480167887723092  0.75402049371673752  0.76510105183350974  0.78771366809543053
  0.79585574843305740  0.80416825731880637  0.81047070459715742  0.81645519190557647
  0.82329784825526453  0.83296325047615960  0.84111124233928680  0.84715522797980947
  0.85345813547179106  0.85761656753115401  0.86092834583442313  0.86535610875215296
  0.87344103515416172  0.88364268940299462  0.89487356333787760  0.89960117412870355
  0.90409185501915013  0.91081403378613268  0.91855893059495741  0.92712885365427278
  0.93722627988015494  0.94201583553147272  0.94589868713164071  0.94903997201114243
  0.95676107092964213  0.96628735771810315  0.98314367885905130  1.00000000000000000
 -0.00486156135843407  0.01722462886789678  0.03522773933142007  0.04842881165665354
  0.05942041058065458  0.06991887060182193  0.08282642660263595  0.09621698295392832
  0.10537236789857470  0.11590432916873919  0.12708924834155946  0.13814566983602347
  0.14897619270004636  0.16277098628524944  0.17912507610243630  0.19761175929439886
  0.21632620024009197  0.23311312754521646  0.24095660606612498  0.25020189567743722
  0.25985993108885441  0.26960843261420359  0.28232863087623600  0.29510446450393563
  0.30660288343680131  0.31838335816726099  0.32974424567834643  0.34163039971858705
  0.34812247792673173  0.34959195601331405  0.35072545793383098  0.35254830345853361
  0.35481735575405693  0.36013178075344326  0.37053622196886482  0.37666911975828221
  0.38154664603336985  0.38649060857061024  0.39284402393702422  0.39925798293664261
  0.40433798602007620  0.41229797667131773  0.42439986285324316  0.43843818707034793
  0.45484506983279449  0.46852765154945397  0.48384651505140397  0.49710214591461271
  0.50871413272755850  0.52191008212850010  0.53700772658380347  0.55463758448716605
  0.57851860452051274  0.59364934216834853  0.60430279509181672  0.61219152115121489
  0.61855873758693847  0.62439914396587803  0.63075977765330649  0.63669863581924502
  0.64159161869956494  0.64604717190571892  0.65040511192959916  0.65548697397825861
  0.66240572864652580  0.66920254351863884  0.67532074909533524  0.68525547774080975
  0.70385287212012049  0.72010570785551831  0.72488272917498620  0.72988931288701564
  0.73666974076727365  0.74230334281178345  0.74581464999462532  0.74962188824002096
  0.75523478942464439  0.76490093158599504  0.77776352517170444  0.80683021733062033
  0.85338290839445397  0.89065524232739535  0.91884745532346834  0.93429435776429859
  0.94772732392816028  0.95825885790591292  0.96634731399800911  0.96980858232933642
  0.97318628108139826  0.97677244784607209  0.98073980766744362  0.98570893669308635
  0.99072116173572533  0.99425800680929777  0.99727082193694916  1.00000000000000000
 -0.00413567147734969  0.01343405341476054  0.03136051951313155  0.05105469150298004
  0.07343865889762526  0.08564507511580799  0.09191616623127224  0.09728527522706817
  0.10179443106543289  0.10743936391383639  0.11529317882526451  0.12532571589473709
  0.14672557191762886  0.16493037613000200  0.17984374006133605  0.19071165684730740
  0.20292755120038244  0.21626616952279010  0.22828519736885192  0.23610004141686891
  0.24556255577377228  0.24952598481956417  0.25151908238922632  0.25335157745216097
  0.25535700086952401  0.25722635306463398  0.26044836039668168  0.27065075759917639
  0.27844295445281247  0.28298965853793612  0.28720685612292574  0.29130925946997510
  0.29384867127695879  0.29587166090098072  0.29784314550295476  0.29955144603257905
  0.30138891155442704  0.30419208196302255  0.30901295513180654  0.31916508935609739
  0.32711831131825575  0.33001974584384552  0.33525329463809578  0.34107449655411237
  0.34655956046554082  0.35204462437696926  0.36040940392757082  0.36839742964303740
  0.37533837921530211  0.38293378849981341  0.39070057465309815  0.39687248972688122
  0.40461215255291993  0.42369211733135714  0.44993049186540113  0.47114842462144846
  0.49055393715401802  0.51055088937121162  0.53192644410470269  0.56410381793412001
  0.59306107797392882  0.60548076070141277  0.61777679756562709  0.62913286566171445
  0.64290510586187921  0.65107564360226500  0.65296930928794694  0.65480888658842029
  0.65705063051896617  0.66038161748472257  0.66429576609606023  0.66847020108297106
  0.67254218990056913  0.68066713505046506  0.68977157432608793  0.69690156664335712
  0.70839024673720574  0.72198483762122379  0.73440310451052260  0.74581166790934306
  0.75761790619822533  0.77005971455171018  0.78504273841380867  0.79812920654251129
  0.80642454387222462  0.81854816454298718  0.82656748864756879  0.83347612351453249
  0.84063716571606006  0.84799087300200282  0.86034129585136143  0.87986889530871759
  0.90577676884226443  0.94560492498146742  0.97557072119702448  1.00000000000000000
 -0.00645034083819925  0.00792234985301215  0.02229424207609555  0.03045941859938830
  0.03604583793110916  0.04621358917977859  0.06810419969857723  0.09827356429896165
  0.12695530647638256  0.14375378249212928  0.16851020081761486  0.19543093086333480
  0.20691452438419367  0.21268935921812127  0.21846419405204889  0.22690829203826970
  0.23605495573833060  0.24481372222490411  0.25188594566768807  0.25895816911047198
  0.27402746931748578  0.29406443649986647  0.31135095582018674  0.33010757930917239
  0.34904788710751611  0.35800924604650858  0.36331293417806254  0.36549227123108097
  0.36766765238817706  0.37008737388043927  0.37300261203216567  0.37581190792795960
  0.37791166841410978  0.38028930139609396  0.38311826409867072  0.38704377102543430
  0.39061122133714177  0.39409581407547278  0.39858532311729294  0.40804612472567470
  0.41472913527295169  0.42125403027140840  0.42767460802626323  0.43305213744915622
  0.44293308090851669  0.45733086840695747  0.47710980653901625  0.50031113055110099
  0.52267100452216619  0.54513629758149451  0.56985851025971490  0.59488894436188600
  0.63219661444242004  0.64321120782105978  0.65405565307955227  0.66420823031168674
  0.67190461410571745  0.67572809619367524  0.67915619092732493  0.68291715192817193
  0.68767048008736753  0.69484923316964342  0.70135370352235815  0.70828347417902238
  0.71556500891744412  0.72957227212441367  0.73583571779756551  0.73910225781573180
  0.74376700786863259  0.75111435684223593  0.75708101307100806  0.76293130299214329
  0.77082624592119542  0.77715558775466664  0.78654592771689102  0.79790942710425605
  0.80630136787393536  0.81423485657932249  0.82606100066520594  0.83568814409841152
  0.84438862688766891  0.85182273385555085  0.85684586176530331  0.86430448412614425
  0.87136341952110818  0.87590397956281141  0.88207809768231660  0.89041211636211282
  0.89981016090620891  0.90891050135378548  0.91783512260715250  0.92906950398080179
  0.94964226979112309  0.96744091213888839  0.98433665094663769  1.00000000000000000
 -0.00403572448615966  0.02178682777106105  0.03655061205670250  0.04597669605769563
  0.05450845922553058  0.06413725957239746  0.07320235586875035  0.08163666432011918
  0.08853461161645469  0.09650820692756434  0.10543680019331907  0.12816145544578164
  0.15253964018494681  0.16829867489991487  0.17580606418530614  0.18326415395901799
  0.18959744827909553  0.19618012860089959  0.20432168965830216  0.21590266048930892
  0.22705470189292251  0.23380775676759927  0.23973305501960962  0.24502166901691358
  0.25020890637688059  0.25532106375177804  0.25844367675164287  0.26026784637890193
  0.26392018147811952  0.26756641939564973  0.27442503275636043  0.28448574224576417
  0.29224511739413589  0.30022178346708100  0.31055330359474376  0.31586608044246245
  0.32753401356003842  0.35879829327229423  0.37658815282492086  0.38792503388216681
  0.39991948638630948  0.41834575808870694  0.44193509452530050  0.47186679840154810
  0.51206343892832240  0.54529073368080216  0.55553849888866746  0.56254257057859436
  0.57021510735182868  0.57692171518255853  0.58387483548872821  0.58946354347658236
  0.59632330424418656  0.60199254658827495  0.61066097589422763  0.62156692174547967
  0.63214612817437166  0.63934068737389427  0.64601522098821140  0.65275971282690171
  0.66106400569452084  0.68577689125725072  0.71115651436644933  0.72426546363807054
  0.73564368221140930  0.74563307662389289  0.75270117235735379  0.75903103733348165
  0.76311701241613461  0.76625016426196102  0.77064627932555319  0.78090986011323138
  0.80902697915380872  0.82456072748677944  0.83811946109345814  0.85363975949685800
  0.86947744566000007  0.87953791905313761  0.88902481385158194  0.90501700830915388
  0.91066717914169859  0.91824760606331424  0.92332398345584188  0.92553420086137850
  0.92727357280162581  0.92884319455230524  0.92955069492746978  0.93079482879597708
  0.93368245206846545  0.93738952128020947  0.94324325234547246  0.94917417166496343
  0.95530159298354944  0.96483446789021365  0.98161287126719443  1.00000000000000000
 -0.00291964354341468  0.01268793051765010  0.02354376680997028  0.02985462269923392
  0.03420006051493318  0.03976877055726669  0.05237888591540245  0.07306344255510888
  0.09002857814997674  0.09636398062518430  0.09997465168925641  0.10466654861782597
  0.10955067845984241  0.11448523950116557  0.12636120719230107  0.14624664385262995
  0.16682340621781092  0.17733281382011390  0.18753510447774577  0.19742259366947709
  0.20682402973950917  0.21563343438005497  0.22537527790703504  0.23761846401546444
  0.24795517817494603  0.26127511382857543  0.27896255663264924  0.30454241433532669
  0.32396326154657340  0.33740519224843374  0.34563833050922210  0.35399679460717781
  0.36462685153079122  0.37592443261231634  0.38901746317479291  0.41098465398426232
  0.42213138706268494  0.42942415319135480  0.43540019822449866  0.44062441026479277
  0.44542364823364711  0.45009691238089333  0.45531748700213565  0.46188495955002190
  0.46947366346171865  0.47733379974896434  0.48634308392054493  0.49939161874934002
  0.54464383762906454  0.59433822691007687  0.60689242118193698  0.61679342155844397
  0.62424706694414012  0.63277707970806740  0.64289436307260062  0.65254689803431876
  0.66063993887034511  0.67203242142403097  0.68544425912972873  0.69823426966212865
  0.70554767513626104  0.71246985931145479  0.72482891072803746  0.73595729349229866
  0.74392445247309003  0.75581064748552618  0.77164623195976090  0.78467533702320147
  0.79683168576440688  0.80633721935517899  0.81622377350873088  0.82695935632465689
  0.84063460438239390  0.85427573390049127  0.85965518497709081  0.86472086270471293
  0.87010903942445195  0.87402284611894565  0.87938969091347019  0.88732590507692222
  0.89573902408076678  0.90559191037514020  0.91773602674681864  0.92708299019872675
  0.93558187904986378  0.94483869997928949  0.95579536339661519  0.96456615880695928
  0.96921500748461298  0.97314088131622289  0.97798748945635050  0.98304519135528012
  0.98720868773364412  0.99120201877012015  0.99546574609324789  1.00000000000000000
 -0.00582744189846977  0.02791607234828948  0.05149607072732111  0.07097128722470480
  0.08710480500422398  0.09431807667321350  0.10090456096356372  0.10600445688058818
  0.11199175122777955  0.12187089694700912  0.13416926734066228  0.15200038659723114
  0.16961409899293187  0.18740322532753340  0.20212857906389697  0.21316015165340343
  0.22412618858749431  0.23442037876437205  0.24400744349980311  0.24796215822264758
  0.25196279174253411  0.25837327355453221  0.26478375536653032  0.27335376105571768
  0.28202882958425796  0.29698087133259549  0.31180348856507989  0.32308034006144182
  0.33183781358099440  0.33999900748299178  0.34859886235910209  0.35749677067660773
  0.36556558365866004  0.37318953611076100  0.38363745824408813  0.39612715722375275
  0.41081478260444632  0.42686075003849600  0.44415487719879820  0.45498148485610812
  0.46524116032717638  0.47418696391136778  0.48216911068316648  0.48882444204030245
  0.49487794403979130  0.50396541258212535  0.51672105039145977  0.52954726199574831
  0.54270793193941713  0.55586860188308596  0.57286009284561046  0.58958388298191866
  0.60830570223678548  0.62552382463648537  0.63917502694623918  0.64731584096173034
  0.65208606156229743  0.65667237191058958  0.66190041355400597  0.66866780472455545
  0.67856102610943558  0.69357547600065828  0.71549400727318235  0.73109076277289764
  0.73912732721011443  0.74694597833129184  0.75399343904529015  0.75942656980061884
  0.76480787468353151  0.77385807657273975  0.78638170783395756  0.80262456439168461
  0.82232467358054218  0.84127073040644840  0.85709934478985483  0.86402526344425856
  0.87404219674362027  0.87956016449134222  0.88299963626917277  0.88393045156970684
  0.88486114376616221  0.88575777608929107  0.88659729145949850  0.88743013456094588
  0.88870788794604105  0.89153662807891243  0.89451391284300896  0.89710479762714923
  0.90074474952971240  0.90631270738454972  0.91212025248337159  0.91906406807370433
  0.92600788366403697  0.94929065611423158  0.97416001564880150  1.00000000000000000
 -0.00277880161814701  0.00457384111902273  0.01177812815807111  0.01812095483144516
  0.02380699084011303  0.02891102104050364  0.03352795613143440  0.03587069860137056
  0.03885252929860973  0.04199064074748420  0.04472525406034680  0.04639966854934741
  0.04807503421223609  0.04975158539217163  0.05167917734018215  0.05533561697728262
  0.05945751840474438  0.06239562116291728  0.06495194037824832  0.06729739268784550
  0.07402283960651845  0.08348265568287259  0.09227811535256807  0.10128291909787003
  0.11112808640913664  0.11811474092424765  0.12580221683081105  0.13604341426573446
  0.14499685219856923  0.14974823483475827  0.15363448534600993  0.15724196846461172
  0.16371893396276610  0.17106198165853878  0.18179473273258367  0.19283889542356406
  0.20266558555383452  0.21502635231252967  0.22978573381807871  0.24322368556977825
  0.26994702282155508  0.29139566728475830  0.30948136905870932  0.32163420454711583
  0.33214419525660277  0.34038431893455051  0.35187372776997827  0.36607645809397232
  0.37437767424407004  0.38639658331934862  0.39338553876407767  0.40290682615929607
  0.41024571799933840  0.42425580917578920  0.43974051608477577  0.45338549951752088
  0.45933506051069189  0.46420543495791367  0.47137862186764568  0.47602991080556128
  0.48165712668235977  0.48920201438069771  0.49605009222327723  0.50856308057947219
  0.52764127317194509  0.54492567477258647  0.56510937893710556  0.58371290438554557
  0.60496327365244373  0.63115083034686414  0.65561098871104662  0.67996249217521176
  0.70890159111379614  0.73585465542472883  0.76038414525733544  0.77961343138541639
  0.78767886339615478  0.79484656830189615  0.79982653775573542  0.80464185453927051
  0.81022969995926708  0.82863995157006742  0.87152082596410241  0.88839292630168853
  0.89769961695496459  0.90536882437651067  0.91263161905731871  0.91945972129607556
  0.92619561232971725  0.93241024100226699  0.93862486967481684  0.95973551299010906
  0.97340509714806744  0.98206857039891804  0.99101610100242066  1.00000000000000000
 -0.00076415267446943  0.00041559968203010  0.00159535203852963  0.00296559224841625
  0.00462687230683644  0.00627743960175620  0.00787739522477446  0.00947735084779273
  0.01378797088548225  0.02049138131658076  0.03342253840130510  0.04028182643669413
  0.04847561263499890  0.05802989581011771  0.06533784448130854  0.07194845448541831
  0.07864335372762767  0.08334792469763619  0.08893603081424584  0.09633232782163727
  0.11946742220397771  0.13641851066332580  0.15305838503535252  0.16915132383390485
  0.17925156736079370  0.18138219612946710  0.18435169660531442  0.18783652957869468
  0.19189974601940818  0.19811571818286014  0.20883979884695245  0.21939504265311344
  0.23149193248952396  0.24397755185695486  0.25509631123329790  0.26649114306561100
  0.28268005087137649  0.29460040819477695  0.29958261131928471  0.30430209145945397
  0.30733874293496788  0.31166630180204624  0.31673004547930012  0.32322564305363483
  0.33099372201309624  0.33824197925683924  0.34379600626690526  0.34966467480723074
  0.35448248074730687  0.35920282051995589  0.36443647059760403  0.37082747907129376
  0.37892139972066319  0.39284142125382571  0.41168620266497447  0.42489187461314964
  0.43754924047853022  0.45282461032992061  0.46532721999291138  0.47604061163133327
  0.48425497171358389  0.50382814237096452  0.52840702646029902  0.55178604070618753
  0.57265430903615644  0.59212997019387525  0.61060821004095456  0.62554025135837965
  0.63442609926847937  0.64340978364145152  0.65810584991332965  0.67518960209539480
  0.69335366043279023  0.70744344284496841  0.72093457858665366  0.73386338917814919
  0.75109144884415180  0.76442933393136869  0.77339114550584209  0.78638966196700266
  0.80306681185327455  0.82026157457078419  0.83767143310112946  0.85943981721126594
  0.87615041718301423  0.88968387482628231  0.89938847642572761  0.90596428985584077
  0.91273540516081941  0.92514701936775912  0.94137266297692490  0.95520537206994693
  0.96544197361826023  0.97433872931303855  0.98297599806708080  1.00000000000000000
  0.02448286236598662  0.74060418713579179  0.76133020268283247  0.76827763812169536
  0.77228676800576646  0.77570822944061002  0.77889287028043097  0.78226340170405984
  0.78557547283204809  0.78862975781276401  0.79130554738532155  0.79793822000864179
  0.80360414156679483  0.80519989527217872  0.80641309937848005  0.80731957589266146
  0.80827251300410063  0.80929662750914189  0.81033709508497465  0.81138620063694100
  0.81246606062057303  0.81336603234254179  0.81420359398863884  0.81550070758964444
  0.81676672636052650  0.81719918634064959  0.81772459021338539  0.81819978615481537
  0.81891706953007737  0.81960554829688270  0.82092575825422121  0.82252860732487687
  0.82422498487981743  0.82598146338653378  0.82795762254730376  0.83001981503246880
  0.83215034807512012  0.83396857899618948  0.83516232853054362  0.83574840148377660
  0.83611031514463996  0.83642523545531777  0.83670850545012876  0.83716278762025631
  0.83801547741125626  0.83981348740906558  0.84091665162014173  0.84200944225553009
  0.84275258425686284  0.84361832674058723  0.84458803005483452  0.84579216526118739
  0.84710337125714352  0.84892180825948360  0.85034146121668552  0.85152046536272841
  0.85258845432650654  0.85355986292699870  0.85445045064900993  0.85516563280951607
  0.85607886718256110  0.85695903911089832  0.85836498693502550  0.86031684533950392
  0.86308466597144218  0.86525196232455170  0.86730709257500327  0.86915953446914385
  0.87084357172849192  0.87201935169313483  0.87318114926037249  0.87418373483324130
  0.87527874228822700  0.87695510804391663  0.87823216949378491  0.87951571309376664
  0.88101058777039842  0.88300974543988042  0.88480662949330147  0.88583220426225873
  0.88693985590106661  0.88906134582952268  0.89118283575797863  0.89329812607539638
  0.89540933980480009  0.89796237110355259  0.90356731341302943  0.90945469401482726
  0.91619350402726285  0.92014108644957771  0.92400307108225210  0.92894572545937659
  0.93540631963804721  0.94511822405239554  0.96852368704794189  1.00000000000000000
 -0.03768587977919420  0.15992133586766433  0.20024696840862574  0.21885540221025696
  0.23802623056091990  0.24577984564922717  0.25176210400080123  0.25949489054649549
  0.26916335256206864  0.28346709018764726  0.29905662625093304  0.32146156502566631
  0.33902400415524597  0.35732316892981719  0.37984702435329115  0.40314069157288829
  0.41348467343177497  0.42065142049395621  0.42917071192981748  0.43764785275281703
  0.44591965544420969  0.45037000717204823  0.45396598831598300  0.45756196945991784
  0.46097782097607148  0.46433058813377487  0.46768335529147825  0.47134047400189927
  0.47521578707510859  0.47909110014831791  0.48675183105981973  0.49762752451508580
  0.50257408647632174  0.50434908243767451  0.50605841025196474  0.50827990904208520
  0.51031678711164030  0.51315349676918875  0.51839029182949381  0.52430493752392293
  0.52756137216856847  0.53067001375130940  0.53413020092368235  0.53819640468314189
  0.54132195472414479  0.54321321931528055  0.54556355228530662  0.54835326919297966
  0.55137135925275593  0.55608084122239221  0.56418042804128388  0.57345976899826789
  0.58322008264477398  0.58845446814825952  0.59347002148233585  0.59783994520109407
  0.60232088801063088  0.60705951616725240  0.61265027453582832  0.61879834211164220
  0.62524581163665938  0.63178420893649900  0.63747737739769006  0.64275678962413829
  0.64783755019053446  0.65496929702694207  0.66318206391235612  0.67158904881202164
  0.67987232592095348  0.69018615336748212  0.70147583996902618  0.71495641148465783
  0.73321851155515783  0.74489242152261170  0.75318150079387980  0.76173062250343926
  0.76673439115855224  0.77122932598011751  0.77661725700093709  0.78493049962305461
  0.79151096630784878  0.79700199847639808  0.80061184648076356  0.80402538571767190
  0.80943627894515269  0.81876620454602500  0.82642112993452965  0.83405491250283759
  0.84609821608841584  0.86165910309114602  0.86860238595493389  0.87538716989218324
  0.88220659650927136  0.88903531284010906  0.89780931600079272  1.00000000000000000
   1.2890220516760098E-015  -1.0000000000000000     
 T F F F F F F F F F F F F F F F F F F F T F F F T F F F F F F F F F F F T F F F T F F F F F F F F F F F F F F F F F F F T F F F F F F F F F F F F F F F F F F F F F F F F F F F F F F F F F F F F F F F F F F F F F F F F F F F F F F F F F F F F F F F F F F F F F F F F F F F F F F F F F F F F F F F F F F F F F F F F F F F F F F F F F F F F F F F F F F F F F F F F F F F F F F F F F F F T F F F F F F F F F F F F F F F F F F F T F F F T F F F F F F F F F F F T F F F T F F F F F F F F F F F F F F F F F F F T F F F T F F F F F F F F F F F F F F F F F F F T F F F T F F F F F F F F F F F T F F F T F F F F F F F F F F F F F F F F F F F T F F F F F F F F F F F F F F F F F F F F F F F F F F F F F F F F F F F F F F F F F F F F F F F F F F F F F F F F F F F F F F F F F F F F F F F F F F F F F F F F F F F F F F F F F F F F F F F F F F F F F F F F F F F F F F F F F F F F F F F F F F F F F F F F F F F T F F F F F F F F F F F F F F F F F F F T F F F T F F F F F F F F F F F T F F F T F F F F F F F F F F F F F F F F F F F T F F F
  <DiscreteSampler_grid>
  grouped_processes
  1 # 1 for a reference and 2 for a running grid.
  10 # Attribute 'min_bin_probing_points' of the grid.
  1 # Attribute 'grid_mode' of the grid. 1=='default',2=='initialization'
  0.0000000000000000 # Attribute 'small_contrib_threshold' of the grid.
  0.5000000000000000 # Attribute 'damping_power' of the grid.
 # binID   n_entries weight   weight_sqr   abs_weight
    16   10   2.023914513841896E-016   3.893092137471112E-031   2.023914513841896E-016
    17   10   2.023914513841892E-016   3.893092137470886E-031   2.023914513841892E-016
    19   10   1.195574197361269E-016   1.300362829538292E-031   1.195574197361269E-016
    20   10   1.195574197361334E-016   1.300362829538435E-031   1.195574197361334E-016
    22   10   9.837923890973915E-017   9.056125475511031E-032   9.837923890973915E-017
    23   10   9.837923890974315E-017   9.056125475511763E-032   9.837923890974315E-017
    28   10   4.992110686504452E-016   2.212413453641048E-030   4.992110686504452E-016
    29   10   4.992110686504567E-016   2.212413453641123E-030   4.992110686504567E-016
    31   10   1.320130814903789E-015   1.553693923119578E-029   1.320130814903789E-015
    32   10   1.320130814903881E-015   1.553693923119679E-029   1.320130814903881E-015
    34   10   6.721335611890148E-015   2.759756399923493E-028   6.721335611890148E-015
    35   10   6.721335611889752E-015   2.759756399923152E-028   6.721335611889752E-015
    40   10   2.023914513841889E-016   3.893092137471083E-031   2.023914513841889E-016
    41   10   2.023914513841889E-016   3.893092137470872E-031   2.023914513841889E-016
    43   10   1.195574197361271E-016   1.300362829538293E-031   1.195574197361271E-016
    44   10   1.195574197361339E-016   1.300362829538449E-031   1.195574197361339E-016
    46   10   9.837923890973940E-017   9.056125475511050E-032   9.837923890973940E-017
    47   10   9.837923890974371E-017   9.056125475511887E-032   9.837923890974371E-017
    52   10   4.992110686504506E-016   2.212413453641097E-030   4.992110686504506E-016
    53   10   4.992110686504699E-016   2.212413453641252E-030   4.992110686504699E-016
    55   10   1.320130814903797E-015   1.553693923119598E-029   1.320130814903797E-015
    56   10   1.320130814903884E-015   1.553693923119683E-029   1.320130814903884E-015
    58   10   6.721335611890161E-015   2.759756399923508E-028   6.721335611890161E-015
    59   10   6.721335611889780E-015   2.759756399923186E-028   6.721335611889780E-015
    64   10   2.023914513841905E-016   3.893092137471146E-031   2.023914513841905E-016
    65   10   2.023914513841839E-016   3.893092137470676E-031   2.023914513841839E-016
    67   10   1.195574197361256E-016   1.300362829538263E-031   1.195574197361256E-016
    68   10   1.195574197361342E-016   1.300362829538455E-031   1.195574197361342E-016
    70   10   9.837923890973806E-017   9.056125475510831E-032   9.837923890973806E-017
    71   10   9.837923890974395E-017   9.056125475511913E-032   9.837923890974395E-017
    76   10   2.023914513841900E-016   3.893092137471129E-031   2.023914513841900E-016
    77   10   2.023914513841836E-016   3.893092137470667E-031   2.023914513841836E-016
    79   10   1.195574197361259E-016   1.300362829538271E-031   1.195574197361259E-016
    80   10   1.195574197361346E-016   1.300362829538465E-031   1.195574197361346E-016
    82   10   9.837923890973843E-017   9.056125475510903E-032   9.837923890973843E-017
    83   10   9.837923890974424E-017   9.056125475511974E-032   9.837923890974424E-017
    88   10   4.992110686504456E-016   2.212413453641052E-030   4.992110686504456E-016
    89   10   4.992110686504575E-016   2.212413453641134E-030   4.992110686504575E-016
    91   10   1.320130814903817E-015   1.553693923119649E-029   1.320130814903817E-015
    92   10   1.320130814903915E-015   1.553693923119761E-029   1.320130814903915E-015
    94   10   6.721335611890132E-015   2.759756399923479E-028   6.721335611890132E-015
    95   10   6.721335611889803E-015   2.759756399923209E-028   6.721335611889803E-015
    100   10   4.992110686504494E-016   2.212413453641087E-030   4.992110686504494E-016
    101   10   4.992110686504618E-016   2.212413453641179E-030   4.992110686504618E-016
    103   10   1.320130814903820E-015   1.553693923119654E-029   1.320130814903820E-015
    104   10   1.320130814903913E-015   1.553693923119752E-029   1.320130814903913E-015
    106   10   6.721335611890132E-015   2.759756399923481E-028   6.721335611890132E-015
    107   10   6.721335611889804E-015   2.759756399923213E-028   6.721335611889804E-015
  </DiscreteSampler_grid>
