  0.00000303727147727  0.00001151485407870  0.00001558071478418  0.00001762445742344
  0.00001997123029709  0.00002305608520508  0.00002421398937332  0.00002512038679554
  0.00002572833720838  0.00002656778938506  0.00002757243821953  0.00002871450915256
  0.00002929304440688  0.00002975434502659  0.00003023215170222  0.00003049770160290
  0.00003075498132916  0.00003088829444912  0.00003105271279322  0.00003128283524999
  0.00003162959303360  0.00003210262780680  0.00003241283301772  0.00003270156761684
  0.00003301936674588  0.00003335086860931  0.00003359701930983  0.00003383488165883
  0.00003408908431225  0.00003428056441844  0.00003445619638900  0.00003467715496229
  0.00003493758526815  0.00003523971956579  0.00003623870948147  0.00005374777063438
  0.00006163022563623  0.00006350967245816  0.00006439109350089  0.00006502570406285
  0.00006561063253561  0.00006614725277495  0.00006645228897278  0.00006666412320784
  0.00006688365883319  0.00006722278756701  0.00006765756939430  0.00006810438127016
  0.00006851077400983  0.00006883851581059  0.00006909303244410  0.00006930469206690
  0.00006955438560641  0.00006981194830803  0.00007033003324199  0.00007111000005465
  0.00007169295127861  0.00007218524117777  0.00007269823131871  0.00007329652604005
  0.00007403351821491  0.00007478981163318  0.00007533037310356  0.00007567617902454
  0.00007610373254033  0.00007663601419918  0.00007702762803415  0.00007738684347885
  0.00007778741514436  0.00007831258384998  0.00007906181119357  0.00008023686411926
  0.00008187737675573  0.00008366925916886  0.00008551982609451  0.00008763145709793
  0.00008965903721916  0.00009179711281087  0.00009473454227651  0.00009865763666060
  0.00010280114982622  0.00010668444069296  0.00010976081426385  0.00011332981963807
  0.00011716103058739  0.00012190275335541  0.00013017948801221  0.00014427110316819
  0.00016523735715218  0.00019267852577094  0.00023140347371979  0.00030033347929645
  0.00043741384910652  0.00116354791551012  0.02358897612917810  1.00000000000000000
  0.03019043865279210  0.03025233426386560  0.03032480076421544  0.03037711591040650
  0.03044683906958932  0.03048943888095616  0.03054099966490103  0.03058648858973025
  0.03062582409599311  0.03065525079281172  0.03068208055207529  0.03071190390409786
  0.03075043614943390  0.03081097403101856  0.03090627464010518  0.03099523808817366
  0.03106598945518670  0.03112978379025030  0.03119268158860974  0.03126659907044625
  0.03137108001864927  0.03151600077677309  0.03165265295713471  0.03177673781821769
  0.03186556576366277  0.03195474715693758  0.03204936590354356  0.03215577670910385
  0.03228822795344459  0.03244414005974238  0.03261576914462602  0.03277656967376703
  0.03293647532631908  0.03307867771365869  0.03321688941871630  0.03334888863578159
  0.03344059337885220  0.03353876907719763  0.03364325378161357  0.03375326440523248
  0.03384318106138662  0.03394178865458238  0.03404130584262471  0.03413267886312606
  0.03426524755574193  0.03442728161004478  0.03460638791999122  0.03474390567464607
  0.03489963549781578  0.03504722955590928  0.03515010557632822  0.03523509552585129
  0.03532308701594944  0.03543870514351957  0.03558894379183054  0.03575137134517953
  0.03598582220831812  0.03631868860043631  0.03667965113528731  0.03699315275090967
  0.03714550191410588  0.03731905328859931  0.03753542703995302  0.03766994714847249
  0.03780412617714533  0.03799747305274627  0.03824604502385026  0.03850295870166114
  0.03870028301950858  0.03894677474624716  0.03935975761912069  0.03996251573164229
  0.04053767225007317  0.04103680831705345  0.04156870810861982  0.04207890020205167
  0.04254981186286654  0.04305883624684857  0.04364880466293405  0.04434737206952792
  0.04526402253470836  0.04608876812508961  0.04677394773227817  0.04739580421875828
  0.04810350709862041  0.04912781048555469  0.05021486285145529  0.05115299829991490
  0.05211088035101858  0.05305372931333150  0.05395312720878003  0.05509756078313257
  0.05675991701238803  0.05933581968690574  0.06289535485435355  1.00000000000000000
  0.93511517886307716  0.94047013299591509  0.94096967827728983  0.94138743441877248
  0.94170650912002296  0.94205578638590692  0.94250139523604493  0.94357444660553946
  0.94428577190961260  0.94485954595812927  0.94565768466664235  0.94659380407851035
  0.94747647856502393  0.94801624771889814  0.94850400030510518  0.94889530427396807
  0.94940195980577913  0.95017782521834560  0.95088589603969520  0.95127887227819696
  0.95162260191586545  0.95187934647865990  0.95211525069619041  0.95232673620578268
  0.95254898666634913  0.95292497678608878  0.95324866068565905  0.95376450930413437
  0.95410160383621123  0.95440139636810828  0.95466532819286276  0.95494779663196538
  0.95523660898246365  0.95567295297232124  0.95609066886387373  0.95648760122884668
  0.95691035503439170  0.95733940303025833  0.95770209335788770  0.95808510905584687
  0.95850084279557146  0.95890389347165661  0.95925973489889449  0.95956292149715106
  0.95979453221767863  0.96000001486517406  0.96016467898133062  0.96031457344258986
  0.96044628693897616  0.96055376337539866  0.96066287587392030  0.96079547987516245
  0.96093490735748155  0.96107782374710327  0.96126967361356885  0.96152037931513423
  0.96176656680492223  0.96198988207250047  0.96215097251551651  0.96230780594790311
  0.96246956498414127  0.96264546711557353  0.96283275613920483  0.96302253788090131
  0.96317159184097523  0.96328370191318136  0.96338620102327810  0.96349004162810314
  0.96360797340518312  0.96372182664430517  0.96384951391172891  0.96401730652206830
  0.96421298975201974  0.96442084332448408  0.96464876125005083  0.96489258654720478
  0.96516904365823530  0.96546298911028383  0.96574202774047047  0.96596188696085472
  0.96615611309651539  0.96634790993991515  0.96654374384496611  0.96675760160902602
  0.96700204704604542  0.96723872814915812  0.96755291496225682  0.96776691315554542
  0.96794959913537892  0.96810302404511328  0.96823238329318895  0.96835791581484498
  0.96850808003523103  0.96867843833654421  0.96878002356199711  1.00000000000000000
  0.02353809933654818  0.03469691355334410  0.04499496615637563  0.05371605138601598
  0.06220588365116412  0.06995371953126363  0.07839206976238583  0.08963428453359945
  0.09824500658602095  0.10376394714339357  0.11016703856004678  0.11904680725166268
  0.12721599870089906  0.13869419272264297  0.14843194461688120  0.15771833653811912
  0.16637206939745042  0.17545831091279709  0.18645733993231417  0.19754350586351949
  0.21092112998697202  0.22605102188010723  0.23417680269391855  0.24256830831472084
  0.25362557315212059  0.26750760493608317  0.28208442726010952  0.30243573765141069
  0.32190070703805057  0.33946106998430947  0.35742649047337499  0.37231226557260677
  0.38283400166022064  0.39194611937551421  0.40300138874855496  0.41425663958488329
  0.42483799876765843  0.43539526090571834  0.44546427357094043  0.45515706643141129
  0.46504589485943892  0.46910394310327874  0.47334294947069161  0.47837743540982491
  0.48382917464741404  0.49042225267808220  0.50223074818030011  0.51641850254809529
  0.52775013085862588  0.53812445589325686  0.55098784726032768  0.56180711407475292
  0.57414552083774728  0.58683438894166551  0.60239191025566063  0.62236038163882490
  0.64776750725606780  0.67989199971864900  0.70108283926189108  0.71147222116856423
  0.71799560455034739  0.72368592683226962  0.73167667821190130  0.73999061856238135
  0.74688597405313328  0.75424469216207324  0.75786007099125197  0.76163472838502322
  0.76730684684195105  0.77357121750730118  0.78035738366552820  0.79499626607291884
  0.81328034990351372  0.82488049437525557  0.83295948679768150  0.83780814729089736
  0.84105250719862712  0.84502952534026343  0.84964926401579310  0.85543893503335122
  0.86181839266355298  0.86760951972954581  0.87382283512101622  0.88064851115289000
  0.88796825512230237  0.89231268296482025  0.89579301952582613  0.90028443810920045
  0.90534295605140358  0.91196351759046346  0.91916660795427274  0.92716001280779126
  0.93753057240773818  0.95237766554662995  0.97500780703745138  1.00000000000000000
  0.02787237008474558  0.04249663343869812  0.05423111870025997  0.06855274101304877
  0.08206558685468947  0.09429256721596120  0.10525416473715177  0.12758110611935949
  0.15329904212684356  0.17163349319262333  0.18361182466267106  0.19255630970562371
  0.20153578657908081  0.21035417768055609  0.22112124732011360  0.23438243334336892
  0.24685314649591900  0.25692819862519339  0.27185164288706648  0.28846269900758575
  0.30346254195155747  0.31571541046649737  0.32837149921048581  0.34012680739120160
  0.35295217393452488  0.36927429347309615  0.38144484942259732  0.38945736068176101
  0.39853797218569442  0.40921745729573300  0.41895170312451746  0.42773791188418747
  0.43632667105756107  0.44551516200821717  0.45505695219636488  0.46138570820451236
  0.46447084145662493  0.46666723611413596  0.46934396668763012  0.47173418978796650
  0.47558387042331979  0.48112714232676307  0.48629370759063206  0.49142501922120430
  0.49938863566277347  0.50927961339586503  0.52202487711508794  0.53044116816505205
  0.53838014524887534  0.54928617074478037  0.56198717722068103  0.57424718616861481
  0.58748725079390363  0.59886881920061519  0.60821219530145032  0.61699370908576012
  0.62391207649203329  0.63040100324629444  0.63626043793345655  0.64286470994590506
  0.64672010203268493  0.65445711730520029  0.66370945981173501  0.67341763498012341
  0.68403395123820465  0.68892725943203936  0.69087336893477136  0.69291352990541200
  0.69473950713705457  0.69789980650996475  0.70447770519460828  0.71028561443281824
  0.71615242228055143  0.72390218761490255  0.73278038288511949  0.74184009940623485
  0.74984261565581700  0.75842543132590290  0.76609246519641994  0.77184921869928991
  0.77760936806929082  0.78561926703426399  0.79914871798542220  0.81793524992233624
  0.83308942860070934  0.84284228463094890  0.85464728233195864  0.87152801445260464
  0.89202425907867977  0.90984637793604051  0.92164135964533134  0.93034477175955310
  0.94091146470698150  0.95174056435861631  0.97202226932533420  1.00000000000000000
 -0.00927621687462881  0.02194151689577237  0.04568332031898331  0.06005122855640874
  0.06762393455327259  0.07701226257376632  0.09416333891578726  0.11600164926751000
  0.13181975840836138  0.14242053028764196  0.15301680123741060  0.16286186903206060
  0.17283175223834707  0.18353655488776241  0.19293645889873931  0.20269669249438205
  0.21094562874868381  0.22087526258834170  0.23150083682412564  0.23884618277440306
  0.24431482737770066  0.25252803909695398  0.26340694787455571  0.27182002330692484
  0.27820563927306458  0.28437204789926024  0.29080191878079559  0.29826811007844145
  0.31086223079040254  0.33102778847633962  0.35115565779176544  0.36953791029646604
  0.38551187935588549  0.39858888870244424  0.41107708088467659  0.42255221524902264
  0.43029588351595649  0.43497861193174164  0.43840891498328366  0.44325387567562685
  0.44904511680704118  0.45458274134203602  0.45776492576890659  0.46083370956372888
  0.46423182525304113  0.46978000421923632  0.47442978868727365  0.47988041218640615
  0.48606552063653458  0.49230912233925839  0.49828155602565682  0.50833390093525410
  0.51583125209381375  0.52125928479662720  0.53167115612351357  0.54091922432109374
  0.55131090282196460  0.56122390966076019  0.57024693866797782  0.57805838490583628
  0.58363094979558661  0.58965236246766650  0.59637777000869652  0.60341498443327390
  0.61106818960507370  0.61909500424630215  0.62668951917064397  0.63569951815632519
  0.64701171232137233  0.66018938156202556  0.67523877349003825  0.68995830432042404
  0.70161774363882257  0.71261048728735055  0.72284127150292210  0.73284598716898508
  0.74051898435594232  0.74577457928212010  0.75224872825093836  0.75925885707497809
  0.76588058781708213  0.77442576102794591  0.78279344563074671  0.79049789085856115
  0.80035751032139268  0.81273371692984320  0.82891170196672637  0.84826922745249644
  0.86903070726469733  0.88748469436945887  0.90608267130141185  0.92569951665514250
  0.94688788459061746  0.96845629999471516  0.98653162735114497  1.00000000000000000
 -0.00151139741151074  0.00630116871024110  0.01593736288972877  0.02449290250392415
  0.03207286694370849  0.04641943254662521  0.06546766307255503  0.08248494990628212
  0.09376589327563228  0.10134519136792919  0.10823839933690022  0.11472391943597690
  0.12207720196247206  0.12944157626511599  0.13618736418018476  0.14381856847985242
  0.15062571722340934  0.15580558552396934  0.15919178270106582  0.16164749544074916
  0.17099797128461974  0.19049814308955723  0.20785562896594723  0.22026718284532976
  0.23048817863664162  0.24441273521047954  0.25383592050026521  0.26083477289411577
  0.26740672158459133  0.27389237103186420  0.27925238986750095  0.28439686104873174
  0.28933713957169016  0.29767368994333654  0.30901647660554110  0.31870976217621444
  0.32570556453202998  0.33176572748665473  0.33873803193174623  0.34749478988139632
  0.35531617282776290  0.36572551868283326  0.37602933897015756  0.38551628028104329
  0.39422631692651239  0.40713021910301278  0.42816509381441276  0.45493784462545589
  0.47793215828831237  0.49610592294073380  0.50805962802455473  0.52106212108878813
  0.53534044804584147  0.54620724638916962  0.55641865332561580  0.56709251346848422
  0.57648682269913087  0.58456969643932921  0.59158157793708743  0.59780684142875662
  0.60353704654052243  0.60931810418600230  0.61634982632165591  0.62294682057596074
  0.63002616893033137  0.63581719475834964  0.64153281565279641  0.65036175254775808
  0.65821598307168594  0.66530522329775044  0.67393730976377808  0.68495478288828016
  0.69804332140240666  0.71359412867885363  0.72879897082149359  0.74439328244652136
  0.75993844811557121  0.77286896057604637  0.78324334097498072  0.79125763304784646
  0.80031400271982067  0.81243673080381174  0.82720581565354079  0.84203033036655139
  0.85677753567853865  0.86935363254349385  0.87895743484044841  0.88958332842492494
  0.90105288857710875  0.90984466628652494  0.91777448849349030  0.92776367032330942
  0.93921215872069297  0.95349836149618228  0.97322269481098578  1.00000000000000000
 -0.00299145859516321  0.00993648052410764  0.01759000826525165  0.02244798071589435
  0.02781175880461268  0.03354110104793710  0.04013824348301768  0.04693938045608477
  0.05422908246481654  0.06299178701557021  0.07613173386931965  0.08750886324103527
  0.09691259777771946  0.10554822249996146  0.11284250066187462  0.12671194692562837
  0.14439542720051768  0.15796515680556245  0.17005857631746499  0.18427663797431401
  0.19795823368077300  0.21699823063690674  0.23761607181477634  0.25570693818729973
  0.27464329945489435  0.29563710131925053  0.32345823800178602  0.34780704455424161
  0.36369113995434738  0.37775077755759678  0.38987385183002998  0.40396107409406024
  0.42557962234321522  0.43636813834916727  0.44974517497255750  0.46523829624988106
  0.48979398050982237  0.51305400719054028  0.52718699961181759  0.53626195738345450
  0.54512751244692303  0.55699873992642401  0.57324990689345023  0.58780526304616243
  0.60362471100106896  0.61474921212602085  0.62868934200059934  0.64133915828220056
  0.65377461988708896  0.66948213163329384  0.68802210073510461  0.70517331149489038
  0.71458831463677064  0.72097610641477072  0.72676555674881949  0.73295482451371585
  0.74044931170501704  0.74972041669617240  0.76113430291138418  0.77596207139867046
  0.78898534048136360  0.80137694556543992  0.81342374636464965  0.82421523354126702
  0.83340843506691686  0.84226788045091405  0.85159730693181657  0.85804905980659474
  0.86685613237906611  0.87551160212441204  0.88360461087759290  0.89050298132138050
  0.89659664773434655  0.90172884894575567  0.90619697576462299  0.91123555985184468
  0.91917778151767970  0.92554073552457583  0.92978726037065607  0.93259171116544182
  0.93549877567168638  0.93876814791126917  0.94286407564719199  0.94838685504190812
  0.95266638592587538  0.95677290926511382  0.96076860089157157  0.96466462774872086
  0.96917465182168860  0.97469982461957849  0.98119581964996205  0.98711949732715976
  0.99121177207679534  0.99457523045908436  0.99718563869227772  1.00000000000000000
 -0.00622854493094230  0.02692313780635282  0.05245924634222111  0.06728387169115084
  0.07624138771604971  0.08622079689684406  0.09726735087531593  0.10671244599519485
  0.11398219645958947  0.12020564563118052  0.12486142289710302  0.13011468488307912
  0.13594814819447096  0.14351787969716220  0.15432206933449674  0.16502964488383701
  0.17961012345995697  0.19312892806289253  0.20566102438975103  0.21782448465195292
  0.23042337056311230  0.24183935730024872  0.25291237101341868  0.26809560499979601
  0.28439209435709084  0.30332416639219695  0.32129059758751105  0.33804351263928017
  0.35514564647212032  0.36990521292756895  0.38209996380497080  0.39303968496819341
  0.40146911253767958  0.40711293600209525  0.41197926062428508  0.41683511217651315
  0.42089214557513799  0.42520342711738496  0.43411639076268815  0.44190220666825331
  0.45041132494224195  0.45898201852527698  0.46852114719928273  0.47902102882496572
  0.48888329165503114  0.49937568084496997  0.51178512460629100  0.52420410368895476
  0.53663198835637316  0.54667809759186003  0.55677120133624991  0.56939377787757450
  0.58231558560159791  0.59408430282840075  0.60276792896568243  0.61126429755970857
  0.62356417197001301  0.63666616656091335  0.65081273776144499  0.66550673242740799
  0.67945119519166230  0.69876057368215305  0.71633226822350871  0.73114603963197999
  0.74358986976875419  0.75236457950855828  0.75984637769004404  0.76532451907476251
  0.77053925215012808  0.77411559913593664  0.77720439893363547  0.78366266224856962
  0.79222539842137962  0.80317358114354664  0.82017495642939575  0.83637663875532064
  0.84800121514489457  0.85705907169904350  0.86499861023564228  0.87212717826535202
  0.88159443017133343  0.89116042009849783  0.90089537014002663  0.91163960820896595
  0.91982647282064156  0.92597968840687273  0.93267585911089879  0.93855550122199816
  0.94481974423109738  0.95175708831945427  0.95879527562157463  0.96630834930610721
  0.97355703355061496  0.97978033507049300  0.98901430494843068  1.00000000000000000
 -0.00843879809878202  0.03586793379494561  0.05888441088688279  0.07963474118746472
  0.09481825224572832  0.10419981610528187  0.11342377311423851  0.12251093826285980
  0.12907714602058357  0.13593869221730182  0.14245455829363751  0.15070549500016261
  0.15655645135746388  0.16041214517447805  0.16489418715669735  0.17264763433179298
  0.18271271462411695  0.19525835732706120  0.20998427808763709  0.22567652669667934
  0.24063760431617520  0.25213891617502177  0.26255928751154639  0.26912893791115383
  0.27376479129555276  0.27794344900393847  0.28391135840438197  0.29076516447457046
  0.29871352071571805  0.30486469309262226  0.31143512894722936  0.32644864699178427
  0.34516355105246854  0.36027791784850777  0.37515555180616927  0.39181753112803808
  0.41266056760950004  0.44141776162227697  0.45870168695604596  0.47108914072068497
  0.48154074622437099  0.49102587258516156  0.50053291158671698  0.50902880976415332
  0.51764335662803485  0.52749969133902730  0.53751153583132016  0.54575475232039017
  0.55517937031263709  0.56488453808749184  0.57708620001564748  0.59101108810311032
  0.60166910259992268  0.61167525718539384  0.62438007033870113  0.63932024322452030
  0.65243247265743498  0.66368332967734489  0.67504320653961303  0.68399464424931711
  0.69292002818613940  0.70204429464239315  0.71225201502489910  0.72429173298170302
  0.74022499226559857  0.75390376263436976  0.76938882270160280  0.78502638388863333
  0.79680125463139539  0.80523067393606540  0.81207199427072096  0.81987045450391427
  0.82552348597664860  0.83280324008472428  0.84209238781784190  0.84868271085823477
  0.85281710164450863  0.85661232059917747  0.86014298808590539  0.86457086711210140
  0.86930681186474190  0.87430522043984527  0.88047640917265479  0.88878385949037830
  0.89771020185972727  0.90355882244165686  0.90741190294170071  0.91054764662692256
  0.91346424851148256  0.91794387476348993  0.92537774780736282  0.93410277271860243
  0.94450031881989638  0.95660896782731120  0.97468948443286896  1.00000000000000000
  0.00099398354021757  0.00384866699942451  0.01087159806856948  0.02099147356822876
  0.02899066662651705  0.03341242235693711  0.03835740624554802  0.04607654805008717
  0.05470241155882691  0.06295887703597720  0.06994094088688824  0.07662725805787605
  0.08457711457098188  0.09530929525676615  0.10688800344663560  0.11687987447352183
  0.12576894189523893  0.13829328740750460  0.15312978751891146  0.17131521249919038
  0.19403550841891312  0.20603131412354858  0.21081069031205146  0.21418743259245313
  0.21798151175739239  0.22224094634288361  0.22584914352038818  0.23206555413847596
  0.24531034555716044  0.25878706878243818  0.27288810310032513  0.28385564168137523
  0.29361561273712139  0.30249833036882767  0.31107035301600156  0.31916048253742063
  0.33059000219753593  0.34217202159087140  0.35428340506962464  0.36700818713378686
  0.37343697086677946  0.37839064198823191  0.38205761455862208  0.38554692369156784
  0.38948889472536441  0.39550783194513528  0.40420823160898622  0.41023293956919121
  0.41551655994529024  0.42196507889377788  0.42963568325187707  0.43826663475123867
  0.44810555292496351  0.46565442004223390  0.48671861114339010  0.50519258925180355
  0.52096012587967877  0.53477913160202084  0.54862811727193617  0.56344527620858265
  0.57613414012920117  0.58886403994432412  0.60282680346816242  0.61750825137188736
  0.62937548057544423  0.64233911607934335  0.65495881643539100  0.66476203196011963
  0.67496770712758536  0.68611209559396802  0.69503473571205210  0.70323510275138013
  0.71203325023375053  0.71911999927350079  0.72888999774896734  0.73546881721718194
  0.74100848058481517  0.74590153448341023  0.75134008469023095  0.75700318553256274
  0.76067522427630219  0.76414352976303079  0.76816464797508144  0.77529118772605243
  0.78144894744638960  0.78975383721664960  0.80415071570788199  0.82470202359726286
  0.84617831617544359  0.86946996588792691  0.89824422605291343  0.92320986492808232
  0.94273530220549062  0.96438451202742670  0.98404857851045646  1.00000000000000000
 -0.00157854555424750  0.00663971241721373  0.01417561250531653  0.02087588959749698
  0.02711584021629678  0.03334333920884549  0.04510484947588445  0.06203244683669211
  0.08491451292593635  0.10863768191437971  0.12376449050432170  0.13744955151080748
  0.15113243626091169  0.16531148800693188  0.18170915738922552  0.19727078721226876
  0.21100235918647522  0.21916087418380267  0.22465316726239337  0.23194278876727423
  0.23876293303973570  0.24642283763050410  0.26021033891891310  0.27814670233858924
  0.29357676002937172  0.30383672552667684  0.31134437566862821  0.31904626560346755
  0.32781555260374534  0.33582280405552006  0.34738854218920134  0.35501854556327023
  0.35994019362042745  0.36486231891680310  0.36944196388091094  0.37616656512147717
  0.38286422911553580  0.38911015066502236  0.39520944799651747  0.40268510319877071
  0.41056315762964896  0.41810735650733583  0.42750117577647689  0.43893042748229494
  0.45115864266501232  0.46064080890903175  0.46821031391860402  0.47699008839422324
  0.48647763248345965  0.49600489922943519  0.50555204392530972  0.51517841529196284
  0.52657679948050906  0.54296748630155545  0.56330408927885334  0.57679365774540259
  0.58956435753730674  0.59742555037337497  0.60514906546809721  0.61313674531496354
  0.62306954182009633  0.63261388436099164  0.64263072936701604  0.65322055071793861
  0.66430818392156032  0.67655904887831186  0.68738942152508875  0.69525841966355006
  0.70321893619979103  0.71045620679669064  0.71808383146184263  0.72898395729689625
  0.74202194060844018  0.75152609775094248  0.75825357891797529  0.76405431519531852
  0.76994965628587420  0.77487976707410178  0.78477103200626042  0.79562407834950988
  0.80624902351932826  0.82138737949187646  0.83816259544788985  0.85515444307334920
  0.86738605569698313  0.87560064309632246  0.88424287301638216  0.89463070920952281
  0.90834100933369066  0.92684130420350108  0.94901239074051136  0.96371597781428842
  0.97396207982427352  0.98443556407015820  0.99340382286102191  1.00000000000000000
  0.00164327879299409  0.00483348635457450  0.01816042303155190  0.02921489151932768
  0.04104526791345811  0.05347499271762288  0.06579943059014748  0.07869092692175035
  0.09215096202139300  0.10649939449591095  0.12191829888484157  0.13989958575031136
  0.15534931008081984  0.16763710516827146  0.17340489980147555  0.17866576545656224
  0.18408419414358923  0.18925235406047539  0.19347380890854343  0.20240485298482686
  0.21267531467290174  0.22115527537073357  0.22816421694161007  0.23520983362599168
  0.24272705687527968  0.25201341988144432  0.26285320855872057  0.27344073463292506
  0.28242624726894877  0.29274857817650662  0.30526171141739411  0.31692387145205841
  0.32656359594164103  0.33478047592866633  0.34391023266509901  0.35573844370685559
  0.36829002077727330  0.38087993902690587  0.39697100703543081  0.41566235129984813
  0.43496228112012703  0.45203538401507010  0.45887338451992804  0.46309640353841519
  0.46739017710051606  0.47095716110923669  0.47293480143743249  0.47688107091774778
  0.48234005009766784  0.48937070847041675  0.50598404440039124  0.52422832773585448
  0.53653564709467583  0.54600249051356797  0.55269624515880511  0.55896989547341902
  0.56610266848663415  0.57431525541789374  0.58139205442287667  0.58929771774972539
  0.59809734000586168  0.60794273870153792  0.61826414159914600  0.62823294871928581
  0.63696326447773965  0.64939268681724982  0.66435543243473194  0.67919621592527279
  0.69383367625962966  0.71105458682896738  0.72869175194857638  0.74715566206880313
  0.76461757741860514  0.78189399545587090  0.79444728520930086  0.80353193023791225
  0.81213476484764380  0.81742796997472722  0.82495610311846024  0.83332761717606940
  0.83918253214987015  0.84634820082666384  0.85749507289744065  0.87053292083949729
  0.88347081604898448  0.89214433568706142  0.89593344067870362  0.89967690374431242
  0.90339941812365709  0.90739058616295232  0.91425226709117557  0.92198795615391627
  0.93325905780078189  0.94933773153573686  0.96980549005877170  1.00000000000000000
 -0.00093583411025514  0.00332577253144311  0.00763054020872257  0.01213597298226196
  0.01632003753222728  0.02185660126121292  0.02927308378710398  0.03828134941340994
  0.04805965079034514  0.05798536880655661  0.06630833971109772  0.07442661904660677
  0.08237584581450930  0.09032754517867121  0.09698654741633318  0.10329719765437950
  0.11062744957253869  0.11510524730164873  0.12023893104953749  0.12532681095705211
  0.12994961676065983  0.13590615565025002  0.14424084417566702  0.15616125111782037
  0.16825723277795251  0.17917395352874138  0.18941467495691716  0.20053229653816407
  0.21295793762155468  0.22501914994038419  0.23501987246069450  0.24390465802710060
  0.25392226689613334  0.26121974717558522  0.26576132624822668  0.26906895504490635
  0.27237927058759220  0.27651786146242963  0.28062990161157264  0.28437040108313422
  0.29073240798582073  0.30091709929489052  0.31370887742961889  0.33126060391806139
  0.35175869041795371  0.37078689971847234  0.39017321744597061  0.40367782841134459
  0.41347906081387503  0.42101129407477483  0.42722772758655309  0.43199955059030293
  0.43720600756383277  0.44588043290147972  0.46016881711650759  0.48198361093079423
  0.50252061602638787  0.51470840133668283  0.52501880956632141  0.53383382309066674
  0.54140659654730960  0.54904033568218358  0.55857490868461057  0.57007278489152935
  0.58301936323227177  0.59868222644827385  0.62283468505583484  0.64459004818846466
  0.65949044743665819  0.67872576251324834  0.70341504045598846  0.71861182469519402
  0.72920592515710125  0.73932372868538110  0.74942661574289826  0.75621763745833603
  0.76652582457560081  0.77679950374956674  0.78823222748667776  0.80169683055012320
  0.81381192216416920  0.82491105053535607  0.83636506137805955  0.84749748051423368
  0.85753809400178338  0.86701676448791853  0.87744481228058180  0.89515536523258121
  0.91113171005765070  0.92731686342625441  0.94115900904708216  0.95092161196247282
  0.96129694012570865  0.97189762109467404  0.98593138376769995  1.00000000000000000
 -0.00139347910409331  0.00789728030624606  0.01278503447251905  0.01748998491945746
  0.02387924436715147  0.03181446826005097  0.03678546126320185  0.04051406948887133
  0.04395274282556300  0.05131722741163736  0.06001392987053225  0.07650916834444715
  0.08628077230130100  0.09271515796476207  0.09684539430673327  0.10126129033691887
  0.10574937891983315  0.11160565928994649  0.11827021146738174  0.12715868902366209
  0.14147444106964954  0.15914373229909065  0.17426973748037652  0.18720514583462500
  0.19445128342670223  0.20066799293441223  0.21021815108232864  0.22452725358674860
  0.23648656137065138  0.24648902386199073  0.25634369991851153  0.26616851999297325
  0.27571216352315420  0.28693550981327604  0.29921073649874125  0.30935078206512884
  0.31910476274806088  0.32779293224651229  0.33664367283103691  0.34586200306343451
  0.35504408590892261  0.36681375154186435  0.37990769372182270  0.39026801485170171
  0.40002528778557211  0.41032008433140854  0.42481423987390921  0.44291457639739712
  0.46239867888540009  0.48033995674200747  0.49837033888561932  0.51745131494606467
  0.53427765516210635  0.55074269423410183  0.56799736356301511  0.58931116657013016
  0.61214310970110430  0.63180584972612475  0.64800147207235292  0.65759696256384481
  0.66692612098431403  0.67595130467436515  0.68440372671046390  0.69060456126264524
  0.69547838657057792  0.70165848576153000  0.71011367606293352  0.71979210823426243
  0.73144430988968956  0.74420428266714700  0.75994729965233299  0.77543213084837193
  0.78331903196639585  0.78880864794593308  0.79218509742113219  0.79564197876895182
  0.80019710062969429  0.81004819694582841  0.82095654482799585  0.83100666558185721
  0.84093968207415681  0.85772977763535818  0.86525163159849305  0.86907669754356154
  0.87447443094644428  0.88232311265414043  0.89246714555576556  0.90416509589180372
  0.91442826996108240  0.92474764241013707  0.93676807689535235  0.95120606389714635
  0.96409107341073819  0.97583286440487704  0.98752442889896475  1.00000000000000000
 -0.00126065830900605  0.00734790896766773  0.01085144713669164  0.01559808632064874
  0.02176270364392588  0.02925782993612274  0.03709230555673668  0.04323564126294670
  0.04778946319240391  0.05193854033519796  0.05540698715087322  0.05938587843637584
  0.06219326834531121  0.06853704879665373  0.07577496240495206  0.08206218149364386
  0.08977514304818171  0.09746037026739583  0.10264513858586084  0.10602515659970474
  0.10991005418653976  0.12038377600713576  0.12909418394938915  0.13336055608933212
  0.13670923497117340  0.14279528260836385  0.15113668764426172  0.15985697006111180
  0.17035682039786842  0.19089553684736024  0.20484913949371397  0.21268328708169709
  0.22022079375003478  0.22575888725467186  0.23148527693658522  0.23917874501417541
  0.24407984646758332  0.24675892870223601  0.24980308738886101  0.25629054101762172
  0.26610321333668224  0.27506588923525788  0.28058925294169135  0.28533865463340718
  0.28981148579427762  0.29570607295108881  0.30009271487578071  0.30361557832689462
  0.31359549715726742  0.32528488378165243  0.34029291193760747  0.36454475624741256
  0.38555876655284310  0.40622708488607528  0.42248079116345982  0.43230587038694546
  0.44376142255259304  0.45710265457327015  0.47708502799650715  0.49628379340857326
  0.51533511623235373  0.53541521214598575  0.55084473758664343  0.56671197563446007
  0.58313244531849606  0.59928510371643484  0.61677131159490639  0.64368385788934368
  0.67373806086306431  0.70158114974847885  0.72419165794095819  0.74290210804579038
  0.76179052220806864  0.77858180390259701  0.79238574488153646  0.80323387419167136
  0.81371536169071879  0.82286973793597806  0.83144475119726735  0.83911626509202408
  0.84559295576347149  0.85962317793146548  0.88011425272833255  0.90391991695029028
  0.92092527722692852  0.93310855190081043  0.93797258125772975  0.94394385068892306
  0.95096782621858900  0.95787634638277042  0.96424929694966866  0.97111989726094494
  0.97877425077441071  0.98496569600168504  0.99183194049287038  1.00000000000000000
 -0.00285278904423478  0.00559955204929065  0.01345885453375193  0.02303385864203326
  0.03368625752262905  0.04529285180600093  0.05482880251464513  0.06277694121130854
  0.06782191957432325  0.07220080511973137  0.07681748887856805  0.08180232318011438
  0.08967730615234808  0.09838942456890930  0.10832544458902367  0.11944716860155043
  0.13222950855247778  0.14300136848946149  0.15277315433750646  0.16235998242444324
  0.17512389062179001  0.19023556331226607  0.20211918192737965  0.20993187314470069
  0.21429084384473171  0.21901788524263871  0.22413626153718214  0.22905273366950690
  0.23382428994150203  0.24009082800930301  0.24817761192689014  0.25730199349276023
  0.27160395611229726  0.28452657661023378  0.29564631295285426  0.30757796691475031
  0.31822654405217954  0.32986448075458497  0.33893542392758602  0.34788394805875800
  0.35774291632146477  0.37225153155918866  0.38792199431396496  0.40240001213167020
  0.41414546768329519  0.42269639444995205  0.43217373550232485  0.44221854242671427
  0.44940487199810514  0.45574851692908963  0.46100534503021029  0.46739695100391687
  0.47619410226109049  0.48527130347966252  0.49255887351822264  0.49751966759702043
  0.50455035856500552  0.51400195058072595  0.52617091626464940  0.54445039135130768
  0.56362804807943478  0.57929473799339859  0.58730343816936026  0.59458737668027806
  0.60192089043064512  0.60954885055602226  0.61820731552587826  0.62789566312469969
  0.63861562411215866  0.65012207643124253  0.66087237528567544  0.67073029513339133
  0.67910000353665312  0.68834427134231557  0.70237320480757215  0.72016169811181963
  0.74790684132384178  0.77035461913076220  0.78625202886396073  0.79845783521842917
  0.81006565506330808  0.81923003503671243  0.82512176573797325  0.83041693320726895
  0.83539348071943798  0.84028805707744103  0.84773531952654613  0.86581183390627958
  0.88850072942701885  0.90870444663406857  0.92388670212759294  0.93721861407202178
  0.95106972409878299  0.96309166950371794  0.97825298660596605  1.00000000000000000
  0.07339945597362250  0.16612712481332403  0.19006532047810321  0.20336290518777209
  0.21349640763473640  0.22275863100815424  0.22995470951730684  0.23817716607706227
  0.24912611491963382  0.25844800600478829  0.26572760056428968  0.27392003609594839
  0.28106662539130711  0.28935826854736035  0.29721928015702370  0.30498868405455853
  0.31265552170721300  0.32112002129923012  0.32832178066056167  0.33474408965805386
  0.34070070841754108  0.34637520162878371  0.35129144311477722  0.35694082404194133
  0.36343173199307516  0.37081127677605191  0.37670954563576109  0.38229798088398015
  0.38979031968317990  0.39450390506685218  0.39769916820026024  0.40090120073947433
  0.40484051070348670  0.41084252847326280  0.41598753479531697  0.42201096757536755
  0.42673549021698642  0.42962066300243684  0.43217852633390824  0.43472333101076616
  0.43844664417197121  0.44377973033589135  0.44922103324319834  0.45468316951728371
  0.45936710893354177  0.46411346194763026  0.46875883822960285  0.47345764458716316
  0.47701037881637148  0.47978739441467877  0.48328073253923243  0.48744594280646547
  0.49222059194137446  0.49712346619531078  0.50213524086023043  0.50550984603457128
  0.50852374958880286  0.51165694118919736  0.51443456225636164  0.51771494619264158
  0.52127184522972581  0.52504256618906908  0.52894885512059187  0.53282294899220506
  0.53663506882970691  0.53973152425103244  0.54356829065434020  0.54964793522400612
  0.55813087584089494  0.56809601805642351  0.57687148550763601  0.58938890175954506
  0.60131026012933975  0.61228241958161134  0.62434867297625485  0.63578508461592009
  0.64476350772512470  0.65026780316341015  0.65593482090610788  0.66186987937310549
  0.66601010676489247  0.66939773184519424  0.67236074476428431  0.67528336244785192
  0.67782559722858948  0.68063320568615615  0.68510058165836529  0.69292944125434441
  0.70188862690641018  0.71123852289646072  0.72041589924774774  0.73169385091147099
  0.75123067272069888  0.78831495701853549  0.82902707229184791  1.00000000000000000
 -0.02766532645143400  0.11873627862622643  0.13824446539028284  0.16595076988725882
  0.20331544672674681  0.22985427026355323  0.24596995367796659  0.25909076554390303
  0.27085107308948864  0.28307738398390020  0.29280828818626614  0.31096839591031211
  0.33350443818286790  0.35194839832224795  0.36745693883852742  0.38128759612409008
  0.39134813289397330  0.39798371143693845  0.40253549664728605  0.40878278038843252
  0.41372681405477574  0.41722152429746034  0.42116570956191729  0.42607203959521733
  0.43205352412151787  0.43847751073567920  0.44315876992657910  0.44908969317618402
  0.45594773534498934  0.46190750691617449  0.46812504780281644  0.47402084431816494
  0.47728760001579484  0.48028106930923842  0.48384349351408734  0.48743936575457597
  0.49403613892265508  0.50031699242086514  0.50821966792988771  0.51755653081074227
  0.52544835061337347  0.53218777713261300  0.53876728054808376  0.54578474513637831
  0.55316494117815973  0.56122069100990590  0.56861409151134468  0.57542967307145287
  0.58086598476062035  0.58517837476779933  0.58875654569770919  0.59176224249087583
  0.59446923512447036  0.59716779982040913  0.60038778084986466  0.60582573739636936
  0.61115640711305375  0.61711933875771818  0.62335030630952148  0.62671380236603969
  0.62949027771395261  0.63155715139377311  0.63399151074008187  0.63728721246791753
  0.64062380669622199  0.64454590455002780  0.64920387077938657  0.65423395297832565
  0.66052360503162733  0.66609457314365350  0.67162141333741177  0.67701990900711684
  0.67988848136094870  0.68205413901234391  0.68444811901206304  0.68687221622295047
  0.69135786733131299  0.69781147355541839  0.70494393184402393  0.71258574276271225
  0.72014179083679963  0.72763278279515264  0.73538346124344756  0.74520236633968706
  0.75641368248920782  0.76762179816667042  0.77856365799986038  0.78900245413250847
  0.79937241287303296  0.81374651825581656  0.82788792321171578  0.83908970674788663
  0.84930565438299688  0.86021644904662808  0.87558241216115018  1.00000000000000000
   5.0257264693763095E-017  -1.0000000000000000     
 T F F F F F F F F F F F F F F F F F F F T F F F T F F F F F F F F F F F T F F F T F F F F F F F F F F F F F F F F F F F F F F F F F F F F F F F F F F F F F F F F F F F F F F F F F F F F F F F F F F F F F F F F F F F F F F F F F F F F F F F F F F F F F F F F F F F F F F F F F F F F F F F F F F F F F F F F F F F F F F F F F F F F F F F F F F F F F F F F F F F F F F F F F F F F F F F T F F F F F F F F F F F F F F F F F F F T F F F T F F F F F F F F F F F T F F F T F F F F F F F F F F F F F F F F F F F F F F F T F F F F F F F F F F F F F F F F F F F T F F F T F F F F F F F F F F F T F F F T F F F F F F F F F F F F F F F F F F F F F F F F F F F F F F F F F F F F F F F F F F F F F F F F F F F F F F F F F F F F F F F F F F F F F F F F F F F F F F F F F F F F F F F F F F F F F F F F F F F F F F F F F F F F F F F F F F F F F F F F F F F F F F F F F F F F F F F F F F F F F F F F F F F F F F F T F F F F F F F F F F F F F F F F F F F T F F F T F F F F F F F F F F F T F F F T F F F F F F F F F F F F F F F F F F F F F F F
  <DiscreteSampler_grid>
  grouped_processes
  1 # 1 for a reference and 2 for a running grid.
  10 # Attribute 'min_bin_probing_points' of the grid.
  1 # Attribute 'grid_mode' of the grid. 1=='default',2=='initialization'
  0.0000000000000000 # Attribute 'small_contrib_threshold' of the grid.
  0.5000000000000000 # Attribute 'damping_power' of the grid.
 # binID   n_entries weight   weight_sqr   abs_weight
    16   10   1.413273621238591E-009   1.997284161099206E-017   1.413273621238591E-009
    17   10   1.413273621238511E-009   1.997284161098977E-017   1.413273621238511E-009
    19   10   1.281854515775538E-009   1.643121396856936E-017   1.281854515775538E-009
    20   10   1.281854515775492E-009   1.643121396856818E-017   1.281854515775492E-009
    22   10   1.280145526302030E-009   1.638733432505677E-017   1.280145526302030E-009
    23   10   1.280145526301987E-009   1.638733432505565E-017   1.280145526301987E-009
    28   10   3.524225889349786E-009   1.242005068838241E-016   3.524225889349786E-009
    29   10   3.524225889349762E-009   1.242005068838223E-016   3.524225889349762E-009
    31   10   4.400933857604330E-009   1.936798544031478E-016   4.400933857604330E-009
    32   10   4.400933857604426E-009   1.936798544031563E-016   4.400933857604426E-009
    34   10   4.443534663383587E-009   1.974474276739807E-016   4.443534663383587E-009
    35   10   4.443534663383683E-009   1.974474276739893E-016   4.443534663383683E-009
    40   10   1.413273621238592E-009   1.997284161099208E-017   1.413273621238592E-009
    41   10   1.413273621238511E-009   1.997284161098977E-017   1.413273621238511E-009
    43   10   1.281854515775539E-009   1.643121396856937E-017   1.281854515775539E-009
    44   10   1.281854515775492E-009   1.643121396856818E-017   1.281854515775492E-009
    46   10   1.280145526302030E-009   1.638733432505677E-017   1.280145526302030E-009
    47   10   1.280145526301987E-009   1.638733432505565E-017   1.280145526301987E-009
    52   10   3.524225889349786E-009   1.242005068838240E-016   3.524225889349786E-009
    53   10   3.524225889349760E-009   1.242005068838222E-016   3.524225889349760E-009
    55   10   4.400933857604330E-009   1.936798544031478E-016   4.400933857604330E-009
    56   10   4.400933857604426E-009   1.936798544031563E-016   4.400933857604426E-009
    58   10   4.443534663383585E-009   1.974474276739806E-016   4.443534663383585E-009
    59   10   4.443534663383683E-009   1.974474276739893E-016   4.443534663383683E-009
    64   10   1.413273621238591E-009   1.997284161099205E-017   1.413273621238591E-009
    65   10   1.413273621238509E-009   1.997284161098973E-017   1.413273621238509E-009
    67   10   1.281854515775538E-009   1.643121396856936E-017   1.281854515775538E-009
    68   10   1.281854515775494E-009   1.643121396856821E-017   1.281854515775494E-009
    70   10   1.280145526302030E-009   1.638733432505677E-017   1.280145526302030E-009
    71   10   1.280145526301988E-009   1.638733432505570E-017   1.280145526301988E-009
    76   10   1.413273621238592E-009   1.997284161099208E-017   1.413273621238592E-009
    77   10   1.413273621238509E-009   1.997284161098973E-017   1.413273621238509E-009
    79   10   1.281854515775539E-009   1.643121396856937E-017   1.281854515775539E-009
    80   10   1.281854515775494E-009   1.643121396856822E-017   1.281854515775494E-009
    82   10   1.280145526302031E-009   1.638733432505680E-017   1.280145526302031E-009
    83   10   1.280145526301989E-009   1.638733432505571E-017   1.280145526301989E-009
    88   10   3.524225889349789E-009   1.242005068838243E-016   3.524225889349789E-009
    89   10   3.524225889349762E-009   1.242005068838223E-016   3.524225889349762E-009
    91   10   4.400933857604324E-009   1.936798544031472E-016   4.400933857604324E-009
    92   10   4.400933857604428E-009   1.936798544031564E-016   4.400933857604428E-009
    94   10   4.443534663383583E-009   1.974474276739804E-016   4.443534663383583E-009
    95   10   4.443534663383685E-009   1.974474276739895E-016   4.443534663383685E-009
    100   10   3.524225889349793E-009   1.242005068838246E-016   3.524225889349793E-009
    101   10   3.524225889349760E-009   1.242005068838222E-016   3.524225889349760E-009
    103   10   4.400933857604326E-009   1.936798544031474E-016   4.400933857604326E-009
    104   10   4.400933857604426E-009   1.936798544031563E-016   4.400933857604426E-009
    106   10   4.443534663383583E-009   1.974474276739804E-016   4.443534663383583E-009
    107   10   4.443534663383683E-009   1.974474276739893E-016   4.443534663383683E-009
  </DiscreteSampler_grid>
