 -0.00000123267112324  0.00001065545827067  0.00001263614073089  0.00001664468125475
  0.00001995099915811  0.00002142304263920  0.00002233825646888  0.00002338035309581
  0.00002417370822815  0.00002495537181938  0.00002594501860523  0.00002711376848990
  0.00002821390663510  0.00002914705644630  0.00003005657798173  0.00003077634361168
  0.00003200460877610  0.00003310541112284  0.00003327872355015  0.00003329898270781
  0.00003331610382917  0.00003332563131408  0.00003333369346235  0.00003334175561063
  0.00003334981775890  0.00003335824575392  0.00003336787640005  0.00003337750704618
  0.00003338713769231  0.00003339676833844  0.00003340869448041  0.00003342197813375
  0.00003343526178708  0.00003344854544042  0.00003369900332173  0.00003435505310592
  0.00003468160374814  0.00003506064679356  0.00003533574339657  0.00003552111655284
  0.00003560277695495  0.00003566669806237  0.00003572569608258  0.00003577970826139
  0.00003583880510213  0.00003591061410205  0.00003601967704374  0.00003631462653032
  0.00004629097440258  0.00006092435091638  0.00006269462327947  0.00006446489564255
  0.00006623516800564  0.00006760894324889  0.00006880826094184  0.00007000757863480
  0.00007103763595856  0.00007166457496797  0.00007229151397737  0.00007291845298677
  0.00007481916080936  0.00007677665163336  0.00007866845850620  0.00008069581404425
  0.00008279957804617  0.00008471920593739  0.00008664700715710  0.00008928427119481
  0.00009217641342754  0.00009415927057454  0.00009641751859296  0.00009920972270617
  0.00010844325427529  0.00011306219750369  0.00011652914948144  0.00011933552834895
  0.00012406296055141  0.00013397878755850  0.00014539872031762  0.00016124942256477
  0.00018239378565138  0.00022342082689768  0.00026568095590521  0.00030274155337712
  0.00037895867584953  0.00055077424985503  0.00093685462785501  0.00142303306008484
  0.00154660881770146  0.00168406233581341  0.00187655441931050  0.00207128782113978
  0.00226976634362831  0.00290831432514975  0.50722512228489325  1.00000000000000000
 -0.00001450080151993  0.00013201041347069  0.00024897126561688  0.00025965130452038
  0.00027033134342388  0.00028101138232737  0.00029169142123087  0.00030048998677175
  0.00030868876655446  0.00031688754633717  0.00032508632611988  0.00033364947867637
  0.00034254996760336  0.00035145045653036  0.00036035094545736  0.00039176017989974
  0.00051329235989761  0.00056489630743773  0.00058303142701153  0.00059468649974042
  0.00060709176428458  0.00062677421855737  0.00067666126082918  0.00070227472240557
  0.00071608436058890  0.00072876867227381  0.00074266233835906  0.00075558175917699
  0.00077722085710651  0.00082927307073878  0.00088372179156040  0.00098522017242911
  0.00108424331262723  0.00124187893103701  0.00142223483227540  0.00186379093339750
  0.00227656213491788  0.00264295937166003  0.00279578040714539  0.00290605291941692
  0.00302207017670631  0.00312338200394518  0.00322915508889329  0.00328768989878224
  0.00333382018625766  0.00337541157536884  0.00340396880058977  0.00343796065086848
  0.00352559341411045  0.00356576089903914  0.00362515727030462  0.00368960846743484
  0.00374089628966469  0.00381144792160947  0.00390329100362638  0.00393562709671229
  0.00394734764402062  0.00395906819132895  0.00397273385059936  0.00398816015676277
  0.00400358646292618  0.00402181613875457  0.00404579555312282  0.00406977496749108
  0.00410010041283775  0.00418305844951458  0.00427067324728857  0.00437089741421204
  0.00459820096620829  0.00468709471437858  0.00474880149276832  0.00481832161039098
  0.00491728030680486  0.00515512047842054  0.00532285644024712  0.00540955684217897
  0.00558519943258155  0.00580072537012366  0.00609684058939030  0.00638766519258422
  0.00660858083509293  0.00675936087470126  0.00686934759805234  0.00698930798223624
  0.00711687758310996  0.00723732821528635  0.00735215992229917  0.00748990565760399
  0.00767465155799048  0.00785931240727122  0.00812285999666558  0.00876234363412895
  0.00984709553733686  0.01108116931848503  0.01262754730305807  1.00000000000000000
 -0.00000012918244256  0.00000069881370440  0.00000079864855303  0.00000094602528667
  0.00000119222774230  0.00000128463871385  0.00000177874668528  0.00000295574691785
  0.00000412452595133  0.00000528612627025  0.00000649311975438  0.00000812665091331
  0.00000978434966482  0.00001129408510185  0.00001256124698294  0.00001428852868316
  0.00001693658821357  0.00001953666934323  0.00002074136868184  0.00002136557129489
  0.00002197939418466  0.00002255234910063  0.00002313841348409  0.00002384096615139
  0.00002455642219367  0.00002649191442829  0.00002854800249341  0.00003559457440844
  0.00004432176040490  0.00004562114964934  0.00004692053889378  0.00004821992813823
  0.00004908476001922  0.00004965678135363  0.00005022880268804  0.00005080082402245
  0.00005093649482824  0.00005104612565271  0.00005115575647719  0.00005126538730166
  0.00005137501812613  0.00005153476938073  0.00005174819713251  0.00005196162488430
  0.00005217505263609  0.00005241155474185  0.00005266629857179  0.00005292104240173
  0.00005317578623167  0.00005363186889731  0.00005420367735210  0.00005477723289900
  0.00005535262552823  0.00005591430214836  0.00005644954528061  0.00005777089653439
  0.00006010744801154  0.00006115675497863  0.00006184828664251  0.00006218280813685
  0.00006263482240086  0.00006290208991981  0.00006314654215776  0.00006331940014671
  0.00006349518692323  0.00006367494927971  0.00006386393769717  0.00006499758255354
  0.00006679839367954  0.00006775511909714  0.00006790198946442  0.00006799381945948
  0.00006809388949973  0.00006821619429869  0.00006833645571038  0.00006859586047644
  0.00006950546793743  0.00007041096515763  0.00007274430244123  0.00007637520313226
  0.00008091615140585  0.00008750606580615  0.00009337816790837  0.00011119449500814
  0.00013157677227192  0.00015279000328551  0.00017783980750852  0.00021816054697379
  0.00025677462246576  0.00030065841923918  0.00035248463721479  0.00039089837633894
  0.00047127884341598  0.00136628603620782  0.65848761927358257  1.00000000000000000
 -0.00018704575850076  0.00356677562650656  0.00912161185969510  0.01073713131197720
  0.01235265076425930  0.01391440936624175  0.01520170069530744  0.01648899202437313
  0.01763596943049376  0.01818510991722307  0.01873425040395238  0.01931386738027127
  0.01998245782210825  0.02020778750461787  0.02043428057415703  0.02066247065765999
  0.02095667214301796  0.02131879381877564  0.02189668629241141  0.02221614764001779
  0.02248993854075954  0.02261164746914152  0.02269795056685622  0.02271684700343017
  0.02275020523004721  0.02278354076851888  0.02280934238404799  0.02283229224959502
  0.02288195682114603  0.02292285845103223  0.02296405696103325  0.02299435009731122
  0.02310195204777800  0.02327670052250358  0.02334040908968606  0.02340411765686854
  0.02346782622405102  0.02353153479123350  0.02355285157365916  0.02357023912294668
  0.02358762667223419  0.02360501422152170  0.02361974367534548  0.02363277845932856
  0.02364581324331165  0.02365884802729473  0.02368602787690855  0.02374345978118814
  0.02380344075194646  0.02385958227924711  0.02402510605800562  0.02448824975288175
  0.02477466355941500  0.02481301139432245  0.02484713399776794  0.02488610056665833
  0.02492960246515009  0.02497656104199893  0.02502500805675655  0.02505627826682146
  0.02520993508106682  0.02530735460376479  0.02539218676753715  0.02546528486840872
  0.02551116513961840  0.02555916440918609  0.02567423489172655  0.02578727836313894
  0.02580241624327837  0.02581802373746110  0.02587120378668737  0.02591758501947867
  0.02595173754940917  0.02598326278952184  0.02601984878291316  0.02604548362622533
  0.02607127306891649  0.02610666041292070  0.02615686884234064  0.02622523282446041
  0.02635501371512252  0.02644197249457556  0.02648267585412351  0.02652632721054545
  0.02658022292427346  0.02663452410451276  0.02669796468432014  0.02676140526412752
  0.02683072822882458  0.02689713092878596  0.02695304891944399  0.02701072735941526
  0.02707420744136021  0.02748071699364352  0.03486843605758254  1.00000000000000000
 -0.00019169401834091  0.00903518251219818  0.01996161570049582  0.02416844862856262
  0.02528092866384886  0.02572199247465221  0.02585630968655673  0.02593264535058563
  0.02600898101461453  0.02608531667864343  0.02615898091926963  0.02623009851340835
  0.02630121610754708  0.02637233370168580  0.02644372932613236  0.02651637321288607
  0.02658901709963977  0.02666166098639348  0.02673430487314718  0.02732781891145348
  0.03021348841228235  0.03027454285987481  0.03032348774622858  0.03035498908598054
  0.03038292369389832  0.03040995596718561  0.03043727514307875  0.03048046581116434
  0.03052195910912046  0.03057048207936576  0.03061569418695424  0.03066430401705395
  0.03073048408409343  0.03083319987505333  0.03089958606411264  0.03093608127338233
  0.03095594730929271  0.03097845991385852  0.03100042420733322  0.03102256534635459
  0.03105556167879688  0.03109425511452082  0.03113114343989498  0.03117715657481512
  0.03124761145160580  0.03131835493249928  0.03138917161071533  0.03147568423394387
  0.03161897772602997  0.03168084307888831  0.03173495746317558  0.03178913203701438
  0.03184317867357744  0.03189708353050490  0.03195437769919338  0.03202376926907861
  0.03209319489411623  0.03216267412531722  0.03229891765703111  0.03250109597719536
  0.03279016356226539  0.03303493780907366  0.03325596779342761  0.03347834378733206
  0.03391720911152632  0.03446263308386806  0.03504269742216216  0.03563131102271049
  0.03627505400627140  0.03701737790678999  0.04032439738904919  0.04579631248687309
  0.04717392328857314  0.04806025092871760  0.04884605832694475  0.04925716118575266
  0.04936808099920532  0.04947900081265799  0.04958992062611066  0.04970084043956333
  0.04985432107785342  0.05001387424788229  0.05017342741791117  0.05033298058794004
  0.05050845881108926  0.05106920419030545  0.05162994956952163  0.05219069494873781
  0.05275144032795399  0.05387459194856118  0.05644256667914380  0.05803606316664500
  0.05890865160327454  0.06241061113390615  0.06322516828026753  1.00000000000000000
 -0.00008563702944668  0.00248662318137872  0.00997872065722503  0.02860141038806505
  0.04793744490407882  0.05597704523746256  0.06596576306944260  0.07495664473437963
  0.08193213241001558  0.08858207650067400  0.09636888982459010  0.10085392877787810
  0.10366991044777109  0.10682053097114731  0.11053840301626829  0.11462618745480385
  0.11855343728559538  0.12578036192432254  0.13096765623414450  0.13555323343123607
  0.14030101903924294  0.14632267807813309  0.15675240990153771  0.17628893553352110
  0.18454331728508527  0.19003372279059158  0.19959935902947393  0.20847285316371542
  0.21122017547180127  0.21348731422676898  0.21641357227632554  0.22841664921870752
  0.23931128440386590  0.25115462415425271  0.26711173273998967  0.28267852125329657
  0.29402563029283585  0.31221306741709198  0.31964783994126278  0.33403852292572245
  0.34889458323540967  0.36129177011088132  0.37271310862842200  0.38537443151429640
  0.39921324649628526  0.41350759187728708  0.43067216354074750  0.44930720402266411
  0.46838296254387890  0.48661247811664737  0.50429838092506551  0.51337476315393638
  0.51728316353122417  0.52119156390851185  0.52509996428579953  0.52895158945111287
  0.53277713823924788  0.53660268702738290  0.54042823581551802  0.54425379652736761
  0.54807936337329333  0.55190493021921894  0.55573049706514466  0.56137725050770582
  0.56806914765213212  0.58440034452018597  0.60862576414342195  0.62350571434353108
  0.63591623423942900  0.64859472133733276  0.66096630124916500  0.67227831501213176
  0.68130465075102542  0.69031382305776012  0.69932372748765426  0.70950179217056630
  0.72072667506473553  0.74934487348699008  0.76298299491109245  0.77665938915146460
  0.79051127784618214  0.80872988674464452  0.83984272548551619  0.86589291143703040
  0.88139697863796174  0.89690104583889319  0.91240511303982452  0.92539333833691872
  0.93600011279010631  0.94660688724329389  0.95721366169648148  0.96629779941224214
  0.97472334955918161  0.98314889970612096  0.99157444985306042  1.00000000000000000
 -0.00213998171083570  0.00878807152996561  0.01961996476952901  0.03290593216514454
  0.03637797986514180  0.03986651657828551  0.04338004776781806  0.04689604400155038
  0.05041359847307963  0.06623186354779176  0.07751140949812833  0.08382758876541989
  0.08434040975121126  0.08512366517680237  0.08686487842148542  0.08912348587934132
  0.09161546465920049  0.09546406445864677  0.10011664528379280  0.10421337332024302
  0.10767966343727264  0.11152016275566877  0.11585146852804398  0.11937575513565246
  0.12388729920181368  0.13635776353010121  0.15783126618978896  0.18926703692895941
  0.22362743146294176  0.24381706091274624  0.25966617712513690  0.26797180708092011
  0.27628938228035654  0.28461737529368719  0.29295009257882215  0.30233402873648663
  0.31384127397152367  0.32951637264874983  0.35247390458288669  0.35712852627079605
  0.36110741637643934  0.36811609109620064  0.38354274055192566  0.39702530222747207
  0.41420828377343971  0.42693266222550980  0.43956611934277046  0.45409739715613062
  0.46478828928996108  0.46881360788233728  0.47200744123954369  0.47480789318178351
  0.47749192257468759  0.48030280799737834  0.50349028149010777  0.52747702621558135
  0.54316576269909411  0.56465991480330402  0.60691905140116675  0.64200056666651129
  0.69435060956574601  0.70500882283807964  0.70716965253049979  0.70933048222292006
  0.71149131191534032  0.71365275816300344  0.71581489080593530  0.71797702344886716
  0.72013915609179913  0.72226785569855212  0.72437593435003900  0.72648401300152599
  0.72859209165301297  0.73263444627694174  0.73912536808523022  0.74561137322923443
  0.75209441009843025  0.76752020745131577  0.78801865430013063  0.81110981830986084
  0.81571334177599331  0.82031686524212566  0.82492038870825812  0.82973353305288888
  0.83464105077768291  0.83954856850247706  0.84452435963872508  0.84978174257039130
  0.85503912550205752  0.86029650843372374  0.87286556947235405  0.89011821386156176
  0.91176315937623420  0.94098966723797728  0.96668026891268166  1.00000000000000000
 -0.01892494226621327  0.08049923291265500  0.10026413604223211  0.11925696281455266
  0.13207451678242424  0.14489207075029581  0.16087158093574477  0.17708122828365974
  0.20858231766028826  0.23127650686764922  0.24570869665023082  0.25744291272526815
  0.26187509811345583  0.26253739260403763  0.26355842523005268  0.26487592732063747
  0.26584531281208168  0.26675463744381495  0.26936967083957136  0.27205792431115244
  0.27469944206601393  0.27719115073370121  0.27945512793390465  0.28203135990087602
  0.28567625294607696  0.30366784611790243  0.32383223764049351  0.33071124609111247
  0.33465491511700118  0.33978988691452616  0.35287532929255433  0.36319095267053125
  0.36440520888565070  0.36599248201683754  0.36793070961438346  0.37016901818277953
  0.37136476304672089  0.37262533941893106  0.37411040657828287  0.37677683216535424
  0.37955219096546267  0.38155200602306139  0.38359146199390215  0.39046898173275024
  0.40660275471212837  0.43629960028588238  0.46291395020061793  0.48789144804569828
  0.53952677832571638  0.58380337977492602  0.59322398654463360  0.59745870042617866
  0.60390067805775738  0.61170247869835837  0.61695071554094127  0.61952607226205914
  0.62284880110612795  0.63074356869604364  0.64595621893765809  0.66099777281515504
  0.66630464490082397  0.67161151698649291  0.67691838907216184  0.68177027740242679
  0.68473704851353956  0.68770381962465221  0.69067059073576498  0.69356452150998937
  0.69547867582115575  0.69739283013232212  0.69930698444348849  0.70122113875465486
  0.70313529306582112  0.70504944737698749  0.70984277808032137  0.71505234716555899
  0.72026191625079661  0.72547148533603423  0.72939282182371690  0.73203851001252040
  0.73468419820132391  0.73732988639012742  0.74163676854660365  0.75761505950877317
  0.77840326300644713  0.78473428005049684  0.79020994265616962  0.79583228737506906
  0.80805396105725780  0.82077769604873063  0.83978093658545938  0.88882210169030085
  0.90502680850879813  0.92079060457376027  0.94940189822017673  1.00000000000000000
 -0.00738016521515038  0.06160954637783884  0.09311186036907391  0.10893729748534373
  0.11827137562737410  0.12414699352503410  0.12689921693127737  0.13764642806162927
  0.15928876162917427  0.17123066212150129  0.18175738305825453  0.19172010673011591
  0.19861742071078639  0.20673504441021801  0.22599221135880418  0.26851623594170182
  0.30094835670159303  0.31255903518291939  0.32126027234165511  0.33467194490129060
  0.35181421842514382  0.35581294970582122  0.35827174325854477  0.35975414938749684
  0.36146150507462993  0.36625588955332988  0.37452024678483159  0.37869983731212509
  0.38169869774303444  0.38798955909028526  0.39638646779631276  0.40815714413792059
  0.43176207401208877  0.45550694875135928  0.46314085740736360  0.46544612727235934
  0.46775139713735508  0.47005666700235083  0.47282388381146107  0.47576082321330160
  0.47869776261514213  0.48165915220442118  0.48649955693867197  0.49133996167292282
  0.49618036640717367  0.50469298796324236  0.52563155632810299  0.53681427287448946
  0.54395907875611416  0.54846519552859507  0.55236280944915905  0.56158862686235167
  0.56767606138197402  0.57301834051167655  0.57862273343911985  0.58424158901568779
  0.58988907580670547  0.60229658292270716  0.61346279271396065  0.62106965404033998
  0.63140484622020909  0.66216900026705028  0.67951215154577593  0.68965641669106326
  0.69285192174699861  0.69422987850275919  0.69955417940707099  0.70653520650863733
  0.71031760701850521  0.71408893670876394  0.71937189551672287  0.72283408816151173
  0.73120777984054064  0.74067392924462305  0.75157961427398412  0.76672520012941048
  0.77951203592431406  0.78848773479838963  0.79746343367246508  0.80964651850068603
  0.82257953699939190  0.84828765713372634  0.87824370479475411  0.91083416908845016
  0.91970495797122709  0.92674616172684376  0.93378736548246033  0.93978918059381944
  0.94431511704103233  0.94884105348824510  0.95336698993545799  0.95784876801935048
  0.96232541958629547  0.96680207115324035  0.97797724313255940  1.00000000000000000
 -0.01278918061549422  0.03256849065965526  0.06955787009930423  0.10141302545520328
  0.13189951465633842  0.14983824349314631  0.15758378873290746  0.16338904692978404
  0.17196115763341679  0.17367873740336853  0.17585124435050145  0.17855761417052987
  0.18030302682064553  0.18178322537091887  0.18331443720549187  0.18593152524763004
  0.19389393372048694  0.19767293128913779  0.20019031536862641  0.20173117171522517
  0.20335835009960412  0.20524501642244453  0.20715153698364008  0.21204155599172919
  0.22397396637703748  0.23344884164081611  0.24458427157323648  0.26443049680773928
  0.28621676411773955  0.31599061807190953  0.32937186562689924  0.34053687452273051
  0.35170188341856173  0.36288320547892233  0.37499720657779823  0.38711120767667417
  0.39922520877555012  0.41062708293886979  0.41888225672045881  0.42713743050204783
  0.43539260428363685  0.44851291288747280  0.46909562505427910  0.48027740367551863
  0.48379956709327426  0.48732173051102995  0.49084297574045954  0.49418243463918421
  0.49752189353790888  0.50086135243663354  0.50620826135759311  0.51393707288285051
  0.52166588440810790  0.52939469593336530  0.58353554095601878  0.63092718286492266
  0.63959856982688945  0.64803565535641194  0.65579292151143287  0.66355018766645379
  0.67097608879389603  0.67813270568041362  0.68528932256693131  0.69033865867893196
  0.69498028689184710  0.69962191510476224  0.70570738123100729  0.71193539574084097
  0.71856249969690622  0.72546045720164165  0.73260424210992892  0.74068548987050831
  0.74897764726741911  0.75687060231818570  0.76526542508918682  0.76795502423103179
  0.77019507082212901  0.77186677376738155  0.77364591975183350  0.77484330116571409
  0.77776157450273109  0.77974729721744651  0.78192857476615363  0.78419632797381300
  0.78590563248811041  0.78643981689313047  0.78719911272344034  0.78825623478614626
  0.79276405511366488  0.80495053641760295  0.84205814434149207  0.86641144771272016
  0.89185084784309132  0.91612954353794263  0.94457577305380291  1.00000000000000000
 -0.00388047782956860  0.02091515443214439  0.04059854120351775  0.05680275763239591
  0.07330950532803823  0.08135479965437559  0.08893116652753150  0.09510671828729683
  0.09975817573919367  0.10348164990863597  0.10927232200592409  0.11976489395201990
  0.12776777747916424  0.13520809751082719  0.14357673408929578  0.16076986178809047
  0.16905238895044472  0.17733491611279897  0.18236537653580209  0.18683992704666580
  0.19023619893749374  0.19296465293992546  0.19681422679836880  0.20674747036980937
  0.21618123930519997  0.22553283699670340  0.24040667502211796  0.26642171170412349
  0.27803628935406666  0.28189237159615632  0.28944103607336535  0.30407321723985598
  0.31600928951460816  0.31771215595045382  0.31868319017002028  0.31932911987918777
  0.31997504958835526  0.32061964201744642  0.32107200958932242  0.32152437716119847
  0.32197674473307447  0.32236786281184693  0.32263941621241538  0.32291096961298388
  0.32318252301355233  0.32387792149774564  0.32474309843019805  0.32574449947833933
  0.33806405926586375  0.38049441668776096  0.38546160344000646  0.39040137269411895
  0.39256477119338273  0.39384809010192845  0.39471170235205733  0.39759155992594730
  0.40138031241500693  0.40258981113090919  0.40361593547533597  0.40464205981976276
  0.40575256078748695  0.41069750971013758  0.41564245863278815  0.42058740755543877
  0.42647671854069424  0.43766762597471209  0.44885853340872989  0.46004944084274774
  0.47124034827676553  0.49272755332959745  0.51491658615950853  0.54076680412720823
  0.57874013679035397  0.63655381570505831  0.66785162721230951  0.68921795036654454
  0.71614652705008430  0.74555622184072123  0.77624087289519972  0.79348905923517343
  0.81101848993837555  0.82669610341330546  0.84043983653054788  0.84969856553302769
  0.85902881256770081  0.86844395583183276  0.87208468426464258  0.87520700181899058
  0.87815787028614423  0.88147671584753107  0.88875964403573759  0.89679910770324600
  0.91140520612477371  0.93366942568475053  0.96387925040867140  1.00000000000000000
 -0.01216780772317980  0.00543825501068086  0.01939968821249844  0.03336112141431602
  0.04732255461613360  0.05931371031424196  0.07010180216299221  0.08088989401174244
  0.09159066930029747  0.10058369286367441  0.10957671642705134  0.11856973999042827
  0.15305471073420690  0.17729439860429952  0.18542243695891081  0.19355047531352212
  0.20167851366813344  0.20882752544770739  0.21569067126543245  0.22255381708315750
  0.22941696290088257  0.23641356300884281  0.24343238605150413  0.25045120909416546
  0.25747003213682673  0.28921221683159104  0.32501083807988940  0.34964093163470217
  0.37751642942799829  0.43673674295807752  0.50226063457621428  0.53953448466118137
  0.55827581302647988  0.56917578876102237  0.57606584031782870  0.58237201571937025
  0.58867819112091180  0.59803749541971130  0.60819737869436941  0.61430946993501767
  0.61749095967671130  0.62683001975774932  0.63440869539335121  0.64172846015263574
  0.65356265540793468  0.66198257164339791  0.67702433422447583  0.68749953648542528
  0.69596939781946854  0.70167718941688706  0.70605931697731439  0.71027231234312560
  0.71443005514420288  0.72400614204732128  0.73371444993558932  0.74453135498296807
  0.76796143354056590  0.78078944198544797  0.79059950626625086  0.79592129285926827
  0.79979398667083357  0.80261093072012679  0.80533395870210156  0.80822294308858922
  0.81335842415793125  0.82289594627486773  0.83139219005241527  0.83762316417990512
  0.84363500967996641  0.85081567019383098  0.86156082049386518  0.87531639568452058
  0.88969392995949448  0.90553335591740591  0.93102142079701022  0.93872909290705642
  0.94201475523840961  0.94303192763448851  0.94530686695290911  0.94919547161616957
  0.95282885563162456  0.95629488480702252  0.96221918399822193  0.96573646291439874
  0.97001173031146215  0.97356494172484576  0.97489231830482825  0.97626671003642096
  0.97774302822282744  0.97954634245003935  0.98804048050097870  0.99367679177143797
  0.99726431495945678  0.99852326456026497  0.99910465336021281  1.00000000000000000
 -0.00243471513283611  0.02278594109382013  0.03136954459413244  0.03645094887227390
  0.03775210089759583  0.03890205645565895  0.04005201201372208  0.04120256463611638
  0.04235492712012377  0.04350728960413117  0.04465965208813856  0.04603033734455717
  0.04758364169537111  0.04913694604618506  0.05069025039699900  0.06306290494920422
  0.07711204575009252  0.09113732236317222  0.10024692090802405  0.10775725130152267
  0.11334614005439177  0.12155629509459114  0.13415789947681614  0.14733240197403435
  0.16111591482740936  0.16797297448284723  0.17327002740985153  0.17856708033685584
  0.18386413326386017  0.18719325955971802  0.18950141509983412  0.19180957063995022
  0.19411772618006629  0.19619233871910791  0.19804439454112874  0.19989645036314954
  0.20174850618517037  0.20983048657799494  0.21437943945726623  0.21833710361500733
  0.22242769155315414  0.22395418999991668  0.22555536415276947  0.22750234535610447
  0.23442659135324359  0.23798236788563595  0.24055965859270850  0.24311025571999442
  0.24592394040954704  0.25393863830621793  0.26591367241930908  0.27170904805937146
  0.27764839029193966  0.28722591725913710  0.29642872289037464  0.30484168903794512
  0.31189107476436745  0.31917037401873166  0.34439024113661204  0.38843242736810635
  0.42807824741166578  0.46122302297979706  0.47244288211018098  0.48155661582775400
  0.48949294983755925  0.49712673157117770  0.50159045165109351  0.50341752145075869
  0.50569222728942265  0.50930134465600152  0.51577511380836139  0.52126181566141572
  0.52955693794286474  0.54626591687438419  0.56569780301380035  0.58348636339073956
  0.60036023386307336  0.61674639634633699  0.63350660442155493  0.64971824824477331
  0.67071893920831094  0.69361110441134022  0.72609062062016771  0.76013565033867270
  0.82410916179035987  0.86457208268203911  0.88584354452796621  0.89512836028279363
  0.90440175168617287  0.91991635670159522  0.92445397584421074  0.93120250414617944
  0.93927614657389313  0.95261277070223194  0.96729682077847068  1.00000000000000000
 -0.01138794159578660  0.05108627206569982  0.06568921734139775  0.07606158940837618
  0.07965751693280607  0.08452941425324872  0.08782310485501392  0.08915473881295088
  0.08977949636794380  0.09039695523865815  0.09096806171974470  0.09215968793437886
  0.09412695975149389  0.09477872079229835  0.09506545527263491  0.09589307834776346
  0.10124983304871796  0.10664931180464543  0.11067325726785514  0.11469720273106483
  0.11872114819427454  0.12310371249132698  0.12751275452921471  0.13192179656710243
  0.13633083860499015  0.14178590852128406  0.14729172663915141  0.15279754475701876
  0.15830336287488611  0.17590705258993833  0.19460695797346408  0.20477554195869976
  0.21216790276111924  0.21895635302032898  0.22739605112541320  0.23500816690702017
  0.23831949854014461  0.24220583716880945  0.24554705540292529  0.25097885826067667
  0.25780186605422456  0.26238402021937174  0.26601304352563854  0.27232628132000536
  0.29957342742599113  0.31966662119480288  0.33127002467108718  0.34106277199228346
  0.35193158247728901  0.36879553455117275  0.38793983382903463  0.40766907949052711
  0.42733600986545051  0.44663820447747893  0.46515087668468491  0.48202187505061789
  0.51481491850256633  0.55359585268155387  0.58298636325298459  0.58673306181730545
  0.59052555561230458  0.59488009251470053  0.60156070297371222  0.60564281240446882
  0.60937712899524477  0.61244005792562251  0.61538190879907639  0.61928484356413671
  0.62108317623243992  0.62279801150078706  0.62451284676913410  0.62622768203748125
  0.62879772173882376  0.63169791956268273  0.63459811738654159  0.63749831521040057
  0.64005705269298396  0.64224125897026429  0.64442546524754452  0.64660967152482485
  0.65348383770809138  0.68857188756322296  0.73096125017922531  0.74666557586801052
  0.75182848237561484  0.75822201254665478  0.76704614810664673  0.76985584388734041
  0.77315409561957815  0.77823105772077372  0.78351979031567132  0.78915482754895727
  0.79871282785577102  0.81972047769238210  0.89764467712494567  1.00000000000000000
 -0.03188863660078382 -0.00817958986363634  0.01317408648084981  0.03452776282533597
  0.05588143916982213  0.07723511551430830  0.09858879185879446  0.11994246820328061
  0.13410665668315205  0.14094378653269213  0.14778091638223223  0.15461804623177230
  0.16145517608131238  0.16829230593085248  0.17600211125375625  0.18431768939935445
  0.19263326754495266  0.20094884569055085  0.21265949570480239  0.22421442028406732
  0.23275952598286390  0.23959666531657725  0.24502459998526596  0.24816070988069355
  0.25109630077120648  0.25340551177343101  0.25631111227586295  0.26215640575464311
  0.26660634059692034  0.27007852250397729  0.27333558385972562  0.27677863365029354
  0.28079207128892436  0.28562978722475157  0.30082867738742802  0.31503529492429627
  0.32733028208628456  0.34055185182001879  0.35515449113327269  0.36855947606981621
  0.37901666527971084  0.38983486055104521  0.40095694983758251  0.40929459601298268
  0.41730341659939052  0.42735114775945904  0.44496004500100400  0.47224947522738581
  0.48937279636897019  0.49753361822010711  0.51625297373925394  0.52976296494354591
  0.53961596635420606  0.58472981688857173  0.61343508302037886  0.62723958113732403
  0.63824883630432028  0.65245544545814527  0.65960718181844658  0.66176037330014137
  0.66367456698713734  0.66625538352780245  0.66956597996582312  0.67938557184424975
  0.69966493520251227  0.72976113819218635  0.74204242104019702  0.74884682541240233
  0.75469187583340069  0.76026070340132224  0.76916580982538085  0.78430426494039618
  0.79978205372523159  0.81554002296824757  0.83580788878120726  0.85533483362327922
  0.86067686268788823  0.86259296855968126  0.86472470517672528  0.86662712901556793
  0.86845411039176568  0.87043284824344136  0.87247483486112498  0.87566473636434017
  0.87931369637915968  0.88592508304572370  0.89016687403158501  0.89351244669240759
  0.89601063889884758  0.89763395450734895  0.89942752332267462  0.90102640676785883
  0.90331863571805648  0.91183070007752964  0.94765467210818999  1.00000000000000000
 -0.02482510307857008  0.05933193244078869  0.12399313137541716  0.16406783223388804
  0.18188382309606946  0.19343478880456877  0.20488896752756994  0.21017291193203419
  0.21182776119712790  0.21344523708727522  0.21515134705835978  0.21749596572963953
  0.22100451803339993  0.22352310354927929  0.22492941912576750  0.22544448427028307
  0.22595315629604346  0.22700720330963961  0.22801531617465454  0.22901827917675729
  0.23023835126114747  0.23807705412426899  0.24102814891231003  0.24272534808569787
  0.24386901864217511  0.24489069586914811  0.24577169995271403  0.24662349391457880
  0.25228862352920300  0.26816273926384998  0.29913005614456600  0.30243962244848294
  0.30341270230403211  0.30438578215958123  0.30535886201513035  0.30654979996397547
  0.30806575592822327  0.30958171189247108  0.31109766785671888  0.31260969437131148
  0.31411606549191917  0.31562243661252687  0.31712880773313457  0.32299416997280594
  0.33961152358122854  0.34680918836841157  0.34817644236870843  0.34871702059191728
  0.34935779980097181  0.35023185098957715  0.35399699811388213  0.35688063242052059
  0.36108950128215223  0.37381058562998415  0.38772347770623572  0.41698010731850610
  0.45924517782790780  0.51937694491024256  0.57732191794430443  0.61603621275956721
  0.63913833701047862  0.64870309742146037  0.65759209045979161  0.66533994410549913
  0.67108328048601495  0.67551985395663861  0.67905176487525853  0.68088970880853006
  0.68325273608716863  0.68591665901585441  0.68774813859111883  0.68953244460868846
  0.69168804446223053  0.69353524359149976  0.69686741735643420  0.70338199231307863
  0.71004514038200961  0.71882639792505487  0.74137618386064552  0.76778356391225855
  0.79826504043462310  0.82434307630523707  0.83803140511475582  0.84869891944655429
  0.86001612942619865  0.87432122710163751  0.89910258411235056  0.90848646689350288
  0.91488269546483725  0.92127892403617173  0.92767515260750610  0.94158574490514513
  0.95618930867885898  0.97079287245257284  0.98539643622628670  1.00000000000000000
 -0.00770640844272048  0.03479926536708090  0.05232652350843911  0.06167561526052179
  0.06807176278345281  0.07435311911737988  0.11674899123139980  0.18011271610660837
  0.21493462388293466  0.23178811850381925  0.25536506626634808  0.29197346322027162
  0.35311731153031378  0.41536890717947506  0.45272582572160291  0.48051743943073238
  0.49276951945705322  0.49650221726371768  0.50023491507038209  0.50396761287704661
  0.50671792314975594  0.50928691533271531  0.51185590751567467  0.51442860957591752
  0.51703795775168881  0.51964730592746022  0.52225665410323163  0.52491866682841626
  0.52967459786811222  0.53443052890780818  0.53938988434110069  0.54457211121714910
  0.54975433809319740  0.55433997978243876  0.55888148838047047  0.56756479686058214
  0.57633739627847513  0.59972542943041118  0.61196710093214302  0.61899011242317603
  0.62161898713067820  0.62369500862617244  0.62463146751415544  0.62551310511866476
  0.62632166533277156  0.62723690125563414  0.63026956819886415  0.64187615711342205
  0.65931567576702499  0.67277701167426751  0.67986982230401760  0.68353899210310953
  0.69946481102963531  0.71574179185053999  0.72764037208412968  0.73223143031949622
  0.73682248855486288  0.74141354679022953  0.74598025925968148  0.75053152616666974
  0.75508279307365800  0.75963405998064626  0.76358558002402965  0.76739446788148280
  0.77120335573893584  0.77502262966777025  0.77986200143458539  0.78508740516161157
  0.79030332105702406  0.79569698766492314  0.80174938212117142  0.80807849550655164
  0.84677665739148023  0.90014936487815300  0.93198555178702203  0.94010634660120029
  0.94360051356840979  0.94553391245047080  0.94695726892827581  0.94765430957963659
  0.94959143657093426  0.95180625498041116  0.95342234038224882  0.95459887602960092
  0.95548468123660868  0.95622125551127535  0.95909167554730013  0.96281209373909815
  0.96701768353911388  0.97362732581771338  0.97642665684224095  0.97892913456839670
  0.98328877172895635  0.98908990834340849  0.99554089012406521  1.00000000000000000
  0.08681833122227503  0.97800571142089787  0.99445361407478383  0.99644408054404499
  0.99684356987420131  0.99694728688040968  0.99700934671296426  0.99705095780758513
  0.99708813922202677  0.99709629293950708  0.99710454391288272  0.99712131473345766
  0.99717266255466952  0.99719273318731305  0.99720150083019687  0.99721026847308070
  0.99721903611596452  0.99722783676868298  0.99723664870615414  0.99724546064362529
  0.99725427258109645  0.99726239524888527  0.99727018983276372  0.99727798441664228
  0.99728577900052084  0.99731221397742675  0.99734524016756154  0.99737543140673679
  0.99742470383272519  0.99750282552997493  0.99757843139992353  0.99763380198769869
  0.99766816605634212  0.99769803470507312  0.99771909406479720  0.99773708818638784
  0.99775241547624482  0.99777133833208520  0.99779956901412525  0.99782769264666960
  0.99785160941033979  0.99787574239786159  0.99792493154899198  0.99796013070682332
  0.99799075497051382  0.99802570281143399  0.99806659298528566  0.99811616068273534
  0.99814622415067566  0.99817071493399046  0.99818673499670174  0.99820006570407660
  0.99821309050947704  0.99821897324559539  0.99822423132394544  0.99822862349883112
  0.99823301567371681  0.99823739985439541  0.99824178288247412  0.99824650353550093
  0.99825192993348655  0.99825943627715752  0.99827256183622226  0.99828544431790633
  0.99829903634161921  0.99831768080268402  0.99834263355104136  0.99838590214535072
  0.99845048725765917  0.99853503224134987  0.99861642779558557  0.99868443150877262
  0.99874603182643962  0.99881355012862516  0.99885226579410613  0.99889103374246324
  0.99894160401355458  0.99896373631233926  0.99900716653687005  0.99905828692075460
  0.99910995768654365  0.99917374843653295  0.99927463926799676  0.99939302304751099
  0.99943278393770274  0.99945219133068874  0.99947159872367475  0.99949110478687886
  0.99951285970289694  0.99953461461891513  0.99955636953493321  0.99958294676570214
  0.99961914407674390  0.99965534138778567  0.99969153869882754  1.00000000000000000
 -0.05083488507223187  0.12997004975243273  0.23729348455729560  0.27964505790687433
  0.32394566355832349  0.34141491316608724  0.35919731885167816  0.37434626911789692
  0.39928900018232866  0.40521427556739598  0.41986125322919582  0.43134372610202260
  0.44068711629003327  0.44961474346615288  0.45853464809321548  0.46564567793590322
  0.46984203991359974  0.47403840189129620  0.47823476386899266  0.48235562883751304
  0.48634811514223270  0.49034060144695241  0.49433308775167212  0.49721396196288414
  0.49938658356855764  0.50155920517423103  0.50373182677990458  0.50653763904365612
  0.50936899533387658  0.51289867644139120  0.51776273941813811  0.52396217344425355
  0.52494949135576496  0.52512106689179050  0.52529264242781604  0.52545824031662181
  0.52555414996465433  0.52565005961268696  0.52574596926071948  0.52583949993367995
  0.52592999735152501  0.52602049476936996  0.52611099218721502  0.52687670558831290
  0.52811208556450706  0.53178849129540573  0.53405210331907027  0.53504782850890376
  0.53549104398304614  0.53598950718586935  0.53651668754171289  0.53704392688099423
  0.53757119339914050  0.53876352101646541  0.54024369311174059  0.54210586514300729
  0.55124296358399971  0.55976007910095216  0.56139823819058676  0.56283720531221404
  0.56552559554315107  0.57658316302809498  0.59537785382480690  0.60791145369376032
  0.61721514225092033  0.62993167120133220  0.64446282212667005  0.65708975603420705
  0.66745302470022283  0.68367079901592975  0.69676837111387813  0.70886566190664413
  0.71744494605602205  0.72279725415689622  0.72888023503014665  0.73180272890759501
  0.73431699840225939  0.74060489801604490  0.74678476110136505  0.74885087913662263
  0.75087556250138443  0.75269788245875324  0.75434194172993618  0.75551893072386678
  0.75672247162283579  0.75803064033729983  0.75936229351663664  0.76084657445638748
  0.76507881930307031  0.77152374312645045  0.77681074235088510  0.78257669704978794
  0.79149532443230097  0.80248391817015463  0.83550239245210178  1.00000000000000000
   7.5908248562193123E-019  -1.0000000000000000     
 T F F F F F F F F F F F F F F F F F F F T F F F T F F F F F F F F F F F T F F F T F F F F F F F F F F F F F F F F F F F T F F F F F F F F F F F F F F F F F F F F F F F F F F F F F F F F F F F F F F F F F F F F F F F F F F F F F F F F F F F F F F F F F F F F F F F F F F F F F F F F F F F F F F F F F F F F F F F F F F F F F F F F F F F F F F F F F F F F F F F F F F F F F F F F F F F T F F F F F F F F F F F F F F F F F F F T F F F T F F F F F F F F F F F T F F F T F F F F F F F F F F F F F F F F F F F T F F F T F F F F F F F F F F F F F F F F F F F T F F F T F F F F F F F F F F F T F F F T F F F F F F F F F F F F F F F F F F F T F F F F F F F F F F F F F F F F F F F F F F F F F F F F F F F F F F F F F F F F F F F F F F F F F F F F F F F F F F F F F F F F F F F F F F F F F F F F F F F F F F F F F F F F F F F F F F F F F F F F F F F F F F F F F F F F F F F F F F F F F F F F F F F F F F F T F F F F F F F F F F F F F F F F F F F T F F F T F F F F F F F F F F F T F F F T F F F F F F F F F F F F F F F F F F F T F F F
  <DiscreteSampler_grid>
  grouped_processes
  1 # 1 for a reference and 2 for a running grid.
  10 # Attribute 'min_bin_probing_points' of the grid.
  1 # Attribute 'grid_mode' of the grid. 1=='default',2=='initialization'
  0.0000000000000000 # Attribute 'small_contrib_threshold' of the grid.
  0.5000000000000000 # Attribute 'damping_power' of the grid.
 # binID   n_entries weight   weight_sqr   abs_weight
    16   10   2.089612150148204E-025   2.102208419725713E-049   2.089612150148204E-025
    17   10   2.089612150148207E-025   2.102208419725723E-049   2.089612150148207E-025
    19   10   2.652724010148425E-025   3.038358612893962E-049   2.652724010148425E-025
    20   10   2.652724010148428E-025   3.038358612893979E-049   2.652724010148428E-025
    22   10   2.943804719593768E-025   3.914251036177553E-049   2.943804719593768E-025
    23   10   2.943804719593774E-025   3.914251036177578E-049   2.943804719593774E-025
    28   10   5.900137685964448E-026   1.011653294428375E-050   5.900137685964448E-026
    29   10   5.900137685964469E-026   1.011653294428383E-050   5.900137685964469E-026
    31   10   7.773822724612016E-026   1.389170327780286E-050   7.773822724612016E-026
    32   10   7.773822724612029E-026   1.389170327780293E-050   7.773822724612029E-026
    34   10   7.841971497685973E-026   1.407040071816261E-050   7.841971497685973E-026
    35   10   7.841971497685987E-026   1.407040071816269E-050   7.841971497685987E-026
    40   10   2.089612150148203E-025   2.102208419725712E-049   2.089612150148203E-025
    41   10   2.089612150148208E-025   2.102208419725724E-049   2.089612150148208E-025
    43   10   2.652724010148425E-025   3.038358612893963E-049   2.652724010148425E-025
    44   10   2.652724010148428E-025   3.038358612893979E-049   2.652724010148428E-025
    46   10   2.943804719593768E-025   3.914251036177553E-049   2.943804719593768E-025
    47   10   2.943804719593774E-025   3.914251036177578E-049   2.943804719593774E-025
    52   10   5.900137685964445E-026   1.011653294428374E-050   5.900137685964445E-026
    53   10   5.900137685964468E-026   1.011653294428382E-050   5.900137685964468E-026
    55   10   7.773822724612016E-026   1.389170327780287E-050   7.773822724612016E-026
    56   10   7.773822724612033E-026   1.389170327780294E-050   7.773822724612033E-026
    58   10   7.841971497685972E-026   1.407040071816261E-050   7.841971497685972E-026
    59   10   7.841971497685989E-026   1.407040071816270E-050   7.841971497685989E-026
    64   10   2.089612150148203E-025   2.102208419725713E-049   2.089612150148203E-025
    65   10   2.089612150148208E-025   2.102208419725724E-049   2.089612150148208E-025
    67   10   2.652724010148424E-025   3.038358612893965E-049   2.652724010148424E-025
    68   10   2.652724010148431E-025   3.038358612893984E-049   2.652724010148431E-025
    70   10   2.943804719593769E-025   3.914251036177558E-049   2.943804719593769E-025
    71   10   2.943804719593777E-025   3.914251036177589E-049   2.943804719593777E-025
    76   10   2.089612150148204E-025   2.102208419725713E-049   2.089612150148204E-025
    77   10   2.089612150148208E-025   2.102208419725725E-049   2.089612150148208E-025
    79   10   2.652724010148425E-025   3.038358612893966E-049   2.652724010148425E-025
    80   10   2.652724010148430E-025   3.038358612893984E-049   2.652724010148430E-025
    82   10   2.943804719593769E-025   3.914251036177558E-049   2.943804719593769E-025
    83   10   2.943804719593777E-025   3.914251036177586E-049   2.943804719593777E-025
    88   10   5.900137685964436E-026   1.011653294428370E-050   5.900137685964436E-026
    89   10   5.900137685964464E-026   1.011653294428381E-050   5.900137685964464E-026
    91   10   7.773822724612011E-026   1.389170327780286E-050   7.773822724612011E-026
    92   10   7.773822724612034E-026   1.389170327780295E-050   7.773822724612034E-026
    94   10   7.841971497685968E-026   1.407040071816260E-050   7.841971497685968E-026
    95   10   7.841971497685991E-026   1.407040071816271E-050   7.841971497685991E-026
    100   10   5.900137685964436E-026   1.011653294428371E-050   5.900137685964436E-026
    101   10   5.900137685964462E-026   1.011653294428380E-050   5.900137685964462E-026
    103   10   7.773822724612013E-026   1.389170327780286E-050   7.773822724612013E-026
    104   10   7.773822724612032E-026   1.389170327780295E-050   7.773822724612032E-026
    106   10   7.841971497685972E-026   1.407040071816260E-050   7.841971497685972E-026
    107   10   7.841971497685991E-026   1.407040071816271E-050   7.841971497685991E-026
  </DiscreteSampler_grid>
