 -0.00000001368830498  0.00000047851929830  0.00000134800966292  0.00000190330534518
  0.00000247075061233  0.00000290578503746  0.00000345708628934  0.00000511028860882
  0.00000642282924831  0.00000788703376470  0.00001071267387593  0.00001245237689294
  0.00001366560084305  0.00001436034955834  0.00001477970387597  0.00001525592781870
  0.00001569418598154  0.00001596819264973  0.00001621629829579  0.00001656164074863
  0.00001702161134363  0.00001754382736559  0.00001815979484884  0.00001874139557767
  0.00001955117251832  0.00002058762839139  0.00002136082614888  0.00002184667767356
  0.00002224265015625  0.00002255843646171  0.00002281171739156  0.00002305543773844
  0.00002332470458847  0.00002361975424536  0.00002393845426645  0.00002425520290088
  0.00002456617659935  0.00002487803392039  0.00002513378692875  0.00002532532429744
  0.00002550469894729  0.00002569536228815  0.00002585575716517  0.00002606035294893
  0.00002624854184264  0.00002641448654670  0.00002653829453071  0.00002661499128716
  0.00002669168804361  0.00002678772940742  0.00002688685019871  0.00002699585162088
  0.00002714473290692  0.00002729361419296  0.00002744586855255  0.00002761199905496
  0.00002783272451823  0.00002804845980941  0.00002821080104252  0.00002834111690694
  0.00002855492311097  0.00004485851684105  0.00004702045129309  0.00004900375236857
  0.00005028228186421  0.00005149896333889  0.00005278871692920  0.00005412671660880
  0.00005533507392955  0.00005649142308169  0.00005831232693967  0.00006042521197117
  0.00006271329442334  0.00006533271725505  0.00006845536753952  0.00007362258588601
  0.00008105470901930  0.00009005086298471  0.00009680187520479  0.00010356896957738
  0.00011201546486416  0.00012277772098147  0.00015625510882019  0.00020056816030494
  0.00022733418498183  0.00025283818398471  0.00028522116859666  0.00033059941388796
  0.00043638265580615  0.00071313769106793  0.00104061588609643  0.00157767411779039
  0.00244127433128971  0.01289469795889627  0.02495968529085709  1.00000000000000000
  0.02664428995232081  0.03269754814849551  0.03875080634467022  0.04624333973642822
  0.05451566529086563  0.06549023142453400  0.07802317985016205  0.09224510279674157
  0.10720078395658827  0.11899284518719881  0.13077981258389956  0.14661885994918683
  0.16087320409833364  0.17145716451493162  0.18204358004610788  0.19274177596880657
  0.20343997189150526  0.21162627624687130  0.21869902762156979  0.22799595340828169
  0.23845518869318705  0.24654803394075511  0.25358865479958437  0.26204988808756446
  0.27248290001472802  0.28344023672431379  0.29699126178189839  0.31214922958651564
  0.33173176248077618  0.35229586325823009  0.36640092669006985  0.37623372502367242
  0.38723084159728433  0.39473269315041376  0.40136156711000570  0.40702176498416287
  0.41286057013377986  0.42486665865513729  0.44169351758421244  0.45294916508859140
  0.46353565147083792  0.47507243108475256  0.48597044505082149  0.49209131620682744
  0.49917317454879767  0.50546574458369220  0.51291499104079319  0.51993711246813423
  0.52928193858059047  0.53826269134111504  0.54696551611220934  0.56097554423186580
  0.57084764731072535  0.58156796994288129  0.59381323568723554  0.60219535425864057
  0.60681950900796922  0.61173962697187911  0.61780737482184556  0.62392568547750293
  0.62888364025293997  0.63836487213264148  0.64830478868316599  0.65520736066921703
  0.66021525803745940  0.66488453918905044  0.67004599690979483  0.67290947726495165
  0.67546474829973235  0.68491197207036170  0.70711587763680828  0.72946216459560531
  0.74405983134331555  0.75364067417688019  0.76072017548227333  0.76990740807821023
  0.77994322104214631  0.78937697483309177  0.80139978979674698  0.81586285723890184
  0.82532588597418133  0.83220084104849712  0.83772821230878303  0.84349661647403229
  0.85035509389920216  0.85521694772641177  0.86042427960089574  0.86618588655754369
  0.87589509116331454  0.88524786754620421  0.90382822464034418  0.91937022269486612
  0.93419839793126902  0.95281873067577649  0.97304268304285235  1.00000000000000000
  0.02106297696498769  0.02368722897433257  0.02445413624528292  0.02486478145715766
  0.02523777853204595  0.02560787227275966  0.02596905822921392  0.02605684243149198
  0.02612933269177374  0.02619783285263656  0.02626365735463320  0.02632846275608811
  0.02639003809223116  0.02645161342837421  0.02663587755394959  0.02697912940194787
  0.02748790827145875  0.02801761186445786  0.02849764891425225  0.02895695018895433
  0.02935050492505299  0.02992283803186630  0.03040125754822632  0.03066428142890065
  0.03091073068487423  0.03120112328881983  0.03143840454944861  0.03191613005399420
  0.03242974405103217  0.03292852576843775  0.03339945984473443  0.03388397822418435
  0.03438540291910894  0.03509016078311088  0.03557263623516146  0.03598705856382701
  0.03644910700256740  0.03686193381685469  0.03729183989814947  0.03775001108983816
  0.03820161866261039  0.03860901669976675  0.03898879586728744  0.03928490302776353
  0.03960460595338852  0.03999597276688601  0.04038700705655915  0.04082848313943466
  0.04103661538705167  0.04137098325827451  0.04160691191492597  0.04171858978428740
  0.04178390406836083  0.04185700657878241  0.04193398006682612  0.04204420843753585
  0.04224389445055606  0.04282302154373080  0.04333940385546703  0.04383916656008417
  0.04429010410144357  0.04457742476251472  0.04483551647802737  0.04510668814036976
  0.04542395786777588  0.04580497801682067  0.04637485268284983  0.04713955513219899
  0.04806917283498328  0.04900384889679166  0.04983058203520684  0.05084526044155385
  0.05181881787118427  0.05308350969212581  0.05487889266624492  0.05667986615251369
  0.05771891055506979  0.05840932628549882  0.05904385991481530  0.05960737918156666
  0.06012630711471962  0.06093698968163080  0.06183589129503057  0.06257100171012879
  0.06381145252650502  0.06514912812199578  0.06665015979894587  0.06949733269029137
  0.07350064116293871  0.07634303780347261  0.08289552787600285  0.09390616182163375
  0.10579807260143824  0.12197109417069492  0.71865897999452011  1.00000000000000000
  0.01952647751435230  0.03322698775981937  0.03612036000481334  0.04083405058981202
  0.04369687045344366  0.04577575124289584  0.04717992581467943  0.04843648892024662
  0.04958953823610450  0.05049920759525330  0.05129899332595589  0.05268541606383087
  0.05404024366821790  0.05498676515219239  0.05608130963512849  0.05708510197564457
  0.05774614052958082  0.05820421665595663  0.05852192636273804  0.05872012047390365
  0.05897115024066737  0.05913801477906875  0.05926631057928953  0.05947377417344526
  0.06030904037919221  0.06079529413866556  0.06135609065086359  0.06224162980420789
  0.06350185231724584  0.06480033494450348  0.06617845356093351  0.06736938158557247
  0.06859397722771403  0.06962601100332561  0.07009751908285289  0.07058114991731744
  0.07109889062489884  0.07161839189133022  0.07214488706540376  0.07269525428311065
  0.07337527869205171  0.07394118623680648  0.07448492074098584  0.07505530770875299
  0.07598962145682393  0.07706969752959646  0.07803002913091585  0.07918532042406430
  0.08018994508879709  0.08066198772409308  0.08120846944589609  0.08186183957897526
  0.08292717286294202  0.08432966516520028  0.08559541833429692  0.08670181250073283
  0.08779115140269315  0.08920282434470168  0.09097596701595510  0.09446113287370449
  0.09785484416695520  0.10115992957339140  0.10389127005650388  0.10564070898128780
  0.10676021002549167  0.10752834750533634  0.10829309502326423  0.10905337400867177
  0.11000376692499521  0.11112162888940581  0.11433440590402526  0.11681092636443149
  0.12006327244357613  0.12341187618576807  0.12752763548947735  0.13317135210531794
  0.13815710706381681  0.14226767286958264  0.14598498608424898  0.15007707229795239
  0.15260337995198719  0.15386533021689869  0.15460991321893414  0.15524553461735061
  0.15571476770803855  0.15655252289853661  0.15735973933272138  0.15895080171539416
  0.16286985694674327  0.16815975217070817  0.17188527552366564  0.17664107354377312
  0.18315346774979108  0.19186149011957940  0.89132154094540950  1.00000000000000000
  0.01897415823953219  0.04553899295257680  0.06128260609069112  0.07161499339849695
  0.07751193455683256  0.08017956173715415  0.08148638155720436  0.08288663201501505
  0.08447054022629091  0.08734381417506142  0.09608480073835109  0.10132935716191624
  0.10344181242105761  0.10536861416543804  0.10750037291966837  0.11136942484930593
  0.12893320587553417  0.15061103238229154  0.16638915030206686  0.17993525349244022
  0.19264472354842058  0.20461003666757005  0.21531161397103454  0.22317969442927588
  0.23370256828893937  0.24128647429581881  0.24799094670715341  0.25804735204489837
  0.26785213645908884  0.27550317106185840  0.28315420566462796  0.29189353860679162
  0.30588182083307452  0.31987010305935737  0.33247838550306497  0.34426687936348366
  0.35691742051871156  0.37664446755802733  0.38539790404188884  0.39261711098722413
  0.40022680899670293  0.40715438243044294  0.41451419120898647  0.42137134246813129
  0.42861377119237182  0.43822615194791287  0.45253849032653731  0.46879674412564182
  0.48869179260570322  0.50245076754531648  0.50820492461836275  0.51524879384607991
  0.52440836086978715  0.53345152562315235  0.54133479360229086  0.54718299723577968
  0.55366602801823872  0.56248606993421846  0.57084645939440570  0.57767594998566041
  0.58307334032148761  0.58918056995685708  0.59386311904013467  0.59905297136134938
  0.60738632801368553  0.61796567703796734  0.62957999173265244  0.64021719139579936
  0.64940567817767714  0.65954341230064739  0.66846437287693705  0.67829446478784261
  0.69248541378457917  0.71538095279796987  0.73939930312466118  0.75661929399191530
  0.76956535662451675  0.78222390831153799  0.79658475246815985  0.81054378821737727
  0.82207121712664510  0.83079056939283458  0.83546856754221921  0.84124127878579391
  0.84723673223095441  0.85154064622144221  0.85682681430835761  0.86608082473579773
  0.87898932370435234  0.89077284728504402  0.90561997492247603  0.92128327836152424
  0.93630048020213741  0.95245812693656118  0.97415492863915709  1.00000000000000000
 -0.00483094806317449  0.02222423899947087  0.02385288440057477  0.02548152980167867
  0.02789049915185210  0.03033347759697779  0.03304341795755485  0.03586998472908282
  0.04074911881307231  0.05063351938940928  0.06186364548268992  0.06771988494395763
  0.06922044692458565  0.07036664190594807  0.07123092018412977  0.07341508657075219
  0.07527747625761239  0.07755354543723110  0.08131622090607095  0.08746508470387593
  0.09297394084828102  0.10092408817663755  0.10949563245332465  0.11801067329660538
  0.12910792479017758  0.13833153344329840  0.14607198645165562  0.15070312661391763
  0.15879428400554141  0.16630395476503468  0.17427672836454411  0.18325743753478033
  0.19176586400809850  0.20231380149990222  0.21129897338040560  0.21971774596942836
  0.23303373051872894  0.24934343423759991  0.25858234782950063  0.26931200880867789
  0.27715296198558259  0.28452276954537636  0.29481884310854040  0.31029238470352893
  0.32829151789244082  0.35934056619559340  0.40274980515970399  0.43652291941330607
  0.45466033203984302  0.46765646900895003  0.48311062309258362  0.49689078830888411
  0.50718066205527235  0.51735726536059634  0.52740144807569012  0.54184415319036294
  0.56401325903855215  0.58121132342138393  0.59925072344257913  0.61731823678763587
  0.63033971628285568  0.64184151126055811  0.65317383813561714  0.66526562863569672
  0.67918824870169459  0.69512320385577575  0.70832589823374614  0.71694935690972383
  0.72625423989260007  0.73720877993683154  0.74956052879642066  0.76127250325465223
  0.77188611558786957  0.78070659107963325  0.78843776465013704  0.80343592145945653
  0.81979384336635952  0.83325445082987337  0.84285098557297600  0.85134680390286721
  0.85947366988344420  0.86719351112316445  0.87419487122224893  0.88000563528085640
  0.88543123872749141  0.89125460908078957  0.89887464123475991  0.90754210533373081
  0.91578770361240258  0.92480289962259266  0.93593709746364007  0.94754934530820289
  0.95470985125883756  0.96097875028452961  0.96916142671008532  1.00000000000000000
 -0.00195816572051881  0.01415009312393201  0.02667469887003018  0.03024056238953645
  0.03375920316084576  0.03647856038450566  0.03897631714765361  0.04168627796589298
  0.04462901851194448  0.04830510004914059  0.05290393496423958  0.06210081853361960
  0.07662623273153721  0.10396721566306082  0.12040077459737844  0.13493814373830884
  0.14802319393455812  0.15974865791754320  0.17091112931393976  0.17428343843901350
  0.17765574756408725  0.18089530269125703  0.18434080758519136  0.19144759823861218
  0.19725986981627003  0.19948004634155792  0.20164076165442821  0.20460594282607217
  0.20734981584431933  0.21020753739357270  0.21664451257582112  0.22138750205265986
  0.22470480390215389  0.23105045921368464  0.24404059513048337  0.26581474018744922
  0.28939083415933742  0.30406239029018572  0.31677940543783367  0.32983311790626491
  0.34532458742888550  0.36537941060054846  0.38199673969189302  0.39670567193752354
  0.41143349362906334  0.42617958370613440  0.43730671457054532  0.44726304543295753
  0.45639642306114631  0.46697066503011647  0.48003842774448452  0.49487405848864635
  0.51654287459015791  0.54020661477575471  0.55502755387314262  0.56140765803404713
  0.56618590995127560  0.57026928000583166  0.57470489903401567  0.57794933818942174
  0.58150249071091753  0.58482765850878626  0.58914450196009871  0.59347307038329600
  0.59888859394687455  0.60749806277704976  0.61416317823593636  0.61890746128503804
  0.62615512018275354  0.63548061183458449  0.64634866394834067  0.66525655143416995
  0.68529514740681252  0.70129771540381247  0.71391622477440353  0.72392896377777527
  0.73308075524295757  0.74279816437860868  0.75139572930706700  0.75679862517807772
  0.76237497696531220  0.77194759034254368  0.78642163461458259  0.80105155055012278
  0.81525595590037558  0.82933544571494222  0.84084698305724215  0.85194034988095002
  0.86132189971069817  0.87070319999109946  0.88451257880678147  0.90638869695141366
  0.93100087001469722  0.95457631258366960  0.97535349422708495  1.00000000000000000
 -0.01828434926292651  0.00704719173212108  0.03237873272716867  0.05771027372221627
  0.08064549281674516  0.09940647257275993  0.11816745232877471  0.13273276936481654
  0.14085749384045401  0.14898221831609149  0.16472408208878417  0.18853660631267979
  0.20801088202562890  0.22634214939453495  0.24337071339128691  0.26209059131781010
  0.28461081568299607  0.29754085765675325  0.30713854176040600  0.31689869553135591
  0.32396457619486652  0.33952563965529126  0.36206864009898565  0.37409204614691144
  0.38334509412059137  0.39545840779179109  0.39932172075102029  0.40285806749776615
  0.40635548075040168  0.40967042084057559  0.41488500126196237  0.42377908954497151
  0.43917578443270594  0.45124690983152765  0.46155327379172711  0.47298626004394301
  0.48352757434809068  0.49627471153675007  0.50219029435223861  0.50976039806863882
  0.51683012879979462  0.52382980657448774  0.53181299714617769  0.54309438043317459
  0.55423121663684261  0.56258498561733783  0.57002160423516934  0.57714234320881375
  0.58376298217406253  0.58811802527154189  0.59894405219229441  0.61135536757306919
  0.62336196057056581  0.63664893242073439  0.64814229241796817  0.65739931064576396
  0.66536469322339353  0.67302964124063092  0.68156813565552821  0.69442671181420523
  0.71084940288323684  0.71993909836960457  0.72652152984387930  0.73268160455189213
  0.73839953917833479  0.74403412866137630  0.75133819893166143  0.75933930248091108
  0.76790422431500016  0.77406871289033174  0.77895946741239130  0.78618441295084462
  0.79398963008376711  0.80303692314406239  0.81283107427546053  0.82289101198223236
  0.83334710745818974  0.84482515161148886  0.85594583074056607  0.86619824325869033
  0.87822528188911420  0.88613172713543598  0.89499319031196112  0.90097713427336423
  0.91192806006894167  0.91842218225793748  0.92153825088778518  0.92462904437957072
  0.92730514678202447  0.92981018642039759  0.93453720838293775  0.94622789542308749
  0.96132894332104002  0.97136420186469330  0.98408655330819728  1.00000000000000000
 -0.00538779901051953  0.01743233705286433  0.04102201708066597  0.06456735753823133
  0.07566541595804986  0.08475199419277610  0.09273584561047570  0.10054429672749546
  0.11160160035751820  0.12356972476935547  0.13838055153436399  0.15777610064651396
  0.17609043816641864  0.18440946631885496  0.18900643011685017  0.19286427022063993
  0.19693305080898119  0.20203239634723169  0.20644428316939906  0.21326842799100348
  0.21942527986674557  0.22182123247443669  0.22387193246833739  0.22692852245990405
  0.23306381918636626  0.24513458707287547  0.25227606654477708  0.26020944950350178
  0.26876051830506681  0.27848876547133133  0.29177709176112593  0.31028717898013175
  0.33711761852548477  0.36018547653228544  0.37799757044791138  0.39668133529470034
  0.41263795260364355  0.42908589516625029  0.44521037046047951  0.46651570216036770
  0.48590103498683895  0.49830992926774703  0.50881147848237984  0.51705246216304601
  0.52419303977828990  0.53199141633200320  0.54051913859357303  0.56020756017965534
  0.58250538030694121  0.60373125130452565  0.61779479991903397  0.63020555476957696
  0.63913098580673533  0.64691551397544222  0.65168366665184108  0.65770195021841904
  0.66517586844111709  0.67316711210162483  0.68150329791733666  0.68798968356444257
  0.69420997487724412  0.70636617637247678  0.71971957875604609  0.73538518857381252
  0.75196460715442992  0.76528996449588871  0.77599890259575466  0.78363700906855493
  0.78830711323036773  0.79348341886131502  0.80085890492216461  0.80446590614349600
  0.80850576911054362  0.81278102353023218  0.81835805427684272  0.82707596590158294
  0.83336811601396721  0.83674759992852776  0.84012708384308843  0.84374264209694305
  0.84740292483797963  0.85257754375543948  0.85954590165872569  0.86821952526209156
  0.88927431603498230  0.90393911765923873  0.91635430460731515  0.92211509201177877
  0.92565694535281817  0.92953426438199460  0.93560455642085261  0.94126978129901850
  0.95021881674323982  0.96369070021189596  0.98242851927856922  1.00000000000000000
 -0.00926852473759961  0.04215830509480972  0.05671293919256106  0.06424133203504338
  0.06999314763674376  0.07578188425703265  0.08179498046072607  0.08641051662480131
  0.09240058998514397  0.10176215103664335  0.12858417636599012  0.15653832087025821
  0.17465949784488671  0.18695607735516759  0.19320376981547807  0.19732372593107383
  0.20381357527017191  0.21066766157671260  0.21557923909665905  0.22341839139415173
  0.24069098636091418  0.26523375433727758  0.27570855682106704  0.28410749084987896
  0.28940945161002907  0.29408874018173664  0.30027381357660438  0.30782531911836852
  0.31582523326288259  0.32359022501690643  0.33196252650238328  0.33881109339856813
  0.34604805828112195  0.35515499159031660  0.36721701864981399  0.37557933814330619
  0.38393773293371453  0.39228835622392177  0.39971683025643445  0.40657022292597100
  0.41121775287097734  0.41626674124911206  0.42066778426342288  0.42505450485813107
  0.42901967065299262  0.43413539412629826  0.44238322735262881  0.45434289987658194
  0.47924060551891279  0.49135683344931103  0.50299761116387098  0.51161033223516050
  0.51706160184595540  0.52222052505931260  0.52783164035966168  0.54191097854280135
  0.56167010378361826  0.57696500140811968  0.58567703050765030  0.59545650508244163
  0.60549873552756628  0.61779884560970222  0.63245230251666751  0.64373558752183246
  0.65441034631739614  0.66271070617748828  0.66576374425613816  0.66842224367800041
  0.67216384868151813  0.67720105379389417  0.68229708031240177  0.68847727952249294
  0.69465747873258399  0.70309124708018000  0.71362162797060813  0.72589923337408524
  0.74065085528228192  0.75563274996903296  0.77064795015477139  0.78248836926557486
  0.78999055236253313  0.79376660757444550  0.79664804791099075  0.80462176781770256
  0.81100740444603037  0.81699720513758767  0.82780765507942522  0.83737550704114350
  0.84522730547874769  0.85160559024306115  0.86295071380219956  0.88132940154563066
  0.90683178547026810  0.93655817837600519  0.97253705823744940  1.00000000000000000
 -0.00317110266004736  0.01120648002037665  0.02742683017563455  0.04950460396447694
  0.07546599284060580  0.08576073176274153  0.09248671758673997  0.09855562431476154
  0.10347820393592592  0.10840078355709030  0.11542645479463927  0.12262856754695355
  0.13799062032191484  0.15571449852570762  0.16582668860853023  0.17583868588363002
  0.18878791577384996  0.20320187590005434  0.22430677869172233  0.24713417161245360
  0.26658564710602073  0.29032642256135827  0.31641956083715417  0.33942571278704087
  0.36313358647644134  0.38835123844560115  0.41437470181807956  0.43559999932639321
  0.44844864386032474  0.45489428099088675  0.46118449469391531  0.46782601227693871
  0.47523976642841032  0.48224450606914238  0.49282892270304235  0.50103337881875121
  0.50703828014193120  0.51303018140509238  0.52067304165052508  0.53134008792298326
  0.54044491977353271  0.54711380138085397  0.55357296081775664  0.55908221447640549
  0.56690434283341751  0.58004219180719807  0.59765683050207274  0.61598442675885301
  0.62805554644953998  0.63562995293819557  0.64091961108521545  0.64739564751388401
  0.65142613493039936  0.65633340730988077  0.66208027079267529  0.67062035381250329
  0.67614498238303311  0.67975117211521618  0.68237373963549897  0.68626692528127597
  0.70072018262812541  0.72283116249530333  0.73830166899537952  0.75148202829704291
  0.77232097738864414  0.78837362227336671  0.79714489294394120  0.80592055309808253
  0.81410840492952807  0.82939203181493137  0.83613691434298099  0.84128631249664032
  0.84380189088432866  0.84600904071708471  0.84848932657506648  0.85155554440503711
  0.85337686255530787  0.85519483299162191  0.85750469332661716  0.86061211102541790
  0.86481341749424734  0.87287983446576567  0.87646515845160300  0.87953873796449211
  0.88313640900765311  0.88910460310264627  0.89541088291249238  0.90108272700575376
  0.90576611733723777  0.91493114252503949  0.92651434357080154  0.93762394847409669
  0.95226145287854336  0.96841305982610182  0.98426422417704063  1.00000000000000000
 -0.00399674812499183  0.01270530375029330  0.02700048777858279  0.03823854033947179
  0.04355093162649489  0.04525577875360440  0.04696062588071390  0.05096835547684932
  0.05499846754232905  0.05804884416707583  0.05931377716317997  0.06057871015928412
  0.06293675929451940  0.06704196849276940  0.07331016584068600  0.07869281507877698
  0.08319618130842951  0.09252020078746430  0.09921348583674051  0.10220039839714883
  0.10474345096812408  0.10841370420790389  0.11153032108507473  0.11654760336992864
  0.12415808082680511  0.12613020450999554  0.12781289530934326  0.12952426289752234
  0.13224887819606010  0.13709775781157080  0.14378082296979536  0.15167152820295390
  0.15950691188534893  0.16961915533368144  0.17267085431922646  0.17628136971603825
  0.18035973991342968  0.18773177998755469  0.19893676525032636  0.21473289844266530
  0.22434655844246987  0.23764833318583301  0.25130601702803518  0.26737406846611150
  0.28574544627703530  0.30086044783506621  0.31374602480369629  0.32921439164495819
  0.34758840932707158  0.36354462604488419  0.37237716233270152  0.37726858629308874
  0.38171539218103212  0.38566642836504839  0.39222112798665820  0.39968254841838546
  0.41358403339581257  0.43003903779992614  0.44875459553549779  0.46291719871492909
  0.46706284714933938  0.47073787900237474  0.47515352204733691  0.48189296267757975
  0.48801770997127336  0.49142471896075324  0.49562384106154361  0.50786643614810378
  0.52174327596850811  0.53553189503495580  0.54851104228472014  0.56119205778558345
  0.57375589342130706  0.58128595257242410  0.59005931793900546  0.59848236514539688
  0.60559100822434420  0.61462773125931902  0.63001785434268842  0.65032684244203631
  0.67994165562806363  0.71650270081251477  0.75504201270782390  0.78595480649826988
  0.80799655079801214  0.82689305462590756  0.84747475044909504  0.86179300649007262
  0.88267890655737169  0.90200776366569890  0.92070002599130840  0.93857994237136344
  0.95374768868201687  0.96751579466272652  0.98197190674089818  1.00000000000000000
 -0.00819916305181255  0.01459223431670737  0.03430882533808132  0.04336105592719359
  0.05135981067998584  0.05690143581693513  0.06244306095388442  0.07009387239516610
  0.07833673027867065  0.08800798508238224  0.10161449730041806  0.11157360328719163
  0.12014228249580956  0.12757357014888634  0.13319218872595817  0.13938455464550817
  0.14696554173849391  0.15477440736061585  0.16216047838835343  0.16893304680199667
  0.17570994645042526  0.18655119540001175  0.21087543309151180  0.24095019241868193
  0.25891384566885461  0.27316412449440397  0.28661207371504804  0.29947231145684239
  0.31186570200862196  0.32262291656089587  0.33265229133035840  0.34860730650739802
  0.36484038063351026  0.37487253376031621  0.38478840380677831  0.39435448455916661
  0.40361540331268497  0.41257685679747880  0.41784431813765971  0.42311177947784057
  0.43067575952024589  0.43891110422757729  0.44698572681560095  0.45543379244155280
  0.46337496477204293  0.47720619197394332  0.49780048057588061  0.51790396975409958
  0.52853135064393819  0.53804672439957668  0.54792026236284475  0.55653114016601601
  0.56374613776726623  0.57315872115008459  0.58296488589586903  0.59396617648258465
  0.60660190022899119  0.61964522938079591  0.62486333636342595  0.62717998850177525
  0.62907441303174960  0.63077298157624073  0.63299820044626676  0.63598115393308863
  0.64264483973103581  0.65439364227562791  0.67653380229369431  0.69133351142417832
  0.70089697137677665  0.70712215966260206  0.71226296917042431  0.71592427131659342
  0.71929617819309299  0.72483203766937820  0.73140311867797903  0.73713901938550341
  0.74644467786036250  0.75655210018432095  0.76498618270220764  0.77335296228944272
  0.79387016165761204  0.81650617561401651  0.82967928789990153  0.84353256657058218
  0.87178960002261219  0.89163906224998268  0.90299075763010195  0.91256594301666782
  0.91906785731206020  0.92608315309367828  0.93119457590267740  0.93708539096682619
  0.94587387175604365  0.96014607546376651  0.97798933861355064  1.00000000000000000
 -0.00351411940519394  0.01269099692987766  0.03250320394166161  0.04251618289997577
  0.05262388013762079  0.06621720283089995  0.08299695084759352  0.10543065255217889
  0.11659654920578573  0.12481212431880055  0.12970847098597357  0.13630739745160494
  0.15136216170168787  0.16380055086190087  0.17804470751960327  0.19440398651715499
  0.21200120241528775  0.22711890035336321  0.23432092325476822  0.23833887340747884
  0.24100477790950361  0.24417215476351251  0.24851921346518110  0.25582337379644821
  0.26396433381876888  0.26858114122934013  0.27146770318140867  0.27520265943356964
  0.28170714029517163  0.29933102331912081  0.32245784721775422  0.33910225415746437
  0.35301366063436690  0.36576102341676120  0.37522534708545563  0.38468967075415011
  0.39811785840025549  0.41231865820720831  0.42270805029371583  0.42769457733091543
  0.43268110436811508  0.43981403443129147  0.44770745160421466  0.46681787731116647
  0.48320920009893081  0.48858286745498625  0.49430966461819709  0.50140728657209543
  0.50885793023014447  0.51390608572439844  0.51943759801362943  0.52456546251060787
  0.52874970941704225  0.53407765085276160  0.54135590741968609  0.55210353035264648
  0.56668439172974150  0.58346106812809562  0.59302296155035428  0.60292371209052409
  0.61591280000982118  0.62142341106391730  0.62682738372701108  0.63116331924759828
  0.63534300768673579  0.63994843045207372  0.64386613421857697  0.64769795228066174
  0.65269688494040279  0.66769090030882927  0.68448319912528766  0.70605928580625066
  0.72670587646456886  0.75629718579284444  0.77127734539836290  0.77840631833820262
  0.78430268917659574  0.78946336509130888  0.79612949553482859  0.80294546685136248
  0.80984036502413836  0.81916072976364240  0.83312095844521616  0.84878220787438730
  0.85973907642382119  0.87109913300965425  0.88080678809124291  0.88941396411319185
  0.89796236866451296  0.90732963986690873  0.91753721434542801  0.93525380118763923
  0.94901079672929733  0.96457749562504624  0.98263764985533830  1.00000000000000000
 -0.00213770239856439  0.00478601104170505  0.01243493985477446  0.02136483065435245
  0.04305075280864117  0.05064921247358284  0.05661802956498617  0.06367921468755022
  0.07592176776523803  0.09100238931919052  0.10213258847221779  0.11163241051141524
  0.11795833512754877  0.12411512464659992  0.13086084939306394  0.13859434950798813
  0.14496167257553644  0.15099381234957637  0.15655636413009727  0.16071546574896928
  0.16850954579440935  0.17392003020284300  0.18017163409853246  0.19223665696312725
  0.20829714007901307  0.22273387008297660  0.23734312832087143  0.25228931415437522
  0.26237303153767105  0.26656694369687817  0.26938416336542331  0.27292432476130812
  0.27647494794428490  0.28319620366855142  0.28949024779901533  0.30019519589587385
  0.31050131372771894  0.31717481260285302  0.32253221348193878  0.33125658682297648
  0.34798209096264560  0.36269408584367208  0.37660869820824550  0.39509839750403919
  0.41681859660562715  0.43174191700638631  0.43926825513243262  0.44652950065116315
  0.45454288819823963  0.46400903123656873  0.47367277074476732  0.48198421326477447
  0.49079584674007226  0.49765436890588399  0.50217492859190405  0.50672676096273606
  0.51043278993110031  0.51622575740373589  0.52029265344176023  0.52458748482437179
  0.52655675296257698  0.52852602110078217  0.53138650000354948  0.53432256739904216
  0.53906451242797970  0.54498046807250677  0.55343856181569195  0.56625521048379501
  0.57963807693924407  0.60211524517629356  0.62574208815651533  0.64555185529724013
  0.66502517524166027  0.69200869622063244  0.71549480559976641  0.73535791910497539
  0.75282367000843753  0.76773547216139537  0.77977382466971690  0.79935209921764927
  0.82084558340871283  0.83805209382327728  0.85484153303707688  0.87178492004621544
  0.88381447797567991  0.89522867985539201  0.91136474653900168  0.92376538989704204
  0.93366559653576520  0.94261862835402921  0.95114311139641050  0.95956267873199608
  0.96757246434390387  0.97719240603240276  0.98648647946003654  1.00000000000000000
 -0.00728433371108339  0.03259664559737437  0.05328993678402950  0.06183668221300927
  0.07018300162175918  0.08040196232300974  0.09119887697444817  0.09854633428089134
  0.10726345259720967  0.12241036165834122  0.14698360668237204  0.16040782962831523
  0.16968989003228718  0.17925182391167038  0.18814067386642538  0.19358155796370724
  0.20099583268808247  0.20935295076062896  0.21460996727827836  0.21983139937602778
  0.22509681464531520  0.23077768161196066  0.24277821344529968  0.25444290236589767
  0.26449393366432794  0.27466077315281201  0.28719160545302208  0.30020451395382353
  0.31303379213174443  0.32147343934592992  0.33160780988053945  0.34391591020393814
  0.35828762881348358  0.37285044610277135  0.38714884593127447  0.40127347609493835
  0.41515446349556101  0.42628932446870438  0.43552305776594308  0.44470983007947701
  0.45525939376263730  0.46645569044442126  0.47280464732721328  0.47766157330927128
  0.48242772362026609  0.48971529071290931  0.50244432106433801  0.51901715206169052
  0.53551712066492008  0.55319444606935286  0.57341143915150028  0.59201403858169899
  0.60973715053004440  0.62359602115842216  0.63206696660251493  0.64170361863240277
  0.64825106095731655  0.65300193727621236  0.65659554024563649  0.66529534829263570
  0.67650720920211760  0.68563923117708736  0.69041912975531683  0.69578323433980072
  0.70352265273206893  0.71367355279063704  0.72930031901523762  0.74881617414861734
  0.75823612552792619  0.76615330114946911  0.77351061386606612  0.78104946637884876
  0.79294562287401249  0.80310923047447191  0.81149520739730552  0.81778746835628080
  0.82345400951850056  0.82825269665112389  0.83236440699219549  0.83733941142011459
  0.84379937658360560  0.85063653247805859  0.86038748801677112  0.87421292625025082
  0.89384995631136732  0.90483648315553356  0.91562928350936712  0.92361490979295513
  0.93160053607654325  0.93837026021774639  0.94436439220433188  0.95088407103425765
  0.95982184406042781  0.97137592982991305  0.98480837560526058  1.00000000000000000
 -0.00778623201844243  0.01915984494491693  0.03968094754990778  0.05381903956912759
  0.07569982924377440  0.09919770424109418  0.12047852961489919  0.13155783244614513
  0.13996191202603023  0.14822982920351080  0.16346207818418046  0.18312721011090610
  0.20269734531352479  0.22310421830992203  0.23718165530560081  0.24587691039431617
  0.25286206656502253  0.25885292418431372  0.26479689247369376  0.27274571669719827
  0.28419395437030137  0.29642886575927613  0.30774612948667346  0.32063418815443206
  0.33984694127415793  0.35303075479305002  0.36192184443950037  0.36936891435774188
  0.37709901043999045  0.38530853514526309  0.40189640749499822  0.40888080141757643
  0.41521168874260767  0.42030824335144840  0.42449856543240555  0.42919404151747775
  0.43491078962887447  0.44012259493755468  0.44574325140901577  0.45182385791847973
  0.45869916259179183  0.46762385455002947  0.48235007379059508  0.50797291854482274
  0.52899737266622471  0.54881606710370978  0.56634572676275297  0.58072932381391251
  0.59420698673905459  0.60338180728872615  0.60992376614479604  0.61628063681156853
  0.62706656015639084  0.63923671536430615  0.64902892639619081  0.65536398187146283
  0.66062831296091140  0.66602114912121024  0.67191939952992319  0.67781764993863614
  0.68214960694865823  0.68582402356459826  0.69044591149226819  0.69887499199717484
  0.70618673186285863  0.71415170838643716  0.72558790968349907  0.73648860950174799
  0.75376252482650719  0.77205932738369287  0.78051603459968244  0.78542890274963495
  0.78832035208005513  0.79067829797852207  0.79327604509886596  0.79740756127065227
  0.80405649281779035  0.81095429678839981  0.81663736510668161  0.82426370747452382
  0.83448825345904687  0.84766225572020182  0.86625010589560925  0.89155698558346863
  0.90549990565149641  0.91603165539542786  0.92416193150718895  0.92907236905565804
  0.93546151939403410  0.94197601359503624  0.94822432257527522  0.95250843064166835
  0.95956274007742293  0.96936030410164076  0.98280463114603789  1.00000000000000000
  0.00623224064983563  0.58459021275348222  0.66435529569341711  0.74148236302058557
  0.75772094791953981  0.76237462615099383  0.76803389965819047  0.77254549303375342
  0.77560008078705367  0.77843593615274798  0.78026306884861851  0.78201795430516718
  0.78365938575891869  0.78496050201050505  0.78669107477014588  0.78856305329038356
  0.79014019566418192  0.79202677078868033  0.79449313690764711  0.79706194300300870
  0.79914690137209721  0.80094435102473149  0.80265830756910461  0.80489984501757139
  0.80729608966661481  0.80902312788479547  0.81024337794885681  0.81081068329039718
  0.81242744695617641  0.81400911985768887  0.81545309493324669  0.81710322329019069
  0.81878594624439049  0.82042477266735081  0.82214759111869351  0.82369705820087491
  0.82483535428685195  0.82683659200268800  0.82929197149996259  0.83226734917729805
  0.83520480224665294  0.83826296033743841  0.84051275626066557  0.84264657802339549
  0.84522294768436590  0.84777395700996883  0.85042182015929357  0.85330138083637486
  0.85478765058516826  0.85561529922298896  0.85632515784913510  0.85698992845402622
  0.85747882946951592  0.85779073536890005  0.85810258357362412  0.85841288214454481
  0.85872318071546550  0.85902703581847584  0.85932610012931743  0.85964624132869161
  0.86086527971662630  0.86249267221249915  0.86423353297955952  0.86515655412018433
  0.86584980695284774  0.86627649582443067  0.86651765866255204  0.86732388179461806
  0.86826780537871251  0.86997985965091462  0.87185502212795052  0.87412486853630855
  0.87731609241623909  0.87937943685679110  0.88124904737897947  0.88251434616558866
  0.88425401508218293  0.88626453061740862  0.88871473557048908  0.89205838047472252
  0.89590302757812812  0.89890357911240082  0.90096730805610814  0.90213700430907484
  0.90395336120225178  0.90622523926590959  0.90820718754407981  0.90970340581195375
  0.91141806185499663  0.91384082089134000  0.91683498302611066  0.92124629859375395
  0.92806673583155030  0.93573963651947334  0.95248686538284111  1.00000000000000000
 -0.02609427554094582  0.11259046043376324  0.13125934603648504  0.14441417321806915
  0.15734247683598246  0.16932508069230104  0.20527619253421461  0.24967791245962120
  0.26698305083528201  0.27861374437452635  0.29436238131401921  0.30762257524705927
  0.31799369972597225  0.32882298802124482  0.33956874742061383  0.35042061110787154
  0.36322565431842047  0.37426389279819461  0.38139987356760957  0.38620055057973063
  0.39664008220139663  0.41437017065331871  0.42892128825617354  0.45091900049025768
  0.47279233000306847  0.48349897137462133  0.48708242374850008  0.48828553737779617
  0.48951100394671659  0.49120423215476233  0.49289746036280802  0.49534499091142969
  0.49825257962071046  0.50167805244257435  0.50563495041435136  0.50721215202587389
  0.50961100105099488  0.51450267667670546  0.52090115574648344  0.52334315819132715
  0.52540516709184393  0.52748171192344495  0.52967763267439660  0.53207515077191947
  0.53437016286865602  0.53949672721851327  0.55232756364305802  0.56113170416937075
  0.56674196788807241  0.57228624507729409  0.57880077100964733  0.58516881666447851
  0.58994148370110844  0.59403111087172067  0.59772800494463685  0.60125742468510301
  0.60518573117555952  0.61128659545410358  0.61771057791353567  0.62804463571545299
  0.64079938859919472  0.64699136908121402  0.65089839356429124  0.65329337210856697
  0.65519337175853642  0.65633862738453097  0.65836947293864279  0.66147401145033613
  0.66470126438353860  0.66862708417130756  0.67291432170917032  0.67757935776791312
  0.68262686261006189  0.68684849869739717  0.69164236207318353  0.69540901553300727
  0.69963873347825889  0.70416679515265423  0.70923517636789690  0.71579319698278687
  0.72317854750897936  0.73061476901841083  0.73861547593803878  0.74772099717632812
  0.75276826592335955  0.75736935736931776  0.76170037331953022  0.76590432727808389
  0.77409567897427944  0.78549411745696907  0.80107311412785875  0.81566025565863753
  0.83769107748211369  0.86165456028316734  0.90535438861326112  1.00000000000000000
   1.3351542749505399E-011  -1.0000000000000000     
 T F F F F F F F F F F F F F F F F F F F T F F F T F F F F F F F F F F F T F F F T F F F F F F F F F F F F F F F F F F F T F F F F F F F F F F F F F F F F F F F F F F F F F F F F F F F F F F F F F F F F F F F F F F F F F F F F F F F F F F F F F F F F F F F F F F F F F F F F F F F F F F F F F F F F F F F F F F F F F F F F F F F F F F F F F F F F F F F F F F F F F F F F F F F F F F F T F F F F F F F F F F F F F F F F F F F T F F F T F F F F F F F F F F F T F F F T F F F F F F F F F F F F F F F F F F F T F F F T F F F F F F F F F F F F F F F F F F F T F F F T F F F F F F F F F F F T F F F T F F F F F F F F F F F F F F F F F F F T F F F F F F F F F F F F F F F F F F F F F F F F F F F F F F F F F F F F F F F F F F F F F F F F F F F F F F F F F F F F F F F F F F F F F F F F F F F F F F F F F F F F F F F F F F F F F F F F F F F F F F F F F F F F F F F F F F F F F F F F F F F F F F F F F F F T F F F F F F F F F F F F F F F F F F F T F F F T F F F F F F F F F F F T F F F T F F F F F F F F F F F F F F F F F F F T F F F
  <DiscreteSampler_grid>
  grouped_processes
  1 # 1 for a reference and 2 for a running grid.
  10 # Attribute 'min_bin_probing_points' of the grid.
  1 # Attribute 'grid_mode' of the grid. 1=='default',2=='initialization'
  0.0000000000000000 # Attribute 'small_contrib_threshold' of the grid.
  0.5000000000000000 # Attribute 'damping_power' of the grid.
 # binID   n_entries weight   weight_sqr   abs_weight
    16   10   7.015341182728238E-011   4.795304375247144E-020   7.015341182728238E-011
    17   10   7.015341182728429E-011   4.795304375247426E-020   7.015341182728429E-011
    19   10   1.738846725360978E-010   2.985269691172049E-019   1.738846725360978E-010
    20   10   1.738846725361105E-010   2.985269691172489E-019   1.738846725361105E-010
    22   10   5.438538328086442E-010   2.109275641497224E-018   5.438538328086442E-010
    23   10   5.438538328086804E-010   2.109275641497532E-018   5.438538328086804E-010
    28   10   4.503667055841427E-011   1.930722960628873E-020   4.503667055841427E-011
    29   10   4.503667055841446E-011   1.930722960628886E-020   4.503667055841446E-011
    31   10   5.124842361309190E-011   2.495042415470491E-020   5.124842361309190E-011
    32   10   5.124842361308571E-011   2.495042415469974E-020   5.124842361308571E-011
    34   10   2.148789001667867E-010   4.419752823027020E-019   2.148789001667867E-010
    35   10   2.148789001667674E-010   4.419752823026205E-019   2.148789001667674E-010
    40   10   7.015341182728257E-011   4.795304375247167E-020   7.015341182728257E-011
    41   10   7.015341182728384E-011   4.795304375247367E-020   7.015341182728384E-011
    43   10   1.738846725360974E-010   2.985269691172036E-019   1.738846725360974E-010
    44   10   1.738846725361102E-010   2.985269691172478E-019   1.738846725361102E-010
    46   10   5.438538328086437E-010   2.109275641497219E-018   5.438538328086437E-010
    47   10   5.438538328086797E-010   2.109275641497523E-018   5.438538328086797E-010
    52   10   4.503667055841408E-011   1.930722960628858E-020   4.503667055841408E-011
    53   10   4.503667055841435E-011   1.930722960628878E-020   4.503667055841435E-011
    55   10   5.124842361309162E-011   2.495042415470469E-020   5.124842361309162E-011
    56   10   5.124842361308597E-011   2.495042415469997E-020   5.124842361308597E-011
    58   10   2.148789001667864E-010   4.419752823027006E-019   2.148789001667864E-010
    59   10   2.148789001667662E-010   4.419752823026149E-019   2.148789001667662E-010
    64   10   7.015341182728185E-011   4.795304375247071E-020   7.015341182728185E-011
    65   10   7.015341182728368E-011   4.795304375247338E-020   7.015341182728368E-011
    67   10   1.738846725360981E-010   2.985269691172060E-019   1.738846725360981E-010
    68   10   1.738846725361090E-010   2.985269691172436E-019   1.738846725361090E-010
    70   10   5.438538328086465E-010   2.109275641497237E-018   5.438538328086465E-010
    71   10   5.438538328086732E-010   2.109275641497479E-018   5.438538328086732E-010
    76   10   4.503667055841435E-011   1.930722960628880E-020   4.503667055841435E-011
    77   10   4.503667055841591E-011   1.930722960629009E-020   4.503667055841591E-011
    79   10   5.124842361309164E-011   2.495042415470484E-020   5.124842361309164E-011
    80   10   5.124842361308695E-011   2.495042415470067E-020   5.124842361308695E-011
    82   10   2.148789001667881E-010   4.419752823027097E-019   2.148789001667881E-010
    83   10   2.148789001667690E-010   4.419752823026303E-019   2.148789001667690E-010
    88   10   7.015341182728205E-011   4.795304375247094E-020   7.015341182728205E-011
    89   10   7.015341182728295E-011   4.795304375247235E-020   7.015341182728295E-011
    91   10   1.738846725360977E-010   2.985269691172044E-019   1.738846725360977E-010
    92   10   1.738846725361087E-010   2.985269691172425E-019   1.738846725361087E-010
    94   10   5.438538328086459E-010   2.109275641497228E-018   5.438538328086459E-010
    95   10   5.438538328086724E-010   2.109275641497470E-018   5.438538328086724E-010
    100   10   4.503667055841416E-011   1.930722960628866E-020   4.503667055841416E-011
    101   10   4.503667055841608E-011   1.930722960629025E-020   4.503667055841608E-011
    103   10   5.124842361309129E-011   2.495042415470452E-020   5.124842361309129E-011
    104   10   5.124842361308700E-011   2.495042415470073E-020   5.124842361308700E-011
    106   10   2.148789001667872E-010   4.419752823027062E-019   2.148789001667872E-010
    107   10   2.148789001667686E-010   4.419752823026279E-019   2.148789001667686E-010
  </DiscreteSampler_grid>
