  0.02255250855319380  0.03974950327607257  0.05264390041672407  0.06467305141472056
  0.08070949220180895  0.09434119070196564  0.10330815850160130  0.11212353916794138
  0.11982705268059043  0.12749543146126086  0.13645148918185607  0.14519606327324780
  0.15350119944856919  0.16013288498070005  0.16647877600696587  0.17448455089072140
  0.18157603433888064  0.18727951267165024  0.19567919648980009  0.20891971676345208
  0.22360687919988656  0.23823717928494653  0.25562256399038974  0.27666042666947621
  0.29247466599715921  0.30002112975943618  0.30810159473896803  0.31608831662355524
  0.32579378466429809  0.34145179166749262  0.35640078721508761  0.37236868782924748
  0.38587095267287130  0.39628564385715986  0.40677882432463724  0.41682127829457966
  0.42585732555955774  0.43492911006684010  0.44447542170139942  0.45542770691598317
  0.46804204854298281  0.47548313313331447  0.48134845257265957  0.49208126913138639
  0.50360252082735579  0.51606351922310756  0.53132365900384870  0.54530191798118599
  0.56213368974557210  0.57549113681003949  0.58798415622007161  0.59682003746329315
  0.60235497845294761  0.60647650154673816  0.61211405970370303  0.61790211081866708
  0.62662921123303239  0.63712686280969799  0.65164261467128004  0.66750361047391948
  0.68174446977511816  0.69326857470145065  0.70206840752617505  0.71354335080741393
  0.72650435231482824  0.73653627041933345  0.74283645522460540  0.74860203375230117
  0.75731566749556334  0.76950389499731364  0.78292295718132332  0.79691447759461553
  0.80899763009730374  0.81555031729588356  0.82276639432882814  0.82897696374007457
  0.83422466575591614  0.83903610094294889  0.84512176398742656  0.85202851825972992
  0.85862348843195191  0.86571134144673101  0.87166637719365647  0.88561191457490218
  0.89712683765336954  0.90826373001539396  0.91922628946695495  0.92626451562576639
  0.93366820683317175  0.93970149986037643  0.94534755851181851  0.95169317566257516
  0.95786958382376819  0.96376222446056758  0.97153113669306501  1.00000000000000000
 -0.00002207973849961  0.00055348723353474  0.00093667691512630  0.00127941683030143
  0.00157125099607867  0.00182024469178686  0.00201518694646969  0.00218662465938117
  0.00240485418338962  0.00273055082954997  0.00304432746373465  0.00329751100238087
  0.00348903583442251  0.00361838001120590  0.00373408271734479  0.00385766897395089
  0.00399954524480114  0.00415614370317305  0.00430059623851684  0.00449040755890606
  0.00471145636552435  0.00487329758493868  0.00496165858292738  0.00503409253948462
  0.00510947446749386  0.00519772039038820  0.00538778337989450  0.00553377717444770
  0.00570330466547082  0.00581140917586429  0.00592174324441859  0.00603555975882663
  0.00613643247511214  0.00624101838335517  0.00634720608957708  0.00645705161993278
  0.00655747144395169  0.00666053339464593  0.00678667924931417  0.00700742675400202
  0.00720622079004458  0.00736089778505880  0.00752343602519926  0.00769029041300092
  0.00788661282677263  0.00807890458486092  0.00824349440706534  0.00838339230394364
  0.00852134628018262  0.00867678631128930  0.00883245174171774  0.00901401782354898
  0.00912544770857057  0.00920667052771927  0.00929083963245504  0.00936432073772147
  0.00946483318062731  0.00955854431044108  0.00971745743359180  0.00998840454090471
  0.01016138338449678  0.01028382029936728  0.01040469573158704  0.01054735568961549
  0.01064862927993629  0.01075781668491335  0.01094642981335516  0.01120337670629786
  0.01144278277801776  0.01164609896068598  0.01180209073301611  0.01192245291590837
  0.01202972403006885  0.01213091884070693  0.01219461227974423  0.01227243841550236
  0.01238915951145584  0.01252115239780530  0.01272489689564241  0.01288776778022733
  0.01302036085257340  0.01313499975195550  0.01324182841537941  0.01338519428273695
  0.01360911878894765  0.01390116919563026  0.01422105412949773  0.01453009626623210
  0.01483197755175527  0.01521031396535353  0.01571918247692753  0.01626294464369372
  0.01690100062728430  0.01784086598271263  0.01913651999008813  1.00000000000000000
  0.02656744828522265  0.05022103350750099  0.06272128403289123  0.07066413769585356
  0.07654126700049924  0.08216839170010998  0.09022762770866681  0.10394877997671077
  0.12057669274955012  0.13675109822099105  0.14897829329528772  0.15629035763140744
  0.16113911155864491  0.16690183284952620  0.17320721605207379  0.18084492583407719
  0.18867053890682478  0.19702704187770834  0.20994739009303290  0.21913690180543685
  0.23205884817876390  0.24451221186944061  0.25362108458608795  0.26061120649436020
  0.26926391865589844  0.27820685541374784  0.28639025303938126  0.29605343901183412
  0.30777796210983599  0.32199647375775708  0.33070169769153229  0.33497498503969941
  0.33959176217482728  0.34504430352170956  0.35091091456225820  0.35695538762349160
  0.36794749907250196  0.37358449929771093  0.37846262515284335  0.38292586764603198
  0.38735948519593361  0.39553830479500912  0.40688135415539151  0.41649677950600017
  0.42510589045864161  0.43549352215169651  0.44752891933318395  0.46209629144892927
  0.48035038399042623  0.49759626051566885  0.51408652183868886  0.52992330529584131
  0.54242010610081015  0.55163865868928186  0.55927938922326170  0.56513532630176677
  0.57183298253993986  0.57831724364398807  0.58200239054200464  0.58565650653429202
  0.58996094801644139  0.59435126279355865  0.60053817258790798  0.60879133514472716
  0.61994139992956732  0.63332982418871153  0.64487598580151806  0.65403396690970406
  0.66325434656587212  0.67063859903970591  0.67934555651099138  0.68905583871696574
  0.70051762888087510  0.71019682177632504  0.71549750757451880  0.71995280793697958
  0.72473579715918890  0.72925099138923233  0.73765102636467506  0.74871435107877671
  0.75950360161796404  0.77108109094871113  0.78255525207132270  0.79415130894680952
  0.80711211546911266  0.82112221987999356  0.83359993156682222  0.84251553803945434
  0.85067060363487401  0.86156553522057000  0.87249080489553543  0.88347255113893453
  0.90028899926315187  0.92255697566495332  0.94832658365139610  1.00000000000000000
 -0.00000005893471923  0.00000093990405896  0.00000190867692982  0.00000260571893025
  0.00000344779657329  0.00000457991928585  0.00000579974525026  0.00000714067861907
  0.00000877199409014  0.00001081950942902  0.00001274811994561  0.00001435321152976
  0.00001589586533630  0.00001716825286382  0.00001844289472745  0.00001936577916940
  0.00002004909489197  0.00002055324705421  0.00002091835418491  0.00002135822636764
  0.00002184007371681  0.00002228644987627  0.00002288566085970  0.00002351930191592
  0.00002428219088726  0.00002447463683060  0.00002468609966200  0.00002490596098656
  0.00002510775988071  0.00002536265080856  0.00002562626833421  0.00002585832652965
  0.00002608559904792  0.00002634320270263  0.00002663549780256  0.00002695196873638
  0.00002728434854578  0.00002763224796496  0.00002799452092596  0.00002837311616045
  0.00002876076817502  0.00002992992276528  0.00004515969976647  0.00004806445276489
  0.00004889936120793  0.00004951919288698  0.00005013149651407  0.00005071941370104
  0.00005140723765807  0.00005227054335152  0.00005300967155359  0.00005361036912214
  0.00005425751326711  0.00005494363611365  0.00005544161657974  0.00005576956920704
  0.00005609578250478  0.00005641980138596  0.00005676770521977  0.00005726440831035
  0.00005775589617213  0.00005834772237324  0.00005903360851711  0.00006076595052710
  0.00006264500891137  0.00006447347522276  0.00006677773572755  0.00006935691547950
  0.00007158884104077  0.00007364584245286  0.00007553582894925  0.00007793915998065
  0.00008030870130288  0.00008258746323567  0.00008568522107978  0.00008974367390026
  0.00009517951023679  0.00010244089511644  0.00011088918607318  0.00012175370918756
  0.00013078388288384  0.00014214197617007  0.00015754817179235  0.00017551652952201
  0.00019704281139745  0.00021878857313571  0.00024779521864603  0.00027913120470382
  0.00034678094812665  0.00041235106585574  0.00050971552980368  0.00068626506677281
  0.00096988599132626  0.00251923504983137  0.02541641236720284  1.00000000000000000
  0.02732697479785812  0.05208620436469460  0.08335669024714419  0.11412046904271587
  0.13994687489503554  0.15281438653373866  0.16529155763175246  0.17841385903068208
  0.19102868562141048  0.20301878773815543  0.21156929803464802  0.22571100982766534
  0.23996365209034906  0.25190807879403010  0.26217583252216070  0.27074700695086740
  0.27987810550595860  0.28898681660582809  0.29703681843082347  0.30424311464212556
  0.31222861961305887  0.32121932384938162  0.33021779768314802  0.33946174158158526
  0.34773383950525455  0.35272305403518195  0.35973864562477204  0.36468289013567590
  0.36685976719426555  0.36895420905545251  0.37212790001391155  0.37547570289981136
  0.38061832034314863  0.38879965621308787  0.39355429612524245  0.39903133138293889
  0.40471672709916995  0.41007667901316724  0.41557598956324915  0.42157943887332816
  0.42837180277813020  0.43625730434020088  0.44524023098642046  0.45459411253292797
  0.46133884478432591  0.46535384621050052  0.46805989896974159  0.47167911273371010
  0.47571997430372359  0.47889361604814357  0.48318433551916273  0.49163801792516859
  0.50177729112660796  0.51164949082971767  0.52175413757117428  0.53271163966157353
  0.54362638316738987  0.55536805068692707  0.56926565196779610  0.58412817799631678
  0.59851603456588276  0.61273636267923526  0.62685851109340551  0.64060228852479817
  0.65495693589289639  0.67025416978825714  0.68083259932238493  0.68389571978550145
  0.68798280006601198  0.69054032170728297  0.69306831455111284  0.69642263089940259
  0.70128183674417188  0.70764853924784787  0.71463212605286786  0.72286135090594483
  0.72881627115837433  0.73602559273605417  0.74513718236947235  0.75596030926639590
  0.76830993997242525  0.78554925655080410  0.79992568237951878  0.80720728204678893
  0.81160371784158059  0.81782110255245188  0.82463103113197311  0.83170743820796544
  0.84143862090451371  0.85524816319087205  0.87305459090665327  0.89701160740879182
  0.92175794369436370  0.94923420889985688  0.97161257343457863  1.00000000000000000
 -0.00487557543489441  0.01766760295892578  0.03516394851385567  0.05029966253709348
  0.05630889402724923  0.06251393040485947  0.06710381965641812  0.07637173450066122
  0.08827574106742300  0.09866414473466621  0.11641308954491064  0.12828904369772667
  0.14130479487321271  0.15121093898305105  0.15771908948120636  0.16374806851739712
  0.16888225144378158  0.17522784109058165  0.18629464249405744  0.20152654814957272
  0.21627569802975580  0.23472862813866405  0.25726642637935970  0.27332883488272536
  0.28042353138133030  0.28634149758893296  0.29115132588489606  0.29491026500962036
  0.29830710359903878  0.30355481368978354  0.31129517729011574  0.32181643070456128
  0.33264504366662456  0.34344026942643036  0.35825098599423072  0.36872368673186706
  0.37795713171922096  0.38800139570808156  0.39955744975171298  0.41287084177422989
  0.42758141033113212  0.44142693968325891  0.45152240372651825  0.46061160677998203
  0.46824758869522071  0.47670879909239700  0.48500118779437190  0.49530888581128119
  0.50531604265505292  0.51427462555212433  0.52249132011946420  0.53025067739397236
  0.53689753649254623  0.54262780566070146  0.54920975808019001  0.55632246826249909
  0.56113352385386217  0.56502113945812971  0.56937078122974139  0.57367340767110508
  0.57791569393863973  0.58625051376386172  0.59392418556784232  0.60295765810593027
  0.61639075977592306  0.62441545587409264  0.63123436192952820  0.63844528506601839
  0.64594418054898883  0.65279472602407451  0.66235247204900871  0.67504806990172472
  0.69283850525088075  0.70650715225533600  0.71875352517398550  0.73146133364284760
  0.74698766636168967  0.76111362023541795  0.77359699897626333  0.78643722410867989
  0.79777363667400003  0.80837998522487642  0.81932575255441642  0.83168355114255010
  0.84357987591028294  0.85834505254182647  0.88172041223943964  0.90417936796786824
  0.92137637798906724  0.93419682056203002  0.94709591287498396  0.96120620299344006
  0.97732312445537251  0.98537351703575737  0.99231787176835662  1.00000000000000000
 -0.00312627572552871  0.01375518557652690  0.02741932133673284  0.04049233639293556
  0.05145791675186432  0.06131559052893953  0.06985475477418163  0.07954664054235139
  0.08803891467382684  0.09336722659363943  0.09735659897523802  0.10142840756958225
  0.10592714230724892  0.11677310145457406  0.13423716462052748  0.15174429917777923
  0.16618725941631424  0.17850309950254872  0.18810960519013475  0.19762887967128509
  0.20703616010444537  0.21575038601930857  0.22470910083679069  0.23713337201756463
  0.24529188611267302  0.24994228871080654  0.25557140031345721  0.26549004624955913
  0.27278511620157225  0.27945042814489962  0.28578756531923083  0.29422604189231022
  0.30663238834684270  0.32162179697206444  0.33822075879168273  0.35036807696747402
  0.36535063785891697  0.37953789204121319  0.39323842645956758  0.40592781734736866
  0.41527660691413937  0.42306324061471440  0.42936789741644971  0.43345531441464907
  0.44183016846309081  0.45210201356664503  0.46343204624505530  0.48230386763899730
  0.50071453673217980  0.51792855695960538  0.53335109633142541  0.54661395599035345
  0.55646718468577128  0.56231632115152197  0.56728989664299601  0.57275037470576184
  0.57861503348613808  0.58325828924832657  0.58841289255580487  0.59469509175621182
  0.60450845501861017  0.61598945929059301  0.63163665538413871  0.64696760769666106
  0.65778653324344238  0.66408828981123813  0.67653326167273020  0.69214162548821279
  0.70543884975518323  0.71352040712623521  0.71968059791982453  0.72691281356701454
  0.73256231831248952  0.74090122100771216  0.75038683416338814  0.75988779529943007
  0.76961336685887249  0.77925673205646850  0.78873637775792627  0.79707550877347333
  0.80568768040861405  0.81688825521080455  0.82880811269126853  0.84158669728963176
  0.85427959284473698  0.86683875018718592  0.87870366672226607  0.89128051163012523
  0.90849957037272433  0.93273395909720747  0.94715353819768444  0.95823458118070781
  0.96723496002241027  0.97756471926312305  0.98801303964942322  1.00000000000000000
 -0.00202421474556270  0.00886551671940627  0.01590834262374302  0.02407880177718590
  0.03700158253097322  0.04803669760697941  0.05837660050812968  0.06616251306310551
  0.08366516858719213  0.09897005008090286  0.11157650410098070  0.12277660930928466
  0.13433199942493307  0.14798656591226489  0.16104652735461469  0.17484231558677507
  0.19106264155737901  0.20223750731433701  0.21073884478200736  0.21852773864540101
  0.22544630879072691  0.23256444170126492  0.24378062789506091  0.25518167941486181
  0.26832712320114765  0.28113926272996520  0.29278693990854554  0.30785640407486703
  0.32806868347483720  0.34756408161849101  0.36588017928724609  0.37934115365512855
  0.38925187699503533  0.40066397060224818  0.41098463176482863  0.42399420360308043
  0.43782568231297492  0.45386951188245139  0.46184073585333557  0.47034173289147996
  0.48013515420878000  0.49004033321049245  0.50003974824817599  0.51211470303753259
  0.52641688137506548  0.54144201828692817  0.54845076161784567  0.55577561666953068
  0.56638226526747204  0.58157073506488843  0.60149794795008082  0.61670480924743165
  0.63404201349989231  0.64860641473162328  0.66096222994441478  0.67297324718565033
  0.68639312397084429  0.70068128019927678  0.71403534338162755  0.72450236153347136
  0.73128904886406376  0.73735187813393233  0.74472474158869795  0.75438764421938020
  0.76449742684306843  0.77326594047396024  0.78878015766868459  0.79922284298934210
  0.80884282820697795  0.81680899619112446  0.82291957067630617  0.82861584629702223
  0.83456263253423224  0.84134344251213389  0.84950730497095861  0.85768791045695225
  0.86550422557021867  0.87476343387240074  0.88389555733960379  0.89176340764216466
  0.90030335275197226  0.90894727528641583  0.91750898583696716  0.92352505110261773
  0.92867467487429112  0.93356037731400510  0.93992660155304864  0.94713627800816302
  0.95507199033520496  0.96164697163450619  0.96622501214631273  0.97040898544840559
  0.97497106877691597  0.98009860489560174  0.98567512663278289  1.00000000000000000
 -0.00520528555078473  0.01889452259497329  0.04181652871887249  0.05487034884102374
  0.06699585451713298  0.07736625458111873  0.08648875188535744  0.09410177162829525
  0.10340842815009529  0.11433007856930655  0.12685770815762507  0.14470230479766932
  0.16594999428363386  0.18538186522035557  0.19986347156473200  0.20761810584760293
  0.21257410425967257  0.21676032504689724  0.22246094735055946  0.23107528979054739
  0.24189264440043959  0.25187129443449541  0.26151930037244675  0.27098128545305089
  0.27869438774433408  0.28652459143183118  0.29701527778375170  0.31148821659998183
  0.32792891977979644  0.34188221772973043  0.35367960627596223  0.36488199346867634
  0.37338147675441918  0.37915326544805211  0.38525013503984501  0.39152561548700876
  0.40586810703123744  0.42196406930661851  0.43826480678197666  0.45166711565023782
  0.46608535600665763  0.48272552107714523  0.49191996564798884  0.49699742987141460
  0.50209030715178293  0.50784269044562580  0.51500592963340119  0.52361839098475271
  0.53293019001089958  0.54167721510784939  0.55189934093964854  0.56192681808143885
  0.57008830106130248  0.57693838553762156  0.58285910957301879  0.59078002848103506
  0.59938847234384773  0.60694717574773649  0.61423628143639064  0.62088202146053084
  0.63210528060900417  0.64165901620387933  0.65265253418943026  0.66513528967948143
  0.67678319840399437  0.68678233797752009  0.69433062610009721  0.70270867264183134
  0.71561694689969901  0.72978346146496920  0.73791258060149001  0.74416873388888416
  0.75171727195577109  0.75795052504321569  0.76338579665051043  0.76945262721373231
  0.77535429875881556  0.78444487340150149  0.79374963480733207  0.80180809988543800
  0.81021541853545109  0.81919176679979233  0.82487896384867732  0.83115767584921763
  0.83840503130193100  0.84746459411963659  0.85733747871246280  0.87926081137427636
  0.90194887438479832  0.92365286290226867  0.94449361412526767  0.95716616686605616
  0.96720227316314089  0.97706169531945708  0.98823464760949398  1.00000000000000000
 -0.01140004725920379  0.02962281505148054  0.05548382322965612  0.07252162264566575
  0.09173050917276544  0.11034624513367258  0.12943005025208829  0.14852914892528446
  0.16584714824275273  0.18079962162646501  0.19527924052777859  0.20575523088083922
  0.21339210430979719  0.22128187141111397  0.22983882550766402  0.24148952997395548
  0.25055784740143955  0.26226322920434214  0.27410825059622712  0.28546183559516763
  0.30052363432073553  0.31404868395655722  0.32701480714606573  0.34354285844176780
  0.36278619086725911  0.38090672149332433  0.39721686941112483  0.40904760244539567
  0.42037026004470252  0.43266492488686425  0.44329354332193455  0.44832493408107488
  0.45524764823186692  0.46253303756259784  0.46913673800906197  0.47646128109696873
  0.48869308575207154  0.50319819768061336  0.51821898738677385  0.53215157472195029
  0.54493782631968501  0.55831361270015523  0.57180129026521098  0.58065206049208862
  0.58952774835861743  0.59891066897742906  0.60525821122252077  0.60991859091724698
  0.61421974721354711  0.61834573552480476  0.62234096674025596  0.62805439985075651
  0.63537687760368544  0.64218541224694692  0.65058657320006541  0.66002315493045360
  0.67273518688879530  0.68448102578959802  0.69173133513269269  0.69711690988826736
  0.70330773880071640  0.70988390183743721  0.71474679376505978  0.71834569540432058
  0.72275375830671629  0.72855080975520703  0.73558456161296515  0.74587139873647268
  0.75333133917475525  0.75974141848892096  0.76609535093390191  0.77349763089201085
  0.78341217510736760  0.79826697044824102  0.81075869810482992  0.81934049896234695
  0.82772781562139475  0.83826407254679480  0.85046740027804568  0.85961908595732728
  0.86894571686692723  0.88049411957726709  0.89133259877950521  0.90216711346198630
  0.91096635874587806  0.91825899695220847  0.92510769231864665  0.93544203954027993
  0.94743525451341115  0.95653359457660614  0.96214870097918603  0.96849667339041057
  0.97611742511257538  0.98374855772746161  0.99161242511016556  1.00000000000000000
 -0.00421665977023229  0.00777600454548453  0.01849016031714858  0.02547428646872057
  0.03259696660291429  0.04002984437156630  0.04690811739046531  0.05337454574123871
  0.05975285070108215  0.06563535443229440  0.07124885646219607  0.08001536872965076
  0.08625128337334875  0.09379699584292460  0.09994892871893395  0.11017132097722486
  0.12528728762910576  0.13906918861716852  0.15379961950803811  0.17006216876931654
  0.18254982781415141  0.19547474981837282  0.21234918916794432  0.23142988461360445
  0.24865058322690478  0.26138721735847015  0.27273217289376778  0.28226153600036957
  0.28767414040165173  0.29202322609793707  0.29636182201265865  0.30102756116242285
  0.30738837924594520  0.31862685465836516  0.34311773018173353  0.36466386713594373
  0.38031315797029369  0.39285813702212302  0.40208499964977984  0.40762394784005196
  0.41396499201221615  0.42213019775879751  0.43412409194598567  0.44586769186762898
  0.45724904577897352  0.47008423555508133  0.48689148892821171  0.50733331955230576
  0.52161128365271558  0.53523467138053804  0.54776726988537894  0.55856081532343671
  0.56885205810121775  0.57949296694672636  0.58790538413422944  0.59483616061653721
  0.60094580678712006  0.61175555651954838  0.62506863827053416  0.63718917699719457
  0.64743343180826574  0.65656207508652598  0.66297987091529498  0.66896886203276995
  0.67558115300069377  0.68148349078572723  0.68638680876311797  0.69075659515724985
  0.69711288631159452  0.70651597192451465  0.71569929683639721  0.72223214590536544
  0.72744757077071232  0.73310308192833495  0.74135117511676119  0.74993319422052118
  0.76105891830412098  0.77721310632144003  0.79395562005297349  0.80419396617407579
  0.81475955007012479  0.82481888300743167  0.83574232656654968  0.84718573451545254
  0.85888027820809065  0.87084337627156827  0.88657052973359918  0.90176708288361296
  0.91733179018739441  0.93503949705972222  0.94623160495239111  0.95697498505965706
  0.96809055354739559  0.97775354113223656  0.98671655596774732  1.00000000000000000
 -0.00281515267994201  0.00937604146155910  0.02231834366597211  0.03185582132885233
  0.04008137772035247  0.05008372387540228  0.05951647234957640  0.06355118746778071
  0.06895671596116826  0.07704249273481535  0.08091326260103311  0.08513833351322281
  0.09172617378873313  0.10401724910404683  0.11322761512468145  0.12416169296347403
  0.13885501621111401  0.15310852039567860  0.17137835992080475  0.18358092463467324
  0.19584704724020061  0.20616216180211827  0.21263425402912703  0.21816641698983233
  0.22385336333589190  0.22843618061249857  0.23238842439996149  0.23663870272393775
  0.24356671092128374  0.25347957925957121  0.26278380165027465  0.26919026360490811
  0.27275355820154623  0.27786456403267307  0.28479485025803492  0.29131144040990364
  0.29737184032777286  0.30479941584437653  0.31368853341946995  0.32662345550942556
  0.34219393330788428  0.35659709247847743  0.36902477020451890  0.38205585666270508
  0.39552353700615439  0.41084004834822346  0.42371400211597071  0.43906064850852322
  0.45526511964960181  0.47089278915829730  0.48185153485873389  0.48920073100266381
  0.49754927930448567  0.50615606495310950  0.51529556016747158  0.53039723713502951
  0.54623326431427965  0.55861203279353322  0.56698557893253276  0.57331840521844191
  0.57854231220961128  0.58572917303031180  0.59105364889479939  0.59563721014990412
  0.60088985030714781  0.60914743023814844  0.61771211059362996  0.62556195653435920
  0.63192337376458263  0.63988633623519153  0.65034025097565962  0.66396382958367128
  0.67671661338809364  0.68804052564091089  0.69938122738710184  0.71048391349118778
  0.72238428397454990  0.73293299503354969  0.74167946229092785  0.74865451220952606
  0.75725015465967249  0.77165176331909757  0.78912355351127805  0.80372344212802660
  0.81523356939910174  0.82701758988453522  0.83890041711896612  0.85057321819126275
  0.86498769303574785  0.88042909224998023  0.89574391955303134  0.91047262498915194
  0.92858363425878143  0.94875095495427542  0.97046025724996587  1.00000000000000000
 -0.00427891967531176  0.01719395260038158  0.03287218430212683  0.04408655289344517
  0.05704189445145687  0.06950463812499125  0.08021448391653428  0.08886143310655328
  0.09676306230838698  0.10485076784442487  0.11387848539343809  0.12355805289667796
  0.13089819312699835  0.13740640825829403  0.14553576098800641  0.15523181344031536
  0.16620008751465590  0.17588090125489686  0.18575198989987923  0.19797623801349182
  0.21019178806938330  0.22405024232693174  0.23875240504059475  0.25059453819598299
  0.26133815410563349  0.27250475301707255  0.28252812570438957  0.29342283262060609
  0.30838509949528137  0.32467689346621631  0.34040714626206237  0.35252551063692134
  0.36169513409667792  0.37047746528752973  0.38171891040420253  0.39460640637732508
  0.40443102153029209  0.41202511541875603  0.42288888860174834  0.43745336622561226
  0.45431288439407153  0.47008772210261113  0.48481333951324951  0.49656911706818491
  0.50642994403560326  0.51476917766943420  0.52324444690318461  0.53201320463418422
  0.54808221830834658  0.55625936185004521  0.56407662649834567  0.57152196919496490
  0.57837219819375163  0.58631273901139036  0.59683862066745108  0.60920221154481147
  0.62186276232549231  0.63480596359700270  0.64971945297691613  0.66188040624907973
  0.67212911561744648  0.68039608784254990  0.69172293282596986  0.70025109414444009
  0.70896295212276905  0.71477050124650399  0.72034226693084413  0.72647903009432813
  0.73434238489115689  0.74533437432698446  0.75485673226079175  0.76283876749369883
  0.77081173364976663  0.78037410793784912  0.79270551339907158  0.80314336714152079
  0.81213778128515224  0.82564441796050569  0.84001553453268352  0.84936644079001300
  0.85748857800172129  0.86261339013552452  0.86773250229366206  0.87395838174997120
  0.88391211411194048  0.89507868193071871  0.91151957298463437  0.92168266614386551
  0.93114134514569147  0.94035594466101879  0.94909453517103759  0.95847642572371505
  0.96820421235742593  0.97776486523111250  0.98888243261555608  1.00000000000000000
 -0.00373947437495877  0.01156599305693604  0.02176466993520993  0.02925437928881221
  0.03366445355259938  0.03760471876262247  0.04178412486399909  0.04614553903833908
  0.05071558866905575  0.05665820205650136  0.06201968672483869  0.06727253586682601
  0.07260249460729236  0.07863467111009809  0.08561878365969638  0.09180666156846223
  0.09647163568389411  0.10220054651952130  0.10817438161118732  0.11207790148358991
  0.11523914981539056  0.11770206369959277  0.11978703695937677  0.12204691135583065
  0.12555328005097019  0.13025653639106108  0.13602780618881560  0.14517908036918495
  0.15730406186338644  0.16911377518571072  0.17787121964083191  0.18377012223514838
  0.18899555178965008  0.19524918863827381  0.20225417056326600  0.21030174154713333
  0.21894421503228712  0.22583740120493051  0.23384846028001169  0.24104172233562887
  0.24702859729877952  0.25315256086776405  0.25929325483449883  0.26683791316682343
  0.27039943306691344  0.27314416885568954  0.27540823096106903  0.27922521335419304
  0.28490313063188033  0.29716377625226442  0.30477785205372315  0.31034590904280340
  0.31894130059050602  0.32944266128895910  0.33723325997663978  0.34402654918764786
  0.35283767790073711  0.36142891597117432  0.37162351807372757  0.38674320360644354
  0.40421921281832834  0.42547584539921585  0.44972839322541713  0.46937319401042471
  0.48491796083853450  0.49729286976217041  0.50952083765354250  0.52487721577564228
  0.53724602661330589  0.54734724636597221  0.55911061825683983  0.57205747805091078
  0.58383202171548065  0.59905292460827053  0.62126259516443549  0.64758987589423145
  0.66884661400934853  0.68419469670384314  0.70423779487044791  0.72437270316414115
  0.74812098019044015  0.78025623881360273  0.80845898574803376  0.82905554979043827
  0.84733713635557595  0.86370474466608327  0.87851882787933588  0.89193353839336365
  0.90309853493643044  0.91380588961812548  0.92380894035373751  0.93211721261471803
  0.94380873706845503  0.96290032474120135  0.98484077969800610  1.00000000000000000
 -0.00281772059874859  0.01463544142185558  0.02644512180694214  0.03389036677010460
  0.04138555330589589  0.05024175318631335  0.05986505632149160  0.06609062504175046
  0.07283151047469222  0.07793953252738306  0.08125183125877454  0.08596564479194059
  0.09419870334268919  0.10317623522315207  0.11183310348843796  0.11701350989624762
  0.12027969587455774  0.12379259064108190  0.12901666001816389  0.13534044074072238
  0.14195617796449256  0.15504360232090852  0.17109410625482480  0.18714495360813535
  0.20204742961611133  0.21588392463307565  0.22786302216700069  0.24145079402334746
  0.25653872837444675  0.27230497126374359  0.28929723469910174  0.30638184058500184
  0.32102314316913089  0.33434579558692834  0.34727874052526592  0.35839287419415294
  0.36881687313346523  0.38019108308645572  0.39798201037290198  0.41282303558072403
  0.42703581847615085  0.44024434847438781  0.45005259621570254  0.45936228564259102
  0.46757456467122360  0.47380725348590141  0.47942662960096988  0.48579393129127518
  0.49303952297866421  0.50032494589413989  0.50795518920733707  0.51495008324790792
  0.52508868694122923  0.53406888617101855  0.54607330512895702  0.55243999787013498
  0.55741152147262929  0.56055957875137519  0.56411151034387996  0.56803774709572996
  0.57410026389099367  0.58504851571078764  0.60108702115224022  0.61548467707668275
  0.62592214882002839  0.63608174536377227  0.64622948617836473  0.65653707490288593
  0.66767306619130329  0.68064612071489106  0.69394192837068058  0.70307261431999790
  0.71084454068315350  0.72050871009435657  0.73308827477805127  0.74445782819215922
  0.75482712144176711  0.76513982481458342  0.77643676413141915  0.78801007454285099
  0.80437882102870251  0.82561598050324025  0.84386928390993787  0.85864795026196461
  0.87141774083484480  0.88174759131492664  0.89242923968578369  0.90439451850026298
  0.91650217260258482  0.92750590551251078  0.93760804855724356  0.94829683361697370
  0.95811222574696653  0.96807691791936912  0.98104306091954085  1.00000000000000000
 -0.00135887012498963  0.00580008607037498  0.01090540300048102  0.01730572601825686
  0.02394778032567650  0.03048975063848944  0.03686050787565524  0.04356945512682018
  0.04925547902088418  0.05478635816559667  0.06184372435226107  0.07141620450241923
  0.08152371327477137  0.08913885053694114  0.09649244039443658  0.10527030441313304
  0.11479178156281432  0.12320486526071803  0.13123614388967886  0.13895401389757367
  0.14571140070970137  0.15140772404119088  0.15725040254173203  0.16366470714202858
  0.16974473567502407  0.17621295706604090  0.18423798132239660  0.19379524294030115
  0.19968527716960308  0.20398079333657271  0.20615498905236312  0.20804311923852795
  0.20998895978526488  0.21192157005537962  0.21447802588067821  0.21991185783493786
  0.22874826718397753  0.23675925554991389  0.24408670172701377  0.25193001717772495
  0.26012170418060915  0.26781705756101087  0.27380990760215862  0.28126398898933735
  0.28961320999647788  0.29799179496750905  0.30608175519627834  0.31606065145294193
  0.32704533936634911  0.33601470672268818  0.34378189002148651  0.35117373106957855
  0.36131637855934545  0.37496494607294845  0.38987017794311007  0.40638310515174048
  0.42285536639868998  0.43913290382332987  0.45513653384611291  0.46663036639497008
  0.47924052887812768  0.49157700900594214  0.49938712397433821  0.50643123259461731
  0.51359029780843257  0.52621598216959953  0.53444987637381736  0.54390643546799300
  0.55608954961276713  0.56827569157203783  0.58476768165567616  0.60354397223556833
  0.62397769103573575  0.64671473131014046  0.66722376910860559  0.68611553891717525
  0.71003710653084395  0.73794215335069102  0.77438244027800063  0.80504134448513587
  0.82563197876587135  0.84087059247419027  0.85461498979197237  0.86718406953798555
  0.88567232755847636  0.90023154679740436  0.91547568735719564  0.93282713544459472
  0.94835792638874805  0.95916619113628432  0.96525930899988743  0.96972973730653123
  0.97525380443359533  0.98188102029130453  0.99086496326996387  1.00000000000000000
 -0.00329350270630406  0.01506634455475810  0.03080532541607654  0.04484392379262272
  0.05870570754511806  0.07541888710382443  0.09033856878357287  0.10495669923662093
  0.11859166549328785  0.13102670657601390  0.14438806022822834  0.15652509411844570
  0.16663221089522215  0.17205517444268262  0.17640026876234172  0.18248264708608403
  0.18818507787262773  0.19269468509320697  0.19764226829824300  0.20570196140213695
  0.21883827971078817  0.23673033481620384  0.25115180688774791  0.26227939394252447
  0.27011165433982126  0.27688019265940683  0.28223806995241640  0.28600090663839745
  0.29107095302028957  0.29664517982907979  0.30498485664277264  0.31631602859154667
  0.33397159078472671  0.34993759152163229  0.36543491929511690  0.37267474816870666
  0.37861588055300838  0.38480155189165988  0.39342744924012152  0.41268189133866551
  0.43257559599109924  0.44462838986804515  0.45635215280304048  0.46790392280868859
  0.47622633180380003  0.48360611530700615  0.48842448150245460  0.49425911056799376
  0.50785137613469822  0.52418563052584466  0.53537810189192692  0.54193705742263187
  0.54836759651163469  0.55425427477963130  0.55914945416268602  0.56398794889060000
  0.56875900314068428  0.57986733095053589  0.60334760295411183  0.61988229738166778
  0.62994030123221234  0.63748392529634834  0.64595290711208020  0.65731353267452064
  0.67092429469399739  0.68422915614458568  0.69723938889940396  0.70976379312235816
  0.72064516724555949  0.73136580551885866  0.74161694708309112  0.75358360964145288
  0.76874956859294385  0.78453195304670809  0.79833146411493472  0.80918150832397573
  0.81685317369600452  0.82313778368175283  0.82947636450942641  0.83610164222848526
  0.84477237493040103  0.85728519687719507  0.86656598455514011  0.87173073448299365
  0.87761199467195516  0.88602608738818311  0.89441700977563854  0.90283783252923666
  0.91158484285999819  0.92394471282669466  0.93572002084632011  0.94746136751852572
  0.96228134040997038  0.97616189685947941  0.98820948015864085  1.00000000000000000
  0.06749632258753677  0.19664273847397268  0.23291355918212506  0.24472156393967828
  0.25455162953188926  0.26340888218669378  0.27298711530526498  0.28305219973173895
  0.28938809221645428  0.29675113929824842  0.30418819659012136  0.30975914361676493
  0.31766486759490520  0.32484417308121866  0.33059787172458804  0.33529485471944348
  0.33781811987186589  0.34005615116247562  0.34197348077738909  0.34485490535299701
  0.34838078522258620  0.35270952016662105  0.35813847392099013  0.36577198946214284
  0.37362096771091446  0.38202468039484999  0.38871557091904524  0.39347963643602046
  0.39766267158673119  0.40178385298193314  0.40660856553606312  0.41088575142711159
  0.41491597474497727  0.41701523960382997  0.42027233393570634  0.42333883948424000
  0.42485176709315314  0.42570692565689466  0.42657409493463633  0.42748108190151235
  0.42843494318156633  0.43078407145972664  0.43421829610509516  0.43890202437648168
  0.44194128207602512  0.44462850308906954  0.44699372142537241  0.44881551723322954
  0.45044803117392018  0.45211971715372007  0.45391665957727328  0.45690666496819754
  0.46189063626890459  0.46893105961763437  0.47578673598273702  0.47948828168968166
  0.48335142679960535  0.48737981521786838  0.49138977032789721  0.49549839223078862
  0.50038810842881587  0.50532678598543923  0.50889213254334220  0.51210629876930136
  0.51646198625611062  0.52112219820392236  0.52577846799365735  0.53219033679161065
  0.54194329794283158  0.55365856922690493  0.56562380434681780  0.57608435808940883
  0.58328449675871386  0.58880052299056129  0.59277575416267070  0.59536407665097613
  0.59937355813627591  0.60310319136534518  0.60725589461871632  0.61124937362014764
  0.61602135019791260  0.62063259478852639  0.62562406708531804  0.63261164385481627
  0.64112132916646802  0.65089028118807102  0.66363854009697432  0.67414426992631649
  0.68288292602654133  0.69289177174483207  0.70718173232685677  0.72285388742607282
  0.73378651233434389  0.75124159700365922  0.80075676972772158  1.00000000000000000
 -0.03201867897036239  0.14490410186493757  0.20383044507966505  0.23720230933801123
  0.25749647846543561  0.27545064902421290  0.29321951123143902  0.31224408141740473
  0.33297441247579213  0.35087293450097889  0.36385098149000239  0.37355991260766058
  0.38325370379054491  0.39293357748328900  0.40399538357075082  0.41736225138513933
  0.43071133782383286  0.44062512802262771  0.44740757985773061  0.45337346206192625
  0.46002986398038520  0.46736287437536228  0.47696542738840231  0.48563827182871661
  0.49071375519495658  0.49457973575285868  0.49773238888428134  0.50091072564298211
  0.50457365532135301  0.50932329610204297  0.51507915289031569  0.52108510801776109
  0.52791341767177768  0.53363081640334875  0.53867781249082614  0.54341305821263586
  0.54773561596285059  0.55179814265858640  0.55727866242381219  0.56153904835359392
  0.56445903009791520  0.56915038747436275  0.57321838563018623  0.57655378432584969
  0.57945263541046288  0.58209946300421134  0.58492606178930306  0.58933696529194424
  0.59169846335872867  0.59404489322485554  0.59632663595855484  0.59893360397309214
  0.60361734513221865  0.60918875492602331  0.61411058225060600  0.61852526993997692
  0.62288200752709777  0.62678901207354343  0.63003306447943197  0.63279476202456075
  0.63545039316232332  0.63824613359938509  0.64029252814278759  0.64379139676483166
  0.64882300090367506  0.65387162045139191  0.65888124108416501  0.66411230298432833
  0.66913649305975564  0.67411433987974867  0.67899823677919036  0.68358496272939584
  0.69019599411633292  0.69974680989023563  0.71089396756000633  0.72124112202126667
  0.72930792392547539  0.73500512283134556  0.74022617348862729  0.74594181991993447
  0.75085686930879603  0.75634546623082688  0.76411080028938116  0.76914305651156589
  0.77338363393528331  0.77653271642030397  0.78053322503218758  0.78556271837782821
  0.79200969070524152  0.80340315867538781  0.81508802752152576  0.82532183209205912
  0.83664890708148032  0.85018074458969584  0.87687111856274824  1.00000000000000000
   5.3824853443742176E-013  -1.0000000000000000     
 T F F F F F F F F F F F F F F F F F F F T F F F T F F F F F F F F F F F T F F F T F F F F F F F F F F F F F F F F F F F T F F F F F F F F F F F F F F F F F F F F F F F F F F F F F F F F F F F F F F F F F F F F F F F F F F F F F F F F F F F F F F F F F F F F F F F F F F F F F F F F F F F F F F F F F F F F F F F F F F F F F F F F F F F F F F F F F F F F F F F F F F F F F F F F F F F T F F F F F F F F F F F F F F F F F F F T F F F T F F F F F F F F F F F T F F F T F F F F F F F F F F F F F F F F F F F T F F F T F F F F F F F F F F F F F F F F F F F T F F F T F F F F F F F F F F F T F F F T F F F F F F F F F F F F F F F F F F F T F F F F F F F F F F F F F F F F F F F F F F F F F F F F F F F F F F F F F F F F F F F F F F F F F F F F F F F F F F F F F F F F F F F F F F F F F F F F F F F F F F F F F F F F F F F F F F F F F F F F F F F F F F F F F F F F F F F F F F F F F F F F F F F F F F F T F F F F F F F F F F F F F F F F F F F T F F F T F F F F F F F F F F F T F F F T F F F F F F F F F F F F F F F F F F F T F F F
  <DiscreteSampler_grid>
  grouped_processes
  1 # 1 for a reference and 2 for a running grid.
  10 # Attribute 'min_bin_probing_points' of the grid.
  1 # Attribute 'grid_mode' of the grid. 1=='default',2=='initialization'
  0.0000000000000000 # Attribute 'small_contrib_threshold' of the grid.
  0.5000000000000000 # Attribute 'damping_power' of the grid.
 # binID   n_entries weight   weight_sqr   abs_weight
    16   10   1.394296463279410E-011   1.112477328363069E-021   1.394296463279410E-011
    17   10   1.394296463279430E-011   1.112477328363069E-021   1.394296463279430E-011
    19   10   5.213892298258489E-012   9.115880568176420E-023   5.213892298258489E-012
    20   10   5.213892298258591E-012   9.115880568176785E-023   5.213892298258591E-012
    22   10   5.384473715353982E-012   9.866447968802196E-023   5.384473715353982E-012
    23   10   5.384473715354061E-012   9.866447968802459E-023   5.384473715354061E-012
    28   10   1.387863536857546E-010   1.280423599642301E-019   1.387863536857546E-010
    29   10   1.387863536857513E-010   1.280423599642244E-019   1.387863536857513E-010
    31   10   2.162889792850006E-010   2.782290919651905E-019   2.162889792850006E-010
    32   10   2.162889792849967E-010   2.782290919651802E-019   2.162889792849967E-010
    34   10   2.181334494132700E-010   2.799818918081303E-019   2.181334494132700E-010
    35   10   2.181334494132661E-010   2.799818918081200E-019   2.181334494132661E-010
    40   10   1.394296463279407E-011   1.112477328363065E-021   1.394296463279407E-011
    41   10   1.394296463279430E-011   1.112477328363071E-021   1.394296463279430E-011
    43   10   5.213892298258493E-012   9.115880568176420E-023   5.213892298258493E-012
    44   10   5.213892298258583E-012   9.115880568176756E-023   5.213892298258583E-012
    46   10   5.384473715353984E-012   9.866447968802189E-023   5.384473715353984E-012
    47   10   5.384473715354051E-012   9.866447968802421E-023   5.384473715354051E-012
    52   10   1.387863536857545E-010   1.280423599642299E-019   1.387863536857545E-010
    53   10   1.387863536857513E-010   1.280423599642244E-019   1.387863536857513E-010
    55   10   2.162889792850005E-010   2.782290919651905E-019   2.162889792850005E-010
    56   10   2.162889792849965E-010   2.782290919651799E-019   2.162889792849965E-010
    58   10   2.181334494132700E-010   2.799818918081302E-019   2.181334494132700E-010
    59   10   2.181334494132660E-010   2.799818918081199E-019   2.181334494132660E-010
    64   10   1.394296463279411E-011   1.112477328363069E-021   1.394296463279411E-011
    65   10   1.394296463279431E-011   1.112477328363075E-021   1.394296463279431E-011
    67   10   5.213892298258474E-012   9.115880568176350E-023   5.213892298258474E-012
    68   10   5.213892298258605E-012   9.115880568176839E-023   5.213892298258605E-012
    70   10   5.384473715353967E-012   9.866447968802132E-023   5.384473715353967E-012
    71   10   5.384473715354076E-012   9.866447968802520E-023   5.384473715354076E-012
    76   10   1.394296463279411E-011   1.112477328363069E-021   1.394296463279411E-011
    77   10   1.394296463279431E-011   1.112477328363075E-021   1.394296463279431E-011
    79   10   5.213892298258472E-012   9.115880568176345E-023   5.213892298258472E-012
    80   10   5.213892298258601E-012   9.115880568176819E-023   5.213892298258601E-012
    82   10   5.384473715353964E-012   9.866447968802117E-023   5.384473715353964E-012
    83   10   5.384473715354070E-012   9.866447968802493E-023   5.384473715354070E-012
    88   10   1.387863536857547E-010   1.280423599642301E-019   1.387863536857547E-010
    89   10   1.387863536857512E-010   1.280423599642244E-019   1.387863536857512E-010
    91   10   2.162889792850005E-010   2.782290919651905E-019   2.162889792850005E-010
    92   10   2.162889792849966E-010   2.782290919651799E-019   2.162889792849966E-010
    94   10   2.181334494132699E-010   2.799818918081302E-019   2.181334494132699E-010
    95   10   2.181334494132659E-010   2.799818918081196E-019   2.181334494132659E-010
    100   10   1.387863536857546E-010   1.280423599642300E-019   1.387863536857546E-010
    101   10   1.387863536857512E-010   1.280423599642243E-019   1.387863536857512E-010
    103   10   2.162889792850005E-010   2.782290919651906E-019   2.162889792850005E-010
    104   10   2.162889792849965E-010   2.782290919651799E-019   2.162889792849965E-010
    106   10   2.181334494132700E-010   2.799818918081304E-019   2.181334494132700E-010
    107   10   2.181334494132659E-010   2.799818918081196E-019   2.181334494132659E-010
  </DiscreteSampler_grid>
