  0.02383934401662551  0.03450622773882794  0.04611807128629560  0.05698918760030286
  0.06586527911857425  0.07410670213529759  0.08240769336898610  0.09229428846900394
  0.10223133612145667  0.11166939170530082  0.12178285988081755  0.13360145262355619
  0.14557028861772364  0.16045549627779934  0.17448904993865577  0.18551278656122777
  0.19478557871307692  0.20429226510896545  0.21337783622374709  0.22356440021247714
  0.23555839314006255  0.24803858814331689  0.25936976991089350  0.26957469004982715
  0.27917810777971863  0.28873145760652036  0.29734828064528501  0.30511952318067270
  0.31266545996174516  0.31996508601350337  0.32922175489599104  0.33941564482785908
  0.35036446806976929  0.36072432778301916  0.37027176264970846  0.37873818739225545
  0.38676919513902741  0.39466403740742162  0.40264377664278744  0.41162720470521369
  0.42143564326225758  0.43091874317525053  0.44114539266193009  0.45197979366187202
  0.46209235679629862  0.47219899637686591  0.48281654607327040  0.49171082700856039
  0.49916954982553297  0.50627531337517528  0.51372789409791930  0.52263571948735343
  0.53339731383935252  0.54581930122645750  0.55947378555918348  0.57220727124965376
  0.58292912287936827  0.59334975662053646  0.60484710003118825  0.61365395966545400
  0.62251393204671202  0.63152295147427528  0.64169553019331560  0.65195961349261433
  0.66065838022026735  0.66899350891362552  0.67652972279265555  0.68285047836851365
  0.68981014441464705  0.69804751368666496  0.70695477923967676  0.71699464291782766
  0.72820401451086314  0.74008073617025105  0.75133952819093386  0.76267856305263038
  0.77259600857142274  0.78214523952187609  0.79200010791008291  0.80243204619382646
  0.81418865919531391  0.82555347012851676  0.83524361114308776  0.84427337032620620
  0.85372140950848230  0.86457553141437526  0.87669891407904510  0.88927198641867133
  0.90106226549927371  0.91178438970928299  0.92246396122877705  0.93372046925675722
  0.94566258432176653  0.95939084836579014  0.97194997856778320  1.00000000000000000
  0.00003150232435390  0.00007900891157060  0.00009870985710462  0.00011423498112872
  0.00012718310804398  0.00013876461520940  0.00015109966718075  0.00016398278700308
  0.00017650946159598  0.00018860951787377  0.00019845148594245  0.00020795853808100
  0.00021752245204170  0.00022771197876840  0.00023722119015809  0.00024570718445414
  0.00025363573373006  0.00026215716566434  0.00027118543301844  0.00027988723821978
  0.00028891960484306  0.00029756661159150  0.00030571277211730  0.00031378393605787
  0.00032208041308786  0.00033048333557193  0.00033859345936105  0.00034733460538941
  0.00035805718903814  0.00036961761099398  0.00038006729808592  0.00038998508618405
  0.00039958866935514  0.00040851510111932  0.00041686956411823  0.00042532420450144
  0.00043382338326777  0.00044342152997287  0.00045475120177367  0.00046773582215038
  0.00048236983425811  0.00049755928013678  0.00051188586531973  0.00052517879595220
  0.00053809162098568  0.00055092711826039  0.00056343892194632  0.00057616639032907
  0.00059006064852832  0.00060402072123260  0.00061871937117265  0.00063333313899451
  0.00064743589159689  0.00066109341134807  0.00067407938625418  0.00068680811228439
  0.00069864592090961  0.00070952001471475  0.00072090687756355  0.00073369032401831
  0.00074802023071393  0.00076268217418978  0.00077670678385794  0.00079133493073545
  0.00080543194547358  0.00081924118606868  0.00083403338032331  0.00084819883548382
  0.00086139629607530  0.00087421336934360  0.00088720114123074  0.00089771258036647
  0.00090832174952040  0.00091967130988701  0.00093139171204320  0.00094416251700948
  0.00095907795175234  0.00097779809374258  0.00099633177941915  0.00101168293914451
  0.00102709339105017  0.00104324300379313  0.00106349708104318  0.00108948654961036
  0.00111424433539040  0.00113968640167676  0.00117061487402593  0.00120659894647028
  0.00125043347830596  0.00130211313108200  0.00136151718962742  0.00143155394721296
  0.00151722921411202  0.00165472517254298  0.00182621832001276  1.00000000000000000
  0.00018040201197234  0.00033146893550200  0.00040350939901244  0.00046611329029226
  0.00052269623495826  0.00056572412588450  0.00060508828340274  0.00064680011152336
  0.00068383084992390  0.00071222870752880  0.00073907772908927  0.00077106429557649
  0.00080780526488317  0.00083961310531681  0.00086929835914542  0.00089649276204855
  0.00092124059094421  0.00094614129693023  0.00097425532165297  0.00100638039639891
  0.00103937174961740  0.00107329715508606  0.00110685913408532  0.00113578028798868
  0.00116041662095312  0.00118277682747550  0.00120296284864393  0.00122230419083781
  0.00124212892165553  0.00126564255827760  0.00129180156409744  0.00131851258697762
  0.00134471846664274  0.00137194719949612  0.00140024956725424  0.00142543352297821
  0.00144855071454853  0.00146859035587497  0.00148744812314753  0.00150793030908404
  0.00153040374574480  0.00155354680451120  0.00157544822139015  0.00159433560584531
  0.00161127100475666  0.00162777693195816  0.00164114654512401  0.00165470652004742
  0.00166815811498277  0.00168153568954910  0.00169781236389709  0.00171582944716039
  0.00173329214259758  0.00175069914006982  0.00176740681484716  0.00178346927216302
  0.00179909726134112  0.00181511488435109  0.00183094623068945  0.00184354652584945
  0.00185598256255759  0.00186847750660193  0.00188335261417722  0.00189737962058820
  0.00191156068112291  0.00192401644350571  0.00193687754463422  0.00195052310543360
  0.00196477802853581  0.00197914750091165  0.00199306902107573  0.00200590595939137
  0.00201780270235367  0.00202982834163209  0.00204150910531127  0.00205339117316264
  0.00206550897106829  0.00207717293527768  0.00208825744258927  0.00209910396322950
  0.00210881475036398  0.00212112779969761  0.00213371658993029  0.00214723039354846
  0.00216353565500949  0.00218214669995484  0.00220594884087876  0.00223231594382566
  0.00225974533174289  0.00228827559683036  0.00231762115070307  0.00235396743906756
  0.00240206840378198  0.00246193412420582  0.00248970337681249  1.00000000000000000
  0.02453852055516475  0.03045031567595491  0.03859098548642496  0.04717636216180936
  0.05682503804862024  0.06691190025437983  0.07653158563773578  0.08715843654813729
  0.09942358351998948  0.10975604285623802  0.11729875883576082  0.12547888334757479
  0.13455284566979689  0.14462028174527128  0.15430164614546560  0.16294754254600535
  0.17318307018016377  0.18382761637658779  0.19305073543155810  0.20103023939410464
  0.20938560860015865  0.21911411800810981  0.22912965115552686  0.23995846899914441
  0.25167185836948380  0.26357850960886209  0.27439496964276339  0.28333752515339305
  0.29434705955206453  0.30448182960958786  0.31372155324143242  0.32273744765516044
  0.33226761738469157  0.34228055523330092  0.35178812077183369  0.36093764150702540
  0.36868565334247733  0.37676957809111883  0.38468611142650927  0.39329963843879451
  0.40459473090358206  0.41690408790810685  0.42743605224003645  0.43631493526945447
  0.44383311709876555  0.45087987604997259  0.45867955114500847  0.46717311888566582
  0.47723280470490487  0.48820419671902326  0.49540166511186673  0.50470239323319799
  0.51447791787027153  0.52471279090818990  0.53584898384458612  0.54644538905801854
  0.55679741901413515  0.56774856468400270  0.57812214920987115  0.58800170646811478
  0.59829895935385913  0.61009028605365234  0.62185289924814036  0.63311700310938901
  0.64304086281613038  0.65318872949168516  0.66307953060702762  0.67275323865082604
  0.68250788980525845  0.69217689948285177  0.70197318235424622  0.71259432205321593
  0.72367163620398955  0.73470758556942395  0.74601005785783958  0.75958588215104861
  0.77427376696447181  0.78514824798485716  0.79521405501106757  0.80657797786756125
  0.81813383280260588  0.82929439294156893  0.84132246483660245  0.85220964523093190
  0.86226283102688395  0.87371223172400470  0.88480590376108381  0.89894503466781350
  0.91137359567374310  0.92318986617366228  0.93505021759555851  0.94653110368413007
  0.95748715259953565  0.96649131540459265  0.97126956449922208  1.00000000000000000
  0.02463009073431669  0.04973294493724725  0.07090449703538665  0.08628474965044683
  0.09790889294368932  0.10898195577273230  0.11919405248409104  0.13114946442336015
  0.14192734091090664  0.15223223080899023  0.16373399732860847  0.17592689220589142
  0.18798941084695414  0.19659366715788656  0.20312261208726065  0.20945953409760423
  0.21502080869308859  0.22167117897371402  0.22927401313060211  0.23856844236574509
  0.24848285211820348  0.25678639446469742  0.26535273203201432  0.27368618972344005
  0.28248699150923573  0.29429477063561926  0.30515336948061433  0.31542724007277367
  0.32360315755090235  0.33172438549705219  0.33880069698114257  0.34569295638705422
  0.35291302988619938  0.36115934759328461  0.36893959143326110  0.37572147098504305
  0.38297480718898497  0.39010222437139774  0.39866206301099333  0.40993894981077345
  0.42204889903022125  0.43275972911608862  0.44428488088314888  0.45494170062481820
  0.46557505297069929  0.47565239352307453  0.48479635635672358  0.49432500584145439
  0.50393611846621522  0.51415071107600419  0.52541208399931905  0.53709311829369355
  0.54909782068368007  0.56218083942521579  0.57519584348048425  0.58838604966907826
  0.59894606539121686  0.60857538353041551  0.61818057175659058  0.62720547954366335
  0.63830593388694390  0.64961734363318402  0.66068930232875456  0.67148037844593145
  0.68170306615415144  0.69167671276839826  0.70140647598508021  0.71097424719826285
  0.71999312884668920  0.72872734344074142  0.73643248877325540  0.74526710671920604
  0.75219530223957864  0.76027212818872414  0.76827339927293681  0.77614435881348565
  0.78569428762998328  0.79600093097778601  0.80919626061599159  0.82585005347844354
  0.83811809908859602  0.84765103839142553  0.85593013326681211  0.86417033541512689
  0.87285934342460392  0.88175411678813420  0.89018595830915204  0.89861564064647015
  0.90856293375203523  0.91770070227815748  0.92678659279866626  0.93582437285965769
  0.94671336727124855  0.95997668435687966  0.97102270218809927  1.00000000000000000
 -0.00022820484975745  0.00200937931804956  0.00370888092007050  0.00581082654716399
  0.00827632003928218  0.01105623964758733  0.01409507215982219  0.01785592729093238
  0.02095795489140787  0.02450247455190229  0.02868809237416433  0.03358150544059792
  0.03782306606469960  0.04189244434236912  0.04722900332630930  0.05311017254379278
  0.05893934319909051  0.06493805172275187  0.07193267372445110  0.07873349256770053
  0.08570097202025045  0.09290375202448790  0.10080485700947940  0.10819168071396841
  0.11450900055801129  0.12064642713484630  0.12758734313558492  0.13608334050061699
  0.14577153818882793  0.15558244905229754  0.16477724572588517  0.17345399204251208
  0.18224660646454216  0.19244409331471415  0.20361459506417312  0.21565008447655026
  0.22771709510559174  0.23769202426232333  0.24790282745979780  0.25911954445829077
  0.27150577760558975  0.28410428105581942  0.29541384631275958  0.30504892222909102
  0.31341879876130274  0.32219498718027240  0.33121134376550171  0.34008916620904900
  0.34946838272981873  0.36261907340155575  0.37756493775985484  0.39050087459946253
  0.40341712953522185  0.41619036093126643  0.42926614188056134  0.44208987471013750
  0.45361323822152133  0.46479412937908199  0.47590086418662836  0.48576927947619564
  0.49671080275021789  0.50940220190471563  0.52228123177101060  0.53505827057504796
  0.54808814371967485  0.56191014539237860  0.57794138853442045  0.59507643960201506
  0.61348533224510515  0.63216464621418778  0.64924548448070030  0.66481992172659898
  0.67922503370760656  0.69028183060109738  0.70113094490196337  0.71233840386183067
  0.72384926185125298  0.73553733456086501  0.74773006472621117  0.76310062276942037
  0.77923495493159789  0.79588104195951326  0.81336117998103397  0.83172291557677602
  0.84754943202546040  0.86215260281417416  0.87454696737129278  0.88704400273068496
  0.89909290816128806  0.91113351409140231  0.92584962513661495  0.94047976780501941
  0.95607549954865789  0.97142441956762704  0.98603944489195183  1.00000000000000000
 -0.00357992553225871  0.01394846717517035  0.02692576910733783  0.03901209511670931
  0.05059534870496168  0.06060115058316063  0.06904041731197130  0.07684548828307156
  0.08632824274499010  0.09858787953124123  0.11095892679354022  0.12246530578265728
  0.13356359385972938  0.14397100026924606  0.15313214395640859  0.16178552485516634
  0.17237530708037194  0.18526826636512961  0.19799736123435555  0.20941050754757426
  0.21907442458723186  0.22756935609599346  0.23555174328669334  0.24372525331366915
  0.25284110781815694  0.26197987878641604  0.27183113541932080  0.28343610293171195
  0.29722664301469010  0.31176524379634291  0.32468785693142804  0.33636659574077538
  0.34807635969896811  0.35899183277703089  0.36900518250533254  0.37865033331580805
  0.38894957043443446  0.40074275384314567  0.41223074030268991  0.42246159030154534
  0.43237386029738611  0.44285771130587415  0.45243534402923202  0.45886688514292701
  0.46452696481736172  0.46983019090294587  0.47627888623223336  0.48469029754519294
  0.49348009295009171  0.50345743690249622  0.51554711934334896  0.52907695258785337
  0.54236295704763959  0.55394034489112975  0.56441748381720991  0.57398139858327679
  0.58409726906568682  0.59448422381774713  0.60474775335025555  0.61505315125597493
  0.62575442511152402  0.63699936783166289  0.64769967082338198  0.65652344943756435
  0.66612100691180354  0.67448740298795717  0.68403189571589640  0.69378332309998880
  0.70292532757276427  0.71290471374477815  0.72275716599455098  0.73522412694339401
  0.75143126686286332  0.76585270582573672  0.77923382053751156  0.79191798250296674
  0.80416455961146505  0.81702286738368191  0.82715363657740104  0.83619142539330404
  0.84499872312672786  0.85371981140818642  0.86277856007157971  0.87212709849341052
  0.88091263700832978  0.88924359695671706  0.89736473709999887  0.90573195967731257
  0.91520423377971605  0.92573371986944852  0.93777266105761126  0.94943228175271943
  0.96032205268927373  0.97213857329629982  0.98413949990203986  1.00000000000000000
 -0.00148326566811788  0.00619794555426707  0.01424268627960090  0.02171053470840465
  0.03247942942493760  0.04617172850835018  0.06103738173409696  0.07464899602645447
  0.08630100888999671  0.09722780588303373  0.10979837318575010  0.12676786797773626
  0.14509560282440617  0.15954987746560609  0.17232135273410323  0.18258035728272001
  0.19261612561387109  0.20028954894379095  0.20947595040807299  0.21856102973882233
  0.22700376468735703  0.23873123315499292  0.24838595893226356  0.25835532074215090
  0.26829171707623123  0.27896655169082729  0.28990658572893424  0.30249153711903920
  0.31361088818431465  0.32269506893449695  0.33137385416506859  0.34023127008480547
  0.34914798997985941  0.35761089303288951  0.36607290935991937  0.37477731748701026
  0.38519868462073459  0.39438123557547544  0.40361118090118120  0.41312991268015503
  0.42460397377425435  0.43467778924697115  0.44394214588502429  0.45187499526762503
  0.46090760869328196  0.46937414444015635  0.47748712361195833  0.48482223175847300
  0.49271432611429972  0.50216666310148139  0.51285918415466825  0.52509946440131894
  0.53822618891704821  0.55110362970685878  0.56266813967223939  0.57324281177447356
  0.58371487076633133  0.59491012801598930  0.60699725837636931  0.62054692036508119
  0.63371330458063702  0.64629453483172483  0.65678940721501156  0.66586841441406752
  0.67364897300197135  0.68089297105765811  0.68967439955449916  0.69960559557692670
  0.71023325270426574  0.72187050653252061  0.73472582617739202  0.74643766053075000
  0.75629515174654893  0.76647054526616365  0.77590424069206654  0.78525812925143146
  0.79464113168340755  0.80459244301141275  0.81575709270559682  0.82730759891638039
  0.83919517144173805  0.85157696423851603  0.86530258143763106  0.88047495914407725
  0.89273403931102069  0.90367385483425200  0.91315766834555878  0.92185228567057953
  0.92976479886840135  0.93875183491228409  0.94985201578284895  0.96107358326051184
  0.97120135244373518  0.98051981833898216  0.98974630678810571  1.00000000000000000
 -0.00301942897695681  0.01163690441646136  0.02430138877386973  0.03754094915260772
  0.05192911632047671  0.06553559234042566  0.07747097301690568  0.08935037738775031
  0.10186571174803469  0.11620680597302779  0.12921882469230447  0.14084540683351537
  0.15193068902285312  0.16325196965350083  0.17422026384080613  0.18424221719132583
  0.19452173170121048  0.20477011694591202  0.21506828365477751  0.22387170724896960
  0.23289168356063047  0.24208519901640452  0.25088874710564951  0.25820624738697090
  0.26555977862326258  0.27494789896466854  0.28738946493845025  0.29853870820614681
  0.31012777337694192  0.32036067996702206  0.32988147132414553  0.33950981942491470
  0.34992720609037548  0.36079131160970829  0.37024156665779234  0.38001309921296039
  0.39066146900127580  0.40164602814769718  0.41317705300938251  0.42627437162351589
  0.43931034824063603  0.44790318297856041  0.45533891317561609  0.46259103002552598
  0.46948295838581755  0.47930848635609391  0.49116172551990872  0.50300981986061011
  0.51376314377269894  0.52338935770105333  0.53401596497236925  0.54388089000947404
  0.55508299176664455  0.56462199785582023  0.57511858961327800  0.58622043565142401
  0.59711658046665439  0.60926681764341806  0.61847731810314577  0.62601957177420620
  0.63335761342906782  0.64040185067545907  0.64999324399229697  0.66131920248501408
  0.67413546158851445  0.68752470466190141  0.69782516756887258  0.70701871512004189
  0.71609069207666953  0.72568468160103505  0.73664584009915046  0.74861511576167694
  0.75928911397590959  0.77080809550548801  0.78224752320598290  0.79332411459321128
  0.80263737944781821  0.81268049062577830  0.82408619802502125  0.83681473507330351
  0.84934613279291804  0.86120087648385357  0.87109973563133825  0.87945362589326748
  0.88806790118750534  0.89731611061841698  0.90660348597966722  0.91652418666510072
  0.92832915345841194  0.94043507836534834  0.95275223047710778  0.96426286959849339
  0.97278992148036081  0.98148464359747334  0.98967683784937177  1.00000000000000000
 -0.00263545734811500  0.01226791406316572  0.02235551369832137  0.03283898112152311
  0.04164898008389240  0.05311769128758280  0.06364542277677447  0.07500178997143378
  0.08768626789282015  0.10080908734540618  0.11359226405958438  0.12700253236797496
  0.13970136791019325  0.15013496680325872  0.15741925909090912  0.16536892587523805
  0.17333282268981870  0.18194094205623682  0.19120838679858296  0.19992965614695352
  0.20737876823843862  0.21622114882315974  0.22625159057485789  0.23567200420872672
  0.24451252478054489  0.25307693652736246  0.26202941709507799  0.27123162525639288
  0.28047039362893300  0.29020660237631124  0.30010480596075806  0.30992373736532558
  0.31846817754455514  0.32561660399542947  0.33222249596207659  0.33931950190866023
  0.34687279112163383  0.35591294997271133  0.36706390867789307  0.37938193487609279
  0.39210421105420401  0.40628947622444450  0.42083443108556073  0.43431346496801171
  0.44823439160917755  0.46045283008438037  0.47305054038266009  0.48629375815354114
  0.50009978137792521  0.51318023386113221  0.52391141247728934  0.53428932306863597
  0.54392329483221580  0.55338958947708161  0.56316020956118995  0.57470445690587535
  0.58759850270037817  0.60124155845401139  0.61689343006936759  0.63097066898490051
  0.64361035476674544  0.65636321552429544  0.66927395215352503  0.68222696008887318
  0.69473931815031631  0.70602702270745521  0.71546383711693951  0.72408179226319369
  0.73362342876149256  0.74247639401396137  0.75098795326707812  0.75853095733221865
  0.76627575734812048  0.77383402287599901  0.78194892721193743  0.79046111926900375
  0.79896830857706103  0.80911005485190723  0.81951218644281165  0.83074543954409252
  0.84112857683394515  0.85123517863952169  0.86148413490737286  0.87331492316784021
  0.88636343044762567  0.89827968942117287  0.91025699164114215  0.92115365853180053
  0.93250201259706200  0.94368281079616556  0.95509897159892598  0.96520824469711852
  0.97477545358618234  0.98360870995731442  0.99201419565186300  1.00000000000000000
 -0.00198866751283654  0.00963543660192181  0.01879864151733380  0.02657315000756152
  0.03421585860358801  0.04279983731817028  0.05290810828528879  0.06291618271188498
  0.07142538473757604  0.07898491291754264  0.08676792601869378  0.09481641103068927
  0.10617140569261757  0.11761256045640209  0.12884867592768787  0.14011151181073139
  0.15139251048670654  0.16400879218110767  0.17716872273643064  0.19201799841254369
  0.20614745238310378  0.21960123719153535  0.23097977298623845  0.24108441613064588
  0.25043803294186784  0.25925855762812938  0.27028657571004011  0.28158597372548250
  0.29407108108445362  0.30834013862546150  0.32321945236366806  0.33777138174047688
  0.34873003419096427  0.35983175638257792  0.37104490778848503  0.38232011269847699
  0.39280981065081588  0.40278289918370042  0.41374817896332061  0.42390410733283906
  0.43437786132043299  0.44687994073084331  0.45808614193016367  0.46922197105120289
  0.48009484644526446  0.49182596172985910  0.50434552290776635  0.51733611080997910
  0.52881498978907626  0.53834327812258354  0.54734643277397899  0.55602405859999149
  0.56505225510132995  0.57382676781389874  0.58428226574630271  0.59660882851630559
  0.60893806125385497  0.61971231202360422  0.63014390668223053  0.64137802317141945
  0.65451476340215964  0.66852223353766116  0.68072522931477253  0.69124928127638596
  0.69993726744431251  0.70774777233836672  0.71440080958942798  0.72241687171758662
  0.73021992043994421  0.73969090124318115  0.74885163940657573  0.75939234621952312
  0.77017965634142849  0.78259558048961853  0.79442127338080959  0.80373398019099751
  0.81185051417576959  0.81967782868927208  0.82875783627165645  0.83993288495698160
  0.85111016201756173  0.86267907990335202  0.87396784525622895  0.88409708377494156
  0.89314298396766212  0.90139186132346172  0.91152182279678406  0.92304645392141516
  0.93514906054941072  0.94550522137616722  0.95432092531829726  0.96341384700337263
  0.97259965684511096  0.98185505650360050  0.99107159391723243  1.00000000000000000
 -0.00244832641646272  0.00978261051499411  0.01814000198169808  0.02806898177094119
  0.03791936974086822  0.04977658914166320  0.06390751699310833  0.07729472362921137
  0.08824216096905567  0.09758846656338790  0.10703754941518179  0.11710419861414681
  0.12879570075600502  0.14076999485328484  0.15304771538756423  0.16502939024063440
  0.17613808901589106  0.18651374892620162  0.19673260230364081  0.20751865875671557
  0.21914402959087023  0.23160054096605115  0.24411284192868718  0.25563919133444069
  0.26610533025049732  0.27601711794334272  0.28639582140939707  0.30047359827893616
  0.31460725057657607  0.32741263386757852  0.33899307709016613  0.34942379993912609
  0.35880302572357281  0.36784137230144520  0.37719412028835170  0.38807055322434009
  0.39681373773001416  0.40393254477101653  0.41095710165796978  0.41985020542424656
  0.42884074281451284  0.43764116793779750  0.44623736601921904  0.45530823080063781
  0.46562402873502540  0.47842095098733378  0.49062616141346377  0.50191243929434914
  0.51227551322541187  0.52265719909915076  0.53311455610852843  0.54350108036853217
  0.55368621014735420  0.56356705386086503  0.57357198201944981  0.58451431390407216
  0.59571806441733655  0.60690262550539931  0.61755849921885253  0.62839625606836602
  0.63912366025035094  0.64970681945634567  0.65840764933630902  0.66699311037401743
  0.67619854201291896  0.68814952461822976  0.69774781474662750  0.70543788328166435
  0.71265286548043172  0.72115655364703390  0.73030458084880201  0.73996321683256738
  0.75003148995727742  0.76047022465185654  0.77057040688335821  0.77858884757046587
  0.78582666888995722  0.79316137731532554  0.80122353824956261  0.80975314449486790
  0.81881943113482514  0.82846086641573891  0.83810061387205470  0.84814285844650317
  0.85835654443350162  0.86885233245830118  0.88023055764334635  0.89433767902450401
  0.90898161648080267  0.92492626990393412  0.93971279778718986  0.95108389609069754
  0.96244978343833598  0.97364937387607109  0.98697965572213664  1.00000000000000000
 -0.00248826681505671  0.00984532359701760  0.02037632533082262  0.03079879437534723
  0.04261328052360149  0.05462428104026078  0.06771160059543049  0.08015348633477309
  0.09037479439807196  0.10009987505432696  0.10937217790431591  0.11886780053694847
  0.12971230060655584  0.14112079257940272  0.15286544568434754  0.16437421793703000
  0.17477269343460108  0.18606954587211644  0.19822736779200784  0.21022803300941928
  0.22165926937328892  0.23280119630728235  0.24485873339013242  0.25735385205726113
  0.27167489903290115  0.28237671305837475  0.29283489534694523  0.30243294130502640
  0.31359384643650445  0.32400122511721635  0.33538800871779489  0.34797360116098414
  0.36245225234162370  0.37710888706725343  0.39020955406351776  0.40139472502680335
  0.41114293137891361  0.42159707091292392  0.43197958684914223  0.44314974750062675
  0.45743568616499269  0.47170679748847483  0.48107631427185993  0.48982249747962964
  0.49859343037310294  0.50902484780304758  0.51979424381223416  0.52992642227705455
  0.54124502017128850  0.55395580396836941  0.56621436214354959  0.57768749330890490
  0.58953360940917732  0.60213578848806393  0.61466105376475189  0.62609189088217920
  0.63625882928534505  0.64512092809792365  0.65258697586669911  0.65879247332416868
  0.66465921604225631  0.67202366019136883  0.68092788998992149  0.69288914950726543
  0.70530638549906899  0.71536431576900172  0.72455855538961189  0.73444999921928722
  0.74584295946534218  0.75884697963432890  0.77089272179797019  0.77995990748242117
  0.78802897108482117  0.79514614213810009  0.80192243609033098  0.80941198789308999
  0.81682202377650659  0.82459123419479508  0.83344099158382723  0.84185547960796459
  0.84958295266079464  0.85689811728786358  0.86447467256749599  0.87286941184982691
  0.88350877826754703  0.89510711253483910  0.90482254578437271  0.91340771891221995
  0.92328580967434515  0.93426834800910830  0.94646923176198416  0.95919931493461263
  0.97037043392641298  0.98064119053716525  0.99012120890722621  1.00000000000000000
 -0.00229955014091347  0.00828281925135733  0.01646665230996313  0.02269067817735267
  0.03068450429310301  0.03832342628083645  0.04715649994717958  0.06086943106177825
  0.07315976681008646  0.08653759625594377  0.09662819138942648  0.10625228131806498
  0.11638024096321589  0.12733771994606338  0.13857649561333377  0.14782284902700554
  0.15557341296102559  0.16323393120577234  0.17158291924220662  0.18026811280607807
  0.19115747664275673  0.20389120730500804  0.21638035234794381  0.22744864874445861
  0.23653821346435847  0.24574203552575691  0.25417883792308543  0.26348018759735026
  0.27273684166665874  0.28086519730762532  0.28912477207586673  0.29625298907775560
  0.30361631915890586  0.31132684513999315  0.32002041167718098  0.33055589703186322
  0.34301938549323913  0.35700986227845188  0.37261707236193986  0.38545150172531467
  0.39764683356856878  0.41002151845889390  0.42351078066864034  0.43663444404940854
  0.44760546685602481  0.45846388370691726  0.47114173274014287  0.48451049317109535
  0.49960469606050600  0.50989049133166242  0.52065186479338166  0.52991391667493626
  0.53949003918619154  0.54765388976791107  0.55681481620048445  0.56740279290339046
  0.57985193517668110  0.59186599761818970  0.60350168014802641  0.61548094249365515
  0.62875886282916948  0.64170178974471592  0.65263659810528141  0.66206641485976214
  0.67089959520588804  0.68022569849041359  0.68999399106388137  0.70012620291472782
  0.71156458781619103  0.72459400680889652  0.73992731753518215  0.75536240973787383
  0.76907184774837578  0.77882898310453019  0.78654665713997018  0.79393393205179241
  0.80069948984485884  0.80969963408037304  0.81986001311836709  0.82948239199302065
  0.83955105172903921  0.85020241948515785  0.86133559069574583  0.87285098328868205
  0.88498129277486948  0.89657973956913839  0.90849877177927041  0.92082677337958974
  0.93234600947121815  0.94283635269027677  0.95235980060521730  0.96170671759436399
  0.97098656006878126  0.98082827640936043  0.98977551215748605  1.00000000000000000
 -0.00480407709247560  0.01807484513521622  0.03318178594456805  0.04448162379328793
  0.05378593244876243  0.06320866063901232  0.07363711104837874  0.08454785495582066
  0.09249227544681946  0.09974949097167027  0.10766139730713954  0.11568664435801473
  0.12311041801496081  0.12947989898721990  0.13641789752380204  0.14230873444754749
  0.15332208411766113  0.16715203476890494  0.18004108935352817  0.19632792760636603
  0.21172165480237104  0.22652949443667764  0.23994409263110858  0.25200148546884660
  0.26324674186166386  0.27380903596649120  0.28450624787196821  0.29733390242270702
  0.31044338942539440  0.32111122587750723  0.33070495436783470  0.34066418995625275
  0.35203917197723489  0.36360931536197627  0.37542562183620631  0.38658718020387428
  0.39436222153061901  0.40304835922889054  0.41203145397627083  0.42152233018101726
  0.43209903507932124  0.44343358631765972  0.45354374557472882  0.46369973811857440
  0.47402891154719778  0.48414133790517999  0.49339436420483879  0.50241233542866037
  0.51211715450452333  0.52260935239219619  0.53469373081431715  0.54571464099061939
  0.55442650873218857  0.56233743245696188  0.57064169581969026  0.58005080253302987
  0.59105547773673706  0.60384155324157951  0.61709152657017841  0.63050744895746558
  0.64413803240684275  0.65769152557733079  0.67050020977005254  0.68319530703319575
  0.69604925501111148  0.70783990412238307  0.71791440969759157  0.72679352584325596
  0.73632983117539585  0.74777924628907189  0.75989480605296877  0.77314030722834282
  0.78788836024755504  0.80213307314722515  0.81463906083073845  0.82460165434550536
  0.83317791474770175  0.84085803170105067  0.84926753496001450  0.85770521366543073
  0.86668988268833214  0.87577575095558635  0.88495075794604938  0.89527006744896676
  0.90438655290550396  0.91263032843029590  0.91985879621611699  0.92693442209461685
  0.93492247844421328  0.94337340589946339  0.95170189876826861  0.96037633254533883
  0.96998808788668966  0.98032710529647404  0.99027072670412974  1.00000000000000000
 -0.00194257693437553  0.00775109489331576  0.01558861685963659  0.02303337829646153
  0.03107580422370387  0.03930740500687364  0.04977085942250572  0.06071065129570205
  0.07102742496328911  0.08114106508696972  0.08983573332600364  0.09874357728904422
  0.10891909210001416  0.11936949982875386  0.12863929703729046  0.13679752776369980
  0.14431127230240517  0.15566629398555418  0.17006738275645131  0.18579192629393146
  0.19849907981521248  0.20865262198966247  0.21730385116445886  0.22590786938134499
  0.23477124100521757  0.24309540970323512  0.25181376494775304  0.26066117375379699
  0.27263128921597074  0.28541891766812649  0.30041623996173683  0.31471723617029773
  0.32975172067614555  0.34315022535203910  0.35536476098529174  0.36793410378415747
  0.38149060402500029  0.39340502726168808  0.40394577631636980  0.41413908229750906
  0.42355765497643955  0.43460644608381560  0.44617511044264169  0.46089857180871080
  0.47781142536575827  0.49356682626430198  0.50771165106854033  0.51915560602313060
  0.53111026389479121  0.54393904512710245  0.55861388373075793  0.57360147345970702
  0.58806068718205740  0.60108078777446083  0.61195455561072065  0.62233154478968811
  0.63228530024190144  0.64184547197731212  0.65159841797302265  0.66170014690519441
  0.67462774363560796  0.68831272685978262  0.69969552776134480  0.70926533686728122
  0.71570418483371689  0.72161276207595548  0.72834579469668448  0.73672138955665023
  0.74729175821879923  0.75569826530465489  0.76297153376607274  0.77004381908539266
  0.77783892118219122  0.78819246207516225  0.79819137402207341  0.80869519058990336
  0.82074266873728974  0.83441565158783682  0.84668780887780171  0.85840547606849527
  0.87149494450271503  0.88332100074677833  0.89196607713885334  0.89958686664021681
  0.90636553645117057  0.91249057539300027  0.91952683104867505  0.92664799458200431
  0.93454711327925755  0.94345250104678213  0.95290906128828134  0.96213580149784206
  0.97147495894636682  0.98095900627302879  0.99032737693318440  1.00000000000000000
 -0.00270539483615566  0.00825930408387627  0.01856119665185143  0.02899303895828891
  0.03950949203912681  0.04889064833244999  0.05738645300773441  0.06612815513806938
  0.07630878829831134  0.08744892148556398  0.09645934620497172  0.10650358675761949
  0.11697973242847184  0.12714567035114485  0.13724734793234353  0.14728164437195215
  0.15680020603779543  0.16564807328911313  0.17457633868631020  0.18342143284392307
  0.19122702319237717  0.19881223629483619  0.20764841077378474  0.21892417405013570
  0.23033275642902931  0.24044255052718638  0.25212826550540668  0.26391747598045667
  0.27451452428280632  0.28473972096496458  0.29585574477146193  0.30763336404930169
  0.31874244077871594  0.32943513659949530  0.34079976046429949  0.35228779606122596
  0.36364768744268611  0.37392142992044242  0.38521004381327612  0.39432974258143877
  0.40211064762802379  0.41020499319048215  0.41925601114333860  0.43035600832570042
  0.44148574846798588  0.45213927505040719  0.46277595212062039  0.47303624797974825
  0.48319883189774893  0.49369881209800526  0.50715535674391687  0.52079225065761525
  0.53396101445885646  0.54607301700196598  0.55834381185809190  0.57127572728301979
  0.58358714187052274  0.59625591470213135  0.60866331850652244  0.62196922867044679
  0.63662426715190201  0.65036447904454298  0.66214203582243913  0.67242072009114551
  0.68254228786565130  0.69449120739351333  0.70822786715583985  0.72131628253901281
  0.72934895889695506  0.73785415584750624  0.74644805470269371  0.75620652397013544
  0.76523077508596604  0.77358891048525236  0.78317351458523710  0.79370123858477215
  0.80556813220891599  0.81731330975261873  0.82687063287072760  0.83462303205001254
  0.84292343338664089  0.85134962222518829  0.86119222853627664  0.87130126340542369
  0.88296565843743058  0.89341528503733636  0.90350420494435513  0.91319834002964584
  0.92147315893459125  0.93009607929006788  0.93961402437301911  0.95005559927498617
  0.96191066032675032  0.97427421042463891  0.98576569840877881  1.00000000000000000
 -0.01478308873331827  0.19790991300521196  0.23964932461996391  0.26704078027086836
  0.28917542056217072  0.30732374109479960  0.32233071459324047  0.33454493723236289
  0.34465035527927601  0.35490991451778903  0.36401146080424351  0.37422469159998339
  0.38338609864668410  0.39172156053893176  0.39921904955883358  0.40582661094337763
  0.41240296342563854  0.41950344161347541  0.42772593671131420  0.43672745518543810
  0.44484794099056657  0.45168134596827764  0.45754280839516348  0.46293049977840445
  0.46822724785235609  0.47401796130552559  0.47990088465057945  0.48566119606226871
  0.49114842306602707  0.49668830404764019  0.50299526868237532  0.51008832603995125
  0.51730325280022971  0.52445578437558105  0.53203698000323107  0.54009780614452829
  0.54832944140548801  0.55635046777517061  0.56388725097252757  0.57088342714715667
  0.57744034340951489  0.58363199089796303  0.58899850138528353  0.59464353447282681
  0.60098429079293014  0.60715463579331974  0.61419220470266611  0.62233061321457095
  0.62970668456164536  0.63596797454844189  0.64135908343132375  0.64581919428185153
  0.64988863341193071  0.65417162150618891  0.65929174241165223  0.66540346262781036
  0.67133745747359663  0.67633437216057135  0.68154972471441999  0.68724340960165875
  0.69482825681418836  0.70271086458232956  0.70914779578605514  0.71444631249166968
  0.71910251346998011  0.72350728430836420  0.72851569370975755  0.73373529634506529
  0.73937822413411847  0.74651911398634596  0.75378277907230995  0.76079006140368099
  0.76622812687841713  0.77129251950197486  0.77595441623094419  0.78154626527995685
  0.78782856705774706  0.79406554896329684  0.80116683206360528  0.80793193749900161
  0.81532795989626872  0.82319541143162422  0.82939385347893513  0.83625748986683901
  0.84324013659772878  0.85181277152940160  0.86292571415109220  0.87541035137440970
  0.88313886936566122  0.89075441054476723  0.89788431817448955  0.90719172841577900
  0.91724442554405361  0.92927741624763471  0.95221721170892359  1.00000000000000000
  0.00012612433479138  0.11963968889339113  0.18864287575466918  0.22902910814506591
  0.25674111023515894  0.27880170682937333  0.29614445708659576  0.31103590514620794
  0.32596620453679820  0.34133243585855677  0.35458866264492167  0.36675251542734644
  0.37803509598763746  0.38973464910825395  0.40062248052999194  0.41175199691748410
  0.42210454749395765  0.43210429095605851  0.44198380562168488  0.45085689935123158
  0.45778797430672047  0.46484312685138535  0.47138102893323042  0.47829631773631187
  0.48616237677392221  0.49320347591469310  0.50014191176577583  0.50731922206050184
  0.51473067058776134  0.52246572847358796  0.52927803666994744  0.53568490771831567
  0.54217068406431557  0.54905830571980185  0.55619833547944575  0.56281150403847557
  0.56899572898369677  0.57529074810070480  0.58183071650989193  0.58835887465761894
  0.59440951209714654  0.60089299583135791  0.60737158640688782  0.61440642575550031
  0.62060499318648943  0.62620293042171937  0.63127188404334977  0.63601318073663959
  0.64051863449720459  0.64488165580477885  0.64974022899655992  0.65454669397365595
  0.65968478340943904  0.66477184722127747  0.66992360133886497  0.67539065089485950
  0.68105959575272002  0.68693763060556168  0.69280816366677489  0.69859797785021749
  0.70417193139407486  0.70874007742887657  0.71301834537847730  0.71723638796641764
  0.72144920523959344  0.72544940950839343  0.72948742078975848  0.73383506655615605
  0.73860469753323976  0.74385348511429539  0.74851649399143128  0.75339411825226488
  0.75822722455176006  0.76316992131419603  0.76857382587275902  0.77453690334053038
  0.78095591115225094  0.78752213945424554  0.79476486652036527  0.80323694193068218
  0.81164767566974816  0.81928233304402021  0.82626205156475885  0.83273713073706956
  0.83827289922382220  0.84372753230021658  0.84915855265164397  0.85438277700435750
  0.85981338609033242  0.86611516201541117  0.87412250144842862  0.88269803542600289
  0.89294683018255128  0.90725315126074002  0.92913674139546099  1.00000000000000000
   9.4122658953418194E-014  -1.0000000000000000     
 T F F F F F F F F F F F F F F F F F F F T F F F T F F F F F F F F F F F T F F F T F F F F F F F F F F F F F F F F F F F T F F F F F F F F F F F F F F F F F F F F F F F F F F F F F F F F F F F F F F F F F F F F F F F F F F F F F F F F F F F F F F F F F F F F F F F F F F F F F F F F F F F F F F F F F F F F F F F F F F F F F F F F F F F F F F F F F F F F F F F F F F F F F F F F F F F T F F F F F F F F F F F F F F F F F F F T F F F T F F F F F F F F F F F T F F F T F F F F F F F F F F F F F F F F F F F T F F F T F F F F F F F F F F F F F F F F F F F T F F F T F F F F F F F F F F F T F F F T F F F F F F F F F F F F F F F F F F F T F F F F F F F F F F F F F F F F F F F F F F F F F F F F F F F F F F F F F F F F F F F F F F F F F F F F F F F F F F F F F F F F F F F F F F F F F F F F F F F F F F F F F F F F F F F F F F F F F F F F F F F F F F F F F F F F F F F F F F F F F F F F F F F F F F F T F F F F F F F F F F F F F F F F F F F T F F F T F F F F F F F F F F F T F F F T F F F F F F F F F F F F F F F F F F F T F F F
  <DiscreteSampler_grid>
  grouped_processes
  1 # 1 for a reference and 2 for a running grid.
  10 # Attribute 'min_bin_probing_points' of the grid.
  1 # Attribute 'grid_mode' of the grid. 1=='default',2=='initialization'
  0.0000000000000000 # Attribute 'small_contrib_threshold' of the grid.
  0.5000000000000000 # Attribute 'damping_power' of the grid.
 # binID   n_entries weight   weight_sqr   abs_weight
    16   10   2.988425957346103E-012   4.047808138738277E-023   2.988425957346103E-012
    17   10   2.988425957346008E-012   4.047808138737937E-023   2.988425957346008E-012
    19   10   4.164709721653231E-012   8.133762087888892E-023   4.164709721653231E-012
    20   10   4.164709721653097E-012   8.133762087888221E-023   4.164709721653097E-012
    22   10   4.143571810811382E-012   8.058718882810084E-023   4.143571810811382E-012
    23   10   4.143571810811247E-012   8.058718882809414E-023   4.143571810811247E-012
    28   10   2.988425957346105E-012   4.047808138738284E-023   2.988425957346105E-012
    29   10   2.988425957346010E-012   4.047808138737942E-023   2.988425957346010E-012
    31   10   4.164709721653234E-012   8.133762087888901E-023   4.164709721653234E-012
    32   10   4.164709721653099E-012   8.133762087888224E-023   4.164709721653099E-012
    34   10   4.143571810811383E-012   8.058718882810089E-023   4.143571810811383E-012
    35   10   4.143571810811248E-012   8.058718882809421E-023   4.143571810811248E-012
    40   10   1.479995120933420E-012   4.037474637029556E-024   1.479995120933420E-012
    41   10   1.479995120933405E-012   4.037474637029459E-024   1.479995120933405E-012
    43   10   1.546747599419415E-012   5.064112126163625E-024   1.546747599419415E-012
    44   10   1.546747599419415E-012   5.064112126163652E-024   1.546747599419415E-012
    46   10   1.567219788262780E-012   5.212383494130919E-024   1.567219788262780E-012
    47   10   1.567219788262781E-012   5.212383494130954E-024   1.567219788262781E-012
    52   10   1.479995120933420E-012   4.037474637029557E-024   1.479995120933420E-012
    53   10   1.479995120933405E-012   4.037474637029461E-024   1.479995120933405E-012
    55   10   1.546747599419414E-012   5.064112126163619E-024   1.546747599419414E-012
    56   10   1.546747599419415E-012   5.064112126163653E-024   1.546747599419415E-012
    58   10   1.567219788262779E-012   5.212383494130912E-024   1.567219788262779E-012
    59   10   1.567219788262781E-012   5.212383494130955E-024   1.567219788262781E-012
    64   10   2.988425957346103E-012   4.047808138738277E-023   2.988425957346103E-012
    65   10   2.988425957346008E-012   4.047808138737936E-023   2.988425957346008E-012
    67   10   4.164709721653231E-012   8.133762087888894E-023   4.164709721653231E-012
    68   10   4.164709721653099E-012   8.133762087888217E-023   4.164709721653099E-012
    70   10   4.143571810811381E-012   8.058718882810082E-023   4.143571810811381E-012
    71   10   4.143571810811247E-012   8.058718882809415E-023   4.143571810811247E-012
    76   10   2.988425957346102E-012   4.047808138738277E-023   2.988425957346102E-012
    77   10   2.988425957346009E-012   4.047808138737939E-023   2.988425957346009E-012
    79   10   4.164709721653233E-012   8.133762087888898E-023   4.164709721653233E-012
    80   10   4.164709721653099E-012   8.133762087888228E-023   4.164709721653099E-012
    82   10   4.143571810811382E-012   8.058718882810089E-023   4.143571810811382E-012
    83   10   4.143571810811247E-012   8.058718882809425E-023   4.143571810811247E-012
    88   10   1.479995120933419E-012   4.037474637029554E-024   1.479995120933419E-012
    89   10   1.479995120933404E-012   4.037474637029457E-024   1.479995120933404E-012
    91   10   1.546747599419414E-012   5.064112126163621E-024   1.546747599419414E-012
    92   10   1.546747599419415E-012   5.064112126163655E-024   1.546747599419415E-012
    94   10   1.567219788262780E-012   5.212383494130918E-024   1.567219788262780E-012
    95   10   1.567219788262782E-012   5.212383494130960E-024   1.567219788262782E-012
    100   10   1.479995120933419E-012   4.037474637029552E-024   1.479995120933419E-012
    101   10   1.479995120933405E-012   4.037474637029461E-024   1.479995120933405E-012
    103   10   1.546747599419414E-012   5.064112126163614E-024   1.546747599419414E-012
    104   10   1.546747599419415E-012   5.064112126163652E-024   1.546747599419415E-012
    106   10   1.567219788262779E-012   5.212383494130911E-024   1.567219788262779E-012
    107   10   1.567219788262781E-012   5.212383494130954E-024   1.567219788262781E-012
  </DiscreteSampler_grid>
