 -0.00000008981573763  0.00000076570638717  0.00000232718777138  0.00000414984682483
  0.00000597689123970  0.00000733021545374  0.00000862915445797  0.00001045586575874
  0.00001136491004225  0.00001184322461642  0.00001227762684487  0.00001295268815618
  0.00001409766414004  0.00001516535679784  0.00001588516747285  0.00001689012779418
  0.00001820224288605  0.00001934862895050  0.00002016035911130  0.00002051399028598
  0.00002090588655236  0.00002131812227150  0.00002167483386003  0.00002194770860004
  0.00002219518005228  0.00002244900812987  0.00002272321948024  0.00002317948543797
  0.00002361186194574  0.00002403002195758  0.00002445531523816  0.00002497528981291
  0.00002554550112656  0.00002608554239560  0.00002637613032791  0.00002665340673783
  0.00002686864061935  0.00002704037424610  0.00002721201527424  0.00002737803999559
  0.00002756442887858  0.00002779416612587  0.00002802864790094  0.00002824811175859
  0.00002881335825464  0.00003960460749684  0.00004792233262975  0.00004906477215251
  0.00004976360767933  0.00005016093478055  0.00005054599359279  0.00005103567937178
  0.00005157355440457  0.00005217761059434  0.00005279678772674  0.00005333607104354
  0.00005388567626972  0.00005446105496604  0.00005498009587191  0.00005543889257254
  0.00005589490963863  0.00005633351769460  0.00005671079722844  0.00005693470563190
  0.00005738072750348  0.00005795118869999  0.00005837494660303  0.00005886351560814
  0.00005936799785385  0.00005999036873958  0.00006047809611421  0.00006101323359089
  0.00006157647341249  0.00006224955569324  0.00006297873796340  0.00006439946292935
  0.00006622911959006  0.00006811552166597  0.00007005187251298  0.00007241198678695
  0.00007624814407229  0.00008128675954113  0.00008801264429972  0.00009827817554160
  0.00011582806927416  0.00013389777169417  0.00014179966518236  0.00014940070757605
  0.00015911544816231  0.00016901893114650  0.00017761034013804  0.00019559146803141
  0.00026353887774840  0.00075071511387513  0.03093768319145163  1.00000000000000000
 -0.00002077214068212  0.00014161283846750  0.00018568974954689  0.00024000751368810
  0.00027634134274115  0.00030432158124893  0.00035836384632442  0.00046285784050167
  0.00056833008089142  0.00069094527598021  0.00075197237547360  0.00080142564418056
  0.00085268309006436  0.00090788204837788  0.00095490886808282  0.00101432012404920
  0.00117514612373022  0.00129982882855715  0.00138983503791716  0.00148751446756879
  0.00158197079248732  0.00169409248322364  0.00186177020724221  0.00204713654630870
  0.00219823689252867  0.00233315486866705  0.00245789799423358  0.00258975503982410
  0.00274725642336697  0.00291117390132726  0.00308228331323722  0.00329956070808542
  0.00354184837603801  0.00373053005582843  0.00388496937221181  0.00402017513082676
  0.00413092078364363  0.00423453353632583  0.00438696585229797  0.00460584683562176
  0.00472508918190955  0.00486950249143751  0.00506830510381848  0.00528263345573565
  0.00548735700988741  0.00566859858056623  0.00586464040636900  0.00607998944334881
  0.00632294290024577  0.00654679193651630  0.00681748534093762  0.00715392447347736
  0.00742581753246711  0.00771410720522491  0.00805422567365691  0.00844558469759661
  0.00867497966211208  0.00885967603540857  0.00905722520746670  0.00925714351885766
  0.00945844385410112  0.00968772078084873  0.00999479820861864  0.01035033709099816
  0.01062479880014570  0.01087779513109532  0.01109441212584674  0.01132343053865531
  0.01152710240345655  0.01165758628245783  0.01176902386546805  0.01189269234986252
  0.01201681469886649  0.01214272226329506  0.01227299412293281  0.01239754111775602
  0.01260037421563520  0.01281001785826322  0.01294310589293758  0.01310249428621580
  0.01327853876100353  0.01340722247697014  0.01360322745157652  0.01384149840743564
  0.01403953773229053  0.01429756399210480  0.01467370341866554  0.01511364561464428
  0.01568141617906595  0.01632712096047204  0.01706012776171722  0.01816523145364931
  0.01986455067464290  0.02298355922923871  0.02775040357561266  1.00000000000000000
 -0.00000136276836648  0.00000474851255353  0.00001247139325975  0.00001590605196670
  0.00001715898723634  0.00001831597936674  0.00001938889020565  0.00002044433759086
  0.00002229333311648  0.00002484889438504  0.00002653799325591  0.00002790152139227
  0.00002943653764854  0.00003095948514179  0.00003209704635273  0.00003289508205152
  0.00003380069370784  0.00003456776119684  0.00003521050427077  0.00003577177793435
  0.00003831482150526  0.00005009380184163  0.00006293845870173  0.00006367685610358
  0.00006423912896831  0.00006462109656362  0.00006499133667598  0.00006533433959962
  0.00006570807600262  0.00006619280556970  0.00006660260146416  0.00006692318153809
  0.00006722918658042  0.00006760016700019  0.00006792206181428  0.00006821601696105
  0.00006848626235087  0.00006881378943017  0.00006917274223165  0.00006946978760769
  0.00007007026671610  0.00007099722388025  0.00007199219886417  0.00007308123570967
  0.00007387555514003  0.00007472446961986  0.00007554006035273  0.00007619835278340
  0.00007687780907872  0.00007783655033258  0.00007922879046958  0.00008085395453224
  0.00008223374001279  0.00008364692364325  0.00008481986801316  0.00008559842583344
  0.00008612444678808  0.00008703881582392  0.00008864779481513  0.00009052744401079
  0.00009273451608459  0.00009553387338508  0.00009846943552577  0.00010184399154407
  0.00010650655375130  0.00011171936644652  0.00011942042176611  0.00012585182283637
  0.00013306705301574  0.00014009762149669  0.00014252684170493  0.00014511558103419
  0.00014966581566859  0.00015615229586417  0.00016366475273795  0.00017244314754429
  0.00018465887553722  0.00020244934003690  0.00022423171269191  0.00024320665769106
  0.00025941038311370  0.00027298489696203  0.00028658796654533  0.00030476303662668
  0.00033406679072021  0.00036815283209422  0.00041521126121376  0.00046102177417840
  0.00054892338968279  0.00072657678779528  0.00108181036182694  0.00166463607595197
  0.00250083000678014  0.00581960267351506  0.02880410496022896  1.00000000000000000
  0.03044082136644803  0.03048173361425731  0.03054675068114633  0.03064127341740248
  0.03072886878506171  0.03081292962943550  0.03091706691800000  0.03103552423690896
  0.03113405843608767  0.03122683146411700  0.03130458374673299  0.03138420436491755
  0.03145572914366929  0.03152814493811077  0.03161059538301141  0.03171465097424180
  0.03187173339198937  0.03205059817503387  0.03222833540886031  0.03238748893702631
  0.03251744435356205  0.03264542183454301  0.03273810519161213  0.03282103318720304
  0.03288195658787764  0.03293814728411710  0.03299114244243195  0.03304241843137146
  0.03310314578700946  0.03317279914574367  0.03326210185765514  0.03335767311323497
  0.03346185543517036  0.03357989362127142  0.03378485016230204  0.03397122647431774
  0.03415063431823371  0.03431224532830726  0.03441442758790461  0.03451559009921572
  0.03463740830929996  0.03480411499859350  0.03494791102019443  0.03506514182179485
  0.03519340221064560  0.03528573371846443  0.03533280866609734  0.03544427319908190
  0.03559591117620398  0.03573128795173832  0.03581983342089029  0.03589852050554629
  0.03601022125127906  0.03618159664468198  0.03632193816964239  0.03641290371742074
  0.03650619680321104  0.03660209698741121  0.03671836612444361  0.03684796628541417
  0.03700465628537025  0.03721870367647515  0.03748137294199354  0.03777188927418504
  0.03806488398588453  0.03836347536445088  0.03866822885843640  0.03898245255607823
  0.03934092135293638  0.03970120956303494  0.04008828897748914  0.04049515219695323
  0.04090464571581963  0.04124096058132167  0.04161316560145174  0.04209350781194213
  0.04267729552110093  0.04329667458465977  0.04412730634287595  0.04473601340499764
  0.04533727505515076  0.04604007972134023  0.04676995379427036  0.04715623856988763
  0.04749308642301194  0.04788820609742576  0.04839736536793231  0.04889062898745975
  0.04937549657773668  0.05081842017141885  0.05256487406264127  0.05409943761965812
  0.05657546127373939  0.05933784430571913  0.06412221889111372  1.00000000000000000
  0.93525132741028560  0.93695761133812594  0.93800972622943413  0.93841019802734105
  0.93912844480048840  0.93983053322494947  0.94066806219662435  0.94146972579197119
  0.94236741182815564  0.94328356788692225  0.94446390353956122  0.94540114729225344
  0.94610444325254706  0.94672357726283740  0.94698551801202069  0.94725323841006148
  0.94749866022305229  0.94779762646156940  0.94815958678414480  0.94869431735774346
  0.94969003875162339  0.95034672693577715  0.95093853770622250  0.95147734086073354
  0.95174458220956726  0.95203304459301197  0.95232071562646270  0.95254682524971324
  0.95272448369857365  0.95292971456442921  0.95320068838159311  0.95337818346551850
  0.95346873474576199  0.95355301405965953  0.95364467846822332  0.95372643129062284
  0.95393226613906612  0.95427876718048465  0.95464121073128283  0.95491233379157781
  0.95518548183993579  0.95545606717960019  0.95586763456379598  0.95624926410197519
  0.95666129213501205  0.95705792060017003  0.95747353493942033  0.95785511110372379
  0.95814539616902017  0.95838320858650139  0.95869842657799076  0.95902543255857742
  0.95931022717004166  0.95960957092009036  0.95996555204649170  0.96031560881678735
  0.96076878689307332  0.96107883745358402  0.96141024693933419  0.96168716430617185
  0.96198886851046905  0.96238759317556977  0.96274266176487733  0.96298373108806734
  0.96321089157544415  0.96344119970765363  0.96367443242085771  0.96398204698691670
  0.96419860281463232  0.96437715261955581  0.96451665817495214  0.96462818284836238
  0.96474937398662264  0.96490542756957676  0.96507967980414444  0.96527892834506046
  0.96556707040432965  0.96582086297967662  0.96601989896775842  0.96619590217239859
  0.96635860366690973  0.96652366482095831  0.96667850662969801  0.96678667884900515
  0.96688901290030727  0.96698918475670459  0.96708514001347146  0.96720467048573155
  0.96733175085483702  0.96746182461420993  0.96759493936488739  0.96776460143824483
  0.96803308580228009  0.96840225852200135  0.96876172227518842  1.00000000000000000
 -0.00215143817957694  0.00742281383836612  0.01784580911139005  0.02202021480011680
  0.02552684339281187  0.02965588867272551  0.03748730267926764  0.04865006498872045
  0.05882441448171351  0.06691584039726095  0.07741336281327250  0.09174478388942914
  0.10265200152682503  0.11065351952857271  0.11691860761301939  0.12290488175923646
  0.12862630064225178  0.13395136693048509  0.14439127034560842  0.15544023942106511
  0.16694535716325601  0.18034260319834061  0.19222850977431605  0.19901177439397150
  0.20468155307695568  0.20975576700846940  0.21520297344285783  0.22460156813197990
  0.23412884894644703  0.24353644349947243  0.25030654246967443  0.25532285541468952
  0.26137026091220278  0.26799494668223239  0.27560605444122765  0.28287057027301687
  0.28909500574063507  0.29513836086523298  0.30201776634083799  0.30737382693929577
  0.31058316384284601  0.31386407729880578  0.31716914518735595  0.32049626666143560
  0.33515019660352019  0.35474759910027909  0.38560493299872145  0.41283903244091746
  0.43598883948261302  0.45579868399272899  0.48084212008582516  0.51499000153849295
  0.56227163787179757  0.58708140194644975  0.60718377277856672  0.62431297629891580
  0.63957291354491375  0.65269538182815534  0.66406017210399715  0.67481005814057315
  0.69018266404684425  0.70470325831030645  0.71770402489444540  0.72707682845087673
  0.73275645332963635  0.74149520162927496  0.75130458357624874  0.75628137235389647
  0.76173435651242194  0.76783034117519677  0.77149285389340194  0.77307987998252714
  0.77550242764774480  0.78353801167926385  0.79346465176222203  0.80182535706918745
  0.80792428583005582  0.81369826908710485  0.81972501316415036  0.82714061556947471
  0.83339906228314031  0.84114973913817903  0.85337716140237674  0.85986287967594166
  0.86914766410820721  0.88489980714110172  0.90110874094023774  0.91236878694142631
  0.91919829287834598  0.92557680989578661  0.93191641486916776  0.93928276082149742
  0.94851028366601331  0.95961931306432113  0.97465001931508788  1.00000000000000000
 -0.00673857312123494  0.01704139575843830  0.04091599852901190  0.06532907478470583
  0.09074505148146449  0.11395633890658224  0.12845508660918112  0.13399893488564316
  0.13934288823224031  0.14252125068265528  0.14410474431126369  0.14625645786144467
  0.14917284102396033  0.15392173943079307  0.15940056550263476  0.16442151194805169
  0.16905077664163631  0.17272730089793820  0.17610148982621188  0.17962893223453175
  0.18374212455321054  0.18925244104170563  0.20142887141035501  0.21723894837253366
  0.22780788831845442  0.23637093490315947  0.24360055679414452  0.24534726187339148
  0.24752918874427157  0.25271700230419514  0.26188529354802520  0.26888627258002135
  0.27484513986756254  0.28011193185642569  0.28656433864059694  0.29379048031946620
  0.30335568458951800  0.31243747392063198  0.31752031813510401  0.32266000333414874
  0.32859665829269746  0.33743883717940593  0.34952135764441100  0.36739935392314488
  0.38176259005597396  0.39220720691303579  0.40243206688886551  0.41328642915617964
  0.42448231290747879  0.43934983871911432  0.45764878680436522  0.47921842789713148
  0.50160713405468771  0.52453094790389743  0.54698924388492953  0.56708489235089210
  0.58568332557677194  0.60336449467111630  0.61693582239167322  0.62741384916707066
  0.63610331185276681  0.64420326402290717  0.65247383497291189  0.66180780863378363
  0.67265436863405592  0.68601846715722303  0.69297382758491632  0.70217320510932713
  0.70985826881096326  0.71518677805850417  0.72365796646673486  0.73645917224477497
  0.75193601210200423  0.76748774894403127  0.78352199510925868  0.79716317332902664
  0.81214961123250817  0.82487290096011512  0.83663413912133155  0.84629546278385781
  0.85472686142448051  0.86268997240605805  0.87080573606024236  0.88398152779890349
  0.89414288085453364  0.90421327298829712  0.91491149981302133  0.92572590351070883
  0.93669902042388320  0.95371996284813387  0.97066375683664152  0.97818539093567070
  0.98395540177062457  0.98864055154703634  0.99350761134754428  1.00000000000000000
 -0.00347574456837292  0.01082494767513934  0.02701523123510382  0.04159509298851662
  0.04981442665841357  0.05582806986783737  0.06480989149878913  0.07538279223472368
  0.08671572548137606  0.09479999910351863  0.10209797585331497  0.10976263652737882
  0.11718342433500173  0.12515197479918286  0.13137561809167903  0.13750873620999865
  0.14312329969896428  0.14748291696387295  0.15407262957612006  0.16116819315695685
  0.16799086659036844  0.17793783696518362  0.18753047799552242  0.19707996832826460
  0.20808957973919290  0.21869093018799121  0.23361960917369179  0.25060726488220492
  0.26638389164898008  0.27362499312456257  0.27845726594440684  0.28322023721307277
  0.28985266838020352  0.30282938214674737  0.31230935224483836  0.31791649000047939
  0.32461268553164496  0.33242165405064322  0.34166634237293519  0.34598425633164925
  0.35036565850443596  0.36165230231195572  0.37185976806187532  0.38099917552507168
  0.39020679806480180  0.39904290951010390  0.40485698800509523  0.41331097077780632
  0.43190080488714999  0.44353809229179636  0.45376779734451450  0.46461508679294977
  0.47504585421359147  0.48557401447241344  0.49943236482569542  0.51512148133907609
  0.53147663620104801  0.54845910465456271  0.56082804241389128  0.57202157650206642
  0.58561311853304265  0.61246411211277940  0.64686369932225640  0.67210712299525355
  0.68990361010625034  0.70572570061731676  0.72185518370913537  0.73622554600536749
  0.74676501911555926  0.75730413899295923  0.76770596668999380  0.77802086709242468
  0.78676685925010326  0.79652300417724731  0.81130517497923538  0.82670300928843821
  0.84179801247377861  0.85523301144830488  0.86689603022484751  0.87496793438733367
  0.88319202291470078  0.89471873096916299  0.91163058403409958  0.92613347319291339
  0.93675861810963856  0.94495162835913216  0.95264666620589178  0.95763820976350378
  0.96068483168681695  0.96492826062066550  0.96868245938878739  0.97196005821620846
  0.97573881860473688  0.98138884707926755  0.98855851615839641  1.00000000000000000
 -0.00222905604714708  0.01172865735374483  0.02006946257411348  0.03066746130659358
  0.04142875518906314  0.05016352098094402  0.05772334917175018  0.06478356458840798
  0.07102226504233831  0.07995054327534695  0.08801866642223198  0.09402047931417747
  0.10233976848284822  0.11247007837695509  0.12466391046409402  0.13885707869389594
  0.15715507426576225  0.17169959156976969  0.17642502576555988  0.18115603401211736
  0.18654245353300897  0.19395679903744936  0.20598548938880018  0.21826683385900117
  0.22880463563494871  0.23998220821158753  0.24960294662255800  0.25811859892593020
  0.27032357927425799  0.28167709303152522  0.29616131440930449  0.31547235027897436
  0.33930331005150172  0.35419572417197148  0.36473496531349470  0.37081665168519901
  0.37630207278987293  0.38132051998204430  0.38620888079435606  0.39128568329719859
  0.39651392121523821  0.40183910755713459  0.41037702442794405  0.42105910548092523
  0.43466971122168818  0.45417720837273706  0.48016899597062085  0.49590937040952648
  0.50409849827401687  0.51422832924375927  0.52329422385451241  0.53133868220860148
  0.53808365869004982  0.54769588605354436  0.55694214470611669  0.56326568653958842
  0.56923829734812614  0.57480856792875656  0.58696626268284580  0.60246587737632451
  0.61304602605332492  0.62390870987309666  0.63568387133813198  0.64852636839174660
  0.66384241779837716  0.67577237750295116  0.68927418344883629  0.70437289726772856
  0.72715652681186382  0.74212458575707507  0.75087387860871480  0.75893532126324847
  0.76583042473848828  0.77321459048530772  0.78059346717883105  0.78628735374373060
  0.79124901642260437  0.79662568132615952  0.80120326267146158  0.80859749733899100
  0.82133327824421842  0.83691364371829591  0.85134851273850620  0.86692764338764616
  0.88041405620830304  0.88482059470400032  0.88992630885735091  0.89325861863008182
  0.89630771288474254  0.90120291691369625  0.91599107215806197  0.93359166528018334
  0.94917763257165833  0.96976926346810277  0.98697590439295702  1.00000000000000000
 -0.00296170941004854  0.01115655568778763  0.02450818045506122  0.03276102816164173
  0.03796962540256556  0.04279039353504714  0.04893904919510096  0.05651337975681150
  0.06633085977603861  0.07722057620443026  0.08579829323888918  0.10429698683641822
  0.11991901085784758  0.13734951722141830  0.15493115147747677  0.17089078447303155
  0.18636385243415721  0.20181995081123799  0.21823039225287422  0.23254760249932918
  0.24509033701270783  0.25337926119451787  0.26407942132844792  0.27658861723105121
  0.28967419388637439  0.30417741639936641  0.30839036649979557  0.31503403674898212
  0.32377953133974702  0.32927367045913974  0.33510767584454121  0.34302737712938608
  0.35202769335241768  0.36316554387366773  0.37653296797412616  0.39762100320094063
  0.41878938616559491  0.43454807147131541  0.44437836406795200  0.45064548737136539
  0.45578747970215722  0.46220763198383885  0.46792811072928309  0.47332001981264343
  0.48086164454253522  0.48807787487345938  0.49359433514986634  0.49927570094296436
  0.50333320054617681  0.50841715112005137  0.51335475782867479  0.51919776274355245
  0.52638210232045224  0.53385925952538238  0.54017082084414469  0.54724347451999045
  0.55456445681808764  0.56067868813626076  0.56981284415294409  0.58004027871007036
  0.58912728473401998  0.59938844474321251  0.60857524960533704  0.61775925658583208
  0.62802269733438409  0.64143349205350808  0.65807529772044182  0.67771437679210855
  0.69733364241381868  0.71518844281726046  0.72752203471542465  0.73539910389142538
  0.74354488091343862  0.75397663528895686  0.76140822663399943  0.76823281318894121
  0.77469946864513006  0.78088050165408351  0.78794677814623459  0.79543991021016358
  0.80275178367215771  0.80962648774058599  0.81978113689821175  0.83141305091587492
  0.84403938974985615  0.85723247563053095  0.86708671060434817  0.87560739548408029
  0.88581076169458084  0.89320518771358370  0.89972387897213335  0.91077261644692742
  0.92304986927810861  0.95056480903565188  0.97652052359693897  1.00000000000000000
 -0.00268708380879491  0.01473161272648031  0.02779148321600179  0.03640874857966817
  0.04293184440273999  0.05108084049839880  0.06314706879972436  0.07654635946779076
  0.09136407009147050  0.10865268200029206  0.12379249257043044  0.13943679053001670
  0.15750526249566307  0.18217665781817433  0.20664282975208412  0.22940995599422109
  0.25001262348350833  0.26591836515564671  0.28286356756022468  0.29426213220447439
  0.29956021505183733  0.30235157133637058  0.30537561759340187  0.30754613952557042
  0.30993461600110245  0.31452814147395863  0.31998779080192141  0.32635259967976660
  0.33723418490000162  0.35713219430415627  0.38289492213429099  0.40856635426179788
  0.42681864399839115  0.43917319264826038  0.45083595269031573  0.46259722649588392
  0.47521535500493173  0.48798376229090412  0.49392090229604119  0.49912392958992213
  0.50417328211160772  0.50811289979908592  0.51274009590007985  0.51749382831506807
  0.52519598620698715  0.53553107556017898  0.54249514208034366  0.55344767357347657
  0.56472426382315832  0.57296293890418970  0.58027506146288099  0.58741978457076993
  0.59438817903880758  0.60127654450536205  0.60877567773742536  0.61688629129076655
  0.63138187927655787  0.64440404998131928  0.65477660795972548  0.66697976311219020
  0.67748793724080270  0.68639359919185694  0.69452536128740550  0.69943025932184311
  0.70512886211662540  0.71321673227971472  0.72407594490768867  0.73544560227505840
  0.75011129898592932  0.77066809187526053  0.79368744808644487  0.81560620124199701
  0.83251925395853110  0.84696698910681723  0.86795325728065442  0.88025837110816929
  0.88550025666075283  0.89045204799085997  0.89855012350680941  0.90419381312118963
  0.90907063579842595  0.91402438411989839  0.92041365479160753  0.92581701315544351
  0.93051281736792113  0.93751961179231147  0.94762334270045379  0.95936622765814816
  0.96722198758580491  0.97131037500565098  0.97548743526611814  0.97986074633241482
  0.98539666540032933  0.99046651176835998  0.99546454034485354  1.00000000000000000
 -0.00478577553519616  0.01369927542492614  0.03111229821651852  0.04504936863565651
  0.05462727098904836  0.06635619131811162  0.08034432023462357  0.09892640084588684
  0.11857600958746484  0.13556415078811748  0.15332477688654336  0.17237491107847802
  0.19190065826918884  0.20510929746048850  0.21905231852577450  0.23332928745082399
  0.24738773470285583  0.26132972896932749  0.27587459287164562  0.28626383428673202
  0.29644395867700757  0.30799168552008593  0.31607983971786707  0.32425612108401175
  0.33267117346508501  0.33981084483639451  0.34953071248170042  0.35572979936184262
  0.36157564019944738  0.36715966009932161  0.37252954743250738  0.37774812198366564
  0.38620989025332636  0.39162740216271597  0.39482167503107196  0.40126448303809481
  0.41481310023041229  0.43105744443119492  0.44597995308034832  0.45843825247522407
  0.46773588187251097  0.47576562259044947  0.48402850261403618  0.49183647083155285
  0.49703746013865613  0.50126656080158138  0.50965478735071712  0.52445918909657308
  0.54005974396089018  0.55485649082408339  0.57110360018202999  0.59405365557301260
  0.60568528233410579  0.61339641986259885  0.61906942714603208  0.62527671684412911
  0.63172867368150287  0.63925656151399946  0.64852430028573715  0.66357233263493731
  0.68304247411285823  0.71920834121129107  0.74164737466286590  0.75672122801264208
  0.76611359403984336  0.77476763313049180  0.78263563608252495  0.79090560642577790
  0.80681269361236052  0.82328396768880285  0.83636203080518745  0.84393460773528839
  0.85136566637501399  0.85753996714455605  0.86322893289013203  0.86841826580059278
  0.87847038826287793  0.89118485073537657  0.89831253304875691  0.90528028393531101
  0.91170117459844335  0.91641964737462700  0.92334928274184624  0.93017021681716983
  0.93606725670681656  0.94205821410508717  0.95024784668423168  0.95914408815863794
  0.96669371139152338  0.97221441420160148  0.97536468162064649  0.97801517157749140
  0.98095392877143694  0.98572858318798962  0.99292286826453813  1.00000000000000000
 -0.00276661694873968  0.01406178174531077  0.02631376498364816  0.03691412902254279
  0.05108407838687277  0.06870348553396148  0.07722063144091421  0.08230982201374398
  0.09082244979852683  0.10578613634864789  0.12467501555000912  0.14437303703252730
  0.15993281013232560  0.16927924927979718  0.17683170813039265  0.18505905093539582
  0.19343426425804369  0.19985943028028436  0.20605339075940060  0.21836841936745977
  0.22679469224034277  0.23627094471196378  0.24688339042649809  0.25630634916694700
  0.26116980040389104  0.26491447312497263  0.26828399605583031  0.27126083497220976
  0.27431004010330279  0.27783701193152688  0.28139909157725901  0.28915892624327594
  0.30020410391687469  0.31229860322894681  0.32014744517090932  0.32966021856737099
  0.33664184442344347  0.34372921552654007  0.35347176768241356  0.36577657677397918
  0.38139737459896766  0.39759244765876445  0.41028632138629084  0.42577256836777672
  0.44556815568860580  0.46252262860900867  0.47757911794017316  0.49491246082595414
  0.52091889390349577  0.54161400676911020  0.55142057413811829  0.55738045878261466
  0.56877144644154554  0.58376849401975606  0.59353227148520038  0.59975255289921514
  0.60441279918971624  0.60950523461022110  0.61548155838187402  0.62107153711666885
  0.62791713874687261  0.63754296898220364  0.64741026404071955  0.65819787820907616
  0.66905397009893885  0.68135631908540806  0.69391321912902870  0.70523199313913032
  0.71504622155252773  0.72497408118498297  0.73503773562794872  0.74548679793939310
  0.75645866775651338  0.76870295240524078  0.78201307166855827  0.79536298971571395
  0.80817042851152654  0.82006714625812949  0.83250302198141390  0.84851079233412352
  0.86302784177316583  0.87801588827007337  0.89485200450305991  0.90638492442468310
  0.91523636603689218  0.92239251039562009  0.92963424057754762  0.93655713301033083
  0.94432421294292124  0.95502228986355597  0.96413193734553559  0.97188788115166280
  0.97910934967370300  0.98650362111903855  0.99340088870868248  1.00000000000000000
 -0.00245665548918792  0.01140788323686166  0.01838686526529092  0.02711051081154963
  0.03710645910159237  0.04665415858775231  0.05757044543690774  0.07006922390022045
  0.08280684885461745  0.09669449063229589  0.11283710138093778  0.13278472924914708
  0.16360459636138194  0.18847918448917805  0.20369109576102953  0.21448235000086668
  0.22258082571048493  0.23058649091236810  0.24187033801393132  0.25159966378390392
  0.26227483016010555  0.27863847504796624  0.29334231532667299  0.30721246211611386
  0.32698846350940908  0.34807301855160622  0.35876065775706734  0.36937535656196380
  0.37736848492952541  0.38503720395570201  0.39247949089932044  0.39745138480086251
  0.40389033254263357  0.41751952743653203  0.43171151604786601  0.44696267913335164
  0.45909786685165044  0.46870626993508602  0.47687800501465100  0.48468525502330007
  0.49284341266206511  0.50131096900095673  0.51037327510820529  0.51910485439060949
  0.52718058827912295  0.53858789440909605  0.54849954138200818  0.56296425530544258
  0.58825271343329255  0.60236289337166038  0.60990866738424243  0.61855021263606258
  0.62790477136332201  0.63467670718685965  0.63769685000683229  0.64027056906887525
  0.64389442124898189  0.64694173177223258  0.65294982110292488  0.66499463954057103
  0.67876963929813294  0.69316207989952094  0.70683163178794950  0.71843609415830800
  0.73158144247794388  0.74652196399576387  0.75822176350554049  0.76797266735985525
  0.77800630553386751  0.78955739219189525  0.79925663866031160  0.81162956291366728
  0.81807464484267223  0.82413245525936563  0.83067739444393240  0.83784316896904487
  0.84483200972805561  0.85149822436931921  0.85715007613962946  0.86196251370876142
  0.86901097812655903  0.87723081663207048  0.88370806895911980  0.89010405389474057
  0.89718796249967592  0.90549873236155853  0.91546113352058744  0.92586815105345965
  0.93496953262385785  0.94385976315022135  0.95440564081519186  0.96615692676930975
  0.97694163576403081  0.98563742834513324  0.99308708540684199  1.00000000000000000
 -0.00779472039435494  0.02823681830876591  0.04429886797299906  0.05405276322739673
  0.06457371680864329  0.07959735132156552  0.09882720039792461  0.12132265213365799
  0.14183265046502097  0.15556618430959243  0.16908764171547336  0.18288378735982644
  0.19256183498190702  0.19893528968430263  0.20127364316704024  0.20228814463236275
  0.20263822941365053  0.20310680079607557  0.20377392689745780  0.20469677649347520
  0.20589699713117421  0.20798296610975078  0.21110360699194153  0.21449059653180416
  0.21994868973184079  0.22724894911259097  0.23844942850051981  0.24925780916094450
  0.25417153344589205  0.25710449920706341  0.26215789998170824  0.27443290194381936
  0.29163228487779008  0.30746245973342945  0.31475927851193219  0.32104438649419459
  0.32770426094512478  0.33388145946897207  0.34101136820305422  0.34801765713853722
  0.36275949544315145  0.38605793151256768  0.40984841080658663  0.43304438614486129
  0.45209728015168726  0.46927921528051353  0.48470687380948407  0.50168329999256334
  0.51831499671136749  0.53523241966172019  0.55332335229139229  0.57334395702810392
  0.59644125646068191  0.61656769922237586  0.63726411529813309  0.65625449623982290
  0.66903719999481215  0.67493725674150473  0.68016671329528955  0.68643249248734561
  0.69208527574370093  0.69820347993608767  0.70393879310205676  0.71095700478350876
  0.71844700890319035  0.72605844605660297  0.73780055708561343  0.74886295013524551
  0.76170945623320718  0.76961918159658971  0.77688798774873791  0.78470995041810787
  0.79159343402426197  0.79779531495354172  0.80319284235922750  0.80819287742721835
  0.81201370212716417  0.81787674305563407  0.82132693446022231  0.82546187046871466
  0.83008525020885204  0.83450377338613968  0.84011210687444715  0.84667958711336599
  0.85364126085411796  0.86405977779249798  0.87629140049301713  0.88425714160039159
  0.90419418924917072  0.92639465823428779  0.94594968768821108  0.95767016680458483
  0.96758009916133092  0.97845539315016772  0.98942169355388121  1.00000000000000000
 -0.00660715105393839  0.01745178373184870  0.03514551744875151  0.04631882922901968
  0.05284692178196573  0.05883456541317449  0.06310933503735400  0.06538605309681776
  0.06759233997418508  0.07044378388732549  0.07492280813831757  0.07994889578977327
  0.08370676136595200  0.08709802302206693  0.09276831203810867  0.10182153974137716
  0.10972049729622768  0.11466645035016232  0.11900378455316170  0.12538686191716406
  0.13537911839750541  0.14928935169931520  0.16538867072845889  0.17996938971206450
  0.19382925383583255  0.20940157610660198  0.22528373735445142  0.24352991500805307
  0.26070610765219671  0.27695205175383014  0.29148569477248171  0.30312390601127065
  0.31338055504680762  0.32377289617259641  0.33498960436656217  0.34566367931400765
  0.35340755163390014  0.35940390290765417  0.36591396955508054  0.37347342884143930
  0.38095726963615767  0.38875385174385246  0.39886449648781991  0.40890939521766367
  0.41768964468948316  0.42650361280836280  0.43534057163668916  0.44778279157990597
  0.46047626556588556  0.47302696478185924  0.48767430085058910  0.50347778309505831
  0.51966295593758549  0.52663145749281282  0.53486386601637004  0.54906720787127572
  0.55888872451854865  0.56312314005387154  0.56816083904037551  0.58218453276923166
  0.59671273983265305  0.60452375630316835  0.61324384454426450  0.62294853425308161
  0.63212279724194076  0.64449101721436786  0.65568376729322264  0.66253421021474090
  0.66936768306304262  0.67719102282832322  0.68483633728782511  0.69311806801653741
  0.70109731233386785  0.71097058387330037  0.72703440687897081  0.73852105183047900
  0.74770745397799865  0.75642856348750553  0.76772918860734829  0.78199993403559998
  0.79483865574586265  0.80785308340424700  0.82137142323672463  0.83045846391471223
  0.84093790976728322  0.85843945102563546  0.87497573949350027  0.88694095971570730
  0.90278656116102851  0.91526027054545955  0.92138601937389464  0.92801733556819499
  0.93713725581999385  0.94748942139046877  0.95881229246855326  1.00000000000000000
 -0.00083554954112544  0.00474802810004422  0.01052635704481116  0.01913252193101844
  0.03080968587776450  0.04320434724241345  0.05211855097010053  0.05747740934624471
  0.06317338092633673  0.06914671096334588  0.07532058569964174  0.08239722658948538
  0.08996295513241240  0.10095852489964148  0.11673247819044882  0.12948951941034859
  0.13931173336088679  0.14832478745979136  0.16167684803724594  0.17882666384599349
  0.18875482545866484  0.19768413151771824  0.20810328719413734  0.22131670396953590
  0.23791539298986369  0.25496912797631943  0.27375876939754606  0.29092127930517159
  0.29858663408656549  0.30738755794951861  0.31372726827079789  0.32019543360059199
  0.32934165210188604  0.33764960923266341  0.34601493987673149  0.35351187374849835
  0.36839442256875732  0.38565309235447931  0.40313677261845693  0.42004887072208608
  0.43381461749318179  0.44937492444114524  0.46397194528125169  0.47610535492654071
  0.48583985937476926  0.49734382571222208  0.51029560937176133  0.52635866703110545
  0.53977811103252626  0.55054443578754730  0.56350939107999520  0.57895853360888294
  0.59037478592083892  0.60367796567608212  0.61688007407115586  0.62975826172006488
  0.63975982788521590  0.64854454262134664  0.65658852135880530  0.66281449188388231
  0.66914091740153825  0.67595944595119928  0.68397103634560708  0.69360212892190554
  0.70799500439464214  0.72478779983329789  0.74083893523236966  0.75290113791735724
  0.76072403713957681  0.77143817356199007  0.78261462171608853  0.79334375808947022
  0.80212470871488550  0.80958396061611548  0.81599906125606758  0.82090137906611005
  0.82846335784641456  0.83664019830625536  0.84092196117321671  0.84424609124735439
  0.84712050506862169  0.85006721495815840  0.85227878657876455  0.85472305851615005
  0.85837253410042325  0.86171314638975716  0.87028841294243175  0.88758349986931007
  0.89933449985148417  0.91002717874323868  0.92302564263082121  0.93925308001631425
  0.95656014308080772  0.97264229068010111  0.98708731081884293  1.00000000000000000
  0.00902945451973072  0.07982805908222741  0.12625464794726865  0.14992772629800644
  0.16677591268841624  0.18322673811576726  0.19521422927087542  0.20682983207026717
  0.21669861955715244  0.22706304863039256  0.23692772430853806  0.25433026565499284
  0.26202201339498604  0.26902394487966164  0.27506970895926675  0.28113126494766660
  0.28719886740658362  0.29391393414365286  0.29920573196866795  0.30515922390166456
  0.31159544825962665  0.31628448914086643  0.31992676241889739  0.32328823791577305
  0.32647404366825139  0.32982467141763244  0.33442045750454241  0.33991422560232387
  0.34465019364696320  0.34766206297440178  0.34999775454067517  0.35113557641543830
  0.35253173280907857  0.35476596404511995  0.35794134099644187  0.36222225488075122
  0.36655406008783648  0.37110670731916562  0.37602427106769765  0.38075382699998539
  0.38445512163504042  0.38803602571535839  0.39116257351526657  0.39411964190601034
  0.39673206810264555  0.40011669901962993  0.40518783108316769  0.41099947047080809
  0.41599142029917013  0.42040860298979904  0.42480988877721659  0.42894221793768428
  0.43349025586298479  0.43811532884629689  0.44194417781913647  0.44555392919473419
  0.44900289498556722  0.45237439190878359  0.45855011813919044  0.46538827896088858
  0.47574002645617686  0.49645151529968456  0.51203813626768013  0.52410546498724053
  0.53395965398007816  0.54113705387708178  0.54614815509005532  0.55076966507714353
  0.55534971439058722  0.55965275626200328  0.56556086154568119  0.56913392013704489
  0.57080008636227475  0.57265647156614163  0.57476958167698722  0.57753693078648305
  0.58031482075980434  0.58123214854533789  0.58322461865202091  0.58750213769483761
  0.59103820763464598  0.59289502596733823  0.59519144820763881  0.59989491658029614
  0.60477925682299050  0.60954776370863128  0.61540658245681701  0.62703266927228452
  0.64291654035637591  0.66643600409349280  0.68216218884479429  0.69952238468045036
  0.72067956449695858  0.74887522064506917  0.81230590019496640  1.00000000000000000
 -0.02894983718867309  0.15041994918832308  0.23993890297295312  0.26823571722632317
  0.28630071317626404  0.30302003359861057  0.31898188319809839  0.33477604327917659
  0.35437437188315063  0.36745269264489500  0.37860053437346669  0.38641300700461767
  0.39439692085344596  0.40307826793093937  0.41256178156461926  0.41978807594111955
  0.42628986756135478  0.43299707567605661  0.44289040445931432  0.45119406986470734
  0.45589116199478313  0.46012548739061793  0.46548537044811755  0.46846471219001451
  0.47121656988948007  0.47487218247867785  0.47907509541064691  0.48498648149347523
  0.49094252635808999  0.49947775721659260  0.51214172903486455  0.52291828478208635
  0.52793478043647013  0.53070240420476478  0.53365460280399935  0.53755528398082886
  0.54435880166663453  0.55110352406036101  0.55522711517998180  0.55920783954442588
  0.56175460844466985  0.56251645723067734  0.56342817272052970  0.56437950242284041
  0.56653503016326134  0.57136052236962909  0.57662703146997085  0.58162165696903789
  0.58678346185722474  0.59160669890873052  0.59628025860733536  0.60180520059553233
  0.60757985995656516  0.61226400242838563  0.61536399362331418  0.61772055516077395
  0.62012694245080813  0.62227535484212382  0.62474882024581135  0.62783112898438487
  0.63150154043004270  0.63528413326472144  0.63855891340038107  0.64149902354535915
  0.64493541733131499  0.64915439208748549  0.65316996394861038  0.65735237048700546
  0.66220413064894779  0.66827252869988407  0.67505487627221072  0.68148762052679557
  0.68735529643946025  0.69321449830996906  0.69884246238350967  0.70439841752929555
  0.71021022951591872  0.71645964970600973  0.72478981980450641  0.73307082791702882
  0.74084126552019880  0.74825957222503403  0.75626731732656849  0.76356509869205513
  0.77737112308601264  0.79626758378281914  0.81343098539095160  0.82510094840486536
  0.83546790739276799  0.84207767536509581  0.84746893479971463  0.85369793904190572
  0.86309675459256663  0.87579683548983789  0.89597509634116557  1.00000000000000000
   1.0468028985604573E-019  -1.0000000000000000     
 T F F F F F F F F F F F F F F F F F F F T F F F T F F F F F F F F F F F T F F F T F F F F F F F F F F F F F F F F F F F T F F F F F F F F F F F F F F F F F F F F F F F F F F F F F F F F F F F F F F F F F F F F F F F F F F F F F F F F F F F F F F F F F F F F F F F F F F F F F F F F F F F F F F F F F F F F F F F F F F F F F F F F F F F F F F F F F F F F F F F F F F F F F F F F F F F T F F F F F F F F F F F F F F F F F F F T F F F T F F F F F F F F F F F T F F F T F F F F F F F F F F F F F F F F F F F T F F F T F F F F F F F F F F F F F F F F F F F T F F F T F F F F F F F F F F F T F F F T F F F F F F F F F F F F F F F F F F F T F F F F F F F F F F F F F F F F F F F F F F F F F F F F F F F F F F F F F F F F F F F F F F F F F F F F F F F F F F F F F F F F F F F F F F F F F F F F F F F F F F F F F F F F F F F F F F F F F F F F F F F F F F F F F F F F F F F F F F F F F F F F F F F F F F F T F F F F F F F F F F F F F F F F F F F T F F F T F F F F F F F F F F F T F F F T F F F F F F F F F F F F F F F F F F F T F F F
  <DiscreteSampler_grid>
  grouped_processes
  1 # 1 for a reference and 2 for a running grid.
  10 # Attribute 'min_bin_probing_points' of the grid.
  1 # Attribute 'grid_mode' of the grid. 1=='default',2=='initialization'
  0.0000000000000000 # Attribute 'small_contrib_threshold' of the grid.
  0.5000000000000000 # Attribute 'damping_power' of the grid.
 # binID   n_entries weight   weight_sqr   abs_weight
    16   10   3.152059154796622E-020   9.644784551185268E-039   3.152059154796622E-020
    17   10   3.152059154796740E-020   9.644784551185989E-039   3.152059154796740E-020
    19   10   5.087696880401301E-020   2.557739797648892E-038   5.087696880401301E-020
    20   10   5.087696880401428E-020   2.557739797649018E-038   5.087696880401428E-020
    22   10   3.030232172169469E-020   7.815859932996775E-039   3.030232172169469E-020
    23   10   3.030232172169459E-020   7.815859932996580E-039   3.030232172169459E-020
    28   10   9.980600798115580E-021   6.329559165212645E-040   9.980600798115580E-021
    29   10   9.980600798116358E-021   6.329559165213491E-040   9.980600798116358E-021
    31   10   8.567888967261155E-021   3.702415100844063E-040   8.567888967261155E-021
    32   10   8.567888967261766E-021   3.702415100844612E-040   8.567888967261766E-021
    34   10   6.183218457760575E-020   3.308363094399700E-038   6.183218457760575E-020
    35   10   6.183218457761063E-020   3.308363094400239E-038   6.183218457761063E-020
    40   10   3.152059154796632E-020   9.644784551185321E-039   3.152059154796632E-020
    41   10   3.152059154796739E-020   9.644784551185979E-039   3.152059154796739E-020
    43   10   5.087696880401308E-020   2.557739797648899E-038   5.087696880401308E-020
    44   10   5.087696880401419E-020   2.557739797649010E-038   5.087696880401419E-020
    46   10   3.030232172169469E-020   7.815859932996779E-039   3.030232172169469E-020
    47   10   3.030232172169457E-020   7.815859932996567E-039   3.030232172169457E-020
    52   10   9.980600798115633E-021   6.329559165212672E-040   9.980600798115633E-021
    53   10   9.980600798116386E-021   6.329559165213498E-040   9.980600798116386E-021
    55   10   8.567888967261143E-021   3.702415100844052E-040   8.567888967261143E-021
    56   10   8.567888967261780E-021   3.702415100844625E-040   8.567888967261780E-021
    58   10   6.183218457760569E-020   3.308363094399694E-038   6.183218457760569E-020
    59   10   6.183218457761065E-020   3.308363094400241E-038   6.183218457761065E-020
    64   10   3.152059154796625E-020   9.644784551185286E-039   3.152059154796625E-020
    65   10   3.152059154796741E-020   9.644784551185989E-039   3.152059154796741E-020
    67   10   5.087696880401305E-020   2.557739797648896E-038   5.087696880401305E-020
    68   10   5.087696880401429E-020   2.557739797649019E-038   5.087696880401429E-020
    70   10   3.030232172169468E-020   7.815859932996766E-039   3.030232172169468E-020
    71   10   3.030232172169466E-020   7.815859932996619E-039   3.030232172169466E-020
    76   10   3.152059154796622E-020   9.644784551185263E-039   3.152059154796622E-020
    77   10   3.152059154796749E-020   9.644784551186034E-039   3.152059154796749E-020
    79   10   5.087696880401296E-020   2.557739797648886E-038   5.087696880401296E-020
    80   10   5.087696880401418E-020   2.557739797649009E-038   5.087696880401418E-020
    82   10   3.030232172169460E-020   7.815859932996724E-039   3.030232172169460E-020
    83   10   3.030232172169458E-020   7.815859932996575E-039   3.030232172169458E-020
    88   10   9.980600798115605E-021   6.329559165212660E-040   9.980600798115605E-021
    89   10   9.980600798116383E-021   6.329559165213507E-040   9.980600798116383E-021
    91   10   8.567888967261172E-021   3.702415100844080E-040   8.567888967261172E-021
    92   10   8.567888967261775E-021   3.702415100844618E-040   8.567888967261775E-021
    94   10   6.183218457760587E-020   3.308363094399716E-038   6.183218457760587E-020
    95   10   6.183218457761056E-020   3.308363094400231E-038   6.183218457761056E-020
    100   10   9.980600798115643E-021   6.329559165212691E-040   9.980600798115643E-021
    101   10   9.980600798116377E-021   6.329559165213494E-040   9.980600798116377E-021
    103   10   8.567888967261167E-021   3.702415100844075E-040   8.567888967261167E-021
    104   10   8.567888967261781E-021   3.702415100844623E-040   8.567888967261781E-021
    106   10   6.183218457760583E-020   3.308363094399713E-038   6.183218457760583E-020
    107   10   6.183218457761055E-020   3.308363094400227E-038   6.183218457761055E-020
  </DiscreteSampler_grid>
