  0.00000065586671913  0.00001698209182251  0.00002058112046124  0.00002227463934031
  0.00002307661871959  0.00002348286533596  0.00002386545231522  0.00002428434816806
  0.00002476672207103  0.00002584852335322  0.00002736989409801  0.00002950115641505
  0.00003192803766223  0.00003350546582850  0.00003478279713176  0.00003615670917075
  0.00003927178515906  0.00006232070712786  0.00006346993176886  0.00006391119070292
  0.00006433565987433  0.00006473270378998  0.00006532761100795  0.00006617884812958
  0.00006735745543602  0.00006847296391696  0.00006938365629806  0.00007027092966448
  0.00007115933560392  0.00007204779543600  0.00007294181004823  0.00007384550553437
  0.00007480718334605  0.00007574272463544  0.00007669260691237  0.00007767446603008
  0.00007911917397845  0.00008159367328956  0.00008472464804819  0.00008810924607627
  0.00009228731018448  0.00009744375610271  0.00010243443271045  0.00010672484629760
  0.00011090242681118  0.00011425096662984  0.00011790958478731  0.00012180714292999
  0.00012496780032026  0.00012773507426267  0.00013092882001520  0.00013520630260184
  0.00013984177820883  0.00015015515140243  0.00016425465229919  0.00017547519939442
  0.00018318517634040  0.00019251888060699  0.00020475814971710  0.00021905113892386
  0.00023572958636569  0.00025801182302201  0.00028652378354813  0.00031972462490219
  0.00035568913959432  0.00039581290736877  0.00042135576080361  0.00044268220993460
  0.00047334586086837  0.00051482350463342  0.00056617001145140  0.00065754291430193
  0.00074946273309020  0.00082092806063287  0.00088671990554929  0.00093770257661048
  0.00098597107848210  0.00106073539970640  0.00114772475882636  0.00122801770606589
  0.00127259941438979  0.00135347452448923  0.00142748074178907  0.00155112162267602
  0.00187272365105107  0.00232850105053945  0.00277103619247549  0.00318353409274075
  0.00380667924352779  0.00472878975454761  0.00576396864607260  0.00681008143231765
  0.00801213956556688  0.01043595241600708  0.03166189339983216  1.00000000000000000
  0.03041742029831672  0.03056889902626564  0.03074514501979875  0.03093975259695732
  0.03108957636527205  0.03123898360258748  0.03138694591139530  0.03153995381957427
  0.03169899640077278  0.03178773584897924  0.03187833423842673  0.03194000402616686
  0.03199157241731120  0.03205432690849901  0.03214364524190259  0.03225163277988401
  0.03232939443996604  0.03241248269773794  0.03251665752958227  0.03267164119880030
  0.03282028863623361  0.03291686091489724  0.03302778651054816  0.03316776519366099
  0.03321542933662552  0.03325610674051492  0.03328940544941991  0.03332786601831886
  0.03336317167347458  0.03340621184793962  0.03345654563361271  0.03350687343422025
  0.03355486979945783  0.03360222678371371  0.03364265202302871  0.03370038641675576
  0.03383240381472422  0.03398128591929717  0.03414886148169188  0.03434174660129024
  0.03447853282067517  0.03460251704617698  0.03480636652376905  0.03500193735156644
  0.03518087312362409  0.03533984483807925  0.03550499793329680  0.03564301611092593
  0.03578645530734572  0.03595146986736252  0.03620584903906687  0.03652891945738988
  0.03690282930493251  0.03724893801747739  0.03757956345294645  0.03789337212881147
  0.03818461173269281  0.03841970889779549  0.03861368824935601  0.03884511552185659
  0.03907645411517924  0.03929784634124751  0.03953926068769566  0.03989138695850345
  0.04018601564827294  0.04041879815442440  0.04078582506719577  0.04112599831217709
  0.04140013849527859  0.04164891673224320  0.04194309080001019  0.04236610403130844
  0.04290933380033030  0.04340737994408730  0.04394827180635093  0.04445345461020216
  0.04496741750185059  0.04543815912160408  0.04570504226392001  0.04593655584136741
  0.04619675513349831  0.04663823094488276  0.04736685787841878  0.04789807372105915
  0.04840100691873902  0.04899159154261093  0.04959834711071943  0.05007085184015744
  0.05070502811238201  0.05136377587946640  0.05221897238043775  0.05421883919299026
  0.05696874179550016  0.05903820060660695  0.06300529451904517  1.00000000000000000
  0.93488530544404125  0.94090096023269343  0.94168908442977683  0.94249653009798984
  0.94341397202755095  0.94450828954229871  0.94536278806193408  0.94622327517509108
  0.94737402784126135  0.94828641803680880  0.94897676956563592  0.94940903784836883
  0.94979671878322236  0.95017373995764542  0.95062460838866392  0.95087019420590624
  0.95107017299813512  0.95127048034421324  0.95173081625651412  0.95205629422688409
  0.95223220226745497  0.95237791224349200  0.95252726377231822  0.95322087496503904
  0.95408400849837049  0.95461089987492898  0.95496691522191079  0.95531010774891645
  0.95567140441497900  0.95610546955614928  0.95653317199670196  0.95702972468146907
  0.95748308699120876  0.95786089817872833  0.95820048647050571  0.95848913941549707
  0.95879530765317100  0.95911959394099666  0.95954916630475817  0.95996592224901178
  0.96035425627457449  0.96062874949706711  0.96080140248460433  0.96102598641433601
  0.96122940131886925  0.96137389762216663  0.96147279481234316  0.96157200923312969
  0.96170052514771365  0.96191327317684072  0.96221590527607725  0.96248833577863924
  0.96275376238146038  0.96306466725355355  0.96333527293704979  0.96357050715438763
  0.96374882454279520  0.96392189123465888  0.96414365795562185  0.96440173852225375
  0.96466259540144639  0.96485749785664165  0.96491924536756823  0.96498122419067978
  0.96504404940520139  0.96510534872287235  0.96516348227979865  0.96523840641864955
  0.96535079280402070  0.96547337923883192  0.96562637450419853  0.96579913598042133
  0.96597671081823833  0.96613712218327286  0.96625533402576524  0.96635951764694339
  0.96645491022757557  0.96654326573607274  0.96664476620115147  0.96678221779881157
  0.96693497271727136  0.96705563898086078  0.96713029886023871  0.96720432484665908
  0.96729013638053651  0.96740712273879204  0.96756788621062750  0.96771146953822917
  0.96782332221312684  0.96795437264231587  0.96809710352786060  0.96824691489651771
  0.96842592443770747  0.96859705684623187  0.96872626976391174  1.00000000000000000
  0.02899430076643770  0.03360729196695375  0.03535247829071709  0.03646059536048941
  0.03736248874621522  0.03808273900635257  0.03861722338358566  0.03914270657673335
  0.03965774165424063  0.04021944985938002  0.04086112601996158  0.04158920581370835
  0.04196290011195764  0.04234302354606790  0.04273744183720248  0.04315590378789459
  0.04359266559968560  0.04444885642284672  0.04530669622353574  0.04614768217003051
  0.04696911595427199  0.04776495020632828  0.04840808908824918  0.04895008084886430
  0.04935940665516748  0.04989864461472033  0.05054743421110724  0.05113313666473422
  0.05195148993587616  0.05291663306346627  0.05371285106967730  0.05453228814186740
  0.05532898121474192  0.05620719403325556  0.05681252167102856  0.05764210672215610
  0.05867882573755225  0.06003803807556356  0.06121011741197536  0.06201148749411241
  0.06269760219226768  0.06329880867764069  0.06387903258908233  0.06446839261355003
  0.06540107128828027  0.06654309048256048  0.06769327576784233  0.06859904583096237
  0.06948455930799911  0.07043869322199078  0.07161787731367260  0.07329647708469107
  0.07454645066295980  0.07611548727094734  0.07767620974183141  0.07919403350129098
  0.08052956220105098  0.08176290183896620  0.08285403025880547  0.08372759533231654
  0.08455124609236249  0.08532086324631032  0.08587539298155382  0.08635259357354400
  0.08729782942359421  0.08824273682345572  0.08961036094433869  0.09103111781822193
  0.09268033827347823  0.09436995670601793  0.09598451130047797  0.09782477771442601
  0.09970474513560751  0.10201751375742926  0.10668090583378380  0.11181974863828115
  0.11550350506035109  0.11822448644244192  0.12183070827061958  0.12395122083406419
  0.12555858914077325  0.12735360062715625  0.12964027470027681  0.13246063267627908
  0.13582532950390325  0.14408544214194910  0.15465411015951788  0.15996162047652282
  0.16723200297571983  0.17669650679901719  0.18665565189373029  0.20393268132163406
  0.22750518183186852  0.29878331580815087  0.58625155945255858  1.00000000000000000
  0.02544763032166839  0.03009055222439718  0.04088468823736559  0.05938188793394799
  0.07795791178976147  0.09222581459916120  0.10378573937676311  0.11831857173412196
  0.13590729734826293  0.15000184546221773  0.15973451933093907  0.16890634614752084
  0.17904957421731671  0.18717713551258658  0.19655809363698235  0.20633215391844661
  0.21554304735559984  0.22456102611130030  0.23740233091723029  0.25623790268376623
  0.27182145706974409  0.28322441105347096  0.29178831010604811  0.30092331894548757
  0.31125708135006347  0.32877354339497533  0.34391936181303567  0.35621991725890129
  0.36535028835213612  0.37334229114532275  0.38204441927841959  0.39324919702614414
  0.40660758241175038  0.42428346922811622  0.43921350325653141  0.44717116631749781
  0.44947931637472044  0.45210754340668574  0.45604787250050227  0.46312276705860184
  0.47475582374597119  0.48586916770538419  0.49816644619601358  0.51040367316717139
  0.52458792660284781  0.53561929117904927  0.54427299293677600  0.54869573358679413
  0.55306117264574861  0.55740627801776088  0.56175603612342062  0.56747824025762017
  0.57295273131650815  0.57806913351901124  0.58344898617152019  0.59070624171425667
  0.60078513048104421  0.61006514008029289  0.62011814775392282  0.63123740040515042
  0.64341651339867934  0.65683848535394707  0.67013337133036477  0.68043159246680951
  0.68809999825982526  0.69466359617445173  0.70005316734925305  0.70553735892074032
  0.71144139196119927  0.71734542500165832  0.72773953266182423  0.74085343073291354
  0.75473011467550066  0.76429618076347428  0.77094783393493582  0.78142189642505366
  0.79356214619010490  0.80811869301425743  0.82299665673514455  0.84232210412076802
  0.85846436306843110  0.87328535675079255  0.88405596697612188  0.88886580647096880
  0.89362004220504154  0.89967416379999932  0.90707041784804487  0.91804013499223103
  0.93160691805574569  0.94402496096357180  0.94925977628597413  0.95428482479086973
  0.95932254107083670  0.96514151193152453  0.97067615768160298  1.00000000000000000
 -0.00161107389422591  0.01040547709156362  0.01681613224073683  0.02270342359624349
  0.02799511642672257  0.03304078628000229  0.03976579491230402  0.04623266818695349
  0.05121953974519761  0.05964140931088174  0.07165640164422941  0.08660376269670582
  0.09664256849714868  0.11269364999254580  0.12656215650666530  0.13578063541924668
  0.14482388737739971  0.15143030473126720  0.15703224433702617  0.16176660667110596
  0.16719741401330360  0.17408028832870975  0.18372511423151999  0.19112878885053583
  0.19654171244661298  0.20043990053087310  0.20606927004914102  0.21454278952872419
  0.22530874177964888  0.23670834496960677  0.24399851503342235  0.24920665358838989
  0.25607942997679750  0.26495202468777201  0.27445903284316869  0.28756562760085758
  0.30313442158945364  0.31905769476780294  0.33144310856720260  0.34226174461580577
  0.35140044925940250  0.35946425986975289  0.36549626630386800  0.37136520870355255
  0.37745251800935892  0.38475740061164210  0.39402154981274612  0.40191769608501027
  0.40924067882509346  0.41585875816277279  0.42077680014682717  0.42944173859437507
  0.44095434746219542  0.45502495520391384  0.46811214781933602  0.47726335540439424
  0.48387228334416815  0.49060803549241899  0.49911253863930760  0.50836660991236260
  0.51593020283990665  0.52446852922103904  0.53657557866911887  0.55166522323367606
  0.56000591055853643  0.56938367472495699  0.58103958239431253  0.59601520591359392
  0.61083553712874450  0.62403834770011879  0.63748653836100344  0.65110861133053466
  0.66490164336141211  0.67693652920786263  0.68767207462240643  0.70735847295667786
  0.72099129948041152  0.73590024788984187  0.74983702420889853  0.75919268333356427
  0.76851119425219816  0.77862099108493765  0.78986349562721669  0.80361829873025370
  0.81871369230789515  0.83430809983189824  0.85110458917706044  0.87235373316076081
  0.88804332386687967  0.90136443841573788  0.91408861716883327  0.92604520699431503
  0.93845869446147256  0.95220331477052844  0.96766230631833783  1.00000000000000000
 -0.00212221711609516  0.00782603808304374  0.01603652904465572  0.02336756148532848
  0.02999169582520269  0.03706369530109636  0.04521352771811391  0.05464359626260530
  0.06449726688865488  0.07468410653713954  0.08535194481653066  0.09579494412276346
  0.10926592263909372  0.12450554096518121  0.13969572612896844  0.15688028222163133
  0.17436887408966639  0.18899903592068487  0.19942196359400968  0.20534549481300154
  0.20886214060580977  0.21316648126952004  0.21778021989044588  0.22372747737460125
  0.23071888848004229  0.23833723032276932  0.24990116235506396  0.26438972143935391
  0.27701782564253263  0.28856755530204747  0.30026687012566733  0.31576409370587438
  0.32801498804243451  0.33787699082296474  0.34732350979496585  0.35698681964757473
  0.36222618878314944  0.36806011094095242  0.37567892442280709  0.38474578416731398
  0.39558596993798595  0.41076182170299957  0.42910758040869995  0.44843925244098171
  0.46843172569826769  0.48413148946880902  0.49766228898873788  0.51284310476940120
  0.52605425464953981  0.53878444724738583  0.54416353018027475  0.54923859706956224
  0.55352943135802113  0.55689035762200811  0.55886846761237996  0.56291507696136411
  0.56906212075851226  0.57595817194147103  0.58113412963780131  0.58550752250480720
  0.58926143925444585  0.59506275174769563  0.60125957000607533  0.60789594796792568
  0.61519810196034108  0.62109603398972990  0.62673977936803049  0.63393175254691392
  0.64044206090897282  0.64814706846890080  0.66302447722502611  0.68275937753134508
  0.70422184163694246  0.72653446824980972  0.74338846719845053  0.76362069346343120
  0.78057288748358278  0.79151157215169599  0.79732067502742221  0.80383249597524853
  0.81102804300615217  0.81991666494822701  0.83282525115512829  0.84216160304601628
  0.85660167433777135  0.87610764614783176  0.89590313651110931  0.91323220903950131
  0.92821693744121769  0.93754101734716855  0.94404231473073108  0.95079990016733651
  0.96046093951181855  0.97307861950434948  0.98626589466854309  1.00000000000000000
 -0.00469035828189331  0.02033518324862042  0.03773050639277665  0.05087677170436525
  0.05889234747081964  0.06734299653527909  0.07556047771846464  0.08464951628726290
  0.09442414704226877  0.10508668520697748  0.11219025449713495  0.11725156132203328
  0.11961135037242178  0.12227411312310710  0.13029486587090888  0.14404594878284677
  0.16723550621577432  0.19352251136940871  0.20310866065358685  0.20973702199516070
  0.21582580865843237  0.22305544048781387  0.23623423754005096  0.25085613241280802
  0.26726482383843109  0.28768413330580322  0.30951366608218089  0.33940089559662967
  0.37229747909713501  0.39886607978010208  0.41644852893687645  0.42684168796075583
  0.43319788086509098  0.43819373695812031  0.44693669763010274  0.45921805712916336
  0.47136779393183165  0.48190960592515464  0.48981048334438487  0.49922294134320150
  0.50982235677100363  0.52430604214869803  0.53660852671656667  0.54424239755681836
  0.55135164173250606  0.55843050621087686  0.56442450909426012  0.57145464327490569
  0.58162893150926043  0.59358119067345705  0.60569021490922514  0.61578978918349370
  0.62263231175671041  0.62817582446221909  0.63324609842906454  0.64037925075223634
  0.64976898811486028  0.66113507141052608  0.67142388980469447  0.67884256300001511
  0.68637310796599660  0.69444338061775646  0.70208319231503269  0.70972300401230892
  0.71725880967168365  0.72473408937728678  0.73220737771865685  0.73938707619683786
  0.74656677467501886  0.75663773873904150  0.76953723078415348  0.78678735203380790
  0.79535208743846686  0.80151312145891407  0.80454180184853608  0.80751254731033639
  0.81109750559007432  0.81726308154761262  0.82466719888305828  0.83048773568080425
  0.83574647829739579  0.84222253630994015  0.85080625584749536  0.86043112909514408
  0.87226757917009212  0.88384099709409181  0.89507161674451152  0.91203641484189368
  0.92991791087766540  0.94370474910082724  0.95462516579983547  0.96383708807272783
  0.97357373241429412  0.98292206270736060  0.99183831886679552  1.00000000000000000
 -0.00518665359099027  0.01857965354530039  0.04386220071162473  0.06230401466200090
  0.07766728508482061  0.08746621123154316  0.09374481157543760  0.09964974904846438
  0.10831886111606981  0.11777877036454333  0.12457505320931236  0.13032536490131538
  0.13778119371360964  0.14562261316365804  0.15627727317077536  0.16835486619592249
  0.17560262908429669  0.18220543718323720  0.18947959363192790  0.19752875805195788
  0.20751201812404174  0.21592211955764584  0.22595448752301744  0.23710536815165309
  0.24949689645406756  0.26041095288804772  0.26744897753432872  0.27448817452535801
  0.28163746366862147  0.28981077303760305  0.29942503811429588  0.31531188152508777
  0.32675397471214873  0.33554999759610998  0.34274417766054505  0.34853748642512450
  0.35798680533354910  0.36537837574780457  0.37195515925252515  0.37812800246628880
  0.38628745670635850  0.39619332852009115  0.40901339935974690  0.42307627279262477
  0.43780697910935407  0.44885485395502422  0.45919057229154336  0.47119288515133401
  0.48693308629396742  0.50294458881829818  0.51482426497012590  0.52084246844303828
  0.52652030833685304  0.53298984687560880  0.54181284862656132  0.54846639513298945
  0.55869074475250891  0.57503371356659416  0.58580629433626130  0.59811035443523064
  0.61168470051818602  0.61729752111793323  0.62230731397851191  0.62579850511647761
  0.63007668402569961  0.63543971344073835  0.64245407956918577  0.65182866063584777
  0.66066226694083363  0.67566909376981021  0.69245688849248921  0.70606729022096182
  0.71731425315956532  0.72792158146186792  0.74025811398186869  0.75835189428153060
  0.77465108443757258  0.79026883854907060  0.80656121566122041  0.82417954091875478
  0.84137100592235581  0.85519381071050693  0.86977354485393188  0.87689539833410457
  0.88268326920590090  0.88963656271561220  0.89888253905909243  0.91115009714399353
  0.92354999928901804  0.93104002566892341  0.93842406859756877  0.94540596882633654
  0.95273445051626582  0.96430264372248997  0.98103924495759043  1.00000000000000000
 -0.00432175946162373  0.02388822767369929  0.03834838960904501  0.04872479061359482
  0.05651195251990872  0.06443442176932820  0.07051636213841679  0.07343293919982528
  0.07723016010122301  0.08231303666368775  0.08843639685022582  0.09575549711514614
  0.10547016802247565  0.11734762867417357  0.12770630214217910  0.13507954789358817
  0.13901349829045204  0.14641224786176391  0.15061985345847045  0.15469130792607172
  0.16338279728752700  0.17416785257194739  0.18466974820973484  0.19398361746799028
  0.20311126614259498  0.21075210678342599  0.22158716353035393  0.24192532322785168
  0.25820796640862675  0.27143767072618202  0.28579681445845873  0.29657125312003829
  0.30804539211450876  0.31855545655061324  0.32876003231870571  0.33968557323698967
  0.35129595418221315  0.36327187281048801  0.37530789872740478  0.39028973768831887
  0.40132256616551609  0.41200948809818028  0.42448338124566004  0.44137133395014294
  0.45766472925233964  0.46590556915584336  0.47123030380924913  0.47697333214382259
  0.48413907669273870  0.49471721762238607  0.50400673282576580  0.51203229155210672
  0.51974057954751429  0.52661558806746689  0.53301854526832670  0.53882893012981015
  0.54534703737784251  0.55376199907991397  0.56449127790052644  0.57293908446785291
  0.57956358890538084  0.58683531474320816  0.59747668033696766  0.61736139347623675
  0.64050582774617193  0.65274358049752412  0.66375006568115613  0.67551335460980888
  0.68933963601027559  0.70497518355132793  0.72675109835571539  0.74283284444937536
  0.75712373882652528  0.76627423987727949  0.77372849792218112  0.78121709666872174
  0.78969491589300922  0.79956902472672597  0.81679398722369867  0.83033082270259295
  0.84142885369084985  0.85038789995961550  0.85717873947618439  0.86321154016529078
  0.86758891782893977  0.87236774798293282  0.87855718920143622  0.88456875498825804
  0.89172511181816050  0.90083391561242421  0.91021827319145876  0.91967695176303943
  0.93175566048808267  0.95204752146047056  0.97675984374793590  1.00000000000000000
 -0.00302962831629090  0.01274494007174463  0.02669405615913868  0.04161546394315013
  0.05778649558349751  0.07503328311908453  0.09033967665455725  0.11070354757785635
  0.12134557482936061  0.12999947044566201  0.13673104048911852  0.14353083089545166
  0.15038710114573905  0.15702515568146005  0.16644209718415467  0.18200958032758285
  0.19720532082528344  0.21646710625756801  0.23675551785243151  0.25762102966984518
  0.27700081928511688  0.28751539104276147  0.29479879090191297  0.30090877264139743
  0.30782232504754409  0.31774297066369322  0.32860162954817312  0.33727399901859689
  0.34644592864060841  0.35369160712549591  0.36247734850807362  0.37130020775371914
  0.38144973939354843  0.39077628104813178  0.39999099850425812  0.40812692516750498
  0.41368784775561485  0.42143901955758867  0.43153477678553487  0.43895534414042747
  0.44673189185741102  0.45638347841053278  0.46767287807064434  0.48313292295496224
  0.50559414178682538  0.52817473132433046  0.53775896804339174  0.54487526992436264
  0.55283601011477779  0.56029038982838997  0.56747378452678132  0.58117072916988599
  0.60190993265766468  0.62166035113188889  0.63606958783489820  0.64884745609956018
  0.66285108698798356  0.67431386061902421  0.68526753493359238  0.69399756893751774
  0.70123170428215742  0.70917712544022826  0.71843704232026406  0.73160185262496502
  0.74491460183872604  0.75201665076545321  0.76073339541242391  0.76953710006277853
  0.77973522459962319  0.78843921461172983  0.79640234488994499  0.80356285733960797
  0.80607288647114639  0.80893701055013323  0.81449781278557942  0.82047996352448216
  0.82857184667513351  0.83767291708946212  0.85174661820870901  0.86625227368561131
  0.88224110678433232  0.90181037880028669  0.92400257125232277  0.94111461878247438
  0.94830984218208081  0.95269308447756529  0.95584101555985124  0.95861079083940148
  0.96173889533258505  0.96369696749097888  0.96598540882560191  0.96855803599174861
  0.97208005600817959  0.97972401233037865  0.99154485890614164  1.00000000000000000
 -0.00635112009953962  0.02836725640182901  0.05182996533840042  0.07187261049700423
  0.08520104687068823  0.09456975221819973  0.10541628524336011  0.11694178002989042
  0.12914294322723230  0.14294141403677857  0.15615175276118856  0.16810913248047724
  0.17996814370239386  0.18973104502663887  0.19675205968401727  0.20405373342590141
  0.21216143206593771  0.21930474515005322  0.22909893225659345  0.24053145667466380
  0.24798476476588241  0.25415152131475721  0.25781905639757424  0.26151066363935555
  0.26742767261136585  0.27750528558352655  0.29193831252832358  0.31221440949205498
  0.33095817084817891  0.34091224734334241  0.35038783661675243  0.35902811224675352
  0.36862055966437846  0.37925253316737162  0.40060673186294793  0.42538985451615480
  0.44774263946444781  0.46166033899083092  0.47351300879558478  0.48589847412220771
  0.50024043532154983  0.51421974180530350  0.52509036637466266  0.53109816612997041
  0.53576088311629844  0.54129151282527987  0.54830246786467463  0.55926356972386959
  0.57200296589634914  0.58018145686242917  0.58558681023518888  0.59107686585953134
  0.59659807400860976  0.60213124527977824  0.60767065407393883  0.61590791200537387
  0.62892351940596192  0.65072220709073469  0.67962703326527385  0.69883529167578007
  0.70775788163405617  0.71449511309054381  0.72163854753917367  0.72931811751201092
  0.73716123919320875  0.74656832616938595  0.75648956137028600  0.76573474043818290
  0.77297616571351224  0.77867219316230363  0.78640273017669438  0.79517284859285453
  0.80519714328851510  0.81768828817491090  0.83181025319857149  0.84377246677296225
  0.85078152556608688  0.85436480606717147  0.85818761030344226  0.86174260319710361
  0.86666329755516980  0.87553712546205353  0.88625000066871495  0.89656752139709806
  0.90524867452748947  0.91062394839717087  0.91559165199176862  0.92068856941656341
  0.92830543078733019  0.94241909591177042  0.95817406224860324  0.96796002334298814
  0.97779338003978400  0.98613070094883948  0.99309334793675774  1.00000000000000000
 -0.00642103078381385  0.02580784407622728  0.04309568299049928  0.05705721088544026
  0.07529635120050142  0.09009168906539375  0.10086589440324048  0.10922027379924648
  0.11752174190020627  0.12907565089044726  0.14091187808492769  0.15096527790982084
  0.16086494359812592  0.16976381122557493  0.18016713277758117  0.19302054246885259
  0.20604827425447189  0.21729204447989087  0.22927878224368145  0.24381670984999959
  0.25895326467898039  0.26887138513070596  0.27617751044865485  0.28510113575030016
  0.30473329974403252  0.32870330969950462  0.34739483225087980  0.36132719812256792
  0.37261526169333764  0.38334822523165291  0.39369024655065094  0.40516924433661172
  0.41667111045716188  0.42759661297914675  0.43683662832490755  0.44485358670020464
  0.45309421569292052  0.46240780524141228  0.47231708660108862  0.48216791695333505
  0.48965480242421600  0.49750228558077281  0.50794410093366427  0.52126540638940910
  0.53040450683929563  0.53904348737755547  0.54859688787456340  0.55958210188824320
  0.56538570322053083  0.57111506913021826  0.57931328000663307  0.58758645285693778
  0.59742633217887531  0.60739526438839542  0.62568323661842973  0.63988689485862538
  0.65118537599879889  0.65758786203036579  0.66458935758261173  0.67211105265991467
  0.67790490414881255  0.68508621962694460  0.69484865905878601  0.70975486582039904
  0.71849809957070609  0.72513965948982817  0.73037017843680418  0.73466437191092226
  0.73832207033484076  0.75403627427385145  0.76625231267002025  0.77492133762780357
  0.78274432225339285  0.79442067012288187  0.80807569107377808  0.82021275687678996
  0.83087566187216255  0.83902064761756034  0.84347560646524611  0.84880446416049937
  0.85607676986941184  0.86110845851245321  0.86371995405334256  0.86715367614139616
  0.87768377113357909  0.89137048986660672  0.90617512440747761  0.92058533308152457
  0.93494594114695118  0.94792307393691055  0.95909240375266214  0.96649152644173864
  0.97388655713617667  0.98130947273275848  0.98838197534667094  1.00000000000000000
 -0.00147032710062462  0.00729260129473635  0.01493577662639863  0.02737997670328119
  0.04237059086947589  0.06083136468268621  0.08279932558323193  0.09352204134418893
  0.10258809223130060  0.11052883991838393  0.11764139090192151  0.12416883111407134
  0.13088092704637908  0.13755096276427067  0.14388040441484914  0.15133297323713496
  0.16184414058346189  0.17346266242373640  0.18546437908410582  0.19488837480154719
  0.20687600216200780  0.21827838899753343  0.22702985177759336  0.23809813385073644
  0.25088694357392627  0.26678828308708563  0.28090095686409228  0.29276545277003807
  0.30354767291519430  0.31345861247729118  0.32989297384136507  0.34822491829110280
  0.36295947790146010  0.37351567888093323  0.38098230522209120  0.38746012093604010
  0.39366793704744651  0.40190425674960789  0.41104201371663063  0.42083683075296957
  0.43153231372880591  0.44254762390748070  0.45430988850970494  0.47284256330876834
  0.48817930098640744  0.49858578121301289  0.51001334466233206  0.52120137653645682
  0.53019748707453351  0.54263590922178440  0.55886542534327099  0.57365223953821254
  0.58613744726815453  0.60104992855239914  0.61787957454947817  0.63151848404911126
  0.64086723292627368  0.65250322383659154  0.66575836112157738  0.67736063737655539
  0.68521208895096763  0.69225040040693819  0.69964523425910230  0.70730811212886513
  0.71919066380181640  0.73905470695549713  0.75464866613484249  0.77097986227966198
  0.78714682206395581  0.80108586704775109  0.81089599672708346  0.81893635785470564
  0.82534213019978242  0.83124022992643443  0.83570808296186661  0.83944485393021495
  0.84268767755670249  0.84490778481289619  0.84733838609278245  0.84927305748171467
  0.85279065366921647  0.85759047367877195  0.86634473985128935  0.87985049351085853
  0.89444877555230551  0.90692930400571836  0.91721413090682891  0.92647915460786978
  0.93524510992841936  0.94271810084445862  0.94907932470900913  0.95624027948160617
  0.96574738270889948  0.97601464408746075  0.98800732204373010  1.00000000000000000
 -0.00064016269340972 -0.00018725130813946  0.00026566007713080  0.00071857146240106
  0.00117148284767133  0.00221216092565333  0.00362413891469492  0.00503611690373652
  0.00724367371620548  0.01594471923258340  0.02154129817359374  0.02754005820491694
  0.03548702364752271  0.04725308040765698  0.05814841867472516  0.06568496126074429
  0.07221320943285932  0.07813864272225740  0.08598226392755079  0.09109328443065383
  0.09783300690955669  0.10814141804198653  0.11878149856602027  0.12979821908855796
  0.14751024402005811  0.16020449059385325  0.16933474471405000  0.17798648599506905
  0.18539764255068628  0.19603472899556959  0.20577480438820750  0.21895887380645460
  0.23539652340589320  0.25857573063742456  0.26854145912551253  0.27790377869011662
  0.28798124464019398  0.29871101602452627  0.31307772445954035  0.32545537729189811
  0.33784894657074405  0.35114019865230406  0.36632580309697127  0.37735585973455849
  0.39130044598752090  0.40598751452138804  0.42153289687479978  0.43780817038826936
  0.45697207220953651  0.47850703648307852  0.49653159096427957  0.51150365917601315
  0.52409624725036019  0.53501150639800299  0.54257154323999368  0.54869042674581581
  0.55417406244621070  0.56625604909813920  0.58395676628580917  0.59506938127698750
  0.60738243379769707  0.61904273955077715  0.63461311083407490  0.64561083296220256
  0.65266287610094786  0.66040659476752450  0.66676215596904342  0.67493939556355154
  0.68400633166828506  0.69461454339202378  0.70343455177662162  0.71186640905265952
  0.71700246899395026  0.72964568969091403  0.74574804821538798  0.75676091976096227
  0.76488630110777478  0.77815524813023085  0.80202152670116067  0.83002033704738853
  0.84841476228937063  0.85803467724713978  0.86329523106962502  0.86848130024288628
  0.88020513978730475  0.89504926745596403  0.90378489711714971  0.90896817659772078
  0.91317568000321525  0.91789432327656562  0.92409648973144298  0.93519805847065085
  0.94983741560319646  0.96658861364269300  0.98263881508583539  1.00000000000000000
  0.00314218372782143  0.02461797304108877  0.03822985419095296  0.05021062217709757
  0.06259110971870813  0.06921930048616938  0.07469071023810706  0.08052250148494182
  0.08846685216241444  0.09442389775733280  0.10046530375092463  0.11220770440582328
  0.12183106241806421  0.13095557563731219  0.14383231501674271  0.15648851251425572
  0.16333190383365928  0.16929086581649611  0.17755372311837411  0.19399367030057221
  0.20555736151673948  0.21250361323338576  0.21999192157577244  0.22451156808421577
  0.22840067938064143  0.23262981801209559  0.23640502277427616  0.24071438765134784
  0.24602146441729364  0.25255532290527716  0.26244111009344112  0.27473372614737451
  0.29346083668870671  0.31557516790194695  0.33507494331427612  0.34786912379303270
  0.35774247804801745  0.36675441755944427  0.37777894726660022  0.38308630530147353
  0.38917132377267077  0.39609881011075210  0.40279435795974594  0.40937887242008092
  0.41531955420455952  0.42086653974196447  0.42853869175814341  0.44013957567486961
  0.44820968569895109  0.45452826459889950  0.46047763017487942  0.46636912051021240
  0.47468191538880655  0.48623319385209723  0.49668107366295977  0.50739411744325935
  0.51811734220399597  0.53193910051808280  0.54590243142396533  0.55912456302648816
  0.57159229115770793  0.58306468095879138  0.59912688833307381  0.61951811851927163
  0.64089274348967418  0.65761011477231346  0.66585740365376445  0.67218777622764792
  0.67858899929609173  0.68537814442113498  0.69263682089492662  0.70301714746860244
  0.71543060294688010  0.72514517466395156  0.73290260548323949  0.73907560876625511
  0.74519110949890388  0.75268314559602045  0.76406566192622027  0.77006228231790785
  0.77628879554844032  0.78303324222931403  0.79031303829326660  0.79838902484055163
  0.81187960860075215  0.82650901137738342  0.83785849022336578  0.85061761193411201
  0.86608537379678419  0.88512142877850897  0.90760066739319456  0.93194934983574385
  0.95400163586595077  0.97052431917166393  0.98313400879486323  1.00000000000000000
 -0.00258049477050602  0.00762099283738177  0.02146008698847626  0.03551304545192031
  0.04844367918883661  0.06114552157805662  0.07211159213923370  0.07829188211915152
  0.08186845395927489  0.08464290294043524  0.08640233824507972  0.08885961056050534
  0.09193033220280605  0.09665965418876012  0.10268745608965459  0.11243680796675334
  0.12018433182624375  0.12556368032361992  0.13220958420320858  0.13992992266336565
  0.14854669831816514  0.16064701864037628  0.17180433836746253  0.18124285186301800
  0.19316028269964963  0.21182509955053475  0.22378632570661824  0.22952164351737131
  0.23448814930070380  0.24020803658302531  0.24751820198076058  0.25675230574601643
  0.26364557802919558  0.27040608994460585  0.28035930005506798  0.28954843769978478
  0.30129335044863820  0.32025568140124550  0.34689251820699213  0.36771980176222746
  0.38112294495936677  0.39236489561716958  0.40368425555801385  0.41764529515800825
  0.43085004534859211  0.44759696273535277  0.46296120241366956  0.48117503574910092
  0.51112637688353868  0.53939640022940283  0.55689421643318060  0.56838341507496559
  0.57751403658537181  0.58825952672044579  0.60329737960400620  0.61608121150000683
  0.62952595390289068  0.64634587275496114  0.65443071672435860  0.66129753028109428
  0.66812543516343892  0.67479123865216029  0.68092219852885250  0.68896823544957686
  0.69669289503927878  0.70610557255597317  0.71959724086434951  0.73579765403616493
  0.75349100419708814  0.76739707834147475  0.77707856409853115  0.79013872191902534
  0.80251672654031536  0.81200908398496841  0.81936511819308666  0.82548000937704369
  0.83001236951025437  0.83447046709548578  0.84069883958846070  0.84831795724943426
  0.85301630161646724  0.85760537276120119  0.86229894037255328  0.86583992709837432
  0.86889213764729878  0.87388423546798055  0.87964525704724184  0.88751404209604745
  0.89595346911000318  0.91040704764585867  0.92675902589656534  0.94222242240817489
  0.95334815801340012  0.96464459468257335  0.97815312862836057  1.00000000000000000
  0.00790957485690907  0.31182553190478579  0.39123057290787039  0.43440521451117808
  0.47412019847005421  0.50103652661535159  0.51814323206764668  0.53103950845920445
  0.53704029363028905  0.54298790084856685  0.54613000833875980  0.54913578358684090
  0.55261901121198231  0.55614375186589160  0.55976843624483263  0.56339619300176369
  0.57098879672867442  0.57746401914701961  0.58377032360776793  0.59017504172876256
  0.59771617820794887  0.60439656067694059  0.61002289006056809  0.61526328364410243
  0.61980923274799660  0.62540141799121185  0.63082332366938576  0.63617522431802453
  0.64126678617090849  0.64741724278378743  0.65397875341683065  0.66049547893553517
  0.66651721584589740  0.67268841239063326  0.68112082486455860  0.68879497512106991
  0.69304394054747309  0.69747230770122348  0.70307825069001151  0.71685804009759424
  0.72626758044198458  0.73408265431057407  0.73823965746142284  0.74266338769813811
  0.74727416398681490  0.75231704154891932  0.75774324435030826  0.76265612471936106
  0.76732919409202549  0.77128705290291688  0.77484616597410816  0.77779020326084547
  0.78109332416542543  0.78453081036184213  0.78842415824736256  0.79287039516506885
  0.79829742993819208  0.80304175013340617  0.80717792839278912  0.81091131573446473
  0.81448417581265220  0.81836144654198917  0.82076154358704712  0.82277866366101093
  0.82486047440503585  0.82733911746953215  0.82971364870532704  0.83174461326112492
  0.83359204542098009  0.83519610595546334  0.83635776667761574  0.83721847614472200
  0.83836757756560709  0.84009430650670935  0.84219376938873891  0.84388639674536758
  0.84523281118954985  0.84656000034144407  0.84801394655051709  0.84995755712261767
  0.85152939350351609  0.85315665698703136  0.85504525511924101  0.85785119207840310
  0.86144196804591910  0.86557666631008356  0.87056873463771556  0.87625440385324127
  0.88306130634337121  0.88987724479725394  0.89592989896486530  0.90155886760364623
  0.90747838051419039  0.91633160166563721  0.93526387206770978  1.00000000000000000
 -0.02750494833676139  0.15179670853460028  0.19864487974190584  0.22927524200081606
  0.24979229093668734  0.26396747353085992  0.27650439049784803  0.29273590048730813
  0.31159081539817912  0.33067904864324194  0.34305030161736866  0.35205041126405956
  0.35944530183005985  0.36722219543644818  0.37505170292240048  0.38257922323058241
  0.39104906643789661  0.39911593560299208  0.40625303958240666  0.41248134359360922
  0.41794983519490830  0.42430385823856376  0.43227873249019028  0.44204274234526092
  0.45240096300411287  0.46201168263372178  0.46871370553400266  0.47412919189632213
  0.47919760678767309  0.48548906036402456  0.49341492426007133  0.50115424464396274
  0.50635517241162242  0.51032715866882750  0.51469518974010298  0.51936456459788249
  0.52533959720843992  0.53303146815615843  0.54047491786471435  0.54598883085158911
  0.55141509213289586  0.55615035337540353  0.55998787867535049  0.56367925414256215
  0.56730743107001347  0.57072483429040266  0.57384554820547373  0.57744748846321625
  0.58205323701671252  0.58837717264306011  0.59461117506655503  0.59981028164694916
  0.60461847005848024  0.60915618055479914  0.61335236487366762  0.61725162900847952
  0.62275596629908314  0.62910536676266471  0.63441442442586204  0.63949380671345035
  0.64152746047446152  0.64458917876921296  0.64706940562727611  0.64850976630312307
  0.64963450208627982  0.65148477504475344  0.65535594715566103  0.65928633883110555
  0.66277666216805686  0.66710556239357166  0.67187424140657170  0.67492819744140753
  0.67736178964735372  0.67946475776084458  0.68124702580922458  0.68381426107844090
  0.68819558120351088  0.69436304909291913  0.70339096632088771  0.71237130642015623
  0.71969125803860368  0.72582419554183841  0.73379733307487371  0.74337479521229854
  0.74990591953986552  0.75367803680761081  0.75742901448959066  0.76272852375177469
  0.77613272673802891  0.78672346370055979  0.79671484268082582  0.80876925066856054
  0.82386723908747084  0.84975019985719802  0.89660427080472238  1.00000000000000000
   6.5628569611492924E-017  -1.0000000000000000     
 T F F F F F F F F F F F F F F F F F F F T F F F T F F F F F F F F F F F T F F F T F F F F F F F F F F F F F F F F F F F F F F F F F F F F F F F F F F F F F F F F F F F F F F F F F F F F F F F F F F F F F F F F F F F F F F F F F F F F F F F F F F F F F F F F F F F F F F F F F F F F F F F F F F F F F F F F F F F F F F F F F F F F F F F F F F F F F F F F F F F F F F F F F F F F F F F T F F F F F F F F F F F F F F F F F F F T F F F T F F F F F F F F F F F T F F F T F F F F F F F F F F F F F F F F F F F F F F F T F F F F F F F F F F F F F F F F F F F T F F F T F F F F F F F F F F F T F F F T F F F F F F F F F F F F F F F F F F F T F F F F F F F F F F F F F F F F F F F F F F F F F F F F F F F F F F F F F F F F F F F F F F F F F F F F F F F F F F F F F F F F F F F F F F F F F F F F F F F F F F F F F F F F F F F F F F F F F F F F F F F F F F F F F F F F F F F F F F F F F F F F F F F F F F F T F F F F F F F F F F F F F F F F F F F T F F F T F F F F F F F F F F F T F F F T F F F F F F F F F F F F F F F F F F F T F F F
  <DiscreteSampler_grid>
  grouped_processes
  1 # 1 for a reference and 2 for a running grid.
  10 # Attribute 'min_bin_probing_points' of the grid.
  1 # Attribute 'grid_mode' of the grid. 1=='default',2=='initialization'
  0.0000000000000000 # Attribute 'small_contrib_threshold' of the grid.
  0.5000000000000000 # Attribute 'damping_power' of the grid.
 # binID   n_entries weight   weight_sqr   abs_weight
    16   10   1.245330671518549E-013   1.020614864732939E-025   1.245330671518549E-013
    17   10   1.245333638721611E-013   1.020615870292474E-025   1.245333638721611E-013
    19   10   2.013154833182041E-013   2.001083400169571E-025   2.013154833182041E-013
    20   10   2.013152567301310E-013   2.001080106441455E-025   2.013152567301310E-013
    22   10   3.173098908234728E-012   7.624851540266280E-023   3.173098908234728E-012
    23   10   3.173091480423872E-012   7.624847696376931E-023   3.173091480423872E-012
    28   10   3.468018455467006E-013   1.084071957862707E-024   3.468018455467006E-013
    29   10   3.468034221486124E-013   1.084072133747932E-024   3.468034221486124E-013
    31   10   5.827864708353111E-013   3.103618722663003E-024   5.827864708353111E-013
    32   10   5.827902460269788E-013   3.103618967652353E-024   5.827902460269788E-013
    34   10   1.022499357963890E-012   7.856632217641641E-024   1.022499357963890E-012
    35   10   1.022503068966682E-012   7.856633474069991E-024   1.022503068966682E-012
    40   10   1.245330671516973E-013   1.020614864729806E-025   1.245330671516973E-013
    41   10   1.245333638723138E-013   1.020615870295509E-025   1.245333638723138E-013
    43   10   2.013154833176082E-013   2.001083400155103E-025   2.013154833176082E-013
    44   10   2.013152567301596E-013   2.001080106442149E-025   2.013152567301596E-013
    46   10   3.173098908238535E-012   7.624851540287182E-023   3.173098908238535E-012
    47   10   3.173091480423292E-012   7.624847696373749E-023   3.173091480423292E-012
    52   10   3.468018455451180E-013   1.084071957852282E-024   3.468018455451180E-013
    53   10   3.468034221485022E-013   1.084072133747190E-024   3.468034221485022E-013
    55   10   5.827864708352785E-013   3.103618722662615E-024   5.827864708352785E-013
    56   10   5.827902460251137E-013   3.103618967631583E-024   5.827902460251137E-013
    58   10   1.022499357963688E-012   7.856632217638127E-024   1.022499357963688E-012
    59   10   1.022503068969388E-012   7.856633474117694E-024   1.022503068969388E-012
    64   10   1.245330671511780E-013   1.020614864719481E-025   1.245330671511780E-013
    65   10   1.245333638726710E-013   1.020615870302607E-025   1.245333638726710E-013
    67   10   2.013154833170574E-013   2.001083400141735E-025   2.013154833170574E-013
    68   10   2.013152567295240E-013   2.001080106426711E-025   2.013152567295240E-013
    70   10   3.173098908240914E-012   7.624851540300239E-023   3.173098908240914E-012
    71   10   3.173091480427101E-012   7.624847696394653E-023   3.173091480427101E-012
    76   10   1.245330671512320E-013   1.020614864720555E-025   1.245330671512320E-013
    77   10   1.245333638726326E-013   1.020615870301843E-025   1.245333638726326E-013
    79   10   2.013154833170337E-013   2.001083400141166E-025   2.013154833170337E-013
    80   10   2.013152567296405E-013   2.001080106429534E-025   2.013152567296405E-013
    82   10   3.173098908241190E-012   7.624851540301750E-023   3.173098908241190E-012
    83   10   3.173091480426257E-012   7.624847696390021E-023   3.173091480426257E-012
    88   10   3.468018455458373E-013   1.084071957857000E-024   3.468018455458373E-013
    89   10   3.468034221466951E-013   1.084072133735304E-024   3.468034221466951E-013
    91   10   5.827864708342511E-013   3.103618722651209E-024   5.827864708342511E-013
    92   10   5.827902460272502E-013   3.103618967655372E-024   5.827902460272502E-013
    94   10   1.022499357965323E-012   7.856632217666901E-024   1.022499357965323E-012
    95   10   1.022503068966520E-012   7.856633474067141E-024   1.022503068966520E-012
    100   10   3.468018455453441E-013   1.084071957853754E-024   3.468018455453441E-013
    101   10   3.468034221473643E-013   1.084072133739698E-024   3.468034221473643E-013
    103   10   5.827864708350482E-013   3.103618722660080E-024   5.827864708350482E-013
    104   10   5.827902460266076E-013   3.103618967648229E-024   5.827902460266076E-013
    106   10   1.022499357963896E-012   7.856632217641793E-024   1.022499357963896E-012
    107   10   1.022503068967446E-012   7.856633474083450E-024   1.022503068967446E-012
  </DiscreteSampler_grid>
