  0.02131500907180984  0.04165363670206446  0.05363845768347826  0.06252166071027562
  0.07121875000640727  0.08114926167619468  0.08930293552807421  0.09644931076126778
  0.10508160166511840  0.11313058101949731  0.12010996346866773  0.12789938563945549
  0.13577529495223503  0.14436924306325175  0.15393078395949000  0.16290804915496315
  0.17247035115475309  0.18376679336796789  0.19593748475737122  0.20498291786216261
  0.21230079990288642  0.21948548143474333  0.22736232010212301  0.23680205936440862
  0.24770146157982170  0.25786511582887178  0.26817276069508861  0.27971219066783409
  0.29123144192446543  0.30072844443437408  0.30976527799226455  0.31753905002610749
  0.32471233459772370  0.33028388264563252  0.33789067273327178  0.34812515253118459
  0.36249861934432359  0.37531672754169582  0.38722420910860822  0.40130128317023800
  0.41644522043482274  0.42911935779678306  0.43846919721128619  0.44625745295835384
  0.45519934758617453  0.46494597313694852  0.47391106787514758  0.48779291436292299
  0.50545535262166152  0.52067479638709258  0.53352178244285142  0.54810327438828121
  0.56333930389422271  0.57436589613979638  0.58224776444533555  0.58908920655616281
  0.59593921585243459  0.60899552389927192  0.62287304106652930  0.63189806844690422
  0.63966949593709488  0.64696004060260914  0.65384754974063297  0.66129562213724291
  0.67159569746369185  0.68503588610869748  0.70378184513338982  0.72044282147424810
  0.73528496444048985  0.74770685921461977  0.76328309231214120  0.77701736540590705
  0.78984955017076997  0.80203370973881150  0.81396913048572428  0.82576886586422837
  0.83794548549801662  0.84755855451279460  0.85563746088493109  0.86470307615538944
  0.87308960272714298  0.88460953640381257  0.89826705613212621  0.91165763018697488
  0.92226868948933760  0.92602193650200093  0.92977518351466437  0.93426154527048755
  0.93890272505903416  0.94346086226458903  0.94792694045972914  0.95254041096742625
  0.95972836756351676  0.96514261722557682  0.97095281566899461  1.00000000000000000
  0.02964447055241644  0.03451044434574405  0.03827602473811085  0.04095632362242127
  0.04486868228433222  0.05169051099674801  0.06101009724317015  0.07125226341128260
  0.08145170041560738  0.09248174874143501  0.10339230738160970  0.11508687392004349
  0.12709682149700888  0.13690372974425424  0.14636726927460675  0.15694147537579681
  0.16934174823348125  0.18332866205319859  0.19674754265109332  0.20908876807181465
  0.22111153695912250  0.23154621423609831  0.24400081376907151  0.25456587068645609
  0.26514176221067498  0.27592945386938728  0.28857251108508380  0.30320338003999686
  0.31668615531030020  0.32982818815353004  0.34170487296023583  0.35171901953222562
  0.36016564490783676  0.36933100412680120  0.37917601292512687  0.38699224668913895
  0.39464090852752925  0.40283814983449490  0.41066310924514843  0.41829205767956923
  0.42810802506577905  0.43629744533338150  0.44548819525221950  0.45531108811505561
  0.46272533473705119  0.47006073471810550  0.47773528421372996  0.48860647257339729
  0.50321469339289604  0.52097004688861637  0.53855769394082609  0.55260174388167960
  0.56178150526506343  0.56892536825053897  0.57546638556742580  0.58264296406259730
  0.58859519466905352  0.59515524002917464  0.60424070090436466  0.61699753255536771
  0.63081118129024816  0.64203713235979576  0.65021456352543205  0.65762116389469671
  0.66453983755766544  0.67068973487899275  0.67563689660156301  0.67889939220729434
  0.68216188781302567  0.68581923682437074  0.68953960457649377  0.69297676702793920
  0.69596738557144577  0.69895800411495235  0.70935083350143968  0.72493492894018852
  0.74205950524513420  0.75574826494563530  0.76761664369377425  0.77945679384178523
  0.79074163298803912  0.80448015597021783  0.81873061729880559  0.83215741203229476
  0.84481655840203951  0.85519565032272749  0.86530197511053075  0.87586132690297391
  0.88642581240506446  0.89987639351223314  0.91113534253739104  0.92267710285427118
  0.93572416971043659  0.95352294386230285  0.97222663556812017  1.00000000000000000
  0.03007467298212627  0.03134688376093690  0.03201780193665144  0.03239004902537641
  0.03265588123636386  0.03283090869553269  0.03299975221302978  0.03319092475395319
  0.03349370779516807  0.03376147721224711  0.03400040753538423  0.03420457832824492
  0.03440609680801283  0.03460260745874254  0.03480243406064501  0.03503635267739908
  0.03532750184931044  0.03560360474076250  0.03587449091363748  0.03611916444190937
  0.03634627808187695  0.03659732931711725  0.03681125350090336  0.03701755960912147
  0.03724388254170568  0.03745323592516678  0.03766319217614918  0.03793291249606497
  0.03828680135705892  0.03861926333611258  0.03889681799493930  0.03915215942924846
  0.03936612154603790  0.03958181154437684  0.03981500221478300  0.04016143829067517
  0.04052376886398916  0.04089611405619093  0.04125504589141454  0.04161393915510794
  0.04199876293019009  0.04238909015657996  0.04274636374079126  0.04311966143909864
  0.04348903892637872  0.04383947225706660  0.04418478289645950  0.04457132595599054
  0.04498858945336509  0.04539039561793505  0.04561851394886216  0.04583061596124925
  0.04605655768382980  0.04637667430719140  0.04678859878641776  0.04716898488803672
  0.04747250208696623  0.04777438431020359  0.04806044508850608  0.04839239183943219
  0.04881532828219830  0.04926497534432272  0.04987749666334967  0.05066441981092101
  0.05153539415483906  0.05235864931795982  0.05330028519032286  0.05427481321469060
  0.05521301953291582  0.05605702043053618  0.05699060668552685  0.05791614182932746
  0.05876801488140074  0.05983479808498107  0.06081104111045402  0.06193520220506785
  0.06294694914962330  0.06401178361024014  0.06517637222789638  0.06659161534238671
  0.06813281975209372  0.06985758529241870  0.07192810838900587  0.07545818563872450
  0.08020001121911137  0.08388258494292242  0.08744975112629744  0.08999225728838572
  0.09206051995382480  0.09515920487507380  0.09911617427952067  0.10293533811221196
  0.10642661852138859  0.11210821525240354  0.57353760449100866  1.00000000000000000
  0.02990047509311144  0.03715896251315548  0.03925889067099489  0.04096779256112808
  0.04213385612589447  0.04304463884735397  0.04378627373488175  0.04439688048807442
  0.04519454845777751  0.04593921227300448  0.04656774295643591  0.04714006063177957
  0.04769962726424086  0.04825906701266559  0.04876482795671178  0.04918231974389884
  0.04959918099390863  0.05018081640901556  0.05074245894694077  0.05128725763946198
  0.05182277415915928  0.05233960659768614  0.05303681012709874  0.05383122021203997
  0.05461045106835752  0.05531843340489637  0.05599123582104940  0.05662595432237082
  0.05719134778654830  0.05768871184412908  0.05822367121877792  0.05867896525059824
  0.05903221871834236  0.05935506111462041  0.05961784135345460  0.05992231618033683
  0.06020812996396017  0.06039127051316887  0.06059093682148620  0.06087073832481181
  0.06119157667192150  0.06167702702659250  0.06218231806492800  0.06269774430530983
  0.06332845889566220  0.06400081025024598  0.06451339759143551  0.06497051879474108
  0.06543598748192767  0.06588155658848552  0.06637954593900500  0.06697565532433160
  0.06776158893785396  0.06881938426235855  0.06980901391931865  0.07083349122617311
  0.07182030394963512  0.07306882263950516  0.07434898097457891  0.07563877501548091
  0.07680550580171808  0.07795182487165028  0.07911195446424867  0.08043706847154745
  0.08172298236745028  0.08282535398321789  0.08348351215452733  0.08423370010795654
  0.08490214861004691  0.08563960707590654  0.08670080664760557  0.08822892952644874
  0.08970366177993987  0.09139272702442264  0.09330589360799466  0.09541776423720745
  0.09754536641049634  0.09946221912376685  0.10141476425617627  0.10321032006783272
  0.10524447360281175  0.10716058948490337  0.10933944426440384  0.11261560734164869
  0.11831150760689893  0.12389330702301563  0.13227158828587879  0.14353357004055731
  0.15095146243317831  0.15688927797619528  0.16732017461874801  0.18012886635839132
  0.20395620359517641  0.23620677855895936  0.69394629946935737  1.00000000000000000
  0.02583214250356957  0.05470645949788090  0.06166300578548898  0.06473332688919706
  0.06811761067188982  0.07070250975808841  0.07299766869620894  0.07525277561248073
  0.07745559703068905  0.07929539890007503  0.08078536918785084  0.08220771675589363
  0.08377893300129380  0.08536315277858046  0.08692609685183320  0.08905243302685989
  0.09190214663461130  0.09479952506027349  0.09700182434195319  0.09847711910324199
  0.09997235192432745  0.10168000095312996  0.10346062104968456  0.10526129591418665
  0.10709019766160310  0.10856887611697884  0.10984836137079079  0.11107173539360632
  0.11234462321912081  0.11387083885629007  0.11604599151469160  0.11809206513204552
  0.11972961523222903  0.12121849448944774  0.12266197213102074  0.12412373251515409
  0.12565667180019047  0.12738773420976227  0.12919748177047721  0.13117817833736042
  0.13320060427381056  0.13482902271660743  0.13619119684793113  0.13754363775868897
  0.13906435910569870  0.14118013954975139  0.14323533438623484  0.14486812747566516
  0.14590046709019394  0.14689967064413462  0.14881711482985172  0.15123202123253246
  0.15381389818008509  0.15679736630354435  0.15959306948890875  0.16230615791898159
  0.16467712181224256  0.16664393933991217  0.16888689457987019  0.17150569476158253
  0.17345344812434527  0.17522960163103521  0.17697549529299755  0.17996251255988474
  0.18321939769941056  0.18650880164738179  0.18948311422316463  0.19249750970023949
  0.19614840343898976  0.20002297283816095  0.20480242087983072  0.20888913717481231
  0.21287583958177075  0.21619614403193449  0.21932324808719683  0.22158875885146320
  0.22315925949897170  0.22472976014648016  0.22652342542509926  0.22840545688988018
  0.23028748835466112  0.23272508221608462  0.23523859831327479  0.23805104387017295
  0.24623841184157058  0.25241368807856629  0.25837266785038360  0.26591155701586766
  0.27849270722095854  0.29498170743163360  0.31277586205947067  0.32974630825415191
  0.34340915789325305  0.37419282244092783  0.42523080783609685  1.00000000000000000
 -0.00148869624668447  0.00630241081073061  0.01336561382110911  0.01905308956403736
  0.02395038691189453  0.02911427421577160  0.03626506591296208  0.04324910019393124
  0.04978562406127910  0.05559560416813161  0.06223291200311791  0.06958792343424797
  0.07860728205114018  0.09030770116603092  0.10233416724484029  0.11139136500980140
  0.11757731557974492  0.12299840630875780  0.12873299993081894  0.13498946553001068
  0.14352463009496386  0.15365786219060412  0.16229058221404377  0.16990016897488608
  0.17610120495414103  0.18449419072938369  0.19365756828541791  0.20387468421627539
  0.21590334189080185  0.22826403140830412  0.23849074937910966  0.24606228135128966
  0.26155289025214135  0.27025442623429063  0.27822661006945221  0.28882233982010819
  0.29879799044278754  0.30731028225205687  0.31717091180934598  0.32700649385737601
  0.33424953396875851  0.34247683973336634  0.35263514865897533  0.36422457031222782
  0.37537388735987531  0.38613573473401253  0.39915161465066340  0.41648450063508924
  0.42714895372390266  0.44351773669801103  0.46010189579788829  0.47714257282417327
  0.49368598394797492  0.51314314160835206  0.52924685087925472  0.54175872446677242
  0.55727325173699827  0.57216555145319337  0.58472168535778168  0.59551731164097765
  0.60700747959788626  0.62024488905378361  0.62867627158371420  0.63580975494565095
  0.64330677025070859  0.64766365673914694  0.65008025213516984  0.65281444030336799
  0.65662238056849598  0.66043032083362385  0.66542923727032322  0.67094962204794417
  0.67738263812671073  0.68965682663195083  0.70587005284583793  0.72227709137685325
  0.73758691201568671  0.75218351941593686  0.76618180337198449  0.77910307472340012
  0.79237512991145098  0.80555456266382841  0.81897959617381477  0.83327804894869029
  0.84666190686929743  0.85949384359895609  0.87167290905317107  0.88412307994456407
  0.89721075304818321  0.91004565668718229  0.92257655476800693  0.93530252101341993
  0.94959703795389550  0.96597524907386667  0.98239501575130006  1.00000000000000000
 -0.00194438042523046  0.00934186016890437  0.02148248508603084  0.03543481666251480
  0.05020147668629906  0.06252745136973262  0.07285620423892734  0.08205430749540533
  0.09028351396075839  0.09858557294196434  0.11045889989640173  0.12194668153688887
  0.13260056609729196  0.14446943861154393  0.15429948822930414  0.16235407302028934
  0.17049437355798111  0.18027356945914724  0.18960028521887556  0.19690833617306960
  0.20699507028640596  0.21815068827823178  0.22785404803429263  0.23552761030075184
  0.24314538484103770  0.25257176985156915  0.26201428152767187  0.27169924706154092
  0.28473562869063984  0.29594516522561343  0.30783641152245833  0.32054186054802242
  0.33378093297449229  0.34624329250786645  0.35602320322979913  0.36031450923956659
  0.36460581524933405  0.36954098743859387  0.37464981851718093  0.37956745792832891
  0.38416966071711417  0.38877186350589937  0.39909639114647777  0.40956927828316331
  0.42285692975174588  0.43797056642207571  0.44959651544881546  0.45670368756032326
  0.46429495773012996  0.47188549228057375  0.48077323321806087  0.49270702020839607
  0.50691830541461447  0.52273392452566025  0.53640278809207387  0.54855806295813658
  0.55719819333821075  0.56495336787971329  0.57318593915060678  0.58492484253559640
  0.59734439294278885  0.60930298226384905  0.62392929403806119  0.63837298960458466
  0.65002508088518551  0.65983254906913713  0.66773117351840283  0.67528914775125404
  0.68334060660521989  0.69182179360785634  0.70036150002163200  0.70951643148225652
  0.71925828635659750  0.72933259926195448  0.73820832529912916  0.74630478481625262
  0.75803913268545386  0.77064211170863406  0.78234100191200528  0.79377550657356566
  0.80622730285351252  0.82370132077017533  0.84222558170780149  0.85786995102778230
  0.87244530685043309  0.88855637876773141  0.90420799005450869  0.91331572524014970
  0.92120476018142927  0.92853986302343561  0.93667829198741004  0.94789161325411586
  0.95983811457566170  0.97242477366160840  0.98672756289987829  1.00000000000000000
 -0.00324773226797178  0.01373317926541269  0.02805127890316518  0.03849329483401984
  0.04905638328528957  0.06257671571571163  0.07534671145809102  0.08465387269097974
  0.09111167328709734  0.09849276026375779  0.10746868350580535  0.11727657781953961
  0.12946377853588453  0.14366719186472909  0.15856440872907618  0.17437756073897157
  0.18964149172445030  0.20285846552183542  0.21603140993892012  0.22890723162844048
  0.24571403952000084  0.26220993629244244  0.27684308171228234  0.28933247221254982
  0.30085623660870475  0.31263981762480814  0.32252367080065092  0.33245769954147580
  0.34269487075338317  0.35218397776862675  0.36314914475871490  0.37543145897263802
  0.38974552960682884  0.40556753628771075  0.42279071026973419  0.44056296049627053
  0.46138462501939387  0.47827143172235387  0.49251598664321250  0.50346336373317879
  0.51150681425434663  0.51972504731736069  0.52741746007313972  0.53567867465228447
  0.54493726512974516  0.55391244517767291  0.56487438697157655  0.57768616302509146
  0.58929557957865064  0.59651689307342315  0.60187071368091860  0.60707949924930715
  0.61606927821842494  0.62395975445003693  0.63200611381438865  0.64169632565662971
  0.65075292649427274  0.65821374322804149  0.66583379022807032  0.67478311494687848
  0.68419040822674793  0.69401174794187614  0.70430553396193296  0.71771520576697012
  0.72851380628546336  0.73806572784065771  0.74888307762626838  0.75825505603770404
  0.76774959928215192  0.77911080963625423  0.78881398731454566  0.79827299337871249
  0.80823552820641209  0.81534303979665157  0.82214070531737948  0.82955732040088304
  0.83680902303774141  0.84910332111174358  0.86411263577034370  0.87440509844438008
  0.88235433417904052  0.89182010592174654  0.90445811171724733  0.91776246280688867
  0.93028571731806931  0.94146134468875342  0.94945327521427247  0.95767885696650190
  0.96216529570993081  0.96570893733424257  0.96995471219643847  0.97517745540836875
  0.98040019862029915  0.98690357485254121  0.99345178742627072  1.00000000000000000
 -0.00275732862859492  0.01203771610703973  0.02673379895818166  0.04449020568280602
  0.05792418213476596  0.06834348766057152  0.07705609960138414  0.08589200590439153
  0.09598167339339299  0.10586326291682488  0.11933862458152004  0.13096247241432291
  0.14160370286884491  0.15321315477848624  0.16547243325836333  0.17887388686869130
  0.19106477907397390  0.20054902512394604  0.20914626703835032  0.21827511231613819
  0.22828352275052702  0.24060701257475117  0.24881398470642921  0.25801339247159594
  0.26716874375921618  0.27623722149139418  0.28408063733222350  0.29202839037572015
  0.30169836806887801  0.31174467474487266  0.32247077467562846  0.33353078498272470
  0.34616776634560353  0.36214524346785665  0.37953570115531560  0.39544062542059499
  0.40781984383200670  0.41763707478741313  0.42556857777032664  0.43318413299781866
  0.44164713136112471  0.45121397577670630  0.46378893584416903  0.47951990364470420
  0.49437675657361807  0.50402269761746943  0.51192695349962380  0.51922574139936306
  0.52821423874854900  0.53772982118912505  0.55340378655576750  0.56955469843102779
  0.58158102622509422  0.59449169150102199  0.60592947460204405  0.61696782910312620
  0.62809906710037033  0.63327337624462421  0.63844768538887808  0.64259719416616401
  0.64663904569785990  0.65047323349025465  0.65422816744363887  0.65911168908770212
  0.66573103964512792  0.67240846324532089  0.68099012965905292  0.69087829799642209
  0.70569196235612341  0.71854021812847146  0.72880808602149472  0.73958491338039756
  0.75161519047424885  0.76534901892459839  0.77848322359769040  0.79062352054416951
  0.80121213237720657  0.80798173430911668  0.81779308146878060  0.82756885537273683
  0.83621478910135416  0.84665690256587589  0.85841240671918739  0.87149689741819147
  0.88631483605466599  0.90044116590483381  0.91157922625831223  0.92126500547335310
  0.93020134850337799  0.93735860973280394  0.94499217513649569  0.95476657797908249
  0.96409129451444731  0.97270373312454272  0.98565805767672499  1.00000000000000000
 -0.00362854034981188  0.00875683796493384  0.02097056431634729  0.03357039469086679
  0.04751663426362569  0.06093210658300686  0.07254471004832734  0.08469777094924393
  0.09871760824300604  0.11122079209134100  0.12054845314845536  0.12751391780831353
  0.13387300385476875  0.13962136553183133  0.14481444629096457  0.15050911365291458
  0.15626129584838189  0.16367765306454660  0.17564411870995836  0.18976136385353276
  0.20057034246944666  0.21072078978798323  0.22234130365467619  0.23643849765158417
  0.25636959311751262  0.26858066017551274  0.27867636276345653  0.28865967663501102
  0.30025578466397101  0.31100310486768840  0.32007951289772724  0.33035715195744703
  0.34282672863367503  0.35753542435780922  0.37259048318576504  0.38683585704385826
  0.39767873877196042  0.40728397501687136  0.41575052744663454  0.42253819628692252
  0.43340229008643000  0.44398173267051994  0.45438325770968196  0.46556448547630219
  0.47403254396502009  0.48226090063406235  0.49080439369897755  0.49941758749140081
  0.51079434370307253  0.52180700065111341  0.53149027888903766  0.54843404868278967
  0.56865645222049510  0.58754005135529952  0.60224421876471990  0.61299705193766474
  0.62305251652889393  0.63292178448379499  0.64217244552763098  0.65165319938288413
  0.66180898418259038  0.67152448296991807  0.67981771057771634  0.68900156186179540
  0.70164424753541332  0.71242697497390783  0.72011796998708233  0.72844033198483804
  0.73786968271837872  0.75145623033037701  0.76769479346343916  0.78253110751605759
  0.79528784735014446  0.80746706368189380  0.81804040621695973  0.82728740901669873
  0.83674116349665562  0.84843080276235561  0.86160600208995475  0.86967299790161690
  0.87729875335960783  0.88725274302417367  0.89921667932590088  0.91095729767223677
  0.92506304533402495  0.93348548079764837  0.93883510560642147  0.94409635553261817
  0.94915296464739685  0.95421825469041632  0.95947864633570634  0.96473903798099636
  0.97267620226248475  0.97971329170719379  0.98953255059903888  1.00000000000000000
 -0.00394154513718213  0.01767662510718376  0.04064043415915628  0.06264177237254862
  0.08082444525700148  0.09664122236594903  0.11060455531834380  0.12337921857871885
  0.13949700381539601  0.15786163360374122  0.17784256323444197  0.19463506274443595
  0.20520951756813338  0.21364878688177930  0.22219220811237181  0.23139471343303575
  0.23760215200625948  0.24625598399125856  0.25426803154480915  0.26201809389866182
  0.27019226790270628  0.28074217759257730  0.29406351292328592  0.30678879541426651
  0.31783729501916963  0.33096836002489211  0.34261388471455251  0.35283874051697145
  0.36220117812619057  0.37137867730812896  0.37875438701446679  0.38739543987101704
  0.39713707561654271  0.40833152223050390  0.42203174337377186  0.43918021791859813
  0.45643756114105366  0.47135519245483420  0.48465633348127779  0.49663371693726388
  0.50673945780038432  0.51656582251267502  0.52634693205774430  0.53415106430808879
  0.54250357924247505  0.55165046830819375  0.56278423773919006  0.57303729206206988
  0.58064535651377713  0.58706354324176002  0.59367919559737137  0.60281694022280752
  0.61390518441256781  0.62204480679163543  0.62806748894830866  0.63586813877238935
  0.64527368930432949  0.65432855854040528  0.66314277335191762  0.67142109687751983
  0.68103630929899539  0.69178488743038080  0.70402684500687951  0.71484752862755885
  0.72507400177674208  0.73522081685052965  0.74488984637401390  0.75287469839756926
  0.75862915345833848  0.76438360851910769  0.77116383261358101  0.77800598129510479
  0.78444230180798247  0.79061536895879458  0.79796640066678515  0.80816248324716133
  0.81865829199719486  0.82838515904592536  0.83802822571396374  0.84675213189637299
  0.85558434654741700  0.86213745444945311  0.86881797552287632  0.87503703097872587
  0.88226881500919263  0.89531717768716290  0.91290042364086543  0.92482722508152970
  0.93133730838748396  0.93786596463702154  0.94472030938907603  0.95305974079417655
  0.96269222187003389  0.97334517359161787  0.98517849158263315  1.00000000000000000
 -0.00303463773855324  0.01008637231073129  0.02131435158516254  0.03253395025408654
  0.04159655729346525  0.05190284308182958  0.06283216461154062  0.07490655959028708
  0.08779387074168866  0.09787703027728142  0.10717680435716066  0.11688992994135924
  0.12774581783383104  0.13797744991870237  0.14933112864973674  0.16217783263694843
  0.17613046706660954  0.18912992319859886  0.20213196926421922  0.21467307474618663
  0.22891707224308913  0.24386535395120049  0.25682939350679407  0.26870879979778872
  0.27899655060263634  0.28957329449194480  0.30245372542546384  0.31829064309515048
  0.32898798627979847  0.33872629445771602  0.35096636641715162  0.36172190842036578
  0.37234572830930163  0.38280536893403860  0.39316603488237806  0.40386168040960480
  0.41520342921464837  0.42562852138947310  0.43446476047623384  0.44171746793280459
  0.44784643081275466  0.45810297586293280  0.47096761276543314  0.48318385085665816
  0.49178826818218080  0.49712435721986076  0.50539523799439567  0.51321883079084318
  0.51939134337461057  0.52692314736514279  0.53712511028851961  0.55048259629029139
  0.56892549175721874  0.58714348187865872  0.60338023311537747  0.61926372455496770
  0.63051529021198571  0.63821518250194675  0.64887128477030387  0.66039706625027328
  0.66983031352180666  0.67766907058898618  0.68433454119603110  0.69180853568774625
  0.70546087300677551  0.71863681373040200  0.73291539015504059  0.74726237657175321
  0.75910730338782562  0.76689062377840711  0.77584106813683529  0.78638136939329006
  0.79985473052773715  0.81318280844209156  0.82382703336132357  0.83222711821915785
  0.84298920426342550  0.85344624553822068  0.86300708689276162  0.87397646996751543
  0.88831820860523514  0.90248443674860013  0.91581809920141977  0.92664777785369545
  0.93697367846515756  0.94558705729407955  0.95464430007017420  0.96767277020648435
  0.97416204874097068  0.97869825732481230  0.98250464285383798  0.98535277822005018
  0.98818063711416304  0.99078391041339819  0.99338718371263346  1.00000000000000000
 -0.00514040615377802  0.01147374662956805  0.02634380327900040  0.03928520165768321
  0.05641428004820134  0.07212740232536272  0.08479414106634896  0.09530760249390918
  0.10479967017611627  0.11480739383073708  0.12449476520255730  0.13431182770679137
  0.14459712871927485  0.15623741771296779  0.16713050540859781  0.18097651088256597
  0.19735177010985902  0.21503685985595766  0.22934290486074746  0.23881560633456966
  0.24814956248545159  0.25814213528563401  0.26935371013909920  0.28219193364714396
  0.29486071760594157  0.30548296320409518  0.31504873004043299  0.32385059646001213
  0.33222113750570614  0.34123652638206031  0.34909192765029995  0.35518892017669224
  0.36245921718328900  0.37065920433416510  0.37940193601284167  0.39052052303935064
  0.40451960966209771  0.41891282465129592  0.43259021314597290  0.44534793147692364
  0.45635662168906349  0.46509080918691242  0.47295267989980244  0.48235342835787992
  0.49226631261225007  0.50240829490486461  0.51275732689929088  0.52147947826705188
  0.53170779641473720  0.54316160684612302  0.55702993844391124  0.57149744561698979
  0.58407728683735938  0.59602280341375935  0.60715340387590189  0.62083428413719144
  0.63608741599126994  0.65038585762058987  0.66373767758548874  0.67561179871005217
  0.69029935455229374  0.70667834544371277  0.71752715170146009  0.72441601739396178
  0.73245185531445056  0.74356106652671750  0.75396278860866794  0.76447412067648746
  0.77285591186194014  0.78120511758073430  0.79256529623041683  0.79935345568070104
  0.80386567414284593  0.80798584040109966  0.81148102863647043  0.81500037600660280
  0.81904217019572667  0.82308396438485054  0.83212147390008195  0.83979330242104244
  0.84654374138843358  0.85295795207611047  0.86006788285534963  0.86930285267536178
  0.88340562728489691  0.89577170368471493  0.90330381496905165  0.90857248722669759
  0.91507964183155699  0.92335926962808812  0.93348186791724308  0.94596479759726115
  0.95961032366670029  0.97389308533673091  0.98758345924659563  1.00000000000000000
 -0.00588553299275669  0.02077626634466929  0.03528325309806065  0.04468700874205164
  0.05093623152526698  0.05630054303728097  0.06198646637258588  0.06855470802475916
  0.07649528079015434  0.08419516135763221  0.09256558305948621  0.10148963977144218
  0.11115317773823810  0.11999781817326961  0.13025393350380554  0.14806574327530714
  0.16587666985687230  0.17687451800057943  0.18413349086852901  0.18749145752893195
  0.19084942418933487  0.19536607912653725  0.20000774123586221  0.20517006147256070
  0.21076047754658925  0.21807244314560287  0.23333748474656671  0.24980261975821447
  0.26512604581113147  0.28023282398398186  0.29223041049415860  0.30293063537440851
  0.31233039761809117  0.32087717474201921  0.33022741245454096  0.33888525644227374
  0.34822903121372906  0.36014395583718911  0.37031644328771379  0.37971151558860006
  0.38764011312360680  0.39485260696346919  0.40330491135937091  0.41217205328895506
  0.42303208720619884  0.43443982698801631  0.44596565500173180  0.45669787661510458
  0.46643875364170811  0.47738319787533473  0.48612748539705308  0.49786165502691188
  0.51296727201569159  0.52743761332617767  0.53969000021996505  0.55208359059093925
  0.56516223289607403  0.57871699467223081  0.59210652258244789  0.60615689113143278
  0.61765732349820268  0.62879279317121251  0.63953014433636191  0.64772815421110874
  0.65433176391303260  0.66076930321844796  0.66886800894270748  0.67691276654382959
  0.68654164745460622  0.70022904937578967  0.71589358148162430  0.72923845008199639
  0.74274651221799914  0.75836175771312275  0.77038782134338180  0.77693656891524765
  0.78502389602445544  0.79515312579044783  0.80709022388515206  0.82209399924814841
  0.83841423438867180  0.85304768974372891  0.86488526688689682  0.87595069596035036
  0.88728970190079470  0.89612236785795429  0.90251131276061503  0.90869847560170458
  0.91498107277506779  0.92261528836504914  0.93343666437615702  0.94634572803743322
  0.95942868754399402  0.97262798930918359  0.98617296084725470  1.00000000000000000
 -0.00207300248815314  0.00650187581929868  0.01707958825481336  0.02812105430888692
  0.03816847591138363  0.04773908169433056  0.05605838624458882  0.06528727817743749
  0.07553808303229574  0.08718125814541067  0.09555225766533376  0.10339998456153934
  0.11240698810932588  0.12059732988009071  0.12967804678011191  0.13908248496917633
  0.14667420836156897  0.15505410933699790  0.16433268726277858  0.17329463034478976
  0.18562601089581185  0.20004959315982646  0.21676204811349925  0.23289454155996639
  0.24637018328721247  0.25629660996673492  0.26516012661235083  0.27448565126390495
  0.28450250650444120  0.29587584820409779  0.30809248825864477  0.31631512729536548
  0.32271372596475312  0.32826114152033414  0.33454877612425177  0.34188938947252873
  0.35108943461708175  0.36058213600790839  0.36817596027082211  0.37385257772338876
  0.37896268065418198  0.38190491810098914  0.38489002563952041  0.39011447721940801
  0.39533892879929561  0.40215177507959576  0.40969879936405978  0.41963123490272719
  0.43538655561564610  0.45435402757908094  0.47166132398810062  0.48662051342541884
  0.49812657034558100  0.50934598336908332  0.52170274772509950  0.53125771043379155
  0.53917671752820895  0.54632768006866517  0.55376354797081306  0.56205771653705683
  0.57189654116326682  0.58266963772261438  0.59434385067886475  0.60744004945546459
  0.62488963724579938  0.64359226414766246  0.65595979381673519  0.66678963438740801
  0.68033041443774556  0.69483761368652674  0.70375550358084782  0.71129631496445966
  0.71969792167988167  0.72851962756497868  0.73728638677830649  0.74711715242865107
  0.75657438325214443  0.76796811540651033  0.78139288667299944  0.79220478165684072
  0.80308214565613967  0.81293028595496020  0.82303130692145277  0.83386722530270141
  0.84383077941791618  0.85346639597111940  0.86662360225041379  0.88123106122132000
  0.89673389085860045  0.91043110032670627  0.92378668125549168  0.93864164185870658
  0.95609543560399757  0.97357873706492259  0.98788588481004813  1.00000000000000000
  0.00042623182938682  0.01157054547880564  0.01945138748284809  0.02775961935368819
  0.03555436320572032  0.04156003229647306  0.04875821306856132  0.05932453823412175
  0.07232966837391874  0.08608628970390882  0.09990167185811172  0.11184882055690552
  0.12136020501980031  0.12929626718638842  0.13708725254456852  0.14380874381343750
  0.15110355754199695  0.16251391386079861  0.17829971605165218  0.19321620645754511
  0.20427008327383814  0.21422814215463143  0.22325983136190014  0.23163915459642229
  0.23890495275258372  0.24811932158264494  0.26130236967163123  0.27488186278730403
  0.28745466153026838  0.29853152413643153  0.30899032506743090  0.32073084382047001
  0.33521581208482815  0.34434934101019121  0.35499685196202851  0.36695724391354578
  0.37881021386819907  0.38991603264986935  0.39987231803365475  0.41048261277793457
  0.42348156066922299  0.43641836769346537  0.44878441331693125  0.46077776444475166
  0.47048580661289380  0.48163618888239229  0.49092318098662063  0.50069568323520974
  0.51131684199066718  0.52222777820215449  0.53460465836436122  0.54850323600583883
  0.56015357891508366  0.56931548296953194  0.57952415844043281  0.59216676956075542
  0.61243257379061999  0.63229309471486661  0.64711362585102117  0.66091024322810532
  0.67548716471523640  0.68859370123236963  0.69886035689960979  0.70945496538580810
  0.72281574668528981  0.73455683185647436  0.74535027564920509  0.75716949569222280
  0.76447919333513292  0.77206289579048371  0.78027087405863815  0.78884253834236018
  0.79918909982475461  0.80854605705715610  0.81896111516626002  0.83150678680587198
  0.84335043583608782  0.85274510786751800  0.86217725393214606  0.87166868381229889
  0.88111503437962835  0.89379495442200974  0.90690690831660514  0.91982198139865168
  0.92620553024617369  0.93258907909369571  0.93834711722693587  0.94377890293141797
  0.94916553992535202  0.95424840074457795  0.95933126156380377  0.96532125579206007
  0.97242670330774006  0.98129900457841912  0.99049319492450827  1.00000000000000000
 -0.00192009468346316  0.00961048718274933  0.01977587450073872  0.03219660792088272
  0.04584343647856513  0.05569245475455693  0.06410290546383302  0.07103822696303259
  0.07821236579041342  0.08562901003676159  0.09574164152151914  0.10696684238748863
  0.11977313701853631  0.13506866592719263  0.14677835069416595  0.15632093935513836
  0.16417342663654538  0.17201317253414553  0.18088404573389219  0.19120831194058741
  0.20502347310233418  0.22075698609641370  0.23755075420994337  0.25427321855749191
  0.27051619747889522  0.28069721878145409  0.28869418913566608  0.29794905262370602
  0.30784598781016115  0.31861312389517754  0.33159506186037918  0.34640775525646056
  0.36310432847993268  0.37766848718850238  0.39017780690881276  0.40157877025454258
  0.41207199856464660  0.42180051262641177  0.42872812336408528  0.43491801529810181
  0.44149165503510401  0.44764588252947135  0.45449224072782662  0.46362108619681003
  0.47603919085897084  0.48979328966191860  0.50324674335943365  0.51912639120592075
  0.53800739195438485  0.55215170582041107  0.56479807583661279  0.57818235102643945
  0.59023939749789567  0.60389109312010925  0.61993358497213202  0.63523748414195158
  0.64751173403974449  0.65879409716078952  0.67026007503195151  0.68148344082132428
  0.69323204016967865  0.70451100510470333  0.71683225466165024  0.72398689744723632
  0.73516394170985522  0.74654468088834036  0.75452265826529219  0.76045741373236353
  0.76637956061271550  0.77157955694342983  0.77541683983286225  0.77925412272229455
  0.78424876147356870  0.78927641042575836  0.79445795134441799  0.79971843896164296
  0.80770717826738014  0.81976459689334447  0.83002890163766441  0.83908797178882233
  0.84765480130317394  0.85690105257508253  0.86744872720898236  0.87875566073731681
  0.88993563241845075  0.89967611209397458  0.91070995157371482  0.92433829368724663
  0.93734802500120729  0.94935097810075131  0.96057740670091629  0.96979702410693414
  0.97776850890838840  0.98485475946402012  0.99127313836433095  1.00000000000000000
 -0.00076479857190728  0.63276884139513467  0.68843174331598478  0.71714896058546052
  0.73730944494950701  0.75304703589633859  0.76635135734591897  0.77561668634417180
  0.78311465161625837  0.78861971455125679  0.79303935497995981  0.79703007837231743
  0.80065186720201764  0.80455833387495734  0.80910357371529540  0.81369341774481618
  0.81845039929684815  0.82278416120949704  0.82516701090677569  0.82753468428609689
  0.82979799838977597  0.83193422539143813  0.83450033313363758  0.83740651189821758
  0.83978902895035867  0.84227876679614722  0.84487513869893383  0.84824268487181642
  0.85102960154745388  0.85300716943786292  0.85493579839788647  0.85683195446704163
  0.85869304973379967  0.86062077214187593  0.86227717020208117  0.86404863212776994
  0.86535753731482890  0.86665852362769169  0.86792407117077364  0.86909973121776629
  0.87061305244004006  0.87284237225164618  0.87550714189068568  0.87797181536730740
  0.88017556282422671  0.88206854251607858  0.88389922821884293  0.88558826686849912
  0.88721436839530665  0.88893763628496369  0.89058823976160917  0.89203259849443450
  0.89351981048090567  0.89515239501468558  0.89712796573826081  0.89902272544186890
  0.90044181238841603  0.90178176055863268  0.90283128566776216  0.90412257820182540
  0.90535129306585704  0.90645041024051709  0.90775733964888639  0.90892996636800871
  0.90968725464526634  0.91044454292252397  0.91131919348413837  0.91222061816664535
  0.91309963244849890  0.91394595923443134  0.91483030788061370  0.91727757289319733
  0.91966718706110318  0.92129383037972057  0.92265460057436266  0.92402507058784011
  0.92555599591588711  0.92703369284992021  0.92879421436132414  0.93034716647909388
  0.93215894392472431  0.93413391681367297  0.93609881302983611  0.93804101438720811
  0.94009877145531573  0.94192418061468208  0.94386540215417647  0.94619475347170290
  0.94855195202551523  0.95080107648118795  0.95350562515172188  0.95676243136559758
  0.95996901666252266  0.96447671828086301  0.97119779414936980  1.00000000000000000
 -0.01572150087899813  0.07064130608807448  0.12371924983418967  0.15501745104687703
  0.17714241272708653  0.19454334247210225  0.21174821420927303  0.23323838596615162
  0.25034085216406077  0.26254271126461037  0.27451208149190193  0.28438096916531425
  0.29012087418570892  0.29584755321280415  0.30207154494355387  0.30922683496274911
  0.32027269600382519  0.33328432983614253  0.34747506437991121  0.36116475288554600
  0.37067232310228970  0.37761003825375711  0.38493403140240329  0.39134078645800779
  0.39870048520896012  0.40659488001320898  0.41342978972648897  0.42125317867867823
  0.42961068316644502  0.44019198136670473  0.44887800933349031  0.45467242590162610
  0.46097018076039936  0.46782638610409660  0.47343536032302957  0.48093098303044829
  0.48908965249454239  0.49793978820956880  0.50545370299776571  0.51086970951895594
  0.51655705145231856  0.52217791216066867  0.52808021695188201  0.53523653823361739
  0.53949514056546699  0.54334149446771207  0.54686360077048712  0.55034519460453968
  0.55462796718338936  0.55945818952318893  0.56504727736996063  0.57151468834286301
  0.57878503241714763  0.58409023655886716  0.58934508709880673  0.59477235883652502
  0.60123001100408302  0.60836140402603511  0.61295679382523849  0.61822375320488132
  0.62422245135190679  0.62998736788617005  0.63481763928593682  0.63899087498279517
  0.64296416065021478  0.64719656962816219  0.65179502216116125  0.65712997573202492
  0.66260674066234238  0.66900222865755588  0.67517049235836957  0.68132617271455653
  0.68762369335867068  0.69534078619356499  0.70340199198739894  0.71071559244846483
  0.71748933597653097  0.72474296560988771  0.73390281422146431  0.74216473392034055
  0.74861545831331255  0.75600600757445557  0.76289663910410466  0.77059254252395093
  0.77985069334003798  0.79096357456788879  0.80636493437133894  0.82426043995296960
  0.83732804728039079  0.84247912031860372  0.84774582237195228  0.85387495694289473
  0.86000409151383728  0.86983251028970809  0.87999215150693744  1.00000000000000000
   3.2047400109095117E-016  -1.0000000000000000     
 T F F F F F F F F F F F F F F F F F F F T F F F T F F F F F F F F F F F T F F F T F F F F F F F F F F F F F F F F F F F F F F F F F F F F F F F F F F F F F F F F F F F F F F F F F F F F F F F F F F F F F F F F F F F F F F F F F F F F F F F F F F F F F F F F F F F F F F F F F F F F F F F F F F F F F F F F F F F F F F F F F F F F F F F F F F F F F F F F F F F F F F F F F F F F F F F T F F F F F F F F F F F F F F F F F F F T F F F T F F F F F F F F F F F T F F F T F F F F F F F F F F F F F F F F F F F F F F F T F F F F F F F F F F F F F F F F F F F T F F F T F F F F F F F F F F F T F F F T F F F F F F F F F F F F F F F F F F F F F F F F F F F F F F F F F F F F F F F F F F F F F F F F F F F F F F F F F F F F F F F F F F F F F F F F F F F F F F F F F F F F F F F F F F F F F F F F F F F F F F F F F F F F F F F F F F F F F F F F F F F F F F F F F F F F F F F F F F F F F F F F F F F F F F F T F F F F F F F F F F F F F F F F F F F T F F F T F F F F F F F F F F F T F F F T F F F F F F F F F F F F F F F F F F F F F F F
  <DiscreteSampler_grid>
  grouped_processes
  1 # 1 for a reference and 2 for a running grid.
  10 # Attribute 'min_bin_probing_points' of the grid.
  1 # Attribute 'grid_mode' of the grid. 1=='default',2=='initialization'
  0.0000000000000000 # Attribute 'small_contrib_threshold' of the grid.
  0.5000000000000000 # Attribute 'damping_power' of the grid.
 # binID   n_entries weight   weight_sqr   abs_weight
    16   10   1.938235946896760E-018   1.217391961267086E-035   1.938235946896760E-018
    17   10   1.938235946896975E-018   1.217391961267339E-035   1.938235946896975E-018
    19   10   5.426059556002374E-018   2.305746058700690E-034   5.426059556002374E-018
    20   10   5.426059556002605E-018   2.305746058700858E-034   5.426059556002605E-018
    22   10   4.617873416120793E-018   8.689841288370005E-035   4.617873416120793E-018
    23   10   4.617873416120776E-018   8.689841288370575E-035   4.617873416120776E-018
    28   10   1.938235946896766E-018   1.217391961267091E-035   1.938235946896766E-018
    29   10   1.938235946896951E-018   1.217391961267260E-035   1.938235946896951E-018
    31   10   5.426059556002371E-018   2.305746058700689E-034   5.426059556002371E-018
    32   10   5.426059556002594E-018   2.305746058700852E-034   5.426059556002594E-018
    34   10   4.617873416120770E-018   8.689841288369976E-035   4.617873416120770E-018
    35   10   4.617873416120752E-018   8.689841288370499E-035   4.617873416120752E-018
    40   10   1.938235946896802E-018   1.217391961267189E-035   1.938235946896802E-018
    41   10   1.938235946896995E-018   1.217391961267436E-035   1.938235946896995E-018
    43   10   5.426059556002398E-018   2.305746058700699E-034   5.426059556002398E-018
    44   10   5.426059556002599E-018   2.305746058700864E-034   5.426059556002599E-018
    46   10   4.617873416120796E-018   8.689841288370062E-035   4.617873416120796E-018
    47   10   4.617873416120798E-018   8.689841288370616E-035   4.617873416120798E-018
    52   10   1.938235946896821E-018   1.217391961267200E-035   1.938235946896821E-018
    53   10   1.938235946896970E-018   1.217391961267360E-035   1.938235946896970E-018
    55   10   5.426059556002403E-018   2.305746058700709E-034   5.426059556002403E-018
    56   10   5.426059556002598E-018   2.305746058700862E-034   5.426059556002598E-018
    58   10   4.617873416120783E-018   8.689841288370082E-035   4.617873416120783E-018
    59   10   4.617873416120777E-018   8.689841288370547E-035   4.617873416120777E-018
    64   10   3.900794757622330E-018   5.205874886410674E-035   3.900794757622330E-018
    65   10   3.900794757622706E-018   5.205874886411559E-035   3.900794757622706E-018
    67   10   1.458300205007986E-018   9.440976111525355E-036   1.458300205007986E-018
    68   10   1.458300205008012E-018   9.440976111525909E-036   1.458300205008012E-018
    70   10   4.320683363401158E-018   9.740504876109350E-035   4.320683363401158E-018
    71   10   4.320683363401303E-018   9.740504876109695E-035   4.320683363401303E-018
    76   10   3.900794757622348E-018   5.205874886410752E-035   3.900794757622348E-018
    77   10   3.900794757622754E-018   5.205874886411530E-035   3.900794757622754E-018
    79   10   1.458300205007981E-018   9.440976111525359E-036   1.458300205007981E-018
    80   10   1.458300205008015E-018   9.440976111526105E-036   1.458300205008015E-018
    82   10   4.320683363401107E-018   9.740504876109291E-035   4.320683363401107E-018
    83   10   4.320683363401301E-018   9.740504876109763E-035   4.320683363401301E-018
    88   10   3.900794757622306E-018   5.205874886410597E-035   3.900794757622306E-018
    89   10   3.900794757622758E-018   5.205874886411567E-035   3.900794757622758E-018
    91   10   1.458300205008000E-018   9.440976111525649E-036   1.458300205008000E-018
    92   10   1.458300205008021E-018   9.440976111526013E-036   1.458300205008021E-018
    94   10   4.320683363401184E-018   9.740504876109579E-035   4.320683363401184E-018
    95   10   4.320683363401322E-018   9.740504876109697E-035   4.320683363401322E-018
    100   10   3.900794757622323E-018   5.205874886410670E-035   3.900794757622323E-018
    101   10   3.900794757622729E-018   5.205874886411509E-035   3.900794757622729E-018
    103   10   1.458300205007966E-018   9.440976111525132E-036   1.458300205007966E-018
    104   10   1.458300205007987E-018   9.440976111525771E-036   1.458300205007987E-018
    106   10   4.320683363401110E-018   9.740504876109280E-035   4.320683363401110E-018
    107   10   4.320683363401269E-018   9.740504876109693E-035   4.320683363401269E-018
  </DiscreteSampler_grid>
