  0.01776032755566972  0.04139004774982204  0.05965120344666749  0.06610258392350005
  0.07423266674225248  0.08241578723254803  0.08990814468303371  0.09838048124544094
  0.10920405229585561  0.12234980081442742  0.14199896107609375  0.16759463791009058
  0.19049831397013786  0.21006508007746399  0.22900178415038305  0.24807783841454092
  0.26754092800785378  0.28425003221599671  0.29377127295153582  0.30286159078666280
  0.31047425276970070  0.31771616897691946  0.32353783960638510  0.33045478918642734
  0.34190490526801948  0.35301374330389768  0.35554856939572255  0.35851944334789587
  0.36168096053715881  0.36723499567733475  0.37665025226785731  0.38699592694271884
  0.39565294393992639  0.40286808823246945  0.41075596029295997  0.41800271265887828
  0.42572856778017060  0.43442572902104803  0.44215473431015145  0.44999989604726742
  0.45882440947544811  0.46466179366065147  0.46683621789446966  0.46912876924503832
  0.47231025238987839  0.47591226338798698  0.48241215173816671  0.48894636287852272
  0.49883033395049931  0.50832106280353928  0.51680811277446070  0.51939728552379705
  0.52343747133788499  0.52914407003402042  0.53516775233744884  0.54098029599505004
  0.54808434045185317  0.55621064650842400  0.56562964201850241  0.57541677631017163
  0.58630512176388727  0.59581666766438890  0.60464176650059875  0.61132746700213780
  0.62009250107225744  0.63221633917623621  0.64434121503865138  0.65983158868178615
  0.67964356918913393  0.69907563788812610  0.71499149664828265  0.72490608338977314
  0.73203136414216530  0.74024340431968716  0.74888671753774216  0.75829211338745439
  0.77142698329918002  0.78790394292277099  0.80620275637941241  0.82275619315850901
  0.83575815467705294  0.85336375678312704  0.87015384567731191  0.88719881243385301
  0.89960576322179953  0.90649704723172031  0.91235811542765555  0.91684424785931773
  0.92110998811261413  0.92524153545378363  0.93020366367916751  0.93947760056158602
  0.95120381121301278  0.96172677517269611  0.97239615198454554  1.00000000000000000
 -0.00000025971548946  0.00000285688309492  0.00000617774382995  0.00001010482194420
  0.00001190042665367  0.00001357257072109  0.00001439336562668  0.00001520249079762
  0.00001613413596097  0.00001687205128252  0.00001754808553029  0.00001855644559109
  0.00001999815444459  0.00002128535188309  0.00002247583391070  0.00002310238541670
  0.00002337912572685  0.00002358882232535  0.00002384658110953  0.00002415548761485
  0.00002446716862285  0.00002472009740789  0.00002496572342362  0.00002525214500137
  0.00002582892317990  0.00002638383588027  0.00002670394084061  0.00002699358586528
  0.00002727577257612  0.00002752011423205  0.00002765120210846  0.00002777971207698
  0.00002791886537974  0.00002804306429279  0.00002817492097033  0.00002835631050627
  0.00002869333261643  0.00002904895602036  0.00002937542235332  0.00002971420105531
  0.00002996162309720  0.00003023586363167  0.00003056676443300  0.00003083357596724
  0.00003116142715843  0.00003149645257610  0.00003183057775069  0.00003220731197099
  0.00003260154580909  0.00003301278225663  0.00003330096841584  0.00003356974929454
  0.00003384329495115  0.00003405285906057  0.00003417336427260  0.00003430445425098
  0.00003446268617938  0.00003462685112691  0.00003480371017286  0.00003501824991118
  0.00003530653283358  0.00003562090185592  0.00003594859930789  0.00003627608439591
  0.00003645851852269  0.00003680969819570  0.00003750637181307  0.00004525526266915
  0.00005893445338703  0.00006318147930781  0.00006425857579795  0.00006520438954365
  0.00006602748435539  0.00006676620413103  0.00006751652755787  0.00006825474585001
  0.00006904691006639  0.00007004521550384  0.00007128254283934  0.00007264458932189
  0.00007405496342520  0.00007550869863692  0.00007720273588804  0.00007933663618489
  0.00008302584824769  0.00008826962214606  0.00009410348594984  0.00009992318570334
  0.00010627150318210  0.00011382402976914  0.00012290739341215  0.00013912282201245
  0.00017175347606093  0.00028123357559626  0.00242801588584525  1.00000000000000000
  0.00006108745970809  0.00012487594122848  0.00016076602262370  0.00018431107733471
  0.00021115122385419  0.00023377204432049  0.00025277403457072  0.00026493746745832
  0.00027179558969139  0.00027625889665095  0.00028036512378225  0.00028395488427028
  0.00028693543678611  0.00029302804103983  0.00030086928165001  0.00030953504211151
  0.00031752526402196  0.00032255152282132  0.00032562462865125  0.00032922041523110
  0.00033899960184113  0.00034760886800295  0.00035317118026805  0.00035843393246869
  0.00036168392098284  0.00036426325407047  0.00037426574850415  0.00038540311852373
  0.00039644744000993  0.00040747863952252  0.00041853092116144  0.00043002274273250
  0.00044297550363150  0.00045376570091867  0.00046198217570690  0.00047016156464290
  0.00047656647900109  0.00048175035648702  0.00048589445900018  0.00048934087049216
  0.00049289279917064  0.00049848555584354  0.00050697566708073  0.00051552477013041
  0.00052366996205596  0.00053217437110644  0.00054203203258990  0.00055160301136658
  0.00056233189940234  0.00057173408930821  0.00057902480868706  0.00058619461573002
  0.00059326598998076  0.00060003227239964  0.00060662324912169  0.00061308541445559
  0.00061920397689712  0.00062477945307826  0.00063070502097330  0.00063775757894231
  0.00064681662709928  0.00066115936131509  0.00067190011670018  0.00068485601780471
  0.00069760784937322  0.00070755320900146  0.00071823567199239  0.00073214817198540
  0.00074108163300227  0.00075771272706129  0.00077674032062008  0.00079902025138816
  0.00082316025447658  0.00084815756329426  0.00087404820121774  0.00089827391883773
  0.00091957492860079  0.00094038261065998  0.00096052702138184  0.00098381917799419
  0.00101087912034057  0.00104333607850253  0.00108218588177240  0.00113451255733727
  0.00120537995347752  0.00127807211628033  0.00135168605994867  0.00142953002401360
  0.00150958582014685  0.00156678298180507  0.00163106624136513  0.00173575687905828
  0.00191900424755260  0.00231915402574352  0.00284421539337984  1.00000000000000000
  0.02776603810821397  0.02782516518659285  0.02790078279768490  0.02798509216548695
  0.02806842425239357  0.02815317234508895  0.02824099957623961  0.02832592324916944
  0.02839799942032530  0.02845993982385616  0.02853329316270021  0.02861026935315189
  0.02868146410893671  0.02874687759598228  0.02881244712980236  0.02888296649887064
  0.02896183063870376  0.02904823687046033  0.02915593178509242  0.02927670024228217
  0.02940971487198763  0.02953898503920845  0.02968236127168673  0.02981014290021166
  0.02990722691948553  0.02996767435287850  0.03002864280472436  0.03009717031694533
  0.03018063392868077  0.03027624770538375  0.03039545232580328  0.03051033140114849
  0.03056787499696746  0.03061245947057746  0.03063938024729556  0.03066391649136349
  0.03068611552644252  0.03071488090432845  0.03073239992034113  0.03074869817870233
  0.03078491754987750  0.03082284654674904  0.03088309922298830  0.03095212050416105
  0.03109019321055546  0.03119059758043639  0.03125617569974092  0.03132036598411885
  0.03141046047757692  0.03151674336413425  0.03162774279214578  0.03173313073004925
  0.03184902854934497  0.03195841552369841  0.03207700006254833  0.03223239043005371
  0.03242962342984135  0.03264603617412089  0.03284301365822274  0.03305469212132086
  0.03326759827307983  0.03349511938858426  0.03381483152286829  0.03411351663566856
  0.03433359303916765  0.03453064368786803  0.03472161723650857  0.03495585807184325
  0.03523775911431962  0.03543165083970985  0.03562397424669441  0.03584164386255709
  0.03605917701892552  0.03627213861151457  0.03653750310659717  0.03683711662927116
  0.03715971718237406  0.03762657724136335  0.03811364804568768  0.03858348145583644
  0.03901815949784762  0.03943069525875955  0.03984275505959094  0.04034410148849003
  0.04096001828934752  0.04144580135140973  0.04212530617517414  0.04344774622578602
  0.04488848656044898  0.04614459505065602  0.04771473036016004  0.04964518189312008
  0.05163402633340858  0.05429953720617734  0.06215012848653358  1.00000000000000000
  0.93550180970499941  0.93795868603218091  0.94090772199962203  0.94217107561780400
  0.94407079547835948  0.94530300105775145  0.94626780697212820  0.94739789889281711
  0.94792692546388313  0.94822062006158758  0.94863367096447782  0.94920510701749561
  0.94978567051390617  0.95025967154884694  0.95060988250127632  0.95099978545353692
  0.95150469092919121  0.95188536531704038  0.95225433535692927  0.95265472090932968
  0.95309084984840031  0.95384379168958577  0.95457418856325005  0.95508586050598654
  0.95542709944469784  0.95580107167891459  0.95633752630198876  0.95689129061617506
  0.95737877590607934  0.95787947513781802  0.95826159843653280  0.95856515916778384
  0.95884414712183674  0.95905610978916189  0.95922594194687405  0.95964342223619448
  0.96003800465004407  0.96030744478209684  0.96054200055468819  0.96074355828777669
  0.96090759591904307  0.96109268323128705  0.96121615038293673  0.96130214908069989
  0.96139308438300397  0.96153941807506726  0.96168148596088743  0.96180105671501059
  0.96190840680397849  0.96199870094612805  0.96219968741371598  0.96250113629509015
  0.96278291603571509  0.96303124389796635  0.96321376290484650  0.96328954936025646
  0.96337910795518167  0.96347147222627716  0.96356051532582931  0.96363589635075719
  0.96371493981356360  0.96378515152218525  0.96383220158809202  0.96388402003185492
  0.96403113630337522  0.96416926929202829  0.96432912305771823  0.96452671402521506
  0.96466207021657535  0.96477980830872223  0.96492182154877737  0.96508332341753844
  0.96516927956390774  0.96525942524457942  0.96535767321555344  0.96545408076166905
  0.96554850388527336  0.96573172153829512  0.96595361597646379  0.96612217771732078
  0.96629987227067404  0.96649021035834193  0.96669233330561655  0.96694731304796155
  0.96722498686777847  0.96749225612997225  0.96775089936968572  0.96797605785488583
  0.96820304717674643  0.96846753306099276  0.96873316056916492  0.96897296075673500
  0.96921516898950566  0.96937904982569811  0.96944204758389330  1.00000000000000000
 -0.00037156946094371  0.00244993828671758  0.00848459321368716  0.01992813246637923
  0.03132655949950494  0.03990993598440385  0.04910644890304094  0.05774446169495213
  0.06710806160404853  0.07639644221861393  0.08519421392271041  0.09744949985738688
  0.11106558356291336  0.12562416321875575  0.13373319814870094  0.14165435961216416
  0.14958536087441898  0.15554065153654706  0.16166357768855716  0.16860775354093946
  0.17561069852931227  0.18195782514497430  0.18976176031504680  0.20301813707575805
  0.22132339324456177  0.23650884952777784  0.25189686763624336  0.26287107942589893
  0.27146519320640800  0.27954472522206442  0.28705984324088213  0.29765329527794826
  0.30902854609866592  0.32000859375733615  0.33198816764226413  0.34631992931743572
  0.36662661944900549  0.38355942365555590  0.39592227975470834  0.40638988651327201
  0.41503282555844978  0.42039308626943250  0.42539400528715532  0.43023043209284895
  0.43504011334900122  0.43997930859097079  0.44495851674478115  0.45344131121959724
  0.46891902249113854  0.48452648038105595  0.49551040482699638  0.50378744612423254
  0.51265887077401717  0.52135135308421243  0.52872364977022746  0.53718770097216006
  0.55159630376477542  0.56234970142892027  0.56938786170094213  0.57677206904401834
  0.58985406406010454  0.60523256489951149  0.62055743428690269  0.63506502808999632
  0.64984323601240157  0.66515514159197597  0.67610544585090315  0.68077460692807856
  0.68439270968823829  0.68796150861658711  0.69354290084937109  0.70270528850888203
  0.71252614841102802  0.72100150402852958  0.73034068430103194  0.73799235233471017
  0.74478736012887026  0.75300154785212225  0.76656817514736719  0.78422099528956157
  0.80603421095147598  0.82642588395340333  0.84202661914120391  0.85609917499489496
  0.86958926217566102  0.88234664479124625  0.89535039042892872  0.90887191375533094
  0.92093080285612083  0.93043924562515457  0.93883787940454733  0.94906004647481323
  0.96155996108347674  0.97444774779854104  0.98735936476317876  1.00000000000000000
 -0.00680906334516556  0.01832217448503357  0.03696353159247519  0.05067570925282169
  0.06207000311302425  0.07875849974671661  0.09453354221674089  0.11091661623630880
  0.12580586776242816  0.13858922383929195  0.15060579870065152  0.16425473753830694
  0.18048815262626683  0.20212374527257471  0.22105646258182376  0.23242657202304418
  0.23960366774588615  0.24594072107746617  0.25187917737429966  0.25754334118211136
  0.26370433993844222  0.27099145026773414  0.28292164231450156  0.29420834889372094
  0.30695310159632955  0.31602330285073887  0.32610636838888862  0.34113197209245461
  0.35333282144305173  0.36477189323176595  0.37669617485287699  0.38947125523347847
  0.40522382645413330  0.41699769845818868  0.42586040886216081  0.43267526396621675
  0.43745847006369154  0.44106235314444847  0.44634391498920900  0.45190726603401693
  0.45961340360264424  0.46869242654717547  0.47617517147718180  0.48349667063803281
  0.48970059472646127  0.49898702437517067  0.50967729731491596  0.52094164218280536
  0.53462387007740275  0.55026366977297669  0.56207436552536594  0.56939057142445682
  0.57616927596076917  0.58250121127467047  0.58790338644726836  0.59265893187171037
  0.60039324375651604  0.61254895701291301  0.62559721270590762  0.64453384648805856
  0.66259793977925163  0.67644758003627936  0.68394883220576452  0.68841089349919082
  0.69323052688862330  0.69942917145617400  0.70578665272853036  0.71053095281619449
  0.71489402988239525  0.71926642161162835  0.72353224484345779  0.72862468742989250
  0.73654432776471301  0.74984414753480511  0.76767281263062437  0.77862955714384763
  0.78879602382917002  0.79931528722118150  0.80830676885393926  0.81993321225148008
  0.83109743179915530  0.84294391993330919  0.85639078230384025  0.87612594810798261
  0.90060052454604944  0.91723677072188181  0.92392053126790330  0.92824638600882192
  0.93248727123497144  0.93868875526806528  0.94587191204808763  0.95588791804552542
  0.96567787566371543  0.97274295504889230  0.98619028721342861  1.00000000000000000
 -0.00148456161141149  0.00325001958077721  0.00937424035278994  0.01703557441824050
  0.02524686343543276  0.03479937222942169  0.04554328954528282  0.05733488728041874
  0.07166582612884347  0.09013823127538874  0.11665629440316595  0.13257792024472190
  0.14245068247002576  0.15588387144020430  0.16329587293267184  0.17098436977796658
  0.17929599705317906  0.18912172506566205  0.20321839231123093  0.21461501196801955
  0.22363583490962571  0.23358890206064592  0.24656548869130884  0.26187845742118915
  0.27426163156598954  0.28641162018587973  0.29862177938089535  0.31100392179395153
  0.32579721404408074  0.34344141478034529  0.36832497665718406  0.39426740551909650
  0.42049853794909797  0.44303034596395113  0.45767429130146725  0.46605008177633839
  0.47187175078995108  0.47969468897397932  0.48833553257463519  0.49772965918064654
  0.50669575261301047  0.51526658389242919  0.52737082537016611  0.54395291666679524
  0.55129518534209154  0.55661798549151298  0.56059632424503991  0.56426310408508418
  0.56786853181294550  0.57148441566684949  0.57603898452526192  0.58170472993755784
  0.58754872866121066  0.59967079960068259  0.61167915248831140  0.62269174621588186
  0.63404306817873834  0.64810610154530590  0.66731428148428418  0.68525891879857337
  0.70074799531117637  0.71439895881890525  0.72634942835258487  0.73854324405747551
  0.75079215607419769  0.76374442337721993  0.77751715716957548  0.79110198708689183
  0.80576420441131413  0.81735039687116540  0.82873823056559537  0.83848996848196811
  0.84343713578145429  0.84715312075834981  0.85141741814393479  0.85493197478360117
  0.86095292847023508  0.86921958491163476  0.87130976990669018  0.87443214207671660
  0.87878144016140325  0.88248913918957639  0.88513940376038769  0.88785612458917162
  0.89067174108182978  0.89418889950901714  0.89845900098737042  0.90870518519098198
  0.92717145851437044  0.94714309330430613  0.96285844802329867  0.97185772455639519
  0.97820844470329216  0.98433332512098703  0.99126538787660667  1.00000000000000000
 -0.01065267148773762  0.02430625406895693  0.05071027944134164  0.06556186382508020
  0.08151987718163463  0.09723059124946487  0.11242324954761795  0.12751179442995994
  0.14325699932619998  0.15444635737964663  0.16606401646957383  0.17763412272727849
  0.19132875678253466  0.20810245561394203  0.22938048192094482  0.24843358274427144
  0.26704047077606274  0.28806427197034085  0.30840058365989159  0.32826793020914108
  0.34184758664012327  0.35300116789867159  0.36432262503087470  0.37152426616865830
  0.37971456568037265  0.39100070929650294  0.40270594295124063  0.41465826251115867
  0.42448079350060669  0.42832761134204700  0.43265367152381862  0.43646098767972241
  0.44018864218421949  0.44651846701087045  0.45654284824659735  0.46174336694505924
  0.46640703479435691  0.47533607017809903  0.48683674061478316  0.49951448275225568
  0.51109678430325256  0.52059198819636254  0.52715017218160520  0.53282447453396820
  0.53829114184482152  0.54382363516816490  0.55210910998217499  0.55982343227443798
  0.56483133590940993  0.56764657915333883  0.57221976342697345  0.58014179561609780
  0.59144105530943691  0.59960211691313781  0.60725609854229223  0.61647539260860063
  0.62524256867956418  0.63673247864812466  0.65097800868018030  0.66585342161684347
  0.67993276516996259  0.69262697075381918  0.70691258915895583  0.72094152879017392
  0.73493807052889515  0.74888805087417676  0.75981561267642450  0.76912948280155014
  0.77281619375934685  0.77649441528068530  0.78041559371014846  0.78469154944402952
  0.78969634477593553  0.79932372849119004  0.80850518188979048  0.81638487286381034
  0.82462317538596630  0.83469081304438497  0.84818206768668702  0.86331772520251626
  0.87467071126607854  0.88505864482234098  0.89370626097613015  0.90472097517439343
  0.91560114063679188  0.92204994541838858  0.92844408117820865  0.93867361834212781
  0.94983820496203430  0.96154722800637549  0.97153964636033230  0.97906593263978448
  0.98440567984500615  0.98968487794828408  0.99484243897414193  1.00000000000000000
 -0.00087539833691874  0.00858923431408352  0.01712345028420505  0.02641547328083965
  0.03590157864577517  0.04391280849961343  0.05156523080178307  0.06029982952602310
  0.06906634409709730  0.07804171421863050  0.08463698743626394  0.09163319992694824
  0.09864738964091703  0.10447520880989476  0.11044714219492474  0.11790915980347864
  0.12841225633305889  0.13798574415202153  0.14665061337700946  0.15235709635761407
  0.15799652203639089  0.16568410309823134  0.17827111007701907  0.19121977691602976
  0.20112989488309832  0.20830494853547155  0.21502437296747948  0.22113922900631300
  0.22801089779392303  0.24030931240044426  0.25059297610880366  0.25768724161606715
  0.26607385409687623  0.27467961199950602  0.28294409052911446  0.29358824766754149
  0.30380156304405237  0.31366981363218699  0.32321339504170371  0.33156312288966899
  0.33946897033022749  0.34797339661952281  0.36161233500680273  0.38672831915109818
  0.40455611291422172  0.41761726677140298  0.42939688948750637  0.43944529116560699
  0.44782650458949724  0.45495283883493171  0.46180532591219364  0.46855221601158364
  0.47656343757785202  0.48425093428043736  0.49007893260691127  0.49685292550133009
  0.50539463304627119  0.51780564456647071  0.52931337664402967  0.54154610583363716
  0.55495341981263346  0.56946626045493332  0.58624229218956103  0.60207868814280385
  0.61948884609170285  0.63384914191816566  0.64233293227550103  0.65074000036077395
  0.65890390066859050  0.66768538261056176  0.67976652535952908  0.69277603848999358
  0.71542451983464450  0.73684395331305097  0.75845138042782601  0.77763249735506523
  0.79486760134713863  0.81231812006045734  0.82651098299873205  0.83889507442003275
  0.85058569267665618  0.86607075008647894  0.87699655275754518  0.88620045990702923
  0.89721436639221253  0.90784362093010174  0.91606307014878186  0.92623082439967752
  0.93351008109889166  0.94239443523997302  0.95401302961084877  0.96380508628844241
  0.97220946649042261  0.97968173674860481  0.98831772289445319  1.00000000000000000
 -0.00567656309135831  0.01771127821041042  0.03378573588792214  0.04538943118974433
  0.05456269796406470  0.06299305312694778  0.07200861785158691  0.08146864120197768
  0.09242309576050414  0.10956297160250206  0.13237937195263433  0.15646498845614235
  0.17551873487103864  0.19098618406344123  0.20110730870165192  0.20937420330829312
  0.21809398940041058  0.22592407910283616  0.23805342966668686  0.25585030708828310
  0.26722588037011985  0.27972198061657444  0.29155031823109512  0.30582597109380338
  0.31884534704612477  0.33068468195561984  0.34065161055069582  0.35438440898590851
  0.36675665806602975  0.37582460835218068  0.38414114262748417  0.39253062210265427
  0.40486165233384375  0.42270655745143759  0.44209858889949077  0.45804653587379951
  0.46754572116475590  0.47677978779193980  0.48733381821287297  0.49796852666546698
  0.50846810074885851  0.52354847181218844  0.54023336419544188  0.54972331537981323
  0.55710519473225439  0.56192495550669441  0.56675107938703473  0.57221370568572727
  0.57805335605128538  0.58491996686311298  0.59094038713533004  0.59605843238961520
  0.60101268913295969  0.60478584111230604  0.60777085963404376  0.61175369423866832
  0.61982123006867074  0.62735512405955840  0.64020681251597389  0.65335764413868691
  0.66857185019226961  0.68374202946649953  0.70296317790464480  0.72256275753091903
  0.74048947793483766  0.75444756988444805  0.76620957629474162  0.77671038324486585
  0.78228132184869581  0.79143884691097222  0.80076984501022364  0.80857967070724457
  0.81170394167457860  0.81437455889583965  0.81750203124255727  0.82071309241666235
  0.82405141480110977  0.82742586582610422  0.83617500393628630  0.84384300479269014
  0.85365800326243979  0.86546256100784380  0.87681844186797020  0.88839202730246736
  0.90020440329222040  0.91882166645197483  0.93455801391552284  0.94604342417193366
  0.95591260031992276  0.96223082461578857  0.96847537967962338  0.97280367736575246
  0.97594282506372054  0.98154316905251482  0.98818159185701526  1.00000000000000000
 -0.00333085599209709  0.00732406401462562  0.01932031992527256  0.03367762598406554
  0.04415459820790791  0.05822337316406950  0.07878282856859470  0.09873539782837289
  0.11449641533964053  0.12536094310669096  0.12976240339302164  0.13592041581103315
  0.14042790930176760  0.14333072694567164  0.14518414557626541  0.15021158306769314
  0.15621544189332862  0.16264024499207427  0.16763105959641258  0.17527099173766159
  0.18012466929242130  0.18522551578002350  0.19422371310122594  0.20401788502339260
  0.20917767967262973  0.21430907195402202  0.21913084377382019  0.22395261559361834
  0.22878513507814910  0.23370690458119431  0.24522675011388070  0.25509100686290287
  0.26656021152785014  0.28150840134391070  0.29300790446298797  0.30351339199853472
  0.31382851794558908  0.32593872715965322  0.34130404135064007  0.36585487387471533
  0.40077860715477531  0.42770464394717089  0.44678424749883744  0.46490788154429308
  0.48100433965376438  0.49397851945787197  0.50632905368445180  0.51849082079448072
  0.53121928780427263  0.54436261014426035  0.55771974949585468  0.57092169546659077
  0.58224743072353569  0.59042444012699025  0.59557436934522068  0.60089063809213894
  0.60558208048936624  0.61056853814623380  0.61764500901838837  0.62570448680351776
  0.63447124150766365  0.64795380416654891  0.65364945942803809  0.66014780988271160
  0.66893548213556731  0.67974722176790914  0.68798363797687612  0.69772600943061480
  0.70838825506187808  0.72824302324872303  0.75201366478777321  0.76718675341603804
  0.77935862041226223  0.78895390865147397  0.79951778030521647  0.81133593579911545
  0.82486070301347592  0.84192750266157323  0.86431312718927611  0.88926760216315670
  0.90713473981004411  0.91544663629360268  0.92149921508217836  0.93091149040822585
  0.93725326587148505  0.94464098774700722  0.95511983043966486  0.95990014385387656
  0.96446096876768284  0.96875447707947915  0.97336395965087197  0.97815437564746555
  0.98411989408563072  0.98922433055998449  0.99398343833538028  1.00000000000000000
 -0.00800594320494210  0.02517596690048516  0.04625309783169491  0.06542554454511729
  0.08467075730871612  0.10179234747386762  0.12782447690296925  0.14732796005131341
  0.16449883774156296  0.17497199047683645  0.18063544936169240  0.18910943511533107
  0.19932052596831124  0.20873900643694904  0.21709988792811546  0.22690305070119537
  0.23950835795802058  0.25269573236116910  0.26578964146218531  0.27932959613910641
  0.29010290637828329  0.29491420496574577  0.30008604469463440  0.30815020462779114
  0.31759405684772840  0.32329634761442000  0.32742762626588012  0.33513307243541302
  0.34907431697478081  0.36356829092750942  0.37517233016277424  0.38633830281105980
  0.39702514872459671  0.40800546950140576  0.42066156338254135  0.43625515662836545
  0.44981965783586703  0.46047696461030851  0.47101049285008822  0.47753754312964758
  0.48356770737561194  0.48852971431139575  0.49231487975651772  0.49883115869794836
  0.50616893470425306  0.51289033380466276  0.52131743048999535  0.53128745917793629
  0.54115211471064995  0.55997242787019763  0.58101139895927123  0.59668674246437747
  0.61116376755853996  0.62885507112105465  0.64616089832566759  0.65711452895561162
  0.66431734265157838  0.67477783821979509  0.68350313949007169  0.68962295513744143
  0.69703715817276490  0.70596816870466172  0.71454520676939592  0.72412316625125639
  0.73370152328836580  0.74249874340269573  0.75139502814733172  0.76783648693885309
  0.78130484775808284  0.79273907930955034  0.80083889794229002  0.80783339638428109
  0.81318598306741108  0.81811573742618482  0.82308707856808649  0.83022434711388471
  0.84035397472776463  0.85200800420524248  0.86354076474893360  0.87169947364455735
  0.87975044958717386  0.88357208079338789  0.88739371199960204  0.89187354758115767
  0.89643018044198008  0.90730776771580468  0.91475100896171868  0.92395998063844165
  0.93647516787277640  0.95215809879801161  0.96586157175785359  0.97368877589940472
  0.97767663956649409  0.98203703123725972  0.98885801171432808  1.00000000000000000
 -0.00607987239651957  0.01768769029687425  0.03917552208035441  0.05827758616869409
  0.07449728776113608  0.09440553262673726  0.11399329653098983  0.12915532776693905
  0.14201431674463863  0.15328669049108831  0.16514010755970793  0.17515569932709135
  0.18251061501860130  0.19084556741844941  0.19927838863448546  0.20936962121642999
  0.21632754170692048  0.22535296498619420  0.23600055724665231  0.24950118244381150
  0.26538516974008247  0.28066797125265452  0.29502856076698136  0.30901477220540191
  0.32125236383723843  0.33175112562332820  0.34128168844347251  0.35110273969470296
  0.36209423446014533  0.37342373889625335  0.38402405935566419  0.39336922180047768
  0.40000199271652837  0.40793826440865066  0.41297336129090673  0.41857578187075295
  0.42468141489006839  0.43417960833649893  0.44664607157748037  0.45532450143225883
  0.46062183837197668  0.46624195560338588  0.47181628643150353  0.48659317001657032
  0.49949862328977940  0.51228045417507762  0.52425557243143461  0.53409786152633487
  0.54906173301681149  0.56085736196065150  0.57856610387889118  0.59619924942324087
  0.61124522662790703  0.61991892849813757  0.62775921549418257  0.63622574371151885
  0.64999951727165595  0.66505287691667370  0.68151675644720799  0.69825053357524236
  0.70871402438980236  0.71808653451950855  0.72804329393217260  0.73796483209551189
  0.74647074824992210  0.75358221174309747  0.76325316100714391  0.77524009751964507
  0.78920201686482128  0.80286363287047346  0.81542266180229273  0.82916343087953170
  0.84344123253657866  0.85557118792742326  0.86711693397805478  0.87931035317872064
  0.89217279295814167  0.90082786188214858  0.90904072890146703  0.91591379789466809
  0.92327617604125123  0.92952708676702644  0.93415031234471668  0.93771190958513140
  0.94125570991328766  0.94505893147197839  0.95157001625827387  0.95996728268770204
  0.96758884955553326  0.97310605410855544  0.97773174676588126  0.98181581510117477
  0.98554176474983179  0.98938956773006914  0.99333580765047991  1.00000000000000000
 -0.00827434609782199  0.02983928787302744  0.05025954325736422  0.06560419171408877
  0.07790239549270650  0.08632010247493350  0.09380795817615513  0.10546938865730456
  0.11555980048383299  0.12428843932357515  0.13310233502445540  0.14204167285528155
  0.15138671935854459  0.16159922627110296  0.17355577093981045  0.18954546189455360
  0.19987075275835414  0.20806377586733432  0.21378450864256091  0.21988878571681886
  0.22677455794789914  0.23475631351646051  0.24263306748223262  0.25019805459915795
  0.25860124815726482  0.27080468885378728  0.28572670241403059  0.30385812325039974
  0.32588458757937533  0.34796589780573889  0.36698442575147822  0.38749913793689295
  0.40699447602536754  0.41918576370433641  0.42507182417248063  0.42960798044878884
  0.43905760637921604  0.44833161158680002  0.45562095303857097  0.46498162796881543
  0.47555107919711720  0.49000212007315552  0.50607482676326609  0.52059183246093998
  0.53241692777558325  0.54244397569981495  0.55208217591733177  0.55688288610769932
  0.56076992718151153  0.56493926998624522  0.56885103724673047  0.57263476081772013
  0.57658105395962145  0.58123558761424643  0.58698097823018502  0.59272803562703613
  0.59702880416431392  0.60086551697665957  0.60585157109526822  0.61441940971172837
  0.62245741774453522  0.63403768558675588  0.64673016064077049  0.65930460887819886
  0.67268521026715999  0.68525797500331787  0.69736760685464416  0.71065702109515350
  0.72308534995472551  0.73266405995304917  0.74167174350079357  0.75071997658834067
  0.76108738320758762  0.77107122377513593  0.78159837462848558  0.79194652726642156
  0.80353998625327772  0.81401144818478099  0.82586126697905704  0.83559997653067641
  0.84588800490144223  0.85992781121051631  0.87270257653584171  0.88876074614718181
  0.90807175684594477  0.92389425804996084  0.93190176161668525  0.93760929409279392
  0.94382054414003735  0.95079636033256509  0.96084654454093099  0.97184565226632524
  0.97904877609003660  0.98539360518431340  0.99220031222605121  1.00000000000000000
 -0.00220960824678457  0.01225843473561533  0.02702725713972381  0.03751782903902932
  0.04671271863166070  0.05704176483890144  0.07364841437213621  0.10001512991462956
  0.12909752220625126  0.15173338256573668  0.16811417863241040  0.17996593281600867
  0.18926975888584310  0.20203448743379002  0.21862790446038907  0.23558870773403195
  0.25357050335185055  0.27543408294092814  0.29577055727001522  0.30989026451051116
  0.32390266419232999  0.33791598882298662  0.34998623050515520  0.35502184475521897
  0.35898567289872835  0.36397492584993707  0.37058734858932790  0.38195654279605196
  0.39138622451071514  0.40003297284135997  0.40948539178523324  0.42235113770638638
  0.43464712714296577  0.44969821793456455  0.46609097431244717  0.48239695430347201
  0.49850422666941402  0.51608841001727490  0.53982802811380870  0.56478899572779517
  0.57929922516670629  0.58681902735383840  0.59500597276491918  0.60202722923069663
  0.60800704864210209  0.61333458364008520  0.61938531422731657  0.62627876781044800
  0.63679074846818084  0.64772515860105362  0.65794245433989962  0.66801754122260126
  0.67716402095182715  0.68475592161436882  0.69152789667970938  0.69839521088753631
  0.70534524557081268  0.71411447431742869  0.72228642239381757  0.73022034328173901
  0.73817273009185935  0.74689992733920618  0.75387749093827372  0.75925316157133849
  0.76501427177903791  0.77007492218308649  0.77493495344477048  0.77880213429600709
  0.78346950681324667  0.78744172436688720  0.79304173608790873  0.80165905666791915
  0.80738286616239208  0.81217989782788891  0.81754346092835151  0.82520733712559902
  0.83227244512310739  0.84071793316373600  0.84978903887917190  0.85754976058420751
  0.86549706652979863  0.87413927105055467  0.88463347609544352  0.89908357970521258
  0.90717420120790193  0.91407707579692787  0.91884745028994019  0.92213271738020630
  0.92576293745438476  0.92948889234093546  0.93488839528317547  0.94095084045428079
  0.94864360755699340  0.96135012139949627  0.97811740948719395  1.00000000000000000
 -0.00615408481225069  0.01600620182198307  0.03590406312183229  0.05533982520506593
  0.07632140026872453  0.08862419457678351  0.10036126459745494  0.11516991979790521
  0.12757239687447047  0.13660571343004319  0.14541250946306661  0.15435739549887087
  0.16413469801991065  0.18031827564519654  0.19094349598072302  0.19583258117945049
  0.20085831846807384  0.20469314768438485  0.20773615903873879  0.21302226961466320
  0.22010562767658146  0.23053543300482585  0.24121041506944421  0.24934741902901314
  0.25861216972354728  0.27272653669206987  0.28402915647629096  0.29029249712772021
  0.29384970880694505  0.29696867881969785  0.30009658547766521  0.30525377097670420
  0.31158346826085564  0.32550819531661801  0.34057524088667812  0.34876489498016428
  0.35367597366569836  0.35819488144104555  0.36173007219312492  0.36376255925504092
  0.36706062058403072  0.37132264033013646  0.37626693168256964  0.38783638344975929
  0.40560930166213399  0.42780181653822336  0.44269668230418174  0.45317824592190126
  0.46182911582991409  0.46874213339277160  0.47663538599638472  0.48251214566992812
  0.48723905881693441  0.49201044556814683  0.49646757476585113  0.50188825712671026
  0.50754235118000268  0.51196173969468650  0.52183869538687522  0.53707269846912253
  0.55379700650409602  0.56716969211396695  0.58054237772383799  0.59015501876725740
  0.59903450078112364  0.60739696502520590  0.61546557982154870  0.63082247896603605
  0.64788383519809312  0.66195013081218523  0.67704285960359345  0.69569490006771106
  0.71585198985463527  0.73440485985824366  0.75231825518790585  0.76616429063431390
  0.77411939781410743  0.77857661786039489  0.78191578404126194  0.78578634604400399
  0.79094648211118801  0.79833666675660120  0.81008319234274240  0.82066466031070595
  0.82927871367723993  0.83934757683294292  0.85794651318193216  0.87784684618322806
  0.89372771161033104  0.90610665888242781  0.92275482936183684  0.94206778733119023
  0.95987454497573466  0.97434838714166216  0.98774297547025336  1.00000000000000000
 -0.02300948019641122  0.12993069986655847  0.15305101825492679  0.16956495068560504
  0.18409714814629996  0.20215520380286631  0.22188995725367944  0.24194639538264112
  0.25924073297647160  0.27186484914598785  0.28101831938813787  0.29012321466615476
  0.29888182780878986  0.30527300442560962  0.31067851198161550  0.31543606576485483
  0.32037973289623312  0.32656625930048788  0.33375265465920373  0.33816361919179860
  0.34136598291949394  0.34413760446538172  0.34647131093813643  0.34983800210253446
  0.35406900838405514  0.35845999230615777  0.36241892156063554  0.36641172132089450
  0.37098830342039424  0.37650581566362545  0.38296412976487321  0.38947963420928716
  0.39712449572347464  0.40405497407672708  0.40970611674053348  0.41431379911232791
  0.41825961150864183  0.42053217263189513  0.42289221949738343  0.42555850282325436
  0.42911440588093258  0.43325639389903076  0.43751464499839049  0.44267863046874761
  0.44788274479816453  0.45235770856770463  0.45645735115056069  0.46104508546702400
  0.46608207631873289  0.47108864468343559  0.47605118446698452  0.48179593289080513
  0.48995141011105509  0.49941356848052848  0.50933638790304647  0.51910083955927755
  0.52818354620956520  0.53958302512124756  0.55168901628601541  0.56278828296346739
  0.57042067393417484  0.57674242974186030  0.58339842537543318  0.58823166894566137
  0.59189248910239822  0.59480189921794457  0.59752976913975009  0.60096708166455859
  0.60479067022072153  0.60983396477501806  0.61569850380593993  0.62117325921668531
  0.62834361379179438  0.63649044917752806  0.64773034992813183  0.66397576476233289
  0.68270548538302711  0.69883559154316865  0.71757288835616495  0.74340425913822750
  0.76707464664016178  0.77768232982817709  0.78506999340822048  0.79680452495507581
  0.81136047723875759  0.82013158636867556  0.82941889883075559  0.83162593184229172
  0.83469788931394351  0.83965563829879941  0.84608574524379121  0.85169198262593171
  0.87041199478460052  0.89879045286141723  0.94039359833676961  1.00000000000000000
 -0.02513392522545163  0.13434821804157743  0.22970149307728277  0.26436148866448178
  0.29183670953498952  0.31527029839745091  0.33060800609632579  0.34265283780062339
  0.35243893151188638  0.36065024300317367  0.36988870252601436  0.38095372243211700
  0.39169827799967211  0.40264524542810087  0.41345218928876937  0.42264100130165855
  0.42974030889493930  0.43808882283854117  0.44703977229839187  0.45603428961446302
  0.46556885772046902  0.47642197025256977  0.48676374118942939  0.49945854562773495
  0.51061344450319635  0.51914446218426968  0.52814374668414843  0.53607435093962730
  0.54237379154754028  0.54801696539490075  0.55251301710125544  0.55589058325850349
  0.55855646841777729  0.56143011203639970  0.56450043249801662  0.56812096737574591
  0.57145476168710208  0.57491272246006209  0.57821554256517893  0.58115510462589814
  0.58665357967511822  0.59380567297121578  0.60088664551347593  0.60810254719867762
  0.61307450205727865  0.61754124232329122  0.62305827206655395  0.62969516079624066
  0.63696618864923860  0.64491536297469221  0.65346154001988654  0.66343005040464109
  0.67102382134943506  0.67457404498423867  0.67849636542541747  0.68141056034819103
  0.68341459141115868  0.68497299724131822  0.68693144387465099  0.68970844575193846
  0.69244599068650436  0.69512523844564800  0.69904005352383702  0.70340523709983516
  0.70770420176991822  0.71188282054122920  0.71663662145174645  0.72359323743051374
  0.72791958483253394  0.73356374985666983  0.74000365002226509  0.74734653321137023
  0.75187337729157888  0.75580666812260588  0.76104591310987435  0.76711223568180453
  0.77360137527835959  0.78117913894522306  0.78875690261208653  0.79386126152274838
  0.79851807249331785  0.80392663726536129  0.81248846324530966  0.81686922089164238
  0.82008361733425572  0.82498374158799603  0.83427881939799553  0.84579495071607691
  0.86089425783182083  0.87147036298290570  0.88038074469366745  0.88854646961287365
  0.89605753122432552  0.90686236010396870  0.91812426325022989  1.00000000000000000
   6.5121210320837566E-020  -1.0000000000000000     
 T F F F F F F F F F F F F F F F F F F F T F F F T F F F F F F F F F F F T F F F T F F F F F F F F F F F F F F F F F F F T F F F F F F F F F F F F F F F F F F F F F F F F F F F F F F F F F F F F F F F F F F F F F F F F F F F F F F F F F F F F F F F F F F F F F F F F F F F F F F F F F F F F F F F F F F F F F F F F F F F F F F F F F F F F F F F F F F F F F F F F F F F F F F F F F F F T F F F F F F F F F F F F F F F F F F F T F F F T F F F F F F F F F F F T F F F T F F F F F F F F F F F F F F F F F F F T F F F T F F F F F F F F F F F F F F F F F F F T F F F T F F F F F F F F F F F T F F F T F F F F F F F F F F F F F F F F F F F T F F F F F F F F F F F F F F F F F F F F F F F F F F F F F F F F F F F F F F F F F F F F F F F F F F F F F F F F F F F F F F F F F F F F F F F F F F F F F F F F F F F F F F F F F F F F F F F F F F F F F F F F F F F F F F F F F F F F F F F F F F F F F F F F F F F T F F F F F F F F F F F F F F F F F F F T F F F T F F F F F F F F F F F T F F F T F F F F F F F F F F F F F F F F F F F T F F F
  <DiscreteSampler_grid>
  grouped_processes
  1 # 1 for a reference and 2 for a running grid.
  10 # Attribute 'min_bin_probing_points' of the grid.
  1 # Attribute 'grid_mode' of the grid. 1=='default',2=='initialization'
  0.0000000000000000 # Attribute 'small_contrib_threshold' of the grid.
  0.5000000000000000 # Attribute 'damping_power' of the grid.
 # binID   n_entries weight   weight_sqr   abs_weight
    16   10   8.784342584059949E-017   7.346150776292071E-032   8.784342584059949E-017
    17   10   8.784342584059940E-017   7.346150776292045E-032   8.784342584059940E-017
    19   10   8.006768239450157E-017   5.768188849030938E-032   8.006768239450157E-017
    20   10   8.006768239450178E-017   5.768188849030969E-032   8.006768239450178E-017
    22   10   8.795106555291622E-017   6.118623497825421E-032   8.795106555291622E-017
    23   10   8.795106555291638E-017   6.118623497825438E-032   8.795106555291638E-017
    28   10   2.425181647973040E-016   5.851578607978840E-031   2.425181647973040E-016
    29   10   2.425181647973030E-016   5.851578607978793E-031   2.425181647973030E-016
    31   10   1.094297189921134E-015   1.195054225260763E-029   1.094297189921134E-015
    32   10   1.094297189921134E-015   1.195054225260761E-029   1.094297189921134E-015
    34   10   1.094767515391014E-015   1.196440306789410E-029   1.094767515391014E-015
    35   10   1.094767515391014E-015   1.196440306789408E-029   1.094767515391014E-015
    40   10   8.784342584059953E-017   7.346150776292074E-032   8.784342584059953E-017
    41   10   8.784342584059940E-017   7.346150776292045E-032   8.784342584059940E-017
    43   10   8.006768239450157E-017   5.768188849030937E-032   8.006768239450157E-017
    44   10   8.006768239450178E-017   5.768188849030969E-032   8.006768239450178E-017
    46   10   8.795106555291618E-017   6.118623497825416E-032   8.795106555291618E-017
    47   10   8.795106555291639E-017   6.118623497825439E-032   8.795106555291639E-017
    52   10   2.425181647973040E-016   5.851578607978840E-031   2.425181647973040E-016
    53   10   2.425181647973030E-016   5.851578607978792E-031   2.425181647973030E-016
    55   10   1.094297189921134E-015   1.195054225260764E-029   1.094297189921134E-015
    56   10   1.094297189921134E-015   1.195054225260762E-029   1.094297189921134E-015
    58   10   1.094767515391014E-015   1.196440306789410E-029   1.094767515391014E-015
    59   10   1.094767515391014E-015   1.196440306789409E-029   1.094767515391014E-015
  </DiscreteSampler_grid>
