 -0.00000020589007151  0.00000449978919556  0.00000699580547845  0.00000972934006851
  0.00001153870355981  0.00001325490617276  0.00001539891077063  0.00001642871792634
  0.00001721928244142  0.00001796650403956  0.00001873032231790  0.00001947029818678
  0.00001987799923402  0.00002033518084367  0.00002089534332407  0.00002140470292488
  0.00002211764406472  0.00002327161414670  0.00002473636482737  0.00002591703002418
  0.00002682984964921  0.00002715605322450  0.00002748225679979  0.00002780846037508
  0.00002822803308009  0.00002868693546424  0.00002914583784839  0.00002957202183106
  0.00002990729756905  0.00003024257330703  0.00003057784904502  0.00003139544546374
  0.00003221269654189  0.00003300342663845  0.00003374445208186  0.00003443092293904
  0.00003499607108734  0.00003558138329101  0.00003639297463358  0.00003912569912386
  0.00006062187240049  0.00006388339502603  0.00006419803414912  0.00006448355656658
  0.00006478617105544  0.00006497661378823  0.00006515268691010  0.00006534495671453
  0.00006557709791202  0.00006583017767908  0.00006606977403448  0.00006652101214611
  0.00006686362733961  0.00006711620007680  0.00006735411365134  0.00006762905056548
  0.00006814124007018  0.00006879781649396  0.00006946718120761  0.00007015582515419
  0.00007094311360987  0.00007171751609163  0.00007220921839933  0.00007259460549684
  0.00007307399750077  0.00007357543653836  0.00007404839926738  0.00007454969515060
  0.00007483781034440  0.00007516657103599  0.00007554276099289  0.00007629556276748
  0.00007752053822706  0.00007940971207287  0.00008119322266144  0.00008252120199563
  0.00008359854044904  0.00008454116089817  0.00008548220152133  0.00008669809433827
  0.00008826476993038  0.00009021417203849  0.00009260464240466  0.00009641220569294
  0.00010530103585954  0.00011357534211432  0.00012524130429387  0.00013694558321694
  0.00014931485527278  0.00016914917535906  0.00019793836565700  0.00022906693675893
  0.00029529336467448  0.00047874630444582  0.00283142022061108  1.00000000000000000
 -0.00002060128829392  0.00012634638337901  0.00018070993653261  0.00019951238917893
  0.00021897093856937  0.00023028464728026  0.00023839272888564  0.00024596312664820
  0.00028308571394017  0.00032136753583047  0.00035577105613956  0.00038401890837685
  0.00041170567333007  0.00044159513185218  0.00046908959142692  0.00048916292209674
  0.00050601759298030  0.00053157769692571  0.00055074258865877  0.00057464541610004
  0.00060942782842345  0.00064005867935092  0.00065997658497763  0.00067623992815401
  0.00068081875900966  0.00068466663912768  0.00068851451924571  0.00069206580847665
  0.00069518085930022  0.00069829591012379  0.00070141096094736  0.00070379685547495
  0.00070607693190970  0.00070835700834444  0.00071130850447658  0.00071570693286237
  0.00071915575092960  0.00072346452839406  0.00072950557546455  0.00073836827601452
  0.00074660028855971  0.00075396450613361  0.00076141060922012  0.00077897906148719
  0.00080351427423579  0.00083337326080519  0.00086785745004360  0.00090535102596027
  0.00094528055618590  0.00099179847687333  0.00102888512196904  0.00105891808951717
  0.00108869852560498  0.00111789262083569  0.00115329077681850  0.00119399870960268
  0.00122771829645854  0.00124908651087496  0.00126562455408602  0.00128135263250308
  0.00130065893109274  0.00131844154213377  0.00133459145505859  0.00135618608701293
  0.00137720678551143  0.00139872223664719  0.00142029799947808  0.00144153984229282
  0.00145984394703037  0.00147697460749406  0.00149309821546492  0.00151810381357217
  0.00155113913937890  0.00157885853856305  0.00159662222682851  0.00161926488381496
  0.00164665852603041  0.00168345215975499  0.00172173397502689  0.00176471554630825
  0.00180720233130073  0.00184172942369125  0.00187242761447027  0.00189835573864893
  0.00191723098822381  0.00193583973033637  0.00195613377338874  0.00197715711219842
  0.00200444553277576  0.00202840728870112  0.00205717249445089  0.00209380312399397
  0.00218439526720717  0.00233810596935498  0.00254491588731638  1.00000000000000000
  0.02498887559411811  0.03991596821908376  0.05418183211877415  0.06887891037229417
  0.08597037360926683  0.09383638827839354  0.10105044175898199  0.11198195589577713
  0.12082981811273323  0.12879064123289302  0.13650249471763090  0.14350161360743044
  0.15582357803100189  0.18482400716264863  0.20074626695255557  0.21398897032873912
  0.22194962174684127  0.22898014042393336  0.23415845477706507  0.23854920309796554
  0.24426773729133192  0.25163104151410709  0.26041848163253856  0.27415122722805874
  0.29666755438054337  0.31698821090459744  0.33670601995502686  0.34838344007543437
  0.35795319584792690  0.36611616327651136  0.37283824552078976  0.37695280633825023
  0.38003173891068248  0.38396256006610269  0.39123414883557917  0.40380530254494523
  0.41876494264087549  0.43542808842985825  0.45692627317278484  0.48245619010661100
  0.49989326079442481  0.51130175360809216  0.52329443005417209  0.53206410673483318
  0.54036681424584632  0.54697340854924914  0.55346573604460192  0.56317857622434875
  0.57565068299123079  0.58782210451416317  0.60472787344679158  0.63346441063063930
  0.65821029125698904  0.67014269500302603  0.68143753258905215  0.69195782649519721
  0.70062062732058494  0.70935562786236173  0.71736314296371695  0.72424174027096400
  0.72918184050604362  0.73253631273007824  0.73704548343683174  0.74115883501118263
  0.74468009627455878  0.74955762410929427  0.75712823593082090  0.76732729928018462
  0.78279007531601019  0.79403568715870676  0.80476890321932026  0.82031692834650338
  0.83347843388626985  0.84300877157650311  0.85315839057235354  0.86377158804562681
  0.87236463509624773  0.88133772231226604  0.89120874999377553  0.89916593505515052
  0.90265543046810526  0.90362056269091073  0.90458569491371610  0.90554300554658318
  0.90648797433638006  0.90743294312617706  0.90838946579526325  0.90940897541965937
  0.91042848504405538  0.91144799466845139  0.91628778418503043  0.92392561528404227
  0.93621179420634126  0.95393767096001092  0.97445654080248889  1.00000000000000000
  0.00239458322904344  0.00342624407461560  0.00372027332101070  0.00389760966927615
  0.00408056555831819  0.00419165243635998  0.00428516611590063  0.00436656281893094
  0.00444099511473721  0.00451043621725522  0.00459510931385383  0.00467648932189660
  0.00476605657147367  0.00485506399095436  0.00493603308203778  0.00505502080851935
  0.00518287407997613  0.00534926858519251  0.00556649534040106  0.00582286873998455
  0.00607502287421778  0.00625682792964461  0.00635390621937917  0.00644541291499001
  0.00652638747468183  0.00658569756346173  0.00664631747501409  0.00671771328615558
  0.00681120172125774  0.00691942802456473  0.00700504833254353  0.00709337075640558
  0.00719416229898324  0.00734361797959911  0.00747445915470049  0.00759970112009569
  0.00772979162409658  0.00783265985497329  0.00793172764740025  0.00803506459922882
  0.00819826751368407  0.00832667243503480  0.00843957843427085  0.00857035246164910
  0.00878818617872927  0.00907361702387456  0.00928912067127651  0.00939898150045109
  0.00956319210688783  0.00976438790850473  0.00997870333891639  0.01020740360324374
  0.01039057826718153  0.01054215338940265  0.01072679514491991  0.01095907724403411
  0.01121483559910349  0.01150254082783228  0.01171887285892835  0.01195167381367903
  0.01221570661039638  0.01249504845300073  0.01286358102811405  0.01332018979627084
  0.01376761796336735  0.01385302596253340  0.01393843396169945  0.01402384196086551
  0.01410744161517095  0.01418894160861844  0.01427044160206592  0.01435194159551341
  0.01442330277936027  0.01449272652187039  0.01456215026438051  0.01465661130756941
  0.01489635918830186  0.01513081592652936  0.01562263214298825  0.01600119372365030
  0.01631949303604970  0.01659356242534005  0.01687730921689810  0.01726763371423016
  0.01804372029236604  0.01933930504006394  0.02084656133110292  0.02208262351420649
  0.02300178702979614  0.02380838657647173  0.02453276422395819  0.02531642011203055
  0.02797963803566740  0.03829778983048724  0.34902660239552719  1.00000000000000000
  0.00248469170322801  0.00506645643352481  0.00580430204451168  0.00627302168437985
  0.00651548994148448  0.00669655831636915  0.00683179462414407  0.00699801640836136
  0.00714102630483764  0.00726489197329623  0.00748396116179447  0.00769411008961532
  0.00809130285800101  0.00842692664403983  0.00865610989137217  0.00887910120177243
  0.00903405332402116  0.00920272354467858  0.00940088769461814  0.00963318240705779
  0.00985313785217929  0.01002041842067805  0.01021879392188875  0.01053766524397724
  0.01096727058616617  0.01164417888327937  0.01243105861147001  0.01325369081086395
  0.01420849829760846  0.01502169256990711  0.01565197022810188  0.01629011989776705
  0.01665211117951176  0.01693389257238563  0.01722556872535793  0.01749105767278470
  0.01783859408843976  0.01819330627400103  0.01861807500751757  0.01905679373961754
  0.01930421620982853  0.01944053943309955  0.01957977847356271  0.01973342781269901
  0.01988707715183531  0.02005956443579572  0.02024086436447582  0.02050187252168051
  0.02114687758173632  0.02190480555794797  0.02259751204881965  0.02325121741690336
  0.02355829821343929  0.02380457315782412  0.02398481056040406  0.02416217815674921
  0.02431805599997264  0.02447253759021347  0.02463400218280015  0.02482439974465909
  0.02524191169670206  0.02582501735908356  0.02653966514225864  0.02760658347114904
  0.02886080842771806  0.03074273342750336  0.03296239771487253  0.03451597218698891
  0.03574808811821175  0.03705652985536612  0.03807680964038549  0.03932758521864817
  0.04035773460086016  0.04148031945827978  0.04228628627565810  0.04271500763423657
  0.04344727050773731  0.04453143795362856  0.04570023376046605  0.04716007505176802
  0.04903901409619582  0.05298846028422835  0.05806555845079923  0.06598664603376261
  0.07489319259670697  0.07962620091967060  0.08287987985014302  0.08728862232632031
  0.09199720953353115  0.09679619614438502  0.10224119233927308  0.10768618853416113
  0.13129454788444975  0.17686872865728517  0.56816940003253558  1.00000000000000000
 -0.00075942400458483  0.00479877968050100  0.01185870030080222  0.02156631787696661
  0.02844980781165918  0.04078558461434470  0.05384107493385056  0.06541850252280501
  0.08072962435652452  0.09793143212339936  0.10770092361497292  0.11333532395372117
  0.11820469368906304  0.12202591519114614  0.12494619584751247  0.12839608201660260
  0.13611940881697560  0.15116582188686054  0.16548267640217323  0.18277020237867425
  0.19186525971772775  0.20034076099110196  0.20970906077217114  0.21355635743626644
  0.21545945522489668  0.21808245542720814  0.22257644690992617  0.22809625404636313
  0.23461475709198173  0.24032015236112308  0.24565460090284238  0.25374065317754269
  0.26543210904969727  0.27821947689839599  0.28816230613314125  0.30010464893149508
  0.31764727274808546  0.33749589834652327  0.35309869091489138  0.36662048414897269
  0.38100804016692386  0.39653231987512122  0.40809526949733205  0.41583450307765396
  0.42159895211351173  0.42615091749733747  0.43202057123626592  0.43752454765780219
  0.44148354548065999  0.44861672141599035  0.45736392197508685  0.46631738994310246
  0.47707267056829789  0.48981429969528162  0.49927598512059024  0.50810313660032702
  0.52008178809072680  0.53594765174212611  0.55994636555691635  0.58404492445532308
  0.61630813466589274  0.65031078884305982  0.66773657487298599  0.67604141640054738
  0.68134764918138169  0.69022502973346134  0.70378711973178931  0.71721359550830022
  0.72958184377369606  0.74138055818500537  0.75157475894432368  0.76297577684087747
  0.77631094202126250  0.78767035398267671  0.79365774962745039  0.80183879653434142
  0.81437677720003276  0.82965115107951948  0.84572344093533347  0.85969693643229916
  0.86815756878162664  0.87538491356037751  0.88420208889210483  0.89282308452292114
  0.90147555616706487  0.90923130581832534  0.91177530548926500  0.91431930516020465
  0.91766733174401705  0.92936100791684662  0.94105468408967619  0.95274836026250587
  0.96455427553693796  0.97636951702462538  0.98818475851231269  1.00000000000000000
 -0.00877555935734215  0.03160677982981218  0.05174871283722159  0.06572292956823203
  0.07745368333063539  0.09017018278350765  0.10622428433384466  0.12200091910862232
  0.13684969406747566  0.14573697284568404  0.15460569450384157  0.16591106342336087
  0.17898771448624670  0.19119684190655839  0.20444361989306797  0.21088573274618994
  0.21549194365342411  0.21962223683613119  0.22413246383984908  0.22806016945769703
  0.23530541984710213  0.24353467302863535  0.25254242077282474  0.26040575111460623
  0.26832459639575035  0.27669927926822357  0.28483115919868429  0.29420924757969846
  0.30352299781069919  0.31581083319748865  0.33051180231483362  0.34352150138136439
  0.35496812304459802  0.36838395691968057  0.38224243388418117  0.39200955792004660
  0.39909099780688506  0.40269008950141788  0.40725374915370743  0.41516684508528867
  0.42711714441201087  0.44229078987658221  0.46746032805932336  0.48327098631150894
  0.49514490199427152  0.50730353372709347  0.51872643089033088  0.53030164785217704
  0.54173864028507934  0.55218426538169085  0.56061245351498612  0.56674504253646951
  0.57420612586996200  0.58026441833567355  0.58609459084743232  0.59421713479922145
  0.60127424914666405  0.60681612406476559  0.61276393070203050  0.61839231335698464
  0.62394425158862132  0.62949618982025801  0.63587056695588906  0.64628313188838993
  0.65669569682089091  0.66710826175339188  0.67453331624175161  0.67883642376322850
  0.68313953128470528  0.68744263880618206  0.70053214769119354  0.71368572781003348
  0.72691217960368637  0.74047683287020971  0.75842950539087972  0.78018705143633238
  0.80099141474868751  0.81977005988054863  0.83271531567463997  0.83974000144437810
  0.84659567881355913  0.85357952125705827  0.86496894849827199  0.88262733350601053
  0.89393287227654805  0.89843583437219832  0.90037965003674836  0.90255809615832927
  0.90699875461905988  0.91405309185186479  0.92597615318196846  0.94324490990474152
  0.95666754262094988  0.97460026568160829  0.98832753874246893  1.00000000000000000
 -0.00138901485543047  0.00672735517914217  0.01324756344620553  0.01833006387768000
  0.02350457664286113  0.02955124826087665  0.03583615495108822  0.04539908023512168
  0.05209663897430093  0.05857864264397371  0.06826829537838684  0.08476629163570282
  0.11916103999807948  0.16778814354953156  0.19294254096304805  0.20549246969562801
  0.21909013551194942  0.23201245324643302  0.24320966810767616  0.25446852018838995
  0.27119264902804080  0.28666233802896929  0.29900459577958954  0.31139238142954945
  0.32383011048400545  0.33697989817061125  0.35127348322288648  0.36683623331294241
  0.38268568923059271  0.39799659016112710  0.41605399736183013  0.42415618495422153
  0.43501705933637036  0.44577255835847684  0.45676107034457386  0.46556706278597848
  0.47258431570777681  0.48071535332434329  0.49099964209223046  0.50449815036693946
  0.51771243463497840  0.52654105031148080  0.53245159989469781  0.53981615881460421
  0.54696496132945571  0.55404806940642837  0.56014104505056606  0.56664027859978849
  0.57479213123687389  0.58028813098253185  0.58263967436559605  0.58474981020747963
  0.58724545271989537  0.58969444008827410  0.59199133782605595  0.59453164521899582
  0.60037590913900241  0.61082977134792471  0.62822010104239845  0.65030691169919674
  0.67103568923485712  0.68303335940904242  0.69743045012328220  0.71259169359002361
  0.72610747329032121  0.73894100344824432  0.75375240534093979  0.77571228685963700
  0.80831772987215011  0.83834103124280601  0.85618425511826501  0.86808229803236592
  0.87625516317863861  0.88078471316909379  0.88346006499710295  0.88512477453503147
  0.88678948407295999  0.88838626014962030  0.88931017499565601  0.89023408984169172
  0.89115800468772743  0.89216649073010201  0.89322527641464766  0.89428406209919342
  0.89597038795798278  0.90052443396205106  0.90834823277987464  0.91528537684744837
  0.92245536806658501  0.93096639740477649  0.93900574288624772  0.94818015884407958
  0.95763461015555462  0.96863050447831323  0.98445729246382230  1.00000000000000000
 -0.00106924607816271  0.00264257904932759  0.00834869172615394  0.01557279123297290
  0.02304335767582448  0.02977391503516449  0.03633153354746647  0.04161551209974866
  0.04758168285047872  0.05574197611851353  0.06588481808349937  0.07615771512813713
  0.08721105471909843  0.09767043327999192  0.10454710697089203  0.11190512519886055
  0.11988336216938834  0.12820541080380202  0.13582960257892179  0.14378229366152437
  0.15046350015835802  0.15349835606566711  0.15456848672441040  0.15563861738315368
  0.15671215264254651  0.15779427543535421  0.15887639822816194  0.15996287641720267
  0.16184592832626513  0.16372898023532759  0.16561203214439005  0.16945997097438384
  0.17485265172388684  0.18144389921427703  0.19330413822355380  0.20843744772130487
  0.23244177669121621  0.25637039131537454  0.27573742906924981  0.29499523361082652
  0.30916581284845268  0.31854489444926676  0.32252552765230791  0.32648404469727177
  0.32994316589505213  0.33354402335963157  0.33866401396038226  0.34428036186866551
  0.35421769025090499  0.37011930264785642  0.38476388832836089  0.40284495199186754
  0.42043741703681159  0.43134889978884910  0.44028242176435567  0.45040731950475765
  0.46496320319756679  0.48315831483749344  0.49840418138970555  0.51080183681870839
  0.52497243703936214  0.53965973873204476  0.55711582149462879  0.58087613285118267
  0.60436172879115191  0.62053503193492021  0.63119985239312681  0.64263292928941496
  0.65592837676443816  0.67471011821892957  0.68788283762603741  0.69855654223584807
  0.70942821262238664  0.72171562096604858  0.72989400030521601  0.73895965445933187
  0.74887231581582436  0.75418695558173243  0.75893014734544073  0.76387909971932766
  0.76846908143005754  0.78484172276813569  0.79626171901955267  0.80026543529164096
  0.80454668031963306  0.80953727304971712  0.82419906339614024  0.84808214714202934
  0.87136724364230433  0.89623132540287220  0.92332046776027421  0.94929716399573849
  0.96463252840661795  0.97699528304408434  0.98940154229113342  1.00000000000000000
 -0.00218997754180654  0.00626916390973233  0.01419934021128091  0.02212225369224227
  0.03118608899663615  0.04202376025391125  0.05507005786160640  0.06816478645784674
  0.07934016903799615  0.08938568729982002  0.09969355985440784  0.11165282023962060
  0.12815828478069388  0.13445663334182778  0.14016748048610692  0.15216551402568443
  0.17157996532395273  0.19437126668602328  0.21166916398128932  0.21974361266877238
  0.22630096956038309  0.23124637676804630  0.23627822419087002  0.24253182077995245
  0.25186975111328064  0.26445799929826858  0.27699306714922095  0.28963426234298023
  0.29571625558519649  0.30179824882741274  0.30788024206962894  0.31739338263679900
  0.32780935269604095  0.33822532275528289  0.34593788917478197  0.34993720068515860
  0.35393651219553518  0.35799529367927474  0.36766345315080140  0.37809800098044988
  0.38928824994352090  0.39777810581650352  0.40911023159155602  0.42843280123053296
  0.45131726928320148  0.46987964591599957  0.48690421596360350  0.50391217289345969
  0.51356834330693946  0.51878205178989079  0.52386667061344172  0.53049563001083733
  0.53873286714425161  0.54564592737279127  0.55025524030401041  0.55392925491778455
  0.55749391819348826  0.56125735196631310  0.56576907853697778  0.57514314316666471
  0.58505426725990817  0.59355342435086100  0.59925310360504280  0.60917608445290561
  0.62078304234387427  0.62919218797672205  0.63580656229426535  0.64212566158092776
  0.64717455218440934  0.65213404758372895  0.66375503472371378  0.67698783728631906
  0.68994235729548659  0.70010304233736109  0.70826649589950808  0.71590389888952244
  0.73034520478030862  0.76038428671559588  0.78727246712261145  0.81136273971072148
  0.83030662512368558  0.84165120404472593  0.85065146786296353  0.85983061830975427
  0.86645303073099966  0.87050247549303683  0.87584217787506180  0.88288692329979435
  0.89616701068412485  0.90939770392376584  0.92138807701579606  0.93005741064122482
  0.93889666174168607  0.95078518092817532  0.97221192848685412  1.00000000000000000
 -0.00066307322182182  0.00591755647479612  0.01414580941275674  0.02546847464698938
  0.04100109094932946  0.05377682917291322  0.06437799446536611  0.07367599016497159
  0.07959536118725644  0.08524694048947840  0.09193050369822543  0.10033914689624514
  0.10940628782372398  0.11743524646801379  0.12694122590249932  0.13634425056847854
  0.14399689829918588  0.15043878849605122  0.15829812074913024  0.17048023920344121
  0.18989764667624126  0.20881958397626751  0.22773124052295074  0.23811954245859912
  0.24885789408397016  0.26050130324184528  0.27211434567556053  0.28241227156370902
  0.29082532546899420  0.30274895432391308  0.31624869653567422  0.33183259563148604
  0.34858399776207477  0.36722621049728643  0.38892951371448353  0.41298092893059241
  0.43615693799513100  0.45270389023886287  0.46102693478866363  0.46848629734810043
  0.47525459142700827  0.48188097125554813  0.48761586053685052  0.50444939028067992
  0.52366140366796121  0.54272024831070509  0.55265981968357414  0.55950940132413196
  0.56744418076699410  0.57742024595619701  0.58659473808367990  0.59484837759868947
  0.60691164948837906  0.63311725275398989  0.65701223956535326  0.67736495753616877
  0.69584485696651233  0.71426698176138836  0.73128360100474477  0.74742027653687948
  0.75913658645600546  0.76805921689293599  0.77779189193729081  0.78541683309499666
  0.78965674013948117  0.79396546742769447  0.79901757731448220  0.80871219235870750
  0.81981413340198672  0.83143622807641238  0.84304748094469351  0.85685519379259945
  0.86321456746233183  0.87019650356794620  0.87696151759959740  0.88470745259074424
  0.88909752595467850  0.89512530090980691  0.89752635238145573  0.89910819344954007
  0.90079785540450252  0.90446035948228798  0.91124494526104838  0.92156947097367437
  0.92595073994413890  0.93033200891460344  0.93471327788506797  0.94039673281440717
  0.94638603517486941  0.95237533753533166  0.95775476187701347  0.96173381524909574
  0.96571286862117800  0.96969192199326026  0.98319696706862902  1.00000000000000000
 -0.00205431757864429  0.00903714968402592  0.01830232958519373  0.02743032483104902
  0.03598231992080427  0.04182891905406007  0.04793830988436058  0.05223380827943931
  0.05793441894260022  0.06340362363616003  0.06869487635919611  0.07633334483948379
  0.08995221135306118  0.10411181173127453  0.11155888071861300  0.11706887806466902
  0.12254546686181786  0.12673525254343190  0.13000163833088982  0.13329938596193744
  0.13665281696737053  0.14102999751628437  0.14745559582792842  0.15340044068294340
  0.15895691804866879  0.16847876667403180  0.17788452939499746  0.18611689043017729
  0.19242087162289528  0.19872485281561331  0.20502883400833133  0.21165548827212768
  0.21841924279907651  0.22518299732602534  0.23140132062395641  0.23514404347472304
  0.23888676632548966  0.24262948917625629  0.24931149781590578  0.25473736975070965
  0.25918523765487150  0.26672315308710548  0.27636688169107654  0.28934791889274297
  0.30882302855530130  0.32535941780935085  0.34033552591278626  0.35670726492421395
  0.37077577309179799  0.38375309756425813  0.39404316331221534  0.40067955434724867
  0.40818760738485527  0.42069540978593373  0.43734257997059761  0.46580099437316630
  0.49510498261002672  0.52351524519396031  0.54993482152456941  0.57091148493778732
  0.58798162182936320  0.60145096421166844  0.60891048749026078  0.61593765933553757
  0.62463850874074645  0.63443167036186565  0.64487215799958830  0.65566327218591069
  0.66304193708239667  0.66968656673154170  0.67878418657580541  0.69024692215978500
  0.70342706441646585  0.71836497477567962  0.73087713601701809  0.74339501899759508
  0.75271569096404012  0.75822808155798915  0.76218014383873578  0.76611518145964874
  0.77097648365745286  0.78672801031195361  0.80193614927591372  0.81662870005502852
  0.83200394930215471  0.84605267033646103  0.85713548961240671  0.86857274845416543
  0.88249812942129047  0.90133780475461489  0.92944666286202426  0.95258084975969826
  0.97002610330416195  0.98078254071849813  0.99020893841595581  1.00000000000000000
 -0.00388795131243381  0.01462246178575652  0.02492148814764155  0.03419877977138491
  0.04525497794922551  0.05648408989903523  0.06744008019283412  0.08239212113160554
  0.09833448964373287  0.10315858322389954  0.10798267680406619  0.11280677038423284
  0.11721081982350617  0.12138089479592759  0.12555096976834901  0.12962529402121284
  0.13329048183245978  0.13695566964370673  0.14062085745495365  0.14737834601398084
  0.15568190725373451  0.16512479730576837  0.17889937327536207  0.19409950958136185
  0.20905819896570577  0.22458783854607786  0.24255621053256055  0.26111815359571244
  0.27536331877127418  0.28810768593251163  0.29988406720693239  0.31186940543881730
  0.32493204920956170  0.33419200955131129  0.34010221794578083  0.34591636182708602
  0.35228643438601775  0.36131078789012611  0.37720880342227903  0.39586238608340307
  0.40955951267048768  0.42213998729655267  0.43333409190993261  0.44790772385584576
  0.46053709434571766  0.48385503995600437  0.50576272281891699  0.51826064060839627
  0.52679206535192502  0.53438478534870859  0.54211225126540896  0.55748773623583292
  0.57312609131235359  0.58042658060598051  0.59162526837213159  0.60250710160917986
  0.61037620143388327  0.61689320432027839  0.62358412741489844  0.63382344793514389
  0.65293187389843910  0.66921516154033367  0.69090150076760060  0.71140537294534023
  0.72254751821672425  0.73073851032845283  0.73780196027977740  0.74507227157737232
  0.75366681231723220  0.76235833648984164  0.76983071498273126  0.77919753681094395
  0.79170403687214075  0.80368375242041568  0.81618396262116455  0.82947658791240630
  0.84696123117973765  0.85775985549723133  0.86602709320348792  0.87334417040183665
  0.88306677424200608  0.89340847474155793  0.90220209868137913  0.91044554322636650
  0.91929171095914297  0.92590113291279397  0.93425371905760990  0.94427981044887099
  0.94959289330066488  0.95426531781534896  0.95806345161149886  0.96263026275114449
  0.96743129478377832  0.97320940088570929  0.98277308908435801  1.00000000000000000
 -0.00073443340225035  0.00486305084884170  0.01135250898883929  0.01822077292436024
  0.02420119613110553  0.03059910292321869  0.03631639137699972  0.04526648058027455
  0.06016035939634293  0.07400511489860810  0.08974462152248308  0.10849017945941773
  0.12645438093402200  0.14521608753504528  0.15995679082710834  0.17010163249328811
  0.17348044407828780  0.17685925566328753  0.18023806724828723  0.18349535571060008
  0.18671736948110490  0.18993938325160969  0.19317162591767273  0.19646446956181599
  0.19975731320595924  0.20305015685010253  0.21122543858834217  0.22523514070523493
  0.23994186847756810  0.25600906099561016  0.27263692225691571  0.29048518480097346
  0.30963668840270425  0.33084554725222448  0.35283527918593754  0.36485958002956520
  0.37570995442800298  0.38383467743382127  0.39227161135977640  0.39731522570652694
  0.40279942928717494  0.40890569799244125  0.41565011254714240  0.42227281775541664
  0.42783007159933534  0.43214400568349803  0.43641604391656447  0.44056974534651483
  0.44617511377012292  0.45740625125699075  0.47581919492169661  0.48938146382271164
  0.49951290519169372  0.51043676293110984  0.52064884188558247  0.52951215656713491
  0.53337917745930352  0.53619710608267745  0.53884915255074428  0.54241736207265512
  0.54884163038157441  0.55913941153952162  0.57300315345360797  0.58911446004802315
  0.60963507016625629  0.63289832477231589  0.64426773970733886  0.65588695490023330
  0.66763120029140088  0.68436861226811030  0.69945550479706042  0.72023848804000368
  0.74720280750855639  0.75818084889340398  0.76665132922572099  0.77488197967878225
  0.78348856143482870  0.79283928839418016  0.80099638531545936  0.81278446087007750
  0.83048157592708061  0.84110282581408313  0.85237301123414122  0.86393333049317333
  0.87611633441582959  0.89806919852633593  0.92341569569819693  0.93533618797607876
  0.94303639134765782  0.94927572052970344  0.95541051991677828  0.96226750122009841
  0.97327985186334509  0.98351681788939227  0.99230689314022302  1.00000000000000000
 -0.00698857888245940  0.01411977792470758  0.03548965941519257  0.05504027563014216
  0.06725236226512754  0.08602101805465864  0.10208950667559442  0.11530339480463024
  0.12441200009436648  0.13062247384373912  0.13683294759311179  0.14312998104555785
  0.14999678788375753  0.15686359472195718  0.16373040156015684  0.17134447734212058
  0.17920158693811236  0.18705869653410412  0.19688610295245218  0.20716749634434933
  0.21508361131884274  0.22400542031153309  0.23291941505023073  0.24793526625252293
  0.26578718376317784  0.28898301189417736  0.30346698818252654  0.31527936245459598
  0.33232279831890521  0.35670126842148864  0.38451765056775133  0.39579379811512505
  0.40413572029732370  0.41546617969221739  0.42597595572070063  0.43496303543490533
  0.44349054210753291  0.45651638463285732  0.46887420471196167  0.47869905329801521
  0.48654024278768487  0.49747754477254830  0.50177559439750774  0.50701240428164096
  0.51482107966825597  0.53249515255940172  0.54571970883814591  0.55507850414141791
  0.56250410208557844  0.57145966494046663  0.58413772321228108  0.59032788360790922
  0.59911947605824589  0.60616953152272646  0.61278494684900009  0.62007312828200079
  0.62825023051690188  0.63562007084203542  0.63989400262633178  0.64605835116360022
  0.65550917775261486  0.66720403167456177  0.67626338181090806  0.68039842511864723
  0.68343804833194188  0.68605453848977771  0.69144506950447038  0.69798822549275286
  0.70519386543151685  0.71166900795996335  0.72152394755678018  0.73468129506194946
  0.74288133725835115  0.74857037862656628  0.75393607570852827  0.75906627768917945
  0.76387520201604331  0.77032763867939535  0.77756202959881371  0.78722572792836720
  0.80538517354996031  0.83839147535467484  0.84782524219241995  0.85390058048286632
  0.85923147242996090  0.86816171022893907  0.87520608064478933  0.87791697578014116
  0.88091428707122399  0.88460354818702414  0.88916088445139252  0.89832235675569416
  0.90721354175251168  0.92834800853406652  0.95591248931096151  1.00000000000000000
 -0.00359362486921239  0.02007923229022995  0.04299945918583077  0.06065509226103026
  0.07299104648044361  0.08377588462558630  0.09310458720282404  0.09697606012944106
  0.10061494039307949  0.10564296723218336  0.11307716918269572  0.11988338497109426
  0.13197562179414823  0.14904949332689624  0.16294524702274604  0.17982683017010750
  0.20261297610161991  0.21643861927733091  0.22920982789313529  0.23823477332803591
  0.24630780934676383  0.25529869384713827  0.26789751297060943  0.29467973607241371
  0.32862109243074772  0.34905865311094475  0.36729969637540638  0.38312779001222458
  0.39104191736895066  0.39810298238338043  0.40493146508194650  0.41200812166688189
  0.41805527943881821  0.42161172359498317  0.42532548085647748  0.42895496002530459
  0.43398734202703870  0.43885847815335932  0.44314054194634506  0.45270092669301032
  0.46652322368550020  0.49896886974601246  0.52323364614846712  0.54486996254613473
  0.56188799691705926  0.56846749914389894  0.57364182258253793  0.58157251410118249
  0.58881196525275614  0.59782662560653332  0.60448584835309316  0.60808362611746758
  0.61359700967637276  0.62566318778966445  0.63880304374801100  0.64989551693721814
  0.66047490555533561  0.66991343372000578  0.67707509734221594  0.68488643315713715
  0.69807394729909877  0.71536646867076825  0.73095110555759302  0.75059723399325740
  0.77127700434967938  0.78605668447733978  0.79555192899240923  0.80239221754048540
  0.80846648487582318  0.81664447276459251  0.82383142466109749  0.83101837655760258
  0.83820532845410756  0.84491448708799410  0.85149406759384927  0.85807364809970443
  0.86371320627956627  0.86761822899285568  0.87152325170614497  0.87542827441943427
  0.88008349548260467  0.88663214145399571  0.89753537183624421  0.90847249120307472
  0.91700200015977018  0.92518679512872193  0.93143396265751799  0.94059737211513816
  0.95311476659428429  0.96454381612383955  0.97104301355317535  0.97759268817620615
  0.98320121584972109  0.98827039232478908  0.99441494929030660  1.00000000000000000
 -0.00212550016581181  0.00585914770461805  0.01395324609165436  0.02235136740187218
  0.03032259661807546  0.04016490471248319  0.05185505303867338  0.06376187309686614
  0.08136197666098700  0.09941439677494138  0.11130592066270981  0.12833685159606759
  0.14778016223375959  0.16538625418291578  0.18172999567085224  0.19531239593576766
  0.20656821614510565  0.21833496983324166  0.23076173495694496  0.24602497715127036
  0.25899365733286311  0.26895000838795380  0.27740806498098097  0.28570834581460375
  0.29248197907535123  0.29885840233559585  0.30626968742877764  0.31247676965029442
  0.31861472754464748  0.32995897300941368  0.34129344568680858  0.35332085315991019
  0.36430966154238847  0.37161103860698130  0.37540025823105816  0.37829026731053461
  0.38118027639001106  0.38404201007955191  0.38682782524411785  0.38961364040868379
  0.39239945557324973  0.39500725191168118  0.39760829756085664  0.40020934321003204
  0.41052397338906044  0.42252893780830630  0.43282824854562274  0.44031804188390816
  0.44594778808788627  0.45867245069324741  0.47986261699163552  0.50655000209862633
  0.53370327931374417  0.55760385358148112  0.57718578890611205  0.59525716414896201
  0.61822821888097401  0.63786286662912284  0.65120975239624346  0.65880319403358523
  0.66673654411010008  0.67459821549323240  0.68195291046726758  0.69097700526295303
  0.70192446630710281  0.71405776555273548  0.72517678825716836  0.73655388710897751
  0.74707957002027792  0.75580357744489868  0.76133404154212914  0.77086213314852692
  0.78252434472114030  0.79435518316417597  0.80657670883063837  0.81937519074872356
  0.83492466653680208  0.84663809445411586  0.85533113833734309  0.86377966990717026
  0.87194643596306542  0.87772436272314891  0.88240862925558683  0.88482584006183462
  0.88852366276237138  0.89752590148406886  0.90622250554771910  0.91355304596309805
  0.92108778644976708  0.92839254854372821  0.93559376052119547  0.94485389501175254
  0.95490445886566699  0.96345738035817874  0.98089348174278790  1.00000000000000000
  0.07087301127822834  0.51903497404765242  0.60290892007646402  0.63598538860403664
  0.68076113140936756  0.71162363197836220  0.73705009096742169  0.76255132494393518
  0.78235262574802544  0.79631075859549882  0.81005821584639792  0.81489031998183259
  0.81740117783912902  0.81948896487916811  0.82174351555574254  0.82411878556852336
  0.82622354300370526  0.82901144169445418  0.83374400789011993  0.84176315282572478
  0.85089739002203080  0.85661435921193929  0.85962490597585728  0.86162055891306211
  0.86350142225206161  0.86512645942651289  0.86774294294300036  0.87163798348336097
  0.87465161028603455  0.87662223121862126  0.87760290386024253  0.87948520136536745
  0.88139314102745026  0.88327001111493253  0.88487593927526209  0.88602891383772753
  0.88699636701942042  0.88807873808809201  0.88907286411449060  0.89041414553782217
  0.89242817286893750  0.89502222954190780  0.89758802536267424  0.90142499026375467
  0.90491591550549511  0.90769454526458881  0.91015720563250391  0.91264005541587756
  0.91521939285528675  0.91758715188855589  0.91987995433626624  0.92203790910227135
  0.92396348359981195  0.92503007696735151  0.92566183503304478  0.92629359309873815
  0.92690814532500843  0.92749867449070922  0.92808920365641012  0.92867345338122209
  0.92923039831024945  0.92978734323927692  0.93034428816830439  0.93259435475321617
  0.93479691571732715  0.93769036028432229  0.94020818483191504  0.94314421856905950
  0.94590801544509484  0.94816947765930615  0.94958434634674138  0.95083601755334346
  0.95173551594292705  0.95249419861467932  0.95347773697682170  0.95518965096503727
  0.95718413656769818  0.95923374198546507  0.96138617682650296  0.96365663559340398
  0.96577358074281894  0.96822257915205734  0.97000644335776909  0.97119579893796060
  0.97191820549283725  0.97258232725487914  0.97333654222135368  0.97395330535570179
  0.97441248938549729  0.97506250377408232  0.97659309947354733  0.97889427358561598
  0.98161347613819561  0.98506410646839404  0.99060506324585196  1.00000000000000000
 -0.05507955806394073  0.21543943424981815  0.30396877645211196  0.33966057292508023
  0.35355960984939871  0.36462400930264705  0.37098243839150391  0.38040806460546178
  0.39160981780839960  0.40262773555333209  0.41321850481465017  0.42508953055181486
  0.44338770560563712  0.46955765036908964  0.48882941163779914  0.49757516143967667
  0.50359172110279704  0.50922420943339053  0.51561736761029286  0.52381211485964141
  0.53039835111057798  0.53565385736514770  0.53980762423850737  0.54362899851960789
  0.54623915619292107  0.54836365548808885  0.55123482468613050  0.55595637786511809
  0.56348695559319917  0.57080168901187756  0.57399932333386960  0.57585291143950312
  0.57818949158484922  0.58045010122145912  0.58448523395211749  0.59081132857543139
  0.59554696072949920  0.59994073526527925  0.60358522909694168  0.60765964908460612
  0.61209647266644263  0.61582249200673034  0.61903282604902432  0.62263578196136704
  0.62576483782718495  0.62870928201454590  0.63147412625825339  0.63453487316196766
  0.63799908805756156  0.64166637222005274  0.64478618399772147  0.64756936517768893
  0.65030725488107954  0.65302855338585097  0.65671169655373685  0.66104642642597322
  0.66581571961251129  0.66887308945620916  0.67193045929990702  0.67498782914360489
  0.67748551362139808  0.67947463339125080  0.68146375316110364  0.68340705733968143
  0.68439864886924684  0.68539024039881224  0.68638183192837754  0.68872412813653516
  0.69190837445991316  0.69550566133516778  0.70052201413716242  0.70708722442200667
  0.70971286881191054  0.71301454201176451  0.71641908412576094  0.71993370794313671
  0.72244124763991235  0.72410300451208609  0.72797825616549794  0.73372494537548805
  0.74042151184467520  0.74859445116184264  0.75607828463893045  0.76330273881790545
  0.77045651613239141  0.77727093259303726  0.78495852702450242  0.79302348816566304
  0.80449805168681621  0.81706244548845086  0.82661167371028477  0.83845554094194541
  0.85423919968666584  0.87762429598481628  0.91303823226191161  1.00000000000000000
   3.7977221520886626E-019  -1.0000000000000000     
 T F F F F F F F F F F F F F F F F F F F T F F F T F F F F F F F F F F F T F F F T F F F F F F F F F F F F F F F F F F F T F F F F F F F F F F F F F F F F F F F F F F F F F F F F F F F F F F F F F F F F F F F F F F F F F F F F F F F F F F F F F F F F F F F F F F F F F F F F F F F F F F F F F F F F F F F F F F F F F F F F F F F F F F F F F F F F F F F F F F F F F F F F F F F F F F F T F F F F F F F F F F F F F F F F F F F T F F F T F F F F F F F F F F F T F F F T F F F F F F F F F F F F F F F F F F F T F F F T F F F F F F F F F F F F F F F F F F F T F F F T F F F F F F F F F F F T F F F T F F F F F F F F F F F F F F F F F F F T F F F F F F F F F F F F F F F F F F F F F F F F F F F F F F F F F F F F F F F F F F F F F F F F F F F F F F F F F F F F F F F F F F F F F F F F F F F F F F F F F F F F F F F F F F F F F F F F F F F F F F F F F F F F F F F F F F F F F F F F F F F F F F F F F F F T F F F F F F F F F F F F F F F F F F F T F F F T F F F F F F F F F F F T F F F T F F F F F F F F F F F F F F F F F F F T F F F
  <DiscreteSampler_grid>
  grouped_processes
  1 # 1 for a reference and 2 for a running grid.
  10 # Attribute 'min_bin_probing_points' of the grid.
  1 # Attribute 'grid_mode' of the grid. 1=='default',2=='initialization'
  0.0000000000000000 # Attribute 'small_contrib_threshold' of the grid.
  0.5000000000000000 # Attribute 'damping_power' of the grid.
 # binID   n_entries weight   weight_sqr   abs_weight
    16   10   3.946044861879622E-022   8.924568119180388E-043   3.946044861879622E-022
    17   10   3.946044861879644E-022   8.924568119180423E-043   3.946044861879644E-022
    19   10   1.079749672779211E-022   7.724335647785216E-044   1.079749672779211E-022
    20   10   1.079749672779213E-022   7.724335647785213E-044   1.079749672779213E-022
    22   10   1.195797396147824E-022   7.652946569579639E-044   1.195797396147824E-022
    23   10   1.195797396147825E-022   7.652946569579623E-044   1.195797396147825E-022
    28   10   2.471384550127607E-022   1.755831750786803E-043   2.471384550127607E-022
    29   10   2.471384550127645E-022   1.755831750786858E-043   2.471384550127645E-022
    31   10   1.182268927366312E-022   4.543736584978130E-044   1.182268927366312E-022
    32   10   1.182268927366328E-022   4.543736584978254E-044   1.182268927366328E-022
    34   10   1.237791619324227E-022   5.257458804001274E-044   1.237791619324227E-022
    35   10   1.237791619324243E-022   5.257458804001391E-044   1.237791619324243E-022
    40   10   1.024661144429493E-021   9.500449996329469E-042   1.024661144429493E-021
    41   10   1.024661144429493E-021   9.500449996329462E-042   1.024661144429493E-021
    43   10   3.395770516541544E-022   8.712768344832743E-043   3.395770516541544E-022
    44   10   3.395770516541545E-022   8.712768344832737E-043   3.395770516541545E-022
    46   10   3.842019023182787E-022   1.090849632368269E-042   3.842019023182787E-022
    47   10   3.842019023182785E-022   1.090849632368269E-042   3.842019023182785E-022
    52   10   5.732202553989193E-023   1.276584461024477E-044   5.732202553989193E-023
    53   10   5.732202553989188E-023   1.276584461024472E-044   5.732202553989188E-023
    55   10   3.017781066459267E-023   2.837219994102566E-045   3.017781066459267E-023
    56   10   3.017781066459320E-023   2.837219994102659E-045   3.017781066459320E-023
    58   10   3.888556190197042E-023   3.604092323373381E-045   3.888556190197042E-023
    59   10   3.888556190197102E-023   3.604092323373479E-045   3.888556190197102E-023
    64   10   3.946044861879621E-022   8.924568119180382E-043   3.946044861879621E-022
    65   10   3.946044861879644E-022   8.924568119180423E-043   3.946044861879644E-022
    67   10   1.079749672779211E-022   7.724335647785216E-044   1.079749672779211E-022
    68   10   1.079749672779213E-022   7.724335647785213E-044   1.079749672779213E-022
    70   10   1.195797396147824E-022   7.652946569579633E-044   1.195797396147824E-022
    71   10   1.195797396147825E-022   7.652946569579623E-044   1.195797396147825E-022
    76   10   2.471384550127606E-022   1.755831750786802E-043   2.471384550127606E-022
    77   10   2.471384550127644E-022   1.755831750786858E-043   2.471384550127644E-022
    79   10   1.182268927366312E-022   4.543736584978133E-044   1.182268927366312E-022
    80   10   1.182268927366328E-022   4.543736584978251E-044   1.182268927366328E-022
    82   10   1.237791619324227E-022   5.257458804001280E-044   1.237791619324227E-022
    83   10   1.237791619324243E-022   5.257458804001393E-044   1.237791619324243E-022
    88   10   1.024661144429493E-021   9.500449996329472E-042   1.024661144429493E-021
    89   10   1.024661144429493E-021   9.500449996329462E-042   1.024661144429493E-021
    91   10   3.395770516541547E-022   8.712768344832759E-043   3.395770516541547E-022
    92   10   3.395770516541543E-022   8.712768344832729E-043   3.395770516541543E-022
    94   10   3.842019023182791E-022   1.090849632368272E-042   3.842019023182791E-022
    95   10   3.842019023182785E-022   1.090849632368268E-042   3.842019023182785E-022
    100   10   5.732202553989186E-023   1.276584461024474E-044   5.732202553989186E-023
    101   10   5.732202553989186E-023   1.276584461024470E-044   5.732202553989186E-023
    103   10   3.017781066459267E-023   2.837219994102565E-045   3.017781066459267E-023
    104   10   3.017781066459321E-023   2.837219994102659E-045   3.017781066459321E-023
    106   10   3.888556190197047E-023   3.604092323373386E-045   3.888556190197047E-023
    107   10   3.888556190197102E-023   3.604092323373480E-045   3.888556190197102E-023
    112   10   3.946044861879621E-022   8.924568119180382E-043   3.946044861879621E-022
    113   10   3.946044861879643E-022   8.924568119180426E-043   3.946044861879643E-022
    115   10   1.079749672779211E-022   7.724335647785206E-044   1.079749672779211E-022
    116   10   1.079749672779212E-022   7.724335647785201E-044   1.079749672779212E-022
    118   10   1.195797396147823E-022   7.652946569579629E-044   1.195797396147823E-022
    119   10   1.195797396147825E-022   7.652946569579619E-044   1.195797396147825E-022
    124   10   2.471384550127608E-022   1.755831750786804E-043   2.471384550127608E-022
    125   10   2.471384550127641E-022   1.755831750786855E-043   2.471384550127641E-022
    127   10   1.182268927366312E-022   4.543736584978133E-044   1.182268927366312E-022
    128   10   1.182268927366329E-022   4.543736584978260E-044   1.182268927366329E-022
    130   10   1.237791619324228E-022   5.257458804001282E-044   1.237791619324228E-022
    131   10   1.237791619324245E-022   5.257458804001406E-044   1.237791619324245E-022
    136   10   1.024661144429492E-021   9.500449996329444E-042   1.024661144429492E-021
    137   10   1.024661144429492E-021   9.500449996329451E-042   1.024661144429492E-021
    139   10   3.395770516541545E-022   8.712768344832742E-043   3.395770516541545E-022
    140   10   3.395770516541541E-022   8.712768344832714E-043   3.395770516541541E-022
    142   10   3.842019023182787E-022   1.090849632368269E-042   3.842019023182787E-022
    143   10   3.842019023182781E-022   1.090849632368266E-042   3.842019023182781E-022
    148   10   5.732202553989194E-023   1.276584461024477E-044   5.732202553989194E-023
    149   10   5.732202553989181E-023   1.276584461024471E-044   5.732202553989181E-023
    151   10   3.017781066459267E-023   2.837219994102569E-045   3.017781066459267E-023
    152   10   3.017781066459318E-023   2.837219994102652E-045   3.017781066459318E-023
    154   10   3.888556190197042E-023   3.604092323373381E-045   3.888556190197042E-023
    155   10   3.888556190197103E-023   3.604092323373477E-045   3.888556190197103E-023
    160   10   3.946044861879621E-022   8.924568119180383E-043   3.946044861879621E-022
    161   10   3.946044861879646E-022   8.924568119180444E-043   3.946044861879646E-022
    163   10   1.079749672779211E-022   7.724335647785203E-044   1.079749672779211E-022
    164   10   1.079749672779213E-022   7.724335647785206E-044   1.079749672779213E-022
    166   10   1.195797396147823E-022   7.652946569579626E-044   1.195797396147823E-022
    167   10   1.195797396147825E-022   7.652946569579613E-044   1.195797396147825E-022
    172   10   2.471384550127607E-022   1.755831750786803E-043   2.471384550127607E-022
    173   10   2.471384550127641E-022   1.755831750786854E-043   2.471384550127641E-022
    175   10   1.182268927366313E-022   4.543736584978141E-044   1.182268927366313E-022
    176   10   1.182268927366328E-022   4.543736584978255E-044   1.182268927366328E-022
    178   10   1.237791619324230E-022   5.257458804001295E-044   1.237791619324230E-022
    179   10   1.237791619324244E-022   5.257458804001399E-044   1.237791619324244E-022
    184   10   1.024661144429493E-021   9.500449996329476E-042   1.024661144429493E-021
    185   10   1.024661144429493E-021   9.500449996329476E-042   1.024661144429493E-021
    187   10   3.395770516541544E-022   8.712768344832735E-043   3.395770516541544E-022
    188   10   3.395770516541539E-022   8.712768344832706E-043   3.395770516541539E-022
    190   10   3.842019023182785E-022   1.090849632368269E-042   3.842019023182785E-022
    191   10   3.842019023182781E-022   1.090849632368265E-042   3.842019023182781E-022
    196   10   5.732202553989194E-023   1.276584461024477E-044   5.732202553989194E-023
    197   10   5.732202553989184E-023   1.276584461024469E-044   5.732202553989184E-023
    199   10   3.017781066459268E-023   2.837219994102566E-045   3.017781066459268E-023
    200   10   3.017781066459318E-023   2.837219994102652E-045   3.017781066459318E-023
    202   10   3.888556190197043E-023   3.604092323373383E-045   3.888556190197043E-023
    203   10   3.888556190197104E-023   3.604092323373480E-045   3.888556190197104E-023
  </DiscreteSampler_grid>
