  0.01988132605119613  0.05166534995183959  0.07533749596895245  0.10997510425305845
  0.17799621343534103  0.21532864076672903  0.23952134946928316  0.25327042765260704
  0.27904537753486086  0.30411718890658607  0.32060937756067476  0.33304689495210849
  0.34415119803833638  0.36080058972294937  0.37147739251723666  0.37481036824575348
  0.37814334397427030  0.38199739134342253  0.38635149787561424  0.39070560440780600
  0.39316848050137132  0.39508214330850233  0.39741020987458908  0.40600336497368988
  0.41519810720816802  0.42135444592347954  0.42956641379416360  0.43506212910198994
  0.43899909856588443  0.44724394291380604  0.45759081631324372  0.46840117953133231
  0.48227018143394051  0.50144899574088264  0.52465446198690469  0.54506416151421311
  0.55122437377582956  0.55804425603337349  0.56491110858381077  0.57170171538581482
  0.57823958308439438  0.58251973919083433  0.58326139320815662  0.58400304722547880
  0.58474470124280098  0.58548635526012327  0.58622803313820293  0.58696984622383097
  0.58771165930945890  0.58845347239508694  0.58919528548071487  0.58993709856634291
  0.59067890376716758  0.59142070818150072  0.59216251259583397  0.59290431701016710
  0.59364612142450024  0.59916834271743458  0.60669886262379735  0.61054263561363109
  0.61257540720271841  0.61518351288389583  0.61665214496495613  0.61809499916889032
  0.61957844100561299  0.62789831264620632  0.63832446764432615  0.64442288730113872
  0.64708874553310969  0.64973567723511616  0.65571834715314592  0.66668013229486112
  0.67960431897687190  0.69252850565888269  0.70488167686215664  0.71712032220998156
  0.72498242592096818  0.73025654232305448  0.74262208329517765  0.75728974660328063
  0.76467876859214001  0.77684258386313276  0.78950498063137498  0.80176148689688398
  0.81745805053100673  0.83138179239144083  0.85148849495701795  0.86574634885489743
  0.87741787790004944  0.88460382290233430  0.89158203344039411  0.89694319973829417
  0.90895693457311999  0.92375462678026421  0.94432890183148599  1.00000000000000000
 -0.00005620913943270  0.00130177677096574  0.00224534973137093  0.00287213757464842
  0.00343781000217375  0.00379933412752197  0.00397334231485641  0.00409513961272278
  0.00424319494862423  0.00441802928758441  0.00458331989218680  0.00473409465271662
  0.00497708579319629  0.00529653470887728  0.00561482040219327  0.00595791980259858
  0.00629589447198802  0.00663532465530064  0.00698071020869198  0.00714761247808362
  0.00734199620304696  0.00756758347523211  0.00775423368517485  0.00790594486343167
  0.00812093180589713  0.00832651837425663  0.00849176199706055  0.00873372319551032
  0.00937963389230639  0.01080965359014631  0.01252527745594978  0.01356923401356089
  0.01400732052148215  0.01421713055808182  0.01453121314931072  0.01485164279550159
  0.01499992762062408  0.01512523659890260  0.01518281960461925  0.01523418792607221
  0.01537480641587708  0.01556091940207946  0.01562016954486248  0.01567941968764550
  0.01573866983042851  0.01579791997321153  0.01585018229128169  0.01589337412248899
  0.01593656595369629  0.01597975778490360  0.01602294961611090  0.01606355801815500
  0.01610228431727130  0.01614101061638760  0.01617973691550391  0.01621846321462021
  0.01638020160587808  0.01641761275866849  0.01645091356554399  0.01647654855580719
  0.01650642135048859  0.01654675256384076  0.01658088298227527  0.01660548435576485
  0.01662675056632694  0.01664896606315570  0.01667518603248276  0.01670030706973554
  0.01672397557731290  0.01673551754201218  0.01674669510706557  0.01676061607653215
  0.01677530769507853  0.01681511780677076  0.01699829763079244  0.01715774817130751
  0.01739321119467057  0.01771632139908768  0.01812768585885844  0.01853759396252472
  0.01905639876492642  0.02013483061107023  0.02127773923663910  0.02195612507550026
  0.02220357708677701  0.02233535348738375  0.02246712988799050  0.02260830342255283
  0.02275104414618879  0.02290498404542129  0.02310712672042891  0.02330926939543652
  0.02385522628906258  0.02695972620297210  0.42884418162608950  1.00000000000000000
 -0.00184495401162414  0.01196765238172186  0.01316850020065109  0.01394597325666144
  0.01451890602317373  0.01527787392146518  0.01639585566211134  0.01725658405217014
  0.01762976098491421  0.01791821956812297  0.01811172403525848  0.01831055196479092
  0.01856417067242979  0.01882511640408341  0.01922173860921386  0.02142702042786411
  0.02156279714750304  0.02164427676725972  0.02171133750109101  0.02177850411747838
  0.02184810961500422  0.02191476725119470  0.02198128300922719  0.02205305692910988
  0.02210535086979022  0.02215564110639074  0.02220654758660107  0.02229325445429051
  0.02237609491455578  0.02241920516892705  0.02242970216779845  0.02244019916666986
  0.02245069616554127  0.02246119316441268  0.02247704862030897  0.02249526900529086
  0.02251348939027275  0.02253170977525464  0.02254993016023654  0.02260242465357239
  0.02266162878383239  0.02272083291409240  0.02278003704435241  0.02283924117461242
  0.02319354951565853  0.02346062392203974  0.02376842155896228  0.02408754501993347
  0.02434449893751478  0.02463988997546925  0.02486302589830360  0.02514034398436598
  0.02547291882432249  0.02655944229575290  0.02821408507321308  0.02889018141118776
  0.02969945043153034  0.03021349350080018  0.03047877105287577  0.03076182668639204
  0.03106758120117948  0.03142715425793224  0.03160717122895356  0.03175213658616931
  0.03181033439836504  0.03188775421976936  0.03210169409936346  0.03284900285608205
  0.03358278330728580  0.03414377737112834  0.03470277569667642  0.03525645218368906
  0.03574976924161047  0.03618700737260783  0.03661379568175402  0.03703713630927681
  0.03740874593361574  0.03775192645915943  0.03904914545767128  0.04138188058967719
  0.04290961182112948  0.04408797387866817  0.04526633593620685  0.04651343417442425
  0.04786785828361585  0.04922228239280746  0.05056884768785633  0.05181178901108122
  0.05305473033430610  0.05429767165753099  0.05684084562159878  0.05900842043405697
  0.06202883341583405  0.08809714042255130  0.50217573826217421  1.00000000000000000
 -0.00296639830985525  0.01385688486785278  0.01847933600491572  0.02078401558229089
  0.02242665151487026  0.02317941306410395  0.02379071841743436  0.02462514567718872
  0.02626079064046076  0.02881751104051308  0.03084226448494006  0.03344764606791897
  0.03704484000434434  0.03949767004370101  0.04069926475000082  0.04079276203460683
  0.04094357596120094  0.04110497090082413  0.04127004801093472  0.04139654914828431
  0.04152531219676702  0.04165871721888083  0.04177887873633152  0.04184264445424903
  0.04191578534409184  0.04202132719361620  0.04269511100238957  0.04351189422280165
  0.04426543489418814  0.04471733621686336  0.04516267859926667  0.04570809123061816
  0.04680608555855116  0.04788658132607990  0.04911943638306815  0.05127546149524085
  0.05451848370424099  0.05773121437253190  0.05893612540655318  0.05921359470074050
  0.05949106399492782  0.05976853328911515  0.06004600258330247  0.06023445816146972
  0.06040956322238866  0.06058466828330760  0.06075977334422654  0.06092822820597129
  0.06106068304152489  0.06119313787707849  0.06132559271263210  0.06145804754818570
  0.06175540763308534  0.06229013564298923  0.06283404256146603  0.06340027177615769
  0.06571876785921096  0.06767378089910338  0.06872672160712531  0.06907726877920778
  0.06928207571189617  0.06948838607020114  0.06965071024373959  0.06979893631212206
  0.06996901200863492  0.07015785260981065  0.07063496387082606  0.07254196237314323
  0.07483681761835426  0.07654454395706158  0.07775162238080291  0.07888613925445365
  0.08076131330288358  0.08416245164383518  0.08661207086588511  0.08864352785297583
  0.09061636154502287  0.09224404695099231  0.09444522518718790  0.10080718338643223
  0.10540283206532342  0.10998274428972485  0.11167561168502117  0.11336847908031750
  0.11506134647561382  0.11675421387091015  0.12893292911068790  0.14114900612280573
  0.15336508313492356  0.16558116014704141  0.30747082133870285  0.45455674462244866
  0.60164266790619447  0.74872859118994040  0.89581451447369154  1.00000000000000000
 -0.02026497152144879  0.00139630985277735  0.01871647278251251  0.03603663571224765
  0.05335679864198280  0.07067696157171795  0.08795201181309377  0.10497112394311853
  0.12199023607314330  0.13900934820316807  0.15602846033319284  0.17218705133926451
  0.18730820165193268  0.20242935196460085  0.21755050227726902  0.23267165258993719
  0.24917948936686510  0.26613054976694039  0.28308185028465616  0.30003685015163933
  0.31699185001862251  0.32939123266474901  0.33555460433874668  0.34171797601274428
  0.35451352998592789  0.36361665878396349  0.37132737273206556  0.38325767076818767
  0.39103855757539957  0.40024459843831517  0.41007150372173218  0.42871476630575944
  0.45794205943766547  0.49766073432487362  0.51354525019432229  0.52876243975641157
  0.53944373912342236  0.54696622683716922  0.55372764942769392  0.55900142194627001
  0.56415545038452874  0.57517689449410014  0.58457165764708796  0.59658473797980371
  0.61109876476015834  0.62347707192211554  0.63377544484839088  0.64384325973266110
  0.65323287565122967  0.66262249156979813  0.67100516387934306  0.67927986032452548
  0.70895553434085024  0.72353914927924956  0.73289755674072010  0.73963497134862877
  0.74556374997311625  0.75149653960847818  0.75812170981164706  0.76242586636733101
  0.76368571581858757  0.76473561745237173  0.76658881624283048  0.76850871562299872
  0.77034500456367261  0.77116303218157622  0.77154316592733485  0.77178200071153835
  0.77199254793354044  0.77220287167243307  0.77246822761129197  0.77297194491543153
  0.77672755047461606  0.78157237365064902  0.79133791131256337  0.80923995832450990
  0.81873906858746903  0.82776410202387340  0.83945063111400497  0.84793070632487821
  0.86967201561868823  0.88369991716997276  0.89320971516855052  0.90393500179486708
  0.91148405457863380  0.92250141517494577  0.94090499170377828  0.94662565268831900
  0.95491421069051075  0.95996461145650003  0.97442656338633782  0.98143665834016602
  0.98501985112008961  0.99088842372541341  0.99719122298239427  1.00000000000000000
 -0.00010034386687870  0.00030826496594373  0.00084882675213217  0.00161285518953004
  0.00256733013223609  0.00384609913255404  0.00664840999113724  0.01490179272224838
  0.02499196085675475  0.03308928018925324  0.03807872570406846  0.04294724316153262
  0.04767334332092810  0.05818558455786906  0.07161157365393372  0.08604974377923706
  0.09143223723179808  0.09638296209460681  0.09955650983553098  0.10232289644357086
  0.10561656433903682  0.11146642879490616  0.12168787816541367  0.13325756482899340
  0.14371947897422008  0.15648969672808727  0.17067710929872537  0.18788158176492228
  0.21667366039464497  0.25229250063731279  0.28293637791819726  0.30013418518156870
  0.31403702658686911  0.32487835705822621  0.33380602923755515  0.34276567779198946
  0.35992904463141234  0.38757453085893873  0.40959027602479575  0.41985436103536700
  0.42531744046365028  0.43160658020832188  0.43501746761697929  0.43665026334653950
  0.43828306657728594  0.43991599597960585  0.44154892538192575  0.44318142439130725
  0.44481328224071159  0.44644514009011593  0.45217851393310582  0.45720562827381694
  0.46224571412081411  0.46991432194930821  0.47938262895020517  0.48665233482892167
  0.49217897839032759  0.49638644929799991  0.50083346277460705  0.50496237517206544
  0.50883144379542811  0.51297468484096875  0.51595229785191676  0.51657842715650659
  0.51720455646109642  0.51783068576568625  0.51845681507027608  0.51973815235343102
  0.52154552200705573  0.52335289166068033  0.52516026131430493  0.52696763096792965
  0.52877500062155425  0.53368720580218110  0.53908623595207394  0.54448526610196679
  0.54988429625185964  0.55528332640175249  0.56235470136206900  0.57735736891874012
  0.59236003647541136  0.63491973791779022  0.68081316359252297  0.73015540498777876
  0.78044427289147744  0.81747172775399590  0.83404960498522529  0.84729246657024293
  0.86240505476670137  0.87464112825500318  0.88627963177815572  0.90228557278638677
  0.91687064802128793  0.93444648480769155  0.96668744443120624  1.00000000000000000
 -0.00664220260274534  0.02274196932387508  0.04152140598572665  0.05499321822773409
  0.06716990013514447  0.07976314248229943  0.09043761841827223  0.11313772855002643
  0.14040720697920350  0.14427544154435501  0.14549707790233138  0.14671871426030775
  0.14794035061828412  0.14916198697626051  0.15059786867518876  0.15228512529530222
  0.15397238191541571  0.15565963853552919  0.15734689515564265  0.15896331228775062
  0.16040783565081151  0.16185235901387240  0.16329688237693327  0.16474140573999416
  0.16762312255237510  0.18149875343678509  0.18931207651009771  0.19003737447214750
  0.19044693145435895  0.19083766296575805  0.19167558897196688  0.19299198973018919
  0.19422443387595256  0.19551508951562241  0.19753315790096596  0.20011355930500183
  0.20264804734993991  0.20478819504323761  0.20741681871214102  0.22349097789229105
  0.22935389457968366  0.23256703650352922  0.23585894630695739  0.23952460520689112
  0.24319026410682482  0.24743009146607342  0.25185543766762991  0.26422660150974603
  0.29033579813204430  0.31243895601887983  0.33150698567948694  0.35174997576920414
  0.35949085056766023  0.36539521758664173  0.37491454236122812  0.38223339319746996
  0.39220647164349448  0.40092856185318482  0.40890077295121674  0.42363490869069770
  0.44394598590159956  0.46923597783100057  0.49095982526143039  0.50284729286099195
  0.51190665938237001  0.52083704737100855  0.52841694777645432  0.53500985485863450
  0.55785293737839281  0.59098008597531626  0.60894916279290356  0.62417843699695430
  0.64832859363761441  0.66672196373048420  0.67136942568857483  0.67530741273708961
  0.67902682024376737  0.68155656901461448  0.68408631778546169  0.68638592294711809
  0.68828374770961109  0.69018157247210421  0.69627930579203801  0.70413937160326312
  0.72701610233560510  0.76306841692389771  0.78829581753927647  0.82279231193293101
  0.86030225136906335  0.88796377931728954  0.91542149617262658  0.93430040999864283
  0.95052230708757846  0.96559398032108901  0.97778404594233148  1.00000000000000000
 -0.00497346098262122  0.02179383366524045  0.03062838454159805  0.03555671823268072
  0.03951502307564229  0.04324316015028417  0.04818780025208762  0.05447131242351824
  0.05986887308776601  0.07112792687276837  0.09264633860988719  0.09915757028387395
  0.10566880195786071  0.11289310648065184  0.12151218788291479  0.13013126928517774
  0.14179369352837898  0.15547388188439493  0.16915407024041088  0.18176208224583301
  0.18669998028557758  0.19163787832532211  0.19657577636506668  0.20151367440481122
  0.20645157244455575  0.21047873216265167  0.21159729231094210  0.21271585245923250
  0.21383441260752292  0.21495297275581332  0.21607153290410375  0.21743161716367565
  0.21923996146488209  0.22104830576608853  0.22285665006729496  0.22466499436850140
  0.22647333866970784  0.23696102915880857  0.24121787204196687  0.25059403785279161
  0.25997716206866323  0.27131165647766375  0.31072024061771930  0.36569075146125757
  0.39415760079421880  0.41357828094320048  0.42437907649425566  0.43800666574225017
  0.44686893432386188  0.46052550483085281  0.47296083836471781  0.47811820968328961
  0.48329019322591388  0.48830877284587265  0.49905027780013483  0.51389297028997372
  0.52855175503035723  0.54400518642720841  0.55901464084183528  0.57684105317543721
  0.59058410890343382  0.60250985422965053  0.60779524700666931  0.60876619255828512
  0.60949372000678270  0.61022052554843720  0.61180971425354114  0.61291966644828100
  0.61499931820475084  0.61747663394276298  0.62019875583589057  0.62246904628490607
  0.62480507245772210  0.62817009603377860  0.63092873320321574  0.63507791487482446
  0.64096735001080885  0.64855742736117528  0.65516978736729514  0.66067627614713154
  0.66456619566446451  0.67924947839972216  0.69571615194441028  0.71001004714563165
  0.72395866817496501  0.73961167792660154  0.75336644675851994  0.76173410095872318
  0.76670075579873731  0.77663956548513713  0.78829097996696873  0.81509648296512471
  0.83958654271241939  0.87911802011328721  0.93832837219813270  1.00000000000000000
 -0.00671643793925783  0.02813496875435896  0.03169562862404510  0.03668332722985830
  0.04148594663065194  0.04685023002429375  0.05260792660380730  0.05871617300561254
  0.06420631150411665  0.06883747899350080  0.07374276580839939  0.07936830486946389
  0.08227451780592013  0.08465634846837310  0.08687239746259048  0.08927071958112369
  0.09637159620789490  0.10788689647956823  0.11925264262002143  0.12120606796197415
  0.12289860219633461  0.13170924589585614  0.14250437291348284  0.15293030899233298
  0.16270756163990621  0.16990975792065793  0.17912629033461325  0.19297384971140261
  0.20577860367969089  0.22607853227993976  0.24675411704365982  0.26846355758984503
  0.27926744869690717  0.29525435461510890  0.30882221426375683  0.32551147361904009
  0.35117250546184592  0.36579576378349932  0.37404151617209347  0.38228726856068762
  0.39053302094928177  0.39877877333787598  0.40702452572647013  0.41756359868553561
  0.42879374155816158  0.44002388443078749  0.45125402730341341  0.46248417017603932
  0.47154916080429088  0.47604612377976108  0.48054308675523122  0.48504004973070136
  0.48953701270617156  0.49403397568164170  0.50545850389115476  0.50806731933339644
  0.51067798754230864  0.51337436017214666  0.51607073280198468  0.51948185487520870
  0.52321250480203463  0.53160657068685802  0.54170132329571408  0.55477113501776099
  0.57191785521379035  0.58829370608559572  0.60203080726347968  0.62325502513364561
  0.64988478789689885  0.66268055096829537  0.67774955688359872  0.69237227953639691
  0.70224457885312763  0.71211687816985836  0.71913607102113264  0.72435125574125769
  0.72956644046138275  0.73351065424551398  0.73718536594922202  0.74117410789074722
  0.74865283881824574  0.76054719225718903  0.77595813707863959  0.79084484159856105
  0.80403647774339515  0.81731843561740769  0.83078838561134016  0.84762885416779576
  0.86781698093387472  0.88524427228727642  0.89990915600396970  0.91185541114766588
  0.92270358961804810  0.94302451474111870  0.96589052255165642  1.00000000000000000
 -0.00287347650978333  0.00936351505924201  0.01689283542253186  0.02461415971013468
  0.03364180416700633  0.04166564627947919  0.05001481447121387  0.06092695933639040
  0.07006081673069403  0.07741072806379178  0.08559597809596940  0.09433202687506106
  0.10269264734956725  0.11241246620645312  0.12216251678878384  0.15530862982996635
  0.19321181365865447  0.22750363730522360  0.25753333785727450  0.28215898719409727
  0.30013616718976127  0.31276254628844663  0.32447720641885408  0.33728568337045434
  0.34379291050225108  0.35581054462631700  0.37174048258530495  0.39933226175803677
  0.43209693092265344  0.45456173121113741  0.46184788721379127  0.46913404321644514
  0.47719616123720393  0.48630685462039391  0.49541754800358395  0.50462955080706839
  0.51400319970624009  0.52337684860541178  0.53473860526324091  0.55096547177284527
  0.56516977550112679  0.57646186997593030  0.58042796403675123  0.58439405809757217
  0.58836015215839299  0.59232624621921393  0.59629234028003486  0.60266790438187623
  0.61072415003833003  0.61878039569478382  0.62683664135123762  0.63489288700769131
  0.64256037227316509  0.64489645213039848  0.64723253198763187  0.64956861184486525
  0.65190469170209864  0.65424077155933191  0.66563183060020537  0.67830928764208120
  0.68654966851680177  0.69028281241230827  0.69429036626193885  0.70248752153046912
  0.71225827894438187  0.71889853404732640  0.72528321370276572  0.72945593393401731
  0.73198855589196277  0.73614527052408463  0.74161990236330466  0.74551710613832689
  0.75541366879895977  0.76655992125324379  0.77989382645742966  0.78693027167356455
  0.79524395831192396  0.80072667646486384  0.80423059364978478  0.80895111784341600
  0.81357029783435764  0.82088891629890981  0.83305731539700623  0.85230438215023263
  0.87598873318218651  0.88806350712809978  0.89338621469110346  0.90069205040529421
  0.91463190303120123  0.93206736258895728  0.94989050656233942  0.95769489965126642
  0.96549929274019353  0.97647828044665852  0.98823914022332915  1.00000000000000000
 -0.01176566843310929  0.07936374499738430  0.16396605973852443  0.17158721287426437
  0.17788382440000458  0.18613374959508561  0.20347164943556623  0.21925533295904470
  0.23163955628644134  0.23756452929256494  0.23996842948118510  0.24237232966980529
  0.24477622985842548  0.24718013004704567  0.24983773954898561  0.25421131834239685
  0.25858489713580818  0.26295847592921945  0.26733205472263072  0.27170563351604199
  0.27580201546474403  0.27975336022142455  0.28370470497810507  0.28765604973478553
  0.29160739449146605  0.30086895194338076  0.33416041185125689  0.36471287318610901
  0.39295135741848264  0.41570937364923410  0.43108734793134590  0.44158652498425355
  0.45095019494418898  0.45661226263454679  0.46022999173184487  0.46394033478271063
  0.46832246678354517  0.47270459878437970  0.47718950610859479  0.48173586441169364
  0.48694836229233912  0.49980112656129783  0.53079267771970751  0.55677579986214920
  0.58496035168868432  0.60263526048067240  0.60388569355265598  0.60461079208321489
  0.60533296781293078  0.60635341101262985  0.60769832539422408  0.60827074114002733
  0.60875288329421606  0.60929852248750194  0.60965677673175656  0.60984304280517554
  0.61000916389378124  0.61150084241174285  0.61610752836658633  0.62169086289935482
  0.62389098942173038  0.62572426359561351  0.62864780500126149  0.63335359661675750
  0.63650245693611185  0.64055598288822868  0.64445308912387045  0.64868598362896746
  0.64989225514974647  0.65109852667052548  0.65260077081651913  0.65439605464778139
  0.65619133847904365  0.65799895608635806  0.65981386591444069  0.66162877574252332
  0.67050614136953490  0.68634380278714047  0.70247396409926244  0.71816044131743340
  0.73270528453013284  0.75924519148213931  0.77229509285324593  0.78233612039909417
  0.78767011934752296  0.79160894513806535  0.80115198537037302  0.81567690343071786
  0.83517808893728007  0.84788086844677069  0.86059791119210249  0.87488253317940412
  0.89145607427548590  0.90930397710778899  0.93460585367531113  1.00000000000000000
 -0.00130776836432472  0.00795499303982519  0.01740775119558174  0.02591313987530991
  0.03393038352846059  0.04159040840801671  0.07252386775778547  0.09018325149903197
  0.10437581509730068  0.10992543341607049  0.11521653776235689  0.12109019459095863
  0.12726367909486036  0.13370640504187273  0.14102968240751557  0.14835295977315838
  0.16250515391098513  0.17852566109709395  0.18842858238056043  0.20046458597558769
  0.21650330782318161  0.24014065336609153  0.25651014397540955  0.27241389971373586
  0.29376051118579244  0.31041400034111155  0.34006943598931011  0.36819577065700065
  0.38873833796330870  0.41655500985665572  0.44651012187380518  0.47060612070308250
  0.48772623486794675  0.50858045556220388  0.53957472024034436  0.56526807072178686
  0.59870636805589039  0.61809573827687825  0.63748510849786610  0.65530561307060886
  0.66992064149160979  0.68453566991261061  0.69426462090057761  0.69959392380708307
  0.70492322671358865  0.70858174611120373  0.71153314278068092  0.71681814750277573
  0.72426400040669492  0.72954685913720163  0.73527382489311610  0.75656954692010736
  0.77486480662338209  0.78741199835070941  0.79485109361222317  0.80346793080648582
  0.80839686433429181  0.81277004998064406  0.81530309289214331  0.81592413133346586
  0.81645835523597199  0.81685012009665947  0.81721272678953083  0.81782050735365308
  0.81853865131710268  0.81968041398005487  0.82078137741579493  0.82231154041173948
  0.82414634307770618  0.82581656781657276  0.82739817877273125  0.82995890115488080
  0.84281473833274145  0.86516532107154542  0.88532060737821816  0.90599221306712019
  0.92525121940513144  0.93923839538581777  0.94238407244965716  0.94552974951349666
  0.94867542657733617  0.95182110364117567  0.95496678070501517  0.95799085470125167
  0.96099343095495116  0.96399600720865075  0.96699858346235035  0.97000115971604983
  0.97281395948476146  0.97520969138951263  0.97760542329426381  0.98000115519901498
  0.98239688710376616  0.98479261900851733  0.99231200346672266  1.00000000000000000
 -0.00815828042776245  0.03713098282654472  0.06905210451769404  0.08846297915230848
  0.10429989555226700  0.12069175224322026  0.13533367662514662  0.15367229793556075
  0.16924212587487963  0.18333735378610405  0.19992697048771435  0.22228361989938908
  0.24535721606512623  0.25866632882742058  0.26421361994672155  0.27253611579190967
  0.27696620183796955  0.28254226711048264  0.28832750007922991  0.29960536104848118
  0.32042282536030836  0.35240151655726287  0.39774467956695680  0.43067322965476584
  0.44335843412496995  0.44654541791949237  0.45023634540792279  0.45758477621678029
  0.46769155818766722  0.47326920812552697  0.48394633477480875  0.49066064433226603
  0.49328380994063781  0.49459871685101547  0.49525776266259414  0.49591680847417280
  0.49657585428575146  0.49723490009733012  0.49790332703280782  0.49858459236760633
  0.49926585770240478  0.49994712303720329  0.50062838837200174  0.50130499238743720
  0.50196522666139720  0.50262546093535720  0.50328569520931721  0.50394592948327721
  0.50468527367095717  0.50929971506381899  0.51349464332597428  0.51728112993241493
  0.52052980825951789  0.52369253314261222  0.52694351006486162  0.53354792893001868
  0.54586489700623719  0.55667292287714976  0.56589989492873294  0.57287452284878126
  0.57991492903344022  0.58751053341758930  0.59614331909897034  0.60254622470329522
  0.61038398638296498  0.61774503500110112  0.62463282884919558  0.65143640374872880
  0.67034548540364725  0.67736421654996126  0.68433330175479523  0.69110576123317313
  0.69787822071155103  0.70452380369255907  0.71114897416700629  0.72165077598329985
  0.74456882252636847  0.78593652545715298  0.80865225924136364  0.82809661453583894
  0.84618636250717061  0.85911074530328013  0.87119379956889953  0.88327685383451882
  0.90084218435681873  0.91917104725228549  0.93749991014775236  0.94519180982897477
  0.95159196316249584  0.95799211649601701  0.96378316646746809  0.97014197401006486
  0.97786234001805172  0.98545798056823120  0.99281347223152838  1.00000000000000000
 -0.00679126157910501  0.02802996162820708  0.04075532509373085  0.06017131501785073
  0.06976744458089267  0.08061993008493695  0.08985781569649470  0.09482248891477109
  0.09578906735320815  0.09675564579164521  0.09782087625447604  0.09895688950382923
  0.10009290275318243  0.10175942890514510  0.10354927791563347  0.10566843743523753
  0.11107907043912794  0.11195059602535377  0.11282212161157960  0.11369364719780543
  0.11456517278403126  0.11548942650770476  0.11653224635948971  0.11757506621127464
  0.11861788606305959  0.11966070591484454  0.12071631680013117  0.12186386640576229
  0.12301141601139340  0.12415896561702450  0.12530651522265562  0.12645406482828672
  0.15375152738317002  0.15656911579618588  0.15756945514771600  0.15878397230509206
  0.16420837040207339  0.16850152346740169  0.17084551496196509  0.17300374948963682
  0.18250492683390457  0.21214608259323034  0.23929248244298651  0.25978861814822524
  0.28395266674932157  0.30810339656132030  0.32829417553479079  0.34292881802164421
  0.35756346050849763  0.38065658642396361  0.40631238325364233  0.43204991680468946
  0.45813008274694916  0.48421024868920892  0.51737687958771894  0.55370312043093772
  0.58762624136382413  0.61107893428567284  0.62337989878020705  0.63480442049519192
  0.64933939620160896  0.66842841538982189  0.68461288788018548  0.69998984098152661
  0.71288758375311545  0.72341385679640646  0.73313849617942528  0.73932746898736323
  0.74794979163593878  0.76215911193134300  0.78746040143643603  0.82101356430085981
  0.86303722629471225  0.88758512845635329  0.90094572672215345  0.91524452978308857
  0.93167636305666313  0.94288215171331602  0.94599647350579130  0.94784248395560711
  0.94990587790644820  0.95172016892759548  0.95293048328442220  0.95406793917073363
  0.95586677808143028  0.95719401734934784  0.95848362750837390  0.96023999428561901
  0.96200717624864807  0.96365585819091271  0.96545921908114363  0.96751414141611314
  0.97159869806275057  0.97779942917221863  0.98614502666638537  1.00000000000000000
 -0.00547160465198768  0.03012543053240258  0.04803550141724151  0.06714576383466539
  0.09052054501376852  0.11402500957691476  0.13767589661134225  0.14522416951230016
  0.15015443905510292  0.15227905057009644  0.15500373208399332  0.15701319124804428
  0.16226024859856866  0.16599713444211800  0.17926914486055243  0.19125346393112672
  0.19955260761823262  0.21409579234368939  0.22199362866524869  0.23487861761906645
  0.24734191420456395  0.25692731216645531  0.26470693040142085  0.27041146072303313
  0.27268568364889723  0.28216523312850450  0.29331025394694832  0.29715558079944326
  0.30484090579350498  0.30761087913729612  0.30923753755160116  0.31135248078255712
  0.32050375566397404  0.33056916447779855  0.36734864793082528  0.42210940202317104
  0.44904038572109850  0.46319060010831581  0.47609129339654804  0.49823508314350912
  0.53737739778139881  0.55701472213595382  0.57224733151594431  0.58767449016036311
  0.59338615829897712  0.59624175246326816  0.59926918649483574  0.60359947081083998
  0.60798741168786774  0.61190400418021995  0.61494779681333045  0.61786696359602045
  0.61919017381944974  0.62051338404287903  0.62185791208668928  0.62322374503634370
  0.62458958419066735  0.62595599091587628  0.62732239764108533  0.63105525353843828
  0.63657131911358289  0.64093536782606642  0.64457207987424558  0.64829722753458130
  0.65071906001798208  0.65165997975337664  0.65260089948877120  0.65354192407169764
  0.65448309922068382  0.65542427436966999  0.65636604555360911  0.65730918983534481
  0.65825233411708062  0.65999023313790151  0.66486459221844918  0.67879445298485253
  0.71285478881073250  0.75699554226703170  0.80769808640595719  0.84953016545573201
  0.88530472943506833  0.90515141068103022  0.92012891339959746  0.92966442712412867
  0.93329319321101922  0.93692195929790978  0.94055072538480045  0.94417949147169100
  0.94780825755858156  0.95504322812904130  0.96253602344086775  0.97002881875269420
  0.97752161406452065  0.98501440937634710  0.99250720468817355  1.00000000000000000
 -0.00456031782694106  0.02720729325587512  0.06636276290106601  0.07604174385932243
  0.08572072481757884  0.09529465668872633  0.10470013257914305  0.11410560846955978
  0.12664269304633011  0.14038888961385124  0.15383201323331158  0.16263971136877353
  0.17189661524418448  0.18159901480805263  0.18861143737814756  0.19616031503249001
  0.19918376304590338  0.20328342341904176  0.20972156845732709  0.21581994963397108
  0.22445716536793092  0.22945667698849248  0.23306346641877257  0.25650850092804067
  0.27105348560557357  0.29470879122373972  0.33764062639300024  0.38289066921265846
  0.41869489899227846  0.45003337213098310  0.46168541002598396  0.46767643461545011
  0.46948854258919570  0.47146541334549025  0.47265178012556636  0.47354245697183045
  0.47443301876478250  0.47537366243346979  0.47677758687670596  0.47969098763483553
  0.48265908603375457  0.48506450958825587  0.48722108395591746  0.48935454668204675
  0.49138571074593146  0.49353986829944524  0.49660724358993152  0.50057491260128750
  0.50644682106416250  0.51165837758796151  0.51504043303139857  0.52164619784328947
  0.53942904450506135  0.56192901026509845  0.58072465783546290  0.59271046592850551
  0.60419033826531232  0.60756001018790406  0.61092968211049581  0.62620649925077221
  0.64471863733504875  0.65750831649485242  0.66323609588343257  0.66430503823204623
  0.66537398058066000  0.66644292292927376  0.66751186527788753  0.66866181301260774
  0.66987068569352648  0.67107955837444522  0.67228843105536396  0.67349730373628269
  0.67511303468345363  0.67724720862564147  0.67938138256782921  0.68151555651001705
  0.68364973045220478  0.69342497734476805  0.71248881462297831  0.71885416310769079
  0.72433703294914020  0.73327450839177288  0.74916138083701789  0.75750568499246196
  0.76186277218166032  0.76684663754419180  0.77265772810044331  0.78225563275485654
  0.81910281814203878  0.84666794428557635  0.87134989226538617  0.90157897392611885
  0.93070518270349722  0.94817281327801961  0.96965775941188315  1.00000000000000000
 -0.00084726502343588  0.00422895627619722  0.00886407689825740  0.01390933949720095
  0.02135704429395368  0.02931989390676369  0.04123659643840554  0.05094756542868063
  0.10609080725470738  0.11586344870021345  0.12503789466319098  0.13325797528469954
  0.13843325635561338  0.14016311644727075  0.14163514855165660  0.14565325111459068
  0.15108649659517240  0.15589998152236861  0.16700645661567423  0.18859621511659685
  0.20226953313312770  0.21113034693597066  0.21828534622531648  0.22917591924740183
  0.23932510861274556  0.25213539638541860  0.25708143906673431  0.26202748174805002
  0.26697352442936573  0.27191956711068138  0.27680088313190065  0.28056030358293754
  0.28431972403397443  0.28807914448501132  0.29183856493604815  0.29559798538708504
  0.30211782125879949  0.30889438722178608  0.31567095318477262  0.32244751914775915
  0.32922408511074569  0.35685578993587536  0.39497005307115263  0.43731965464969552
  0.48514996984310632  0.52665081075324027  0.56507104950728015  0.59708094319332905
  0.63657903647072878  0.67190873886375224  0.69948300808548236  0.72125972840732444
  0.73144702599472455  0.74163432358212455  0.75418946293600231  0.76719349368793566
  0.77889328536476432  0.78907405417018661  0.79946923001056192  0.81267474537474738
  0.82194412813358364  0.83071147322616923  0.83925515570145393  0.84804124629391897
  0.85791363637734552  0.86753483730017389  0.87234873480936848  0.87506931923376641
  0.87682412404415822  0.87851315674992492  0.88025848869288015  0.88167776451492574
  0.88646107493664317  0.89474383284873260  0.89603691248809769  0.89721674987575961
  0.89893858994266207  0.90087037040813789  0.91175643796062200  0.92364259226347944
  0.93203319386908223  0.94030890794522415  0.95031608484142405  0.96152498567509603
  0.96958073083394747  0.97714517338353446  0.97921865700208777  0.98051038584852723
  0.98180211547831941  0.98309385973535868  0.98438560399239783  0.98567735040233717
  0.98696910430939822  0.98826085821645915  0.99201780017289898  1.00000000000000000
  0.18182251588900175  0.98818381763836982  0.99093146039030311  0.99167607892091170
  0.99222795405822817  0.99270416448024146  0.99298153532839695  0.99333690169311617
  0.99408193212576235  0.99448924925129922  0.99467842060051570  0.99475770895939764
  0.99481458368384257  0.99485335617708881  0.99493635290941140  0.99502836153075713
  0.99517590789702304  0.99543543802151724  0.99560569655681275  0.99563772863531497
  0.99564595011229851  0.99565254517014812  0.99566238317163536  0.99567587318741824
  0.99568879514015707  0.99569932524986060  0.99571119493800386  0.99573202075991263
  0.99575389678016135  0.99577146320033505  0.99578519646650598  0.99584409662774254
  0.99599614668746550  0.99613036394686216  0.99631216353298346  0.99649659787661049
  0.99673037942236409  0.99707992856137462  0.99734492683949560  0.99756173998505493
  0.99778198993348910  0.99790952542470779  0.99799784474884079  0.99803992319298607
  0.99807853208179076  0.99811050949857627  0.99811540789572240  0.99812030629286841
  0.99812520469001453  0.99813010308716066  0.99813500148430667  0.99813963492218283
  0.99814406191590210  0.99814848890962149  0.99815291590334088  0.99815734289706026
  0.99816177380653437  0.99816628369516125  0.99817079358378813  0.99817530347241490
  0.99817981336104178  0.99818432324966866  0.99820537203523552  0.99823938477645779
  0.99826935744742151  0.99829970331084095  0.99833481696232551  0.99837212963426281
  0.99840614068144451  0.99844011392498666  0.99847880218243856  0.99851684249157036
  0.99855488280070215  0.99859228309716364  0.99862964326205750  0.99865908983720764
  0.99868139274352330  0.99870861737759187  0.99875954936772304  0.99878929481367695
  0.99881536283327499  0.99883095660330878  0.99884067833340762  0.99885040006350645
  0.99886138061593144  0.99887315030220902  0.99888491998848650  0.99890033572754944
  0.99891769057174673  0.99893504541594402  0.99898528159459277  0.99905549227228563
  0.99918149395656242  0.99931327799005776  0.99944075942728183  1.00000000000000000
 -0.02253940725341943  0.14169909767024941  0.26302027323408783  0.35628658881004349
  0.37271866424379979  0.38103556852357873  0.38950173972747959  0.39481539510964558
  0.39872947627976119  0.40007291866577166  0.40141636105178213  0.40275980343779261
  0.40410324582380303  0.40546972249088603  0.40738147231372107  0.40929322213655617
  0.41120497195939121  0.41311672178222630  0.41502847160506140  0.41722921004708607
  0.41948267138664508  0.42173613272620408  0.42398959406576309  0.42624305540532209
  0.43136541552564195  0.43645068503550699  0.43922362654769148  0.44098460815216878
  0.44437781656618952  0.45388217991954455  0.45893625440286506  0.46255808771982687
  0.47090096525669328  0.48470400386917883  0.49232180095010142  0.49755280343986624
  0.50331343554069641  0.50781359042533525  0.51314954547226166  0.52399714523437679
  0.54092011225315328  0.57117608367588746  0.59170438126677949  0.59754852808505399
  0.60274490552728155  0.60736532275212018  0.61064658091260515  0.61392783907309001
  0.61631613601723201  0.61821420374341152  0.62026648973730381  0.62696466228466796
  0.63171077898181027  0.63730038541434941  0.64344289809742494  0.64820095459313565
  0.65215719343117839  0.65840127129088877  0.66904080524967768  0.68407046386855386
  0.69516733834582733  0.70027802761822255  0.70492776323015682  0.70928662697184508
  0.71309689830941569  0.71936380927780519  0.72814263035131888  0.72963228540257086
  0.73020826025786789  0.73078423511316493  0.73136019622717729  0.73193615501531650
  0.73251368681758144  0.73309337077934489  0.73368425979107632  0.73648989391143926
  0.73928492976984250  0.74330585224373913  0.74750234650973801  0.75134553634027623
  0.75471562227842848  0.75797820211659506  0.76084573667103828  0.76347142381801503
  0.76608453436189539  0.76929617449745613  0.77176427228645261  0.77357153226346576
  0.77540069440774950  0.78692292487713800  0.80371571520985441  0.81774717951318920
  0.83218874429793610  0.84313102441453591  0.86195633643221936  1.00000000000000000
   1.0109012613250000E-012  -1.0000000000000000     
 T F F F F F F F F F F F F F F F F F F F T F F F T F F F F F F F F F F F T F F F T F F F F F F F F F F F F F F F F F F F T F F F F F F F F F F F F F F F F F F F F F F F F F F F F F F F F F F F F F F F F F F F F F F F F F F F F F F F F F F F F F F F F F F F F F F F F F F F F F F F F F F F F F F F F F F F F F F F F F F F F F F F F F F F F F F F F F F F F F F F F F F F F F F F F F F F T F F F F F F F F F F F F F F F F F F F T F F F T F F F F F F F F F F F T F F F T F F F F F F F F F F F F F F F F F F F T F F F T F F F F F F F F F F F F F F F F F F F T F F F T F F F F F F F F F F F T F F F T F F F F F F F F F F F F F F F F F F F T F F F F F F F F F F F F F F F F F F F F F F F F F F F F F F F F F F F F F F F F F F F F F F F F F F F F F F F F F F F F F F F F F F F F F F F F F F F F F F F F F F F F F F F F F F F F F F F F F F F F F F F F F F F F F F F F F F F F F F F F F F F F F F F F F F F T F F F F F F F F F F F F F F F F F F F T F F F T F F F F F F F F F F F T F F F T F F F F F F F F F F F F F F F F F F F T F F F
  <DiscreteSampler_grid>
  grouped_processes
  1 # 1 for a reference and 2 for a running grid.
  10 # Attribute 'min_bin_probing_points' of the grid.
  1 # Attribute 'grid_mode' of the grid. 1=='default',2=='initialization'
  0.0000000000000000 # Attribute 'small_contrib_threshold' of the grid.
  0.5000000000000000 # Attribute 'damping_power' of the grid.
 # binID   n_entries weight   weight_sqr   abs_weight
    16   10   3.097345786714986E-017   8.010329127923796E-033   3.097345786714986E-017
    17   10   3.097345786715021E-017   8.010329127923996E-033   3.097345786715021E-017
    19   10   4.776333496359595E-018   1.587759641200409E-034   4.776333496359595E-018
    20   10   4.776333496359693E-018   1.587759641200490E-034   4.776333496359693E-018
    22   10   1.626022887444341E-016   2.519139340031968E-031   1.626022887444341E-016
    23   10   1.626022887444358E-016   2.519139340032021E-031   1.626022887444358E-016
    28   10   1.173704651754954E-016   1.273529585242629E-031   1.173704651754954E-016
    29   10   1.173704651755001E-016   1.273529585242736E-031   1.173704651755001E-016
    31   10   8.369521263919328E-018   4.619567365112879E-034   8.369521263919328E-018
    32   10   8.369521263919131E-018   4.619567365112619E-034   8.369521263919131E-018
    34   10   1.132802297946094E-016   1.243412903692661E-031   1.132802297946094E-016
    35   10   1.132802297946076E-016   1.243412903692621E-031   1.132802297946076E-016
    40   10   3.097345786714991E-017   8.010329127923826E-033   3.097345786714991E-017
    41   10   3.097345786715013E-017   8.010329127923952E-033   3.097345786715013E-017
    43   10   4.776333496359628E-018   1.587759641200434E-034   4.776333496359628E-018
    44   10   4.776333496359731E-018   1.587759641200519E-034   4.776333496359731E-018
    46   10   1.626022887444343E-016   2.519139340031974E-031   1.626022887444343E-016
    47   10   1.626022887444359E-016   2.519139340032024E-031   1.626022887444359E-016
    52   10   1.173704651754954E-016   1.273529585242631E-031   1.173704651754954E-016
    53   10   1.173704651755001E-016   1.273529585242736E-031   1.173704651755001E-016
    55   10   8.369521263919339E-018   4.619567365112892E-034   8.369521263919339E-018
    56   10   8.369521263919102E-018   4.619567365112582E-034   8.369521263919102E-018
    58   10   1.132802297946094E-016   1.243412903692662E-031   1.132802297946094E-016
    59   10   1.132802297946074E-016   1.243412903692616E-031   1.132802297946074E-016
    64   10   3.097345786715040E-017   8.010329127924106E-033   3.097345786715040E-017
    65   10   3.097345786714994E-017   8.010329127923847E-033   3.097345786714994E-017
    67   10   4.776333496359668E-018   1.587759641200465E-034   4.776333496359668E-018
    68   10   4.776333496359690E-018   1.587759641200483E-034   4.776333496359690E-018
    70   10   1.626022887444345E-016   2.519139340031979E-031   1.626022887444345E-016
    71   10   1.626022887444355E-016   2.519139340032012E-031   1.626022887444355E-016
    76   10   1.173704651754960E-016   1.273529585242644E-031   1.173704651754960E-016
    77   10   1.173704651754988E-016   1.273529585242705E-031   1.173704651754988E-016
    79   10   8.369521263919288E-018   4.619567365112824E-034   8.369521263919288E-018
    80   10   8.369521263919373E-018   4.619567365112945E-034   8.369521263919373E-018
    82   10   1.132802297946090E-016   1.243412903692651E-031   1.132802297946090E-016
    83   10   1.132802297946087E-016   1.243412903692645E-031   1.132802297946087E-016
    88   10   3.097345786715042E-017   8.010329127924114E-033   3.097345786715042E-017
    89   10   3.097345786714994E-017   8.010329127923840E-033   3.097345786714994E-017
    91   10   4.776333496359636E-018   1.587759641200441E-034   4.776333496359636E-018
    92   10   4.776333496359679E-018   1.587759641200476E-034   4.776333496359679E-018
    94   10   1.626022887444343E-016   2.519139340031973E-031   1.626022887444343E-016
    95   10   1.626022887444355E-016   2.519139340032013E-031   1.626022887444355E-016
    100   10   1.173704651754960E-016   1.273529585242645E-031   1.173704651754960E-016
    101   10   1.173704651754991E-016   1.273529585242714E-031   1.173704651754991E-016
    103   10   8.369521263919271E-018   4.619567365112799E-034   8.369521263919271E-018
    104   10   8.369521263919331E-018   4.619567365112890E-034   8.369521263919331E-018
    106   10   1.132802297946089E-016   1.243412903692650E-031   1.132802297946089E-016
    107   10   1.132802297946085E-016   1.243412903692641E-031   1.132802297946085E-016
  </DiscreteSampler_grid>
