  0.02128090435966951  0.05081389876191023  0.08267449132647703  0.11371935052241601
  0.13868162218349822  0.15823656130829633  0.16868617308002659  0.17377964443126215
  0.17878766555095491  0.18343183189146628  0.18985243004647984  0.19911386602761710
  0.21032283593856568  0.21668903994931968  0.22431117444503559  0.22941736055453224
  0.23421530058489423  0.23852449170774404  0.24266257422352827  0.25006239179405571
  0.25460846037328966  0.26099490206408760  0.27131151537183656  0.29407445320826081
  0.31984878633506619  0.33227620597830049  0.34446385580779715  0.35538432425682481
  0.36359425250335364  0.37569180941686564  0.37806801036487192  0.38044421131287820
  0.38282041226088454  0.38519661320889081  0.38763241909959201  0.39013546828782231
  0.39263851747605261  0.39514156666428296  0.39764461585251326  0.40015096211691464
  0.40265777645731249  0.40516459079771039  0.40767140513810823  0.41353930552759977
  0.43037214384453359  0.44008488554783487  0.44369342914078758  0.44652610811239341
  0.44951868097161612  0.45374504639868180  0.46585559384468433  0.48288022468329100
  0.48859751889424241  0.49832091659080069  0.51543923677030401  0.54007609732554762
  0.56372547177728038  0.58576835428709162  0.59961356709666336  0.61196716597719969
  0.62393492212836810  0.63604458978124989  0.64653116067206939  0.65735729294247458
  0.67306203977549284  0.69987425728717434  0.70859258136886538  0.71758774301991568
  0.72395662577442466  0.72499957277552063  0.72769787929088214  0.73433977343503243
  0.74036795635832653  0.74460582941957920  0.75396225981867671  0.75965981617442369
  0.76400666450551169  0.77161350232065495  0.78098815547987610  0.78963344821451642
  0.79989247282167786  0.80926017312864917  0.81251581538140405  0.81540326626770299
  0.82004897344794125  0.82658658936167095  0.84240569348191374  0.87162232809389406
  0.90084859610643941  0.91637624663275064  0.93052701620762479  0.94398931995374114
  0.95520749243557246  0.96551255288971805  0.97090991936020132  1.00000000000000000
 -0.00008212312371408  0.00112921302619526  0.00160315072224436  0.00198766718829338
  0.00218432348661595  0.00233745610790452  0.00246656871487163  0.00258374121764095
  0.00271526080758747  0.00284465851742287  0.00301582714683851  0.00340079479843666
  0.00374953886596847  0.00406643200419905  0.00440380661032209  0.00468835769666075
  0.00496535550039136  0.00512723013147496  0.00524417475656603  0.00531449434433191
  0.00543054368297892  0.00557737964717099  0.00575156294932694  0.00601614567737479
  0.00627142451965481  0.00645344648624661  0.00667579397102090  0.00691166054342038
  0.00713714896585542  0.00732009244860913  0.00753212962465646  0.00778482649013840
  0.00803146540277225  0.00827723601291874  0.00852300662306522  0.00876877723321171
  0.00904884322490569  0.00942414927252304  0.00979945532014039  0.01017476136775774
  0.01055006741537509  0.01083674438328273  0.01107606289862829  0.01131538141397385
  0.01155469992931942  0.01178731270484615  0.01198366392151374  0.01207042961719496
  0.01219163908652096  0.01224832417768271  0.01230537690557617  0.01236335533903045
  0.01246153340904344  0.01274060022411468  0.01301680209867602  0.01321691425022024
  0.01326743894303783  0.01331924514775667  0.01337145267571376  0.01352524556909180
  0.01375925570001539  0.01389622504182256  0.01401893684330018  0.01418222751863336
  0.01437631718889448  0.01493376349977669  0.01604599575952196  0.01682653431332597
  0.01727998209132253  0.01768470261026441  0.01811096359953199  0.01858657612820148
  0.01930158914979159  0.02000609459698833  0.02022724035616802  0.02029367716517310
  0.02033869181358631  0.02044755989143253  0.02058176931419154  0.02070187010072387
  0.02080096389751580  0.02089482616782988  0.02096784511509170  0.02110072504751500
  0.02147038147843319  0.02178067274844998  0.02206995016080899  0.02235321359465286
  0.02351226767324849  0.02505149766926179  0.02671223004068011  0.02842648576496676
  0.03361521679074860  0.04559814083130926  0.32965041832000730  1.00000000000000000
 -0.00118904897026018  0.00878641295307747  0.01011132725832141  0.01044678908827148
  0.01131752957845113  0.01209417038469034  0.01246910650104139  0.01377129662056318
  0.01508330228689613  0.01595618959228731  0.01697780582997605  0.01777760192339372
  0.01815697154485734  0.01830540716837601  0.01837139588381298  0.01843726647362920
  0.01849006353144322  0.01853224322931419  0.01861265367254768  0.01866053289856462
  0.01870658630156496  0.01876065791240433  0.01883942159858787  0.01900459409774901
  0.01912095261945684  0.01921321450187523  0.01931476255670750  0.01946075792821882
  0.01965554954814463  0.01971941740963159  0.01976911778710481  0.01981366349969588
  0.01985991263407851  0.01993239121372809  0.02000654671325940  0.02011353685953905
  0.02029306094445362  0.02049320400263812  0.02069136603755100  0.02083142193174907
  0.02096775004027030  0.02107561449343972  0.02123018540417296  0.02142176679792505
  0.02152098508456987  0.02158739881253507  0.02165381254050027  0.02172022626846547
  0.02178663999643067  0.02184713467232930  0.02190343101972327  0.02195972736711724
  0.02201602371451121  0.02207232006190519  0.02212852904496905  0.02218467433424590
  0.02224081962352275  0.02229696491279960  0.02235311020207645  0.02278934762238385
  0.02399979803127033  0.02514410656050230  0.02610802859407660  0.02704651967235951
  0.02784796418612370  0.02823097824736397  0.02858789555022354  0.02882104763274226
  0.02902300849395404  0.02921464134908744  0.02942978322163239  0.02973705236511337
  0.03005188762168216  0.03043766280308851  0.03064418689427038  0.03075705634447428
  0.03086982363399612  0.03098649303739377  0.03116005303366430  0.03140570497995702
  0.03240444368416838  0.03333719189354541  0.03419343455461766  0.03497127762981622
  0.03580912378386989  0.03699846321915420  0.03839841281079158  0.03896235890055424
  0.03959140705237701  0.04020228277103549  0.04075569049598526  0.04245568822206314
  0.04676552537311976  0.05671241847845318  0.83071477844707609  1.00000000000000000
 -0.00203968225424855  0.01263799242966790  0.01695383024066044  0.01970608142346544
  0.02130861411766253  0.02211101627844550  0.02251020001389231  0.02294196134280684
  0.02339536536389600  0.02380556558125013  0.02436316457437213  0.02540110991507540
  0.02627730564332382  0.02750902186578273  0.02864233360714038  0.02934900982211269
  0.02956085504065663  0.02974049386169462  0.03010598712712468  0.03039398150093863
  0.03062097724071064  0.03083167250354524  0.03107323429854169  0.03125704026710002
  0.03137695444719348  0.03153503859398165  0.03170885037224950  0.03181902965121990
  0.03194087837789038  0.03207563925576239  0.03235957765783354  0.03296766855771976
  0.03331250982530672  0.03356155138714000  0.03377650809106340  0.03394034712871589
  0.03406894376339148  0.03418241265102701  0.03437518138875734  0.03477096070511704
  0.03511285330260554  0.03534241561193678  0.03555086510521459  0.03565328765654176
  0.03576425531884955  0.03588606488161950  0.03603051208637546  0.03620683458668826
  0.03630072402153848  0.03648013273499268  0.03688998142700606  0.03701472394880499
  0.03712913781880818  0.03728358183276597  0.03759072987789379  0.03789021727881741
  0.03855525628671153  0.03911826763802597  0.03959247702184034  0.04004593050340785
  0.04041084553350124  0.04079845247632558  0.04123515135226887  0.04174526706496048
  0.04187408816348154  0.04200290926200259  0.04213173036052364  0.04238000964581692
  0.04282876517088062  0.04327752069594432  0.04372627622100800  0.04421556140976989
  0.04474729962057873  0.04527903783138757  0.04581077604219642  0.04753399477473199
  0.04938592271498364  0.05049996351321846  0.05136532194896912  0.05275844637830729
  0.05584609085280886  0.05861333034185025  0.06009992177499093  0.06287733834608784
  0.06716536687493743  0.07469115096810115  0.08518612128871107  0.09894869244702280
  0.10283672061850221  0.10451378977722993  0.10854093737370261  0.11326232458272190
  0.11868832893231367  0.12313401456081016  0.90423685762699990  1.00000000000000000
 -0.00288997570911303  0.02078838534702119  0.03017524899011864  0.03270268273478973
  0.03406380817340557  0.03591902828938043  0.03841492902921363  0.04151506597599078
  0.04370959658743678  0.04551646049834833  0.04723903368451104  0.04887324028016659
  0.05091851789922068  0.05413650761042282  0.05543545515355839  0.05603229059193161
  0.05609477509101880  0.05613846261722352  0.05618215014342823  0.05622583766963295
  0.05627322266439653  0.05632064270608441  0.05636806274777229  0.05641554027371734
  0.05646488813627826  0.05651423599883919  0.05656358386140011  0.05665746115322979
  0.05760823553524327  0.05804885012785719  0.05834597931950043  0.05868214746127771
  0.05913409175465894  0.05970066111864616  0.06015584767873874  0.06074228034534069
  0.06155040243424319  0.06219741438224167  0.06269597031932270  0.06307463965060287
  0.06329864206609868  0.06346423384386142  0.06387677142199980  0.06464557093548046
  0.06571507794238222  0.06714085387298048  0.06980421767269532  0.07308995977551480
  0.07687167362658172  0.07951024136872951  0.08152620382302957  0.08255760156586775
  0.08325349926185484  0.08393890484179574  0.08484067007831290  0.08573038758402958
  0.08660640065018529  0.08734312268777643  0.08823103728165056  0.08906113770483878
  0.09013600475933023  0.09150222265192458  0.09424474695112182  0.09506070147302702
  0.09566764409680904  0.09612406308489974  0.09659316710264650  0.09703482308166400
  0.09755210087683840  0.09817547740260349  0.09877228669197941  0.09939380407092170
  0.10002385083907255  0.10520001500365046  0.11506608881327632  0.12074729023987395
  0.12431495103810636  0.12838182777428114  0.12996809407106666  0.13308163260034483
  0.13533126394089165  0.13918367264653730  0.14422500326346890  0.15205890481133916
  0.16154796607886340  0.17601418754249992  0.18476062747043440  0.19149893071181465
  0.19738834852859646  0.20348662126515404  0.21046313144671738  0.21743964162828075
  0.22735858276352913  0.23841104719540765  0.93131016197298522  1.00000000000000000
 -0.00004834612571464  0.00034250919273092  0.00062268740020162  0.00167937373004363
  0.00291845210923063  0.00432871906372861  0.00610179791187659  0.00805531468733148
  0.01316225344400304  0.01918712353976734  0.02643313564111997  0.02975916404370162
  0.03143530869389776  0.03382112630187575  0.03820026048840832  0.04108178893855570
  0.04456159755442472  0.05037903807642623  0.05679852451054843  0.05791531387850780
  0.05889031447814412  0.05965779407354589  0.06049837825226593  0.06330564362959595
  0.06636117084825473  0.06893886372068081  0.07160268048636965  0.07497212749144709
  0.07972641823658892  0.08861173888726198  0.10549733433660782  0.12471972296403422
  0.14873952863336423  0.16723871468120396  0.18467231837939874  0.20205687146323564
  0.21342789384352015  0.21862301982099436  0.22334260589898824  0.23101073827192981
  0.23740464535495989  0.24387863927589856  0.24734306848608265  0.25000773739662269
  0.25357826698027230  0.25701543697525137  0.25814863166239466  0.25928195694170986
  0.26041491821612600  0.26153949534189502  0.26807631271022830  0.28780847120107061
  0.30932904614380957  0.33137347868006983  0.35343043265654650  0.36965646905108573
  0.38147195906367087  0.39714191281522615  0.42223694974414272  0.45258321090583581
  0.48389986505587490  0.51881440879867169  0.55172524481985208  0.57733121076963556
  0.59940141686813420  0.62002742581587811  0.64262213228678144  0.66434201003741022
  0.68921612879998806  0.72814847847045883  0.76001246137813361  0.79664595878105204
  0.82751891203146788  0.85790938757351021  0.89412375031994096  0.91639276061469666
  0.93031158042844142  0.93787868868258983  0.94079659012055450  0.94237762908085254
  0.94351736353353310  0.94465709798621356  0.94579683243889401  0.94688871980899347
  0.94790227341281419  0.94891582701663491  0.94992938062045562  0.95094362855385395
  0.95205598545626380  0.95316834235867354  0.95428069926108339  0.95539305616349324
  0.96270922127211911  0.97754435699291453  0.99133385252879802  1.00000000000000000
 -0.01455465195367953  0.04665021366182275  0.08807553635353943  0.11614792120109121
  0.13647431741609023  0.15925790899782966  0.18442578232859042  0.21358646617930360
  0.24664081042484920  0.26769846955850224  0.28260109839037206  0.28959818688426836
  0.29517453038807406  0.29903448803208726  0.30240655298437696  0.30550804338617993
  0.31171340469761039  0.32048420406316702  0.32778327447981320  0.33699899050952742
  0.34858909116731862  0.36331105469116404  0.38103155573525066  0.40015889180176917
  0.40466564532807869  0.40780238842845640  0.41293228370271085  0.41955123455151261
  0.42646297192676025  0.43325973742159607  0.43686379307777945  0.44145575428579203
  0.44982487491904088  0.45642739958126460  0.45907765602130557  0.46172791246134653
  0.46437816890138750  0.46768316747684596  0.47485766723545875  0.48203216699407153
  0.48920666675268426  0.49638116651129705  0.50333747879923230  0.51018323323685355
  0.51702898767447492  0.52387474211209617  0.53356149551109355  0.55633601493086782
  0.58083421062685536  0.60581040490691629  0.62997498480266512  0.65015979965424253
  0.66334102754537805  0.66914121826455453  0.67142725990959096  0.67361350354921534
  0.67535671290435451  0.67780914994143870  0.67970518304061034  0.68130547152295806
  0.69074219150465299  0.69913311386494137  0.71069694239925285  0.72254966752860639
  0.73748766434970459  0.74780818667389803  0.75561551882734479  0.76532903543601960
  0.77354781566496944  0.77652170593822023  0.77909355733287633  0.78290192407370773
  0.78725214162393942  0.79119331588908615  0.79482836358894582  0.79712531298681133
  0.79891235717169207  0.80063335838838978  0.80188211206098881  0.80258934393131465
  0.80342343397977412  0.80499728517734703  0.80717638760043386  0.80908780875911279
  0.81114010559812599  0.82097663021415401  0.83852620402643219  0.87075178366996897
  0.88612376868075915  0.90682748889982878  0.93041457981323283  0.94613139509419519
  0.95803113104938131  0.97243487411303020  0.98633588934889360  1.00000000000000000
 -0.00332467670952847  0.01984634294533693  0.03960520584732986  0.06200284098103440
  0.08246029626210949  0.10341504480346266  0.13092768626210541  0.15004705949060351
  0.16649195308804796  0.18295663953233665  0.19170007383380525  0.20751517473577674
  0.21774294272796954  0.22626945961703335  0.23494397635523137  0.24786314977916196
  0.26277227577319101  0.27395678962839703  0.28206214315554223  0.28714821521250550
  0.29066054272154446  0.29578749579907687  0.30210043227525196  0.30409087205244911
  0.30581141094039960  0.30825978601235987  0.31769980162061329  0.32722590128836332
  0.34285626016170245  0.35527013339766633  0.37346143521144998  0.39448760817064982
  0.40492780341669354  0.41503087811227185  0.42225516710987143  0.42501733994836655
  0.42777951278686166  0.43054168562535677  0.43319298842541887  0.43427184273578395
  0.43535069704614904  0.43642955135651412  0.43750840566687926  0.43833544863846702
  0.43907967240263301  0.43982389616679901  0.44056811993096495  0.44312429619298627
  0.44485695319732421  0.44780962963298271  0.45234690915833808  0.45805218144037479
  0.46890411557407957  0.48623007088919662  0.51389542668393395  0.53825442427565851
  0.54716558242762903  0.55321012384401136  0.56123726630627668  0.57018468449984760
  0.58390013840785882  0.60986146258694263  0.62825579760456385  0.63242558860698761
  0.63471155434050719  0.63634985465189076  0.63810076596860554  0.63995733160254342
  0.64547580832348350  0.66196818727225448  0.68338346103896053  0.69896785996630428
  0.70925819512382182  0.71831684319361966  0.73231552499817287  0.74745989997470008
  0.75760897137252925  0.76484776387892184  0.77170658387191182  0.77633829662853282
  0.78097079442442396  0.78560993215750619  0.79055184817984858  0.79665962264506907
  0.80163413255754701  0.81042789560167738  0.82260348501754832  0.83546533120118716
  0.85104609420844690  0.86437628376182207  0.87514495939060011  0.88682726210667306
  0.89932073462374573  0.91356139974559258  0.93980571189954099  1.00000000000000000
 -0.00333788822994797  0.01146380668439078  0.02651581893334452  0.03721850152387805
  0.04742934900863581  0.06005605836976419  0.06763233382314840  0.07808886341611389
  0.08800606483522191  0.10198620354553599  0.11558299972298160  0.12579437810510929
  0.13389791210998719  0.13998081489934022  0.14485714406914141  0.15018283812582012
  0.15693386067269516  0.16363719578815814  0.16825098980052750  0.17519854104489649
  0.19463039785087075  0.20221424841155697  0.20811122652074598  0.22336063084497584
  0.23318676195886379  0.25006405955438471  0.26081770199707616  0.26869460584134069
  0.27681741916590613  0.29137542878881412  0.30855911052748308  0.31480784291242209
  0.31759677030405004  0.32263548593420305  0.32766528066824097  0.33251897781949535
  0.34758541583134767  0.38513706463168262  0.42435379652397964  0.44259838126698792
  0.45265329897807682  0.46484108742616459  0.47510790469256287  0.48633720251198825
  0.50513801759896415  0.51689093710189904  0.52707202179695056  0.53631291285707083
  0.54535204742876420  0.55467820615025998  0.56932649903230204  0.57924465881773790
  0.58526027257840285  0.59130380274051364  0.59499923025359613  0.59972262409108201
  0.60397982848559706  0.61854931392188639  0.63664368701700058  0.65628557989232561
  0.67119784664722115  0.68342817554656232  0.71227103399843195  0.74332576418367691
  0.78097074834055846  0.79060227979086894  0.79602172418937467  0.80144116858788050
  0.80686061298638623  0.81098449119575433  0.81339317358988750  0.81580185598402066
  0.81821053837815383  0.82061922077228711  0.82300813339720447  0.82539694172007672
  0.82778575004294896  0.83017455836582121  0.83833674486505116  0.85207604575025986
  0.86065289211755858  0.87155140386464447  0.88916575394768260  0.91642157192888363
  0.92814498867833084  0.93856133190904423  0.95039920204435058  0.96415716337308255
  0.96808536812803203  0.97173954905249893  0.97663053429202606  0.98128120657404527
  0.98517772744068155  0.98865558609557658  0.99256207093479887  1.00000000000000000
 -0.01298027706501485  0.04871152075879447  0.08413639968828165  0.10055443155306354
  0.11629292847227816  0.12739721009300323  0.14179212702029839  0.15084129364820814
  0.16387763559483581  0.17372304662133295  0.17848405569429970  0.18329433664770822
  0.18825161853333636  0.19546771153626777  0.20870124992469977  0.22060427913999497
  0.23286596956758884  0.24511079672797256  0.25811482809446962  0.27272506410880210
  0.28994589192171960  0.30929451116328838  0.33221929008035178  0.35229012814169203
  0.36692597772396796  0.37653516015389155  0.38586996928369971  0.39657330582120953
  0.40786560729588034  0.42534352192929048  0.44924180016142168  0.47613661430521947
  0.49558470351256861  0.49819777505964258  0.50012881390912767  0.50205985275861276
  0.50399089160809785  0.50584208538314002  0.50766105159238506  0.50948001780163010
  0.51129898401087515  0.51305395275526566  0.51473705412017112  0.51642015548507669
  0.51810325684998226  0.52124229173183489  0.52431767329968948  0.52749394895460622
  0.53170148125350070  0.53745756823222546  0.54829731626265910  0.55982532496457216
  0.56615113151753793  0.57053734926652755  0.57481462767306413  0.57962438637037417
  0.58159334279509789  0.58915288523064313  0.59332024527462279  0.60026759560712051
  0.60814371918818022  0.62085004890080941  0.64252154912703885  0.65662358190209957
  0.66295048358773134  0.66774981959774682  0.67214404331050281  0.67625267818740065
  0.68011900023653682  0.68198340489477327  0.68381550424249460  0.68561703638780069
  0.68817448613845045  0.69247443975179512  0.70241566970868341  0.71371000641733229
  0.72302704787678940  0.73122451618162188  0.73899466648617140  0.74596198968000338
  0.75482274684201600  0.76855658688687423  0.78864807815433247  0.81558307765812688
  0.84085054717408891  0.85688684504164159  0.87321850010150592  0.89337602944932526
  0.90867295799399450  0.92045225272337883  0.93138934086112912  0.95130597493386049
  0.96647788328093243  0.97808401285351398  0.98596047817480570  1.00000000000000000
 -0.00258887639080388  0.00736856883410401  0.01359406206473892  0.01792898063866727
  0.02373072661117262  0.03223445252272520  0.04334930447096921  0.05832775797824277
  0.08994706005844670  0.11250480679575296  0.12648892459424541  0.14158463576355762
  0.15476176624804833  0.16694302788481580  0.17953040539692630  0.19215289154368159
  0.20383733085401767  0.21561197701398288  0.23168854260163604  0.24497215126186084
  0.25394475168865960  0.26212444378150751  0.28245830794171628  0.30714710023398967
  0.31627742971003181  0.31944149478904249  0.32315932961436383  0.32672369304176002
  0.33003736747148871  0.33374549294035155  0.33801210973225532  0.34286228079622766
  0.34794958120237013  0.35548068928322996  0.36576927992217056  0.37807540504824716
  0.39112116709356065  0.40248681374605105  0.40895587662103461  0.41753954106628155
  0.42435085860191746  0.42957328316790694  0.44806169172148469  0.50316818883594849
  0.54365459501620683  0.55124005274726096  0.55289396713755612  0.55454788152785117
  0.55620179591814634  0.55784533930393532  0.55903773803310886  0.56023013676228239
  0.56142253549145593  0.56261493422062947  0.56354939213239885  0.56432257387016060
  0.56509575560792236  0.56586893734568411  0.56774968927044800  0.57754148191638621
  0.58363486143008036  0.58780792620173061  0.59335094641091335  0.59640932243501998
  0.59808667115125025  0.60039996173137633  0.60280868256798481  0.60505583523199091
  0.60836454121812022  0.61458766455403935  0.62140789922985495  0.62717151068961030
  0.63249468604779657  0.63733312590027968  0.64975445111747077  0.67377445004639036
  0.70199441468598822  0.71635375869367668  0.72668292826402137  0.73850584231301886
  0.74855278241532464  0.77051141671939227  0.80422120703151923  0.83752882508155557
  0.85586516652891154  0.86717113407411128  0.87520375105666826  0.88481352118669188
  0.89027665289672242  0.89441862558595420  0.89825927522180116  0.90226977271942088
  0.90789134706893604  0.92542223147933877  0.96383859091601942  1.00000000000000000
 -0.00487219074533792  0.02824798605833547  0.05950635348054074  0.08545332959372784
  0.10078308830965146  0.11412641608255386  0.12673202414323564  0.13758039569176739
  0.13943275686559209  0.14128511803941676  0.14313747921324144  0.14498984038706611
  0.14717455118683459  0.14949404637198799  0.15181354155714141  0.15413303674229484
  0.15658204767662387  0.15935164536021187  0.16212124304379988  0.16489084072738788
  0.16766043841097589  0.17980441575198117  0.19648561332345610  0.21010184814528693
  0.22309696960388414  0.23537214811065107  0.24630428131124285  0.26211897646026083
  0.27206599794246300  0.27987986849137719  0.28699835831482950  0.29706307180280389
  0.31162375517015328  0.33452413746084103  0.35107475515592917  0.35975572265701616
  0.36773218294309812  0.37475859065256495  0.38213366933065618  0.39722610540905334
  0.41654314919495200  0.42153931655992999  0.42418030988431371  0.42609569854808738
  0.42909544594865950  0.43147486133646012  0.43495835811471106  0.44042976505845705
  0.45007968282403021  0.46217409197947368  0.47727324210273070  0.48847345947479320
  0.49483397536843904  0.50016732606374192  0.50787568592565824  0.51764202165926454
  0.52088426061551807  0.52334761392647478  0.52544227800605736  0.52913415742354042
  0.53482829099288309  0.53997494800902424  0.54408004775196872  0.54829745273957997
  0.55168037642822265  0.55562654182364657  0.56030389276172388  0.56523997655043889
  0.57164227562851533  0.57985136091544875  0.58744815490749924  0.59314338506409381
  0.59905091012713030  0.61275377594827274  0.63506179745734592  0.67741844798143358
  0.70617550659176798  0.72037499468084487  0.73535118559867407  0.74936633801310215
  0.75625183079817482  0.75844395102870821  0.76121677698513768  0.76579424207591473
  0.76990913022524210  0.77321103406809522  0.77842461758140091  0.79101730205369891
  0.80638963493583415  0.82231529398018988  0.84968199973582581  0.87729826642542230
  0.90505429349232136  0.93514119162133125  0.96757059581066551  1.00000000000000000
 -0.00349918011391300  0.01333550236942589  0.02909840956171278  0.04112727228699571
  0.05664805657731518  0.07384332224512889  0.08773389089952885  0.09233601995620117
  0.09578985758583289  0.09749423302353233  0.09912314800865407  0.10153432983337275
  0.10611309366929383  0.10982478626848978  0.11552867910548037  0.13142734629693617
  0.15634871207768392  0.17986663667540426  0.20310068344637663  0.22212811856214984
  0.23866848316355102  0.25221906314379960  0.26658417561846731  0.28164254199089322
  0.30224771933633549  0.32744239423226656  0.34251101376652010  0.34776272847972439
  0.35284269746649483  0.35804115410930909  0.36396195760955119  0.37478122320081808
  0.38213684156351008  0.38987469316256518  0.40065711724254577  0.41016178090616667
  0.41416161258630507  0.41816144426644353  0.42216127594658193  0.42616110762672033
  0.43010051377813308  0.43393905160222690  0.43777758942632067  0.44161612725041444
  0.44545466507450820  0.44993018638036425  0.45511857431816949  0.46030696225597473
  0.46549535019377991  0.47068373813158515  0.48105174389781241  0.49503249401289501
  0.51030299088710784  0.52632728750756685  0.53576477346879126  0.54377705685059974
  0.54883836753093385  0.55868142823127864  0.56941234898119586  0.57663796998583605
  0.58274057174106386  0.59019540532860948  0.59881360011417972  0.60839696030151813
  0.61979772276125600  0.63180094519418062  0.64786483491493274  0.68249588421020202
  0.70251640875118992  0.71498970798200545  0.72373654135256804  0.73210247550064633
  0.73809358694571814  0.74229500860925701  0.74743707351530231  0.75402407366611179
  0.76657161448510669  0.79486419846560818  0.82709878472819376  0.86632191435561490
  0.90047979372760500  0.91366060063471410  0.92391692259967195  0.93199440129423428
  0.93816040555798363  0.94255364601111913  0.94824350721619177  0.95141110329279976
  0.95528345973979867  0.96008395156285919  0.96484255091844884  0.96848075222952357
  0.96987230256834822  0.97378100985268901  0.98704271557981293  1.00000000000000000
 -0.00200970820638321  0.01311890009323707  0.02549314967220044  0.03817411097589291
  0.04648708478030410  0.05191492402209839  0.05607378501255488  0.06014077910123718
  0.06443284346026375  0.07043435331851944  0.07540241407140764  0.07940008935437072
  0.08265495772789734  0.08579269957088231  0.09207569134177156  0.10627615746281771
  0.11708520849562233  0.12652605100359743  0.13884184869925409  0.14982668159478130
  0.15358600457985055  0.16171351697416222  0.17153924512994403  0.17916721706172431
  0.18751630045693002  0.19496523878942051  0.20201442546952839  0.20992864722040921
  0.21780750098959265  0.22564399010675537  0.23381437038343916  0.24467727300322928
  0.25029246443286512  0.25642072174180397  0.26158510526139284  0.26722368368115751
  0.27468327292048611  0.28669088584212932  0.30006485327937155  0.30803967870668686
  0.31508411471270686  0.32167670069014964  0.32704507204421135  0.33224275554591653
  0.34091620900529140  0.35624975872898090  0.38525806366314924  0.43202662824380256
  0.47729765147885655  0.51646640314352266  0.54022464428248917  0.55327554809696744
  0.55865997011278279  0.56692115823015476  0.57787700121781138  0.59241731613886905
  0.61749108524900798  0.65442068990195579  0.68184221446211335  0.70085885510779478
  0.71176781930683330  0.71848172839036129  0.72306464909657164  0.72669288133818066
  0.73335285927056970  0.74572031701262487  0.75309237396184092  0.75775729533130420
  0.76552064401816788  0.77513398980687276  0.78683221450439900  0.80053241603782932
  0.81073295807306311  0.81556509173287373  0.82174606985292520  0.82536755222595337
  0.82601263944519754  0.82665772666444159  0.82730281388368565  0.82794440049221485
  0.82856547706281525  0.82918655363341565  0.82980763020401604  0.83042870677461644
  0.83104983349169970  0.83167097467259377  0.83229211585348783  0.83291325703438190
  0.83612902464551764  0.84314518780791781  0.85128785687690467  0.86304604598142942
  0.87990463240537908  0.91867746404619099  0.95342308421225774  1.00000000000000000
 -0.00450609906117184  0.02006517819006583  0.04434699007510128  0.06020979454030376
  0.07216927256396347  0.08546284269063265  0.09525394070895743  0.10413007617136399
  0.11562211831028493  0.12958739046562109  0.14373014715425533  0.14817826948123108
  0.15189125701287212  0.15678972182560322  0.16437086891204161  0.16929337697496535
  0.17254901358562816  0.17560132385374777  0.18443924018753347  0.19064060687106074
  0.19696699676261012  0.20226593817062224  0.20880998332911005  0.21611178495846597
  0.22518853940010145  0.23862855476926018  0.25266211320050386  0.26388982280350426
  0.29892675873098068  0.32609429974652954  0.34528465874862907  0.36013175679995624
  0.37206248625280486  0.38709757309016263  0.40729519466986674  0.42196899137920080
  0.44813338177365625  0.48373772678072874  0.49751976920208862  0.50239311728863090
  0.50559663638537711  0.50729732488276325  0.50866416945105841  0.51003101401935358
  0.51139785858764875  0.51268372996002942  0.51361696502738285  0.51455020009473618
  0.51548343516208961  0.51641667022944304  0.51769479886646752  0.51925057558203835
  0.52080635229760908  0.52236212901317980  0.52391790572875052  0.52917403294159249
  0.53426034111117982  0.54031321452624226  0.55302761720291782  0.57483015001690441
  0.59847773169143803  0.61230561690358798  0.62015840435907288  0.62781988154668178
  0.63588260226286752  0.64442774807112679  0.65521664614518849  0.66599535932508580
  0.67729352829211764  0.69028536699841359  0.69925686855394609  0.70611408522572172
  0.71110471463795166  0.71553162694554451  0.71993285206255309  0.72626471037425833
  0.75266639007527691  0.78879497949292809  0.82080630516355502  0.84436628107951206
  0.86861288167051309  0.89238903056077390  0.91252978201130619  0.92977765289090764
  0.93755585934990249  0.94538116432603603  0.95610437712378837  0.96665628122691638
  0.97388001133042468  0.97863189503906001  0.98199480195988975  0.98444772021212135
  0.98581439379136049  0.98752065539380574  0.99107271064531000  1.00000000000000000
 -0.00923141266332931  0.00369514267664799  0.01287151772210910  0.02204789276757022
  0.03122426781303133  0.04040064285849244  0.04957701790395355  0.05236983122161250
  0.05372722056579709  0.05508460990998167  0.05644199925416624  0.05779938859835082
  0.06968414822859582  0.08466117539634259  0.09612890645594306  0.10416793548243759
  0.10949538177111053  0.11782013011683240  0.12650625617619715  0.13427141136427598
  0.13845810795740529  0.14206541717477306  0.15036996993785107  0.16168151439645082
  0.17985373353825998  0.19545782865513409  0.20484572381335983  0.21440246487645123
  0.22674072306543455  0.23961730652691415  0.25707185184969866  0.28113311240798822
  0.31479591026572323  0.33621452587298489  0.35795191232863427  0.38183541707705004
  0.40921971722201711  0.43371274089914685  0.44661338708210996  0.45199994981522523
  0.45673116045436485  0.46061815035627501  0.46268343391602651  0.46448948949634394
  0.46620990587966538  0.46889485074287446  0.47440845814738858  0.48116515228367812
  0.48762130576831392  0.49568555928409602  0.50595199712809769  0.51147401272526349
  0.51507780337261910  0.51860334999084046  0.52278819437281854  0.52539045323189471
  0.52781964832474548  0.53188668284692275  0.53559046285546741  0.53912852978938930
  0.54245919465786052  0.54448107485758046  0.54758525709288453  0.55692268957880608
  0.56886248032354525  0.57526874776306425  0.58007932686419095  0.58888323837256851
  0.60011927667710485  0.61515162623066422  0.64105914976414247  0.67403136226358007
  0.69891335984668368  0.70625770710364433  0.71328146107083323  0.72130161987656605
  0.72881512617860211  0.73992888048839145  0.75221970519384229  0.76358761646843354
  0.77682502633193440  0.78898631452586143  0.79543298055337808  0.80159533660663884
  0.80839173459715885  0.81689489109227642  0.84802606500986177  0.88549699848039942
  0.91218059694963527  0.93401508336664996  0.94419875511051932  0.95368546958366207
  0.96169969602322691  0.97055884986956542  0.98186725061664815  1.00000000000000000
 -0.00320159107056875  0.00070667481028068  0.00461494069113011  0.01157422599420676
  0.02071256636024599  0.03837649306943446  0.05603105029979891  0.07191549955063829
  0.08755123360761177  0.10343638264650754  0.11971871031836101  0.13296844888622100
  0.13849481346298989  0.14402117803975878  0.14954754261652767  0.15470276125670482
  0.15881192926109894  0.16292109726549309  0.16703026526988723  0.17095114933720340
  0.17426833958905535  0.17758552984090734  0.18090272009275932  0.18421991034461127
  0.19815650322681741  0.21281138065629424  0.22767740987730084  0.24585291816060639
  0.26755045137205691  0.28964682645156409  0.30439842245849835  0.30974492611703347
  0.32231300406209634  0.33127436464775434  0.34541609034803400  0.35345940304986356
  0.36099879549885328  0.36611031956875340  0.36950609129718748  0.37234570816633550
  0.37640766846252111  0.38519310812767127  0.39396832665992165  0.40264866904297086
  0.40804588621276366  0.42057679911277324  0.43542747742180021  0.46323597582570902
  0.48623835434917945  0.50468554583405034  0.51985716954929662  0.52766418418489425
  0.53593738723335949  0.54435947334977197  0.55278956444403959  0.56483355147994674
  0.56712847532592758  0.56850490020882483  0.57086253372841000  0.57335237544817852
  0.57698914696360581  0.58092912940107000  0.58726693707890509  0.60240386356354081
  0.61859715680678795  0.63857160651925760  0.66351151520797458  0.68809212352137528
  0.70862416301908582  0.72211776643487213  0.72739431958711687  0.73180443121207372
  0.73680793226539454  0.74306307430189689  0.74940190597114553  0.76534922932906613
  0.78531935377642459  0.79951223398373894  0.80762969424183251  0.82481446470727116
  0.83683059175404351  0.84096816879431902  0.84503714505586158  0.84893289793808224
  0.86471904227676710  0.89170183331137276  0.91738833305090495  0.93433039280728314
  0.94307846476963297  0.94750328215991708  0.95253278436173694  0.96091231288448475
  0.96809008058965962  0.97530317525751264  0.98610516477462240  1.00000000000000000
  0.15126808708125217  0.99247383474918183  0.99385244539701378  0.99461075083714501
  0.99494761748661431  0.99509128728561325  0.99517709293018142  0.99525569016636972
  0.99539254662921628  0.99560354209682878  0.99592028155730772  0.99608896228451194
  0.99622361959462546  0.99645438321709512  0.99671138638548196  0.99697505483926985
  0.99715639280938229  0.99720979486337880  0.99725668283216029  0.99726704173871183
  0.99728218938984714  0.99730158166361882  0.99733959311115783  0.99738172427809613
  0.99743996097770848  0.99747485363076571  0.99750070512147160  0.99752933120971321
  0.99756555166631955  0.99763503680463672  0.99771308574914452  0.99777203518469593
  0.99781931079153252  0.99787508156891502  0.99792227803724609  0.99794454400820398
  0.99796362942927797  0.99798306055560482  0.99800400412814905  0.99804507302814494
  0.99806299104187157  0.99806827109989060  0.99807355115790974  0.99807883121592889
  0.99808490352116197  0.99809430311623204  0.99810370271130222  0.99811310230637229
  0.99812250190144236  0.99813635273679957  0.99815151444922379  0.99816667616164800
  0.99818183787407222  0.99821874130248922  0.99828931023154854  0.99833564978552114
  0.99836321875064038  0.99838527281725076  0.99840157226985204  0.99841175481477629
  0.99842245837069421  0.99843237403976293  0.99844526544240764  0.99846038346540444
  0.99847716978523238  0.99848959945100690  0.99849823875363231  0.99850965628338439
  0.99852922256404231  0.99856445225136226  0.99860759936531540  0.99866211046466036
  0.99869433978928435  0.99871954082376357  0.99874464566350429  0.99876485470693011
  0.99878031897393482  0.99879434712186010  0.99880627080772866  0.99881882708934400
  0.99883677544939220  0.99886592596121015  0.99892425008685470  0.99898029521534770
  0.99902365799953985  0.99909309980354677  0.99916916801880673  0.99924832021861532
  0.99932923180411815  0.99939708630081536  0.99944041151710550  0.99949360620523142
  0.99961408059634116  0.99973655589326937  0.99986827794663469  1.00000000000000000
 -0.03333197092635263  0.07509608761402237  0.14723172197436962  0.16591875151482854
  0.20841447921216455  0.27227890537794991  0.31594669510994799  0.33618571365736755
  0.35024903186508027  0.36583802763110840  0.37290561692611185  0.38073704857864793
  0.38872722148831806  0.39968989616110034  0.41109040094044652  0.42315434636581778
  0.43271968409166917  0.43610662741019179  0.43918440779843443  0.44190557926394175
  0.44409639756985286  0.44740557125790031  0.45406377537609055  0.46091200880495281
  0.46532954459830456  0.46812914339654588  0.47108054776669417  0.47507649188091217
  0.47920983617746449  0.48366768021596557  0.49088554777074966  0.49992351566736343
  0.50848818265476958  0.51323350688002400  0.51479830035278207  0.51667660331225795
  0.51837210925282140  0.52022622828770759  0.52227328987344057  0.52701163861621791
  0.53235564524454926  0.54020147856430201  0.54224056630504891  0.54401899262982367
  0.54577695605224652  0.54821848245010729  0.55420653155804156  0.56097613811327440
  0.56699080360378817  0.57252239782391867  0.57837460731166357  0.58586896412490630
  0.59426691667483289  0.60362387527740513  0.60758970774111221  0.61065665033933048
  0.61559627408472428  0.61870686950119569  0.62197971896265969  0.62575816585006927
  0.63027542369170830  0.63500465859574740  0.64013398748239314  0.64389874319305840
  0.64702084323526310  0.64924569625131434  0.65147054926736558  0.65369540228341683
  0.65594841438679741  0.65837282416393283  0.66079723394106826  0.66322164371820369
  0.66564605349533912  0.66868326417437018  0.67184869654106183  0.67501412890775347
  0.67817956127444512  0.68389517766729979  0.69386496500126549  0.70797438699193682
  0.72430500958780053  0.73875914211139515  0.75012342171392421  0.75751101893656858
  0.76121162333003345  0.76390661857555597  0.76723646241931531  0.77192202545479283
  0.77996707406914356  0.79261900881482805  0.80400375845805772  0.81641930866925105
  0.83151249384634407  0.86955161958693084  0.92833337050929665  1.00000000000000000
   1.3985099886864898E-017  -1.0000000000000000     
 T F F F F F F F F F F F F F F F F F F F T F F F T F F F F F F F F F F F T F F F T F F F F F F F F F F F F F F F F F F F T F F F F F F F F F F F F F F F F F F F F F F F F F F F F F F F F F F F F F F F F F F F F F F F F F F F F F F F F F F F F F F F F F F F F F F F F F F F F F F F F F F F F F F F F F F F F F F F F F F F F F F F F F F F F F F F F F F F F F F F F F F F F F F F F F F F T F F F F F F F F F F F F F F F F F F F T F F F T F F F F F F F F F F F T F F F T F F F F F F F F F F F F F F F F F F F T F F F T F F F F F F F F F F F F F F F F F F F T F F F T F F F F F F F F F F F T F F F T F F F F F F F F F F F F F F F F F F F T F F F F F F F F F F F F F F F F F F F F F F F F F F F F F F F F F F F F F F F F F F F F F F F F F F F F F F F F F F F F F F F F F F F F F F F F F F F F F F F F F F F F F F F F F F F F F F F F F F F F F F F F F F F F F F F F F F F F F F F F F F F F F F F F F F F T F F F F F F F F F F F F F F F F F F F T F F F T F F F F F F F F F F F T F F F T F F F F F F F F F F F F F F F F F F F T F F F
  <DiscreteSampler_grid>
  grouped_processes
  1 # 1 for a reference and 2 for a running grid.
  10 # Attribute 'min_bin_probing_points' of the grid.
  1 # Attribute 'grid_mode' of the grid. 1=='default',2=='initialization'
  0.0000000000000000 # Attribute 'small_contrib_threshold' of the grid.
  0.5000000000000000 # Attribute 'damping_power' of the grid.
 # binID   n_entries weight   weight_sqr   abs_weight
    16   10   2.176864632892094E-022   4.288585331880674E-043   2.176864632892094E-022
    17   10   2.176864632892103E-022   4.288585331880717E-043   2.176864632892103E-022
    19   10   3.722868283309555E-022   9.704276175541066E-043   3.722868283309555E-022
    20   10   3.722868283309566E-022   9.704276175541157E-043   3.722868283309566E-022
    22   10   6.177114473381037E-022   1.889448379286364E-042   6.177114473381037E-022
    23   10   6.177114473381050E-022   1.889448379286371E-042   6.177114473381050E-022
    28   10   2.176864632892094E-022   4.288585331880675E-043   2.176864632892094E-022
    29   10   2.176864632892103E-022   4.288585331880720E-043   2.176864632892103E-022
    31   10   3.722868283309556E-022   9.704276175541073E-043   3.722868283309556E-022
    32   10   3.722868283309565E-022   9.704276175541154E-043   3.722868283309565E-022
    34   10   6.177114473381031E-022   1.889448379286360E-042   6.177114473381031E-022
    35   10   6.177114473381049E-022   1.889448379286369E-042   6.177114473381049E-022
    40   10   2.176864632892092E-022   4.288585331880675E-043   2.176864632892092E-022
    41   10   2.176864632892103E-022   4.288585331880717E-043   2.176864632892103E-022
    43   10   3.722868283309551E-022   9.704276175541049E-043   3.722868283309551E-022
    44   10   3.722868283309571E-022   9.704276175541168E-043   3.722868283309571E-022
    46   10   6.177114473381037E-022   1.889448379286364E-042   6.177114473381037E-022
    47   10   6.177114473381062E-022   1.889448379286378E-042   6.177114473381062E-022
    52   10   2.176864632892091E-022   4.288585331880675E-043   2.176864632892091E-022
    53   10   2.176864632892101E-022   4.288585331880713E-043   2.176864632892101E-022
    55   10   3.722868283309558E-022   9.704276175541076E-043   3.722868283309558E-022
    56   10   3.722868283309570E-022   9.704276175541168E-043   3.722868283309570E-022
    58   10   6.177114473381050E-022   1.889448379286372E-042   6.177114473381050E-022
    59   10   6.177114473381062E-022   1.889448379286378E-042   6.177114473381062E-022
    64   10   5.534369106684992E-023   2.078697549375461E-044   5.534369106684992E-023
    65   10   5.534369106685008E-023   2.078697549375478E-044   5.534369106685008E-023
    67   10   3.005933845225753E-023   6.652661181939294E-045   3.005933845225753E-023
    68   10   3.005933845225763E-023   6.652661181939354E-045   3.005933845225763E-023
    70   10   2.685077640900371E-023   4.765353729731974E-045   2.685077640900371E-023
    71   10   2.685077640900381E-023   4.765353729732012E-045   2.685077640900381E-023
    76   10   5.534369106684982E-023   2.078697549375456E-044   5.534369106684982E-023
    77   10   5.534369106685002E-023   2.078697549375476E-044   5.534369106685002E-023
    79   10   3.005933845225754E-023   6.652661181939295E-045   3.005933845225754E-023
    80   10   3.005933845225765E-023   6.652661181939355E-045   3.005933845225765E-023
    82   10   2.685077640900371E-023   4.765353729731973E-045   2.685077640900371E-023
    83   10   2.685077640900381E-023   4.765353729732014E-045   2.685077640900381E-023
    88   10   5.534369106684988E-023   2.078697549375460E-044   5.534369106684988E-023
    89   10   5.534369106685006E-023   2.078697549375478E-044   5.534369106685006E-023
    91   10   3.005933845225752E-023   6.652661181939294E-045   3.005933845225752E-023
    92   10   3.005933845225765E-023   6.652661181939355E-045   3.005933845225765E-023
    94   10   2.685077640900370E-023   4.765353729731974E-045   2.685077640900370E-023
    95   10   2.685077640900382E-023   4.765353729732014E-045   2.685077640900382E-023
    100   10   5.534369106684986E-023   2.078697549375457E-044   5.534369106684986E-023
    101   10   5.534369106685002E-023   2.078697549375476E-044   5.534369106685002E-023
    103   10   3.005933845225753E-023   6.652661181939297E-045   3.005933845225753E-023
    104   10   3.005933845225765E-023   6.652661181939356E-045   3.005933845225765E-023
    106   10   2.685077640900372E-023   4.765353729731974E-045   2.685077640900372E-023
    107   10   2.685077640900381E-023   4.765353729732016E-045   2.685077640900381E-023
  </DiscreteSampler_grid>
