 -0.00000161128759181  0.00001230956401888  0.00001498222645735  0.00001843535809837
  0.00002269673257202  0.00002529787440818  0.00002653666284815  0.00002763289877758
  0.00002802026747156  0.00002840119555676  0.00002867675517897  0.00002895231480118
  0.00002920993827587  0.00002946319384001  0.00003008703885661  0.00003073429702823
  0.00003121035963899  0.00003170554040175  0.00003224214561656  0.00003259727160687
  0.00003306097080413  0.00003373222136549  0.00003417529267537  0.00003449863011304
  0.00003470539244729  0.00003489821792611  0.00003507123817641  0.00003528597093284
  0.00003578290978719  0.00003670999760163  0.00004230605643884  0.00006313473752666
  0.00006383810996991  0.00006439868814186  0.00006489785037559  0.00006540082973721
  0.00006589831613741  0.00006637615270193  0.00006697334544302  0.00006772425043180
  0.00006874236005686  0.00006976758114703  0.00007074043791576  0.00007181615143028
  0.00007288049893590  0.00007388686585475  0.00007561873702135  0.00007746521749990
  0.00007931501504843  0.00008056243473883  0.00008127420680073  0.00008197576089969
  0.00008266803277973  0.00008345711360406  0.00008431696629088  0.00008581465376676
  0.00008796785703672  0.00009010339509640  0.00009229197590534  0.00009454196830774
  0.00009656350604556  0.00009850147174288  0.00010040078940525  0.00010186563997286
  0.00010400516769533  0.00010645989522651  0.00010921818183291  0.00011458639905027
  0.00011980575343851  0.00012586619385534  0.00013283034312838  0.00014544218168650
  0.00015356962742462  0.00016105763931827  0.00016707731674659  0.00017372691946538
  0.00018074171781395  0.00019682867491308  0.00021572992860598  0.00023815081833574
  0.00025590210382987  0.00027684861203007  0.00029897067157702  0.00031713125589805
  0.00034040320886710  0.00042557270874962  0.00056606242002457  0.00070177825299949
  0.00082810985192998  0.00099831709900328  0.00125826570736397  0.00182230206585360
  0.00285259857767140  0.00501032860705715  0.03177188291695616  1.00000000000000000
 -0.00008141255839879  0.00071423721316120  0.00105806134469502  0.00127209093951288
  0.00151503361642713  0.00190593903149959  0.00243239438659711  0.00282808191909639
  0.00299735816586050  0.00316935579675511  0.00334273507825620  0.00351552203721949
  0.00371194936989042  0.00396701754492852  0.00408330559978373  0.00419973334480334
  0.00434537952876571  0.00448616936425853  0.00454845852755622  0.00462614370757250
  0.00477642041694144  0.00493318871856115  0.00510624022533389  0.00521983063025683
  0.00527574092230788  0.00531816198679631  0.00537400946061417  0.00542647985429299
  0.00564408391631923  0.00587057689473414  0.00600825343828696  0.00618939632306755
  0.00641359176523931  0.00650541427935093  0.00660730010657973  0.00675957809559707
  0.00684364101875592  0.00691811179013845  0.00699894488731099  0.00708262042656799
  0.00718901609927938  0.00731205305830103  0.00759908742066210  0.00786654612991735
  0.00811967901838824  0.00843119618243229  0.00873813796812982  0.00903950005269283
  0.00939454331676180  0.00976232661778380  0.01014426847853253  0.01059769971660439
  0.01107256871919995  0.01149553901941829  0.01201701148687293  0.01267307263823073
  0.01329772157775337  0.01385080917853849  0.01424448905899560  0.01453643420346130
  0.01478724413621658  0.01490188414260683  0.01501461772199338  0.01512524687994451
  0.01523838129520849  0.01535269419014424  0.01556539539349603  0.01598476283865813
  0.01639960520507236  0.01674673948403955  0.01704303167915068  0.01734907229903402
  0.01758465403233413  0.01774796905473683  0.01787050833245387  0.01797095672277477
  0.01809501360164447  0.01822624127016168  0.01841252326375570  0.01868694800050504
  0.01896453253285153  0.01927775559328144  0.01979417852854221  0.02044575268226174
  0.02110617286067489  0.02172312904332499  0.02223780503770427  0.02264042713492801
  0.02300238137933475  0.02346808389667021  0.02395084270575465  0.02429041410271165
  0.02478958620392761  0.02565454727731225  0.02736207666849462  1.00000000000000000
  0.03001372217933587  0.03476288059202556  0.04071066365949527  0.04745144920335262
  0.05463420042208599  0.06226004272300224  0.07039712839994204  0.07810415399399868
  0.08927086028956653  0.09663717165151202  0.10391069843653135  0.10881743581450805
  0.11279381589428129  0.11650451539366881  0.11738515737063061  0.11855635317201409
  0.12253384835107146  0.13061879579156788  0.14221850526256088  0.15282621484652525
  0.16025140764520626  0.16879398755073993  0.17909296336820038  0.19107006986128014
  0.20381098365977066  0.22150510529390763  0.23652888299595357  0.24326823779970069
  0.25119896232041639  0.26479535611094518  0.28416531807939144  0.30230195029406176
  0.31442338670608933  0.32378195523352782  0.33202237353008474  0.34570617686459837
  0.36074887204851475  0.36788881441149857  0.37729179970237597  0.39358615038985667
  0.41090171541426040  0.43103242152615323  0.44896582858156098  0.46012475395377023
  0.47070714783030898  0.47706646521216456  0.48280290003494336  0.49143095554955335
  0.50494210874714207  0.52017271105011931  0.53258396981435141  0.54372392349445420
  0.56361820793276129  0.58007077530677786  0.59384553277400609  0.60557301857537760
  0.61808224607060569  0.62692948354418621  0.63530549916820378  0.64438607054555841
  0.65465862982067102  0.66278074273136911  0.67018148777536535  0.67758913095816664
  0.68474183109268338  0.69190091080030169  0.69923974002402112  0.70586354679989505
  0.71302985543386321  0.72044009742391191  0.72588763251832511  0.73182073451005758
  0.73806732317026269  0.74360263554456818  0.75447002589142143  0.77982878545006051
  0.79886563239402553  0.81007418767807204  0.81917864927217454  0.82664309456497920
  0.83410753985778374  0.84057436796083163  0.84698895214445769  0.85367764613990682
  0.86091616188767695  0.86890923555874722  0.87731523860309824  0.88422330950004757
  0.89145431577293899  0.89992337664506195  0.90832813677132662  0.92059897484074216
  0.93814637631432551  0.95885157879595151  0.97129182102286749  1.00000000000000000
 -0.00567983274298975  0.02602774763814638  0.04402253332043621  0.05169735324733708
  0.05956390745248669  0.07105685375943135  0.08366608365562861  0.09546548733955001
  0.10650499784909648  0.11678570080025719  0.12728696200420800  0.13801360068662316
  0.15502356672452069  0.17036238873336512  0.17997307880312055  0.19278846770503116
  0.19893606403798894  0.20215642575951603  0.20606139179279673  0.21030919114301827
  0.21552217756214911  0.22104395023669118  0.22968938345204754  0.23992356963404463
  0.24768220060547250  0.25638820531514123  0.26573173224323682  0.27609950046926590
  0.28647771134648781  0.29593054563449589  0.30278680316376205  0.30971182755028309
  0.31350443770625180  0.31515840139085977  0.31695429626551508  0.31892382511979683
  0.32066973656537578  0.32448741920291924  0.33111612086629616  0.33770012247032360
  0.34340348593456271  0.35365436015798740  0.36759016392686189  0.38266286788630521
  0.39826107226730445  0.40961676435555494  0.41733403282737436  0.42868630562336613
  0.44130896647773099  0.45306252558300075  0.46477321831499424  0.47771734683068184
  0.48817954938630137  0.49731848429298992  0.50591992351715098  0.51746013614483466
  0.52657740457846869  0.53528504698524815  0.54264516121160045  0.55077210165042356
  0.55985560615398733  0.56859746618844853  0.57872486788251942  0.58752391573720464
  0.59870007512069179  0.60873363845335815  0.62807009311091166  0.63880127685082599
  0.64623103470008980  0.65255370106187305  0.65905260446289204  0.66595395015285597
  0.67621757470675870  0.68749020610578637  0.69959370923770725  0.71438489537649130
  0.73710590788984087  0.75352511553021317  0.77295612358592203  0.79264302114963037
  0.80878032711618841  0.82167693251270923  0.83110975667399511  0.84686772554297929
  0.86289291215232489  0.88641973622184778  0.89897963376601675  0.91207139195296438
  0.92599427796971256  0.93715125306787284  0.94719829880040562  0.96052435164203387
  0.97469613037413172  0.98383298092227767  0.99220379383317903  1.00000000000000000
  0.02682394228584316  0.03150880677424376  0.03325130871222124  0.03447825375162043
  0.03556025572106462  0.03666556694646241  0.03760597181869618  0.03792341133018100
  0.03817695333792664  0.03849944856711124  0.03887104234489677  0.03917590608712188
  0.03941426777457180  0.03970446678804580  0.03998150708188736  0.04052422077702865
  0.04118292878532076  0.04187738406564896  0.04253323285919242  0.04312202190060142
  0.04381224899130259  0.04490983287069043  0.04536319238908881  0.04565669909638591
  0.04586998657590977  0.04607721810210742  0.04626944609596977  0.04663449718018054
  0.04755138503039531  0.04875675091968607  0.04945945973546959  0.04989176227605737
  0.05035725080570760  0.05074849778440470  0.05109258563609046  0.05142197820229548
  0.05169403010817887  0.05223380454725883  0.05293896966576554  0.05348242485495695
  0.05393316371903886  0.05430787699809055  0.05450453031931299  0.05475201115643942
  0.05512977314899095  0.05554877187639273  0.05606007018806972  0.05663888288434013
  0.05755663954485919  0.05829698566628232  0.05879344512772024  0.05921187845032645
  0.05963446812729328  0.06000538680099593  0.06044958912854891  0.06107313586953966
  0.06174685915565007  0.06249121865413957  0.06331305289770189  0.06425091547050434
  0.06527975521313202  0.06628844258385837  0.06740016011489078  0.06875721319141612
  0.07011499869620764  0.07249501936320651  0.07427941898913523  0.07544917131810498
  0.07627455778093055  0.07713704597902432  0.07817928233547929  0.07938605966641438
  0.08019625379597434  0.08072157333460740  0.08112217582643161  0.08132593671809379
  0.08154212707383031  0.08177677986708096  0.08202880793053660  0.08231661444510026
  0.08283450304697584  0.08564086988581629  0.08990170357179084  0.09249840641842187
  0.09447820181176740  0.09654585684106427  0.09904673690145488  0.10275107595829369
  0.10916927158522505  0.11575125993196710  0.12288291593071143  0.12964246478641051
  0.13516227162450298  0.16007501708733962  0.68063560206790319  1.00000000000000000
 -0.00558408229641753  0.00790855809513240  0.02044374409017944  0.02648475636794500
  0.03022390157525557  0.03425634195750004  0.03834767701571008  0.05094156242012319
  0.06039768810050061  0.06480849540308409  0.07220873419236246  0.08586969430022960
  0.09696529639383691  0.10177201906423763  0.11635698296513064  0.13124937180802737
  0.14034558038869757  0.15151875001925030  0.16792977764115877  0.17662146082297145
  0.18192146973709594  0.18874392190300474  0.21132971099378672  0.22297096995278257
  0.23341498368035707  0.24433625764768949  0.25627679052994173  0.26728384422344037
  0.27485463795850795  0.28000417854557347  0.28383536458068792  0.29047593194203292
  0.30106008947145763  0.31062985837016571  0.32020395876097280  0.32680707025571853
  0.33305513128627678  0.33922807034710306  0.34664905459252793  0.35258584418966332
  0.36278880399599428  0.37815473714730596  0.39909837724169400  0.41373635956094912
  0.42909855218784859  0.44551085560207365  0.46347132028110266  0.48527348589708763
  0.51014824757523791  0.53527936496114414  0.56511588518633660  0.58781751102368662
  0.60258279465426434  0.61368861106095907  0.62796741741203776  0.64222294850220274
  0.64681233333736143  0.65122332410127004  0.65977855863132828  0.66774546650367295
  0.67189833536573862  0.67321671155732743  0.67503955502731072  0.67744027115148908
  0.67985580962581971  0.68427160627466721  0.68799387573030446  0.69160658521416551
  0.69644898779454145  0.70203638693876125  0.70949493110963624  0.72248834878413482
  0.73315649929658999  0.73660742230788201  0.74061124486844365  0.74473026014216281
  0.74816244201097692  0.75286120891642450  0.76502092567071189  0.78308430561229736
  0.79457432209341117  0.80592102980954394  0.82136061424977558  0.84367954400943290
  0.86969247407085570  0.90773013521541135  0.92771460953742046  0.94789063354491920
  0.96047108453187013  0.97072437991263005  0.97900280087517111  0.98464403239410414
  0.98842112294401752  0.99224106349746755  0.99612053174873383  1.00000000000000000
 -0.01142820064009775  0.04336455626269111  0.07558062771102554  0.09413248447932027
  0.10545396613527271  0.11189888529131901  0.11684591113966805  0.11974553573161840
  0.12273492125074656  0.12547153367957367  0.12835332628894905  0.13218316738822664
  0.13445463088394813  0.13639191430647926  0.13957635537969637  0.14286546047866386
  0.14681818347443973  0.15206346786129257  0.16496431078267731  0.18729379505948349
  0.20419772583430584  0.22089819475595712  0.24099166124390431  0.25880414043104083
  0.27433228514589070  0.28849813900190685  0.30528672778842803  0.32590608774426533
  0.34023613760652005  0.35064373029217638  0.35906087223507621  0.36490233244737846
  0.36911287772185569  0.37369420067872366  0.37831698604743697  0.38327342702907935
  0.38767919788509336  0.39266876897327047  0.39646045521531559  0.39980340311727958
  0.40356771005032960  0.40934152929005918  0.41555638858233312  0.42066820066188260
  0.42981200384640678  0.44621584648259083  0.45387296411519523  0.46024985558224563
  0.46711873340839161  0.47321807873665628  0.47827163159092745  0.48500660231673981
  0.49335895874343977  0.50491940775739608  0.51417385873509880  0.52409597168590549
  0.53596077457083946  0.55152959142514080  0.58039442783448614  0.60954965111080817
  0.62180116707049160  0.62775673796090448  0.63051432966255483  0.63562600709877204
  0.64048372673018339  0.64621488378466196  0.65283404141818657  0.65814422569317999
  0.66882833365702954  0.68040787545026937  0.69282960795853521  0.71354622443362536
  0.73774854236870957  0.75459115519856801  0.76478333073923910  0.77757225941377273
  0.79262230953411239  0.80347339609977841  0.81044253747371431  0.81623899955467916
  0.82665745925749790  0.83897380092526175  0.85628092864436745  0.87466564997961005
  0.90015017521617602  0.91545533708550342  0.92894052453749565  0.93884419020372600
  0.94395490267383309  0.94856268997536997  0.95281587991229078  0.95635647942053703
  0.96229883712504749  0.97129218130201977  0.98177473306050067  1.00000000000000000
 -0.00091669603661234  0.00576569478571832  0.01334795600759281  0.02132305610444625
  0.02891599965782974  0.03668008394575437  0.04529447455685903  0.05204255786854986
  0.05737623372121045  0.06327717316842991  0.06944051112471893  0.07583834927522426
  0.08248068039859176  0.09007700379661554  0.09979281553380077  0.11559388804074212
  0.13407316584759088  0.14568884213740216  0.15298902638727602  0.15946421166387861
  0.16635959771607212  0.17339534203832990  0.18238938388536510  0.19242502266945236
  0.20694252669796120  0.21999924797529574  0.23128606090456988  0.24258422466324073
  0.25434909840172304  0.26647486977151702  0.27874470944508245  0.29080273438756882
  0.30146550920540671  0.30937718739019554  0.31667379488148439  0.32543486358524959
  0.33866532237044322  0.35068123806780072  0.35959969311925111  0.36914657565616321
  0.38269803267308655  0.39523518924876255  0.41180297033553481  0.42924537441433513
  0.44910274318693927  0.46960544544823046  0.49510508347952209  0.51509275739302707
  0.53019499441811069  0.53777121463542144  0.54704826326336320  0.55363914576813256
  0.55825702526282839  0.56290747785134299  0.56867509465844923  0.57692412184065456
  0.59695286436373396  0.63710371569587343  0.66579908659906983  0.68568759334435125
  0.70840163436376247  0.72088613320180406  0.73133821142376343  0.74116740116099433
  0.74966962848264718  0.75805831491233722  0.76798800118037769  0.77499639148934063
  0.78096107795675496  0.78722637582576960  0.79375190853281441  0.80090690823594712
  0.81098422978229989  0.82238315228315872  0.83849102097690087  0.85697301822559779
  0.87334481875295256  0.88134261621140897  0.88576628946281288  0.88868223755898557
  0.89152548746415461  0.89865565932259583  0.90922863981985447  0.91899762725443368
  0.92906090557186238  0.93570350334224983  0.94397024093552229  0.95349650507234285
  0.96130590056013043  0.96846714078869189  0.97231577800445446  0.97592343476717880
  0.97907568942359202  0.98408667676271167  0.98979525891597087  1.00000000000000000
 -0.00143128876248924  0.00643051366802442  0.01184951489823011  0.01811645972508426
  0.02620373321773869  0.03875305607558158  0.05041444817134485  0.05914335728934927
  0.06615117232862069  0.07267129350193260  0.07913665018780246  0.08764649116892674
  0.09753905666851043  0.11022191461843385  0.11656623970324456  0.12068485463930263
  0.12597443579575290  0.13559856090566441  0.15362337232390094  0.17055141877180738
  0.18161058923307452  0.19045363441429899  0.19826023693688691  0.20549845026716976
  0.21087104339543225  0.21467893184473802  0.21869817117957097  0.22556262323924400
  0.23305241469973914  0.24182821513424832  0.25594893746859565  0.27891749638001079
  0.31009157205008014  0.33777427857315584  0.36438693185753013  0.38081903564326580
  0.39132033272083117  0.40214612409826300  0.41233992031698591  0.42227744217427610
  0.43660563605175151  0.45813946097672148  0.47611125906324980  0.48915457867056472
  0.50088220001659900  0.51243844570428743  0.52031587542239865  0.53102503704467074
  0.54724710637843321  0.55416454198353715  0.55755600578011733  0.56070827249225630
  0.56376669238973653  0.56730050059314152  0.57094082737440344  0.59058837758157523
  0.61088562060585583  0.63278851117695978  0.64422931030345487  0.65552537278206469
  0.66368601300625185  0.67982656933946095  0.70318153469814326  0.71567590756102528
  0.72424844355179807  0.73122581440411771  0.73832338985538759  0.74443202255309182
  0.75015418187177640  0.75573193384779613  0.75995193707584929  0.76673726273487408
  0.77084177845081914  0.77473399302530366  0.77991802505886221  0.78636406589368502
  0.79852286775870918  0.81159424653283996  0.82189197675988290  0.83978622314130835
  0.85216752092350001  0.86417967365773907  0.87656764878990112  0.88939711290352330
  0.90253291077868802  0.91067605368161808  0.91850106231411766  0.92573598705456572
  0.93281845955962817  0.93840527566264953  0.94322268490056105  0.95065708431928975
  0.95982838819154215  0.97066988124232811  0.98651242117761817  1.00000000000000000
 -0.00383142897546083  0.00265755167725003  0.00914653232996089  0.01609280382153959
  0.02445714447173761  0.03282148512193563  0.06059886444088550  0.07496274019475657
  0.08693924623242363  0.09300015033048248  0.10067899524416239  0.11091705831166827
  0.11843354741105834  0.12352903223419510  0.12890422360094106  0.13458972565132396
  0.13933751474924977  0.14310738630072470  0.14816380300212498  0.15416230204218850
  0.16036596710966941  0.16570948658346088  0.17647578343112430  0.18863271491038153
  0.19777778191813686  0.20982268781054969  0.21549716197734090  0.22092027671559869
  0.22599250541369309  0.23125221713280497  0.23857308042139555  0.25143718471228116
  0.26781973285123584  0.28292151962220696  0.30043220108682184  0.31526398042847542
  0.32922760470918561  0.34165039799058211  0.35755195909094523  0.36560513472315243
  0.37420379159547079  0.38280793996480522  0.39211513706980172  0.40415611554852582
  0.40804626782742787  0.41412121444356165  0.42612110155899269  0.44322034241741115
  0.45680340364891481  0.46602514361686492  0.47432483897422650  0.48201307721237613
  0.48947573569156816  0.50054220098205471  0.51275483182625881  0.52085069885490243
  0.53242895668920076  0.54356545092826347  0.55194881952261365  0.56240775812448973
  0.57454312184497336  0.58675612368832086  0.59902471788439748  0.61471360757659987
  0.63214270895327362  0.64262567372513535  0.65542689312066005  0.66680891365598882
  0.67163601288620123  0.67578381727510972  0.68114738920153495  0.68730803288094944
  0.69079346239320805  0.69414481663250904  0.70809425253235314  0.71763983605903792
  0.72477626313074117  0.73021015116777288  0.73609305310066186  0.74282040147852979
  0.75724491040928354  0.77886842884743623  0.79983699820790455  0.81724018576641966
  0.83323077043612614  0.85012051426946245  0.86965980099816131  0.89688859276874255
  0.92560336647952923  0.94900522341206206  0.96057595688710773  0.97058684828583552
  0.97783064766237215  0.98446437938315190  0.99048814987456757  1.00000000000000000
 -0.00729595983655037  0.03313659798129141  0.05449860998851153  0.07543459720998155
  0.09511287397452914  0.10741353336037392  0.11881036645018195  0.12893961009840299
  0.13601575854452688  0.14181907008545561  0.14965352980634578  0.16263197430203685
  0.17365906564583772  0.18589965330527930  0.20061412823491415  0.21464001061224494
  0.22788861896079282  0.23733255347809751  0.24517137279580492  0.25498046337154950
  0.26571639658840690  0.27207192050448598  0.27628070271669680  0.27940974736651264
  0.28208081912211891  0.28463680153936377  0.28701159550921240  0.28954559359131166
  0.29312597059685053  0.29844644056610664  0.30195390774393471  0.30441066014460505
  0.30666558234962199  0.30786590229738120  0.30874704469434955  0.31041951634220560
  0.31216135285832108  0.31396750845300120  0.32096687828533343  0.33102291468736600
  0.35385978606607432  0.37761152574132295  0.39744993470195694  0.41752520281625655
  0.43420180115072271  0.45168417479539602  0.47271018690849947  0.50127791962224444
  0.53726314833229050  0.55905017126029122  0.56912049338748305  0.57565873590992744
  0.58136012143508253  0.58673545665953242  0.58947835308999064  0.59402451250769095
  0.60457196769611721  0.61635923165124851  0.62855411727618271  0.64342790746473122
  0.66561069712648113  0.69133685075880058  0.70144178019415948  0.71129614480071368
  0.71668957429769964  0.72210576479913535  0.72775530774493058  0.73423303419725028
  0.74440917874042445  0.75470014899281657  0.76362210471769887  0.77332687461457650
  0.79078314767802782  0.80524983543345929  0.81825188201406529  0.83227263510273775
  0.84162087145493536  0.84854679338954164  0.85479135446574095  0.86256186872346452
  0.86942197975142455  0.87762106531331041  0.88451959072627073  0.89056725032292172
  0.89820854890695401  0.90461400169159822  0.90730121959838617  0.90847466992150894
  0.90980556363676723  0.91178708496988681  0.91518233403428018  0.92197689430857044
  0.93096899779559295  0.94338950761334928  0.96578118264721491  1.00000000000000000
 -0.00451536959173096  0.02508526007439395  0.04128102825923705  0.05634270037240157
  0.06725122090842087  0.08323459856883268  0.10360067629326219  0.12656346964647391
  0.15335889977595230  0.17815557680890795  0.19077071737960519  0.19675977083517968
  0.20220627669676122  0.20738926318654458  0.21077318315332011  0.21329474880372959
  0.22012550293790178  0.23160249949328643  0.24173873461223300  0.25295100492452771
  0.26494777640513051  0.27814346861645939  0.28402001612792049  0.28783250750568068
  0.29231097166937092  0.29754071349345246  0.30988451433555453  0.32242036108992733
  0.34090190496384770  0.35978295202332461  0.38005751028465884  0.40285319389480062
  0.41516720423210801  0.41925839091541289  0.42321564728115585  0.42978008705720239
  0.43744268677572484  0.44420481477580642  0.44879901746585787  0.45385762152533415
  0.45924922150974545  0.46513745932287365  0.47276641835746119  0.48381765319638143
  0.49555066218242988  0.51047629741946143  0.52284390024217275  0.53700298483671660
  0.54774350915365377  0.55703946564366402  0.56903776194875577  0.58517808394279724
  0.59997393022924272  0.61548274199934294  0.62963172897305286  0.63822615919979986
  0.64654198589289058  0.65721143148905681  0.67326080707311131  0.68712799138253844
  0.70096818016066109  0.71596963933316138  0.72148479791978071  0.72940811660474447
  0.73711167488611062  0.74055531968658916  0.74458864924848422  0.74963056257790783
  0.75476799084695800  0.76044872652541817  0.76612946220387834  0.77078631058163827
  0.77550486504925753  0.78162998409324014  0.79052709500892993  0.79781122611858857
  0.80807157501631377  0.82022417503015865  0.83470042247031206  0.84749190636164595
  0.85444453155098532  0.86109863717039548  0.86760334520432247  0.87367708173218617
  0.87804007301393638  0.88157221412547349  0.88602833499116929  0.89230886491278849
  0.89860184040084712  0.90543954392354242  0.91227724744623762  0.92727754673432039
  0.94495755869655984  0.96113885404307686  0.97661315065509369  1.00000000000000000
 -0.00271590240845476  0.01615327098045902  0.03005178124234422  0.03804739815693162
  0.04473590585713217  0.05111347934339360  0.05741906720593330  0.06369504398294103
  0.06996526335556788  0.07685593219164187  0.08433322230528426  0.09429364740334971
  0.10384649234909707  0.11296419198001557  0.13164604428763316  0.14584050830497361
  0.15389585222511717  0.15926267029746682  0.16821789286150618  0.18165119570917251
  0.19326937626773405  0.19983243085874611  0.20535113243100836  0.20889081246026486
  0.21332316705899507  0.21911441473436186  0.22964014925414339  0.23761017380107102
  0.24217746756640046  0.24659054690055210  0.25270196924018301  0.26472485518986161
  0.27727070872662957  0.29111823436336243  0.30925390759975235  0.33194983277564027
  0.35418020161261776  0.36632004424195680  0.37667410963800207  0.38627997287911015
  0.39840100694036112  0.41742897571145299  0.43456739251421539  0.45417097357386133
  0.46508715510963200  0.47715626447693904  0.49230765329593851  0.50588112720063327
  0.51748101927839341  0.53053542135680054  0.53571365713299679  0.54041862475785929
  0.54638390329288489  0.55126707085111848  0.55446499425045170  0.55911793575983093
  0.56513637424227370  0.57442013460822317  0.58660626193878318  0.60025150863961407
  0.61395012086134781  0.63256483054875623  0.63973484267857139  0.64796438956449465
  0.65431833382585081  0.66227445516029970  0.66946964062784087  0.67521915790110243
  0.67990331320500774  0.68425492749831240  0.68781858823521291  0.69156997734247350
  0.70375934526746742  0.72110623440468236  0.74494065573537960  0.76615598819813802
  0.78433213379702416  0.80115723968730324  0.81805479666017789  0.83500696992996448
  0.84876645773061532  0.85992507353828518  0.87300976578713529  0.88833053421708474
  0.90652616908203942  0.92048127494646170  0.92553578511546997  0.93108721147672413
  0.93636876908223632  0.94214325099512042  0.95038088067730764  0.95755688209780798
  0.96423693030275481  0.97180214781021468  0.98357852424450165  1.00000000000000000
 -0.00136214614244906  0.00630644637525652  0.00797241871854516  0.00944669760212728
  0.01035893225881145  0.01127850888147250  0.01221536281200204  0.01339994620064731
  0.01505314529945527  0.01671986050019406  0.01841622837323086  0.02337165898089049
  0.02591402711041425  0.02799327482549977  0.03084500689640335  0.03557867872185542
  0.04317717313858926  0.04923424851067516  0.05768336264783455  0.06563584586315592
  0.07195872478495943  0.08014283402936986  0.08887984956359317  0.09832941134337048
  0.11414177977626609  0.13163423902009322  0.14924926038522665  0.16965375994187248
  0.19905969868247622  0.21926955340082327  0.23190229562998504  0.24045656022755579
  0.24915366878227607  0.25638309595437220  0.26205555276432929  0.26686542230276122
  0.26910448828288513  0.27195395750964435  0.28114280359461769  0.29028845324621960
  0.30393091905369279  0.31566061687886326  0.32844692102327905  0.35691079291576516
  0.40683357152638011  0.43615095096531936  0.44969991963510625  0.46389834341474478
  0.48017652194651744  0.50411342326931485  0.53776614407716394  0.56911157903665210
  0.60052025144756405  0.65250045960808134  0.68934707102983095  0.70056356718700530
  0.71109982934220706  0.71829096750880284  0.72505361174859850  0.73006756270626116
  0.73825351764161828  0.75209147178594482  0.75943698907913815  0.76528976392148351
  0.77018547842333496  0.77720924400477986  0.79178600717905534  0.80416984660816426
  0.81891345899473211  0.83467295474500314  0.84771055810720319  0.86105127293464834
  0.87563085515223171  0.89062679503365638  0.90023266810863933  0.90906314366482655
  0.92057090297133903  0.93169995595329158  0.93791267314050375  0.94295363033563551
  0.94767204187631371  0.95214767369923670  0.95618280270170841  0.96100163281861173
  0.96613682282596947  0.96834153312062632  0.97295289241891370  0.97550076006687625
  0.97668251165174702  0.97787834045575217  0.97907813718655068  0.98048191126612594
  0.98222904315093074  0.98616174904407927  0.99042743753826690  1.00000000000000000
 -0.00731421460106589  0.03019692845473266  0.05743628141420870  0.07470807971934740
  0.08919578118246552  0.09773315204131770  0.10468607726754074  0.11492687591574152
  0.12316858376302432  0.13025406165247283  0.13978767535935752  0.15001515314063646
  0.15869322590318669  0.16745977584000360  0.17835911929909362  0.19213486707740068
  0.20973246222452835  0.23504854970900257  0.26564285702521739  0.27526691926590346
  0.28422047464217143  0.29317667659997021  0.30234494043736415  0.30730817272203714
  0.31136336792059421  0.31495793834246133  0.31841847238719911  0.32184466692079844
  0.33090288066506807  0.34215516534599705  0.35352828989188079  0.36401020578929238
  0.37145106789873200  0.37889193000817167  0.38692172309028094  0.39517177389384123
  0.40405515456933594  0.41422895646921792  0.42543825899612936  0.43968440159633082
  0.44954692081593844  0.45941125846423003  0.46898757995990953  0.47797242871223178
  0.48517729351542732  0.48989502179165223  0.49492117666596946  0.50195709346565109
  0.50605007824158743  0.51070323999133915  0.51527305335142692  0.51996938821763594
  0.52651173230001147  0.53185001095141371  0.53748646999484939  0.54288957305223706
  0.54663004375003321  0.54997423086194785  0.55681307741574648  0.56439876929485500
  0.56918501073968508  0.57941174683004315  0.59767774181740840  0.61692223231501297
  0.63844039950906295  0.65462285451976643  0.66615003174321008  0.67730026037087787
  0.69040924614565746  0.70288610341088154  0.71344160548280489  0.72309930536338163
  0.73179894162060810  0.74179856380841880  0.75534551875281741  0.76592499474256481
  0.77553814204891314  0.78584549809888837  0.79786603769374598  0.81181199186499597
  0.83271482814657327  0.84366650112379471  0.85365340591069505  0.86044936786317960
  0.86734383316350183  0.87736094527179453  0.88947898224640620  0.89863208972150266
  0.90996678198122982  0.92004834610533848  0.92910599289602824  0.93710085241255103
  0.94873274942391383  0.95847478986913315  0.97006557724577080  1.00000000000000000
 -0.00289624211606685  0.02624957112268968  0.04857739247775397  0.06456081360887328
  0.07576328101063920  0.08361670245297659  0.09192011048061151  0.10221325954757723
  0.11427754791699789  0.12546285404420005  0.13890479333302830  0.16254419196941575
  0.18767534152301285  0.21228977754803768  0.23338031111602511  0.25119903280723749
  0.27082750779996595  0.28546177731099992  0.29838095119011032  0.31471361167899703
  0.32742339734445064  0.33765709355292767  0.34846076919860358  0.36369729973652465
  0.38470901232246596  0.40342699951199279  0.42203876118575362  0.42639501621252929
  0.43363125332272351  0.44071831405526785  0.44817183382034731  0.45228893769978223
  0.45923213109270061  0.46745122177343162  0.47736470587925639  0.49676010670649973
  0.50396393612749779  0.51116776554849586  0.51850240811961279  0.52589208202108351
  0.53342027309714757  0.54122760609097709  0.54903493908480672  0.55534657029160583
  0.56028242461181454  0.56352350639405024  0.56567588333357632  0.56821321015250992
  0.57707537694121513  0.58987462905729537  0.60261626714460848  0.61374488884655165
  0.62324260511638352  0.63494520828307699  0.64538818073101667  0.65567074315656793
  0.66622977902607705  0.68081137835080929  0.69595083644123590  0.70593981031134678
  0.71207682632966385  0.71653928106340481  0.72073811336850446  0.72535227745399000
  0.72888411728842184  0.73484669558046090  0.73999909401241437  0.74373470156627164
  0.74889971799396593  0.75565067023323007  0.76344824338864647  0.78141293753089203
  0.80246366686831960  0.81982948161300773  0.83311003448314680  0.83995775182297483
  0.84328946405001204  0.84622362043081534  0.84897820013150327  0.85245310382379691
  0.85711730480240922  0.86290244437762409  0.87039641944617319  0.87648686441620416
  0.88852140372608146  0.89581984716078666  0.90277232679651254  0.90937654507365961
  0.91738204080728847  0.92834133982948774  0.93548686894406086  0.94330649913038322
  0.95574108524681944  0.96892261489126108  0.98446130744563065  1.00000000000000000
 -0.00439245789956334  0.01949054804329072  0.02545118109509281  0.03143001752896612
  0.03749118554266494  0.04349589017755489  0.04930240519186592  0.05597680641420630
  0.06504546136916957  0.07434498551564428  0.08767911374888571  0.09514736688356730
  0.10251470517017974  0.10972292890823213  0.11601171874335059  0.12103166504251438
  0.12660515841696859  0.13244979655535510  0.13749199358290456  0.14206390528736401
  0.14937014681570590  0.16365406039148012  0.17810559817229324  0.19320424479727000
  0.21389961324462806  0.23327805231480631  0.24494469245540665  0.25357678684785462
  0.26226555640910165  0.27291030302258112  0.28994847945103636  0.31087884102904539
  0.32997610030193986  0.33954589637564259  0.34333648595306065  0.34757568575848691
  0.35501545800050072  0.36234074084793999  0.36810442756254963  0.37606271568017535
  0.38331673065218896  0.38771972038985741  0.39479973025275183  0.40795391689241428
  0.42495346580103738  0.43079579281951047  0.43399011368685769  0.43795134478434589
  0.44536578775445768  0.45362610146339538  0.46176583939073368  0.47112306397352405
  0.48290904943771007  0.49792616715452120  0.51756617227593671  0.54352455904457120
  0.56819823585589213  0.58760861829206101  0.60221397382003572  0.61490472273548247
  0.62424248463303877  0.63438428469774910  0.64520060920111155  0.65678548979408380
  0.66869487449967835  0.68239775360515809  0.69483459278131199  0.70685721296052884
  0.71155917060906371  0.71513342181253781  0.71845269444511328  0.72285797834663679
  0.73133381395299568  0.74132994858077605  0.75247588385155773  0.76495378879897447
  0.77935503586865007  0.79092011427983033  0.79535746145666908  0.79906138613855648
  0.80275349610264812  0.80740571852837062  0.81461816548635391  0.82506954661609044
  0.83913311323261852  0.85268337515222847  0.85870969698302901  0.86709689934946810
  0.87960817343363584  0.89657060350676643  0.91110774088145563  0.92210239272012773
  0.93410305660203463  0.94704719257925152  0.96682670592903874  1.00000000000000000
 -0.01225442657846624  0.32342494767215552  0.37563563553417423  0.41247498763886825
  0.44935544302381258  0.47655473781202035  0.49486017728926618  0.50642784783533490
  0.51720959701179847  0.53082537860639833  0.54551458196345848  0.56034756852545831
  0.57519228270084277  0.58829088263198137  0.59975564420542316  0.60769506961300890
  0.61129922534232550  0.61411165074536223  0.61922523941726637  0.62425426018415142
  0.62950685659920813  0.63374727308201362  0.63683648023329531  0.64541963234096023
  0.65762003358134125  0.67155836636069688  0.68370677646584355  0.69297777098458280
  0.70167194839928193  0.71043874812232843  0.72002043407756655  0.72636096399731576
  0.73061974727847467  0.73720499970133446  0.74423913034165301  0.75381241507091279
  0.76236798573658826  0.76993624963152707  0.77484201989344281  0.78012086724822505
  0.78572801633978906  0.79099909497767162  0.79714900997574845  0.80485307179201293
  0.81104908817552024  0.81545738635097920  0.81980667414494701  0.82237807863728285
  0.82491596392925515  0.82768920257418699  0.83104790855760380  0.83546231951662542
  0.83845904899108159  0.84024921731452784  0.84212814823832316  0.84477873089571709
  0.84670819566705391  0.84848340859336890  0.85003378190189105  0.85154488366112169
  0.85285658590716051  0.85412673201853551  0.85503908677402030  0.85595171366799050
  0.85686500404811650  0.85789438960883369  0.85904419775956553  0.86085334808558067
  0.86194614405227843  0.86266905393326021  0.86332351185029255  0.86396320903976564
  0.86466852412781592  0.86554484894952965  0.86707901349558569  0.86932899603448310
  0.87207206543505156  0.87463176141124055  0.87738846947487370  0.88180773412241964
  0.88728050903353095  0.89101374518117393  0.89390420218560340  0.89650863710564666
  0.89788538093577874  0.89932253233430948  0.90092743239257878  0.90253233245084807
  0.90416481542554106  0.90580169696448565  0.90789798175654546  0.91142057939000221
  0.91604991673987346  0.92390339790414011  0.94648260749305035  1.00000000000000000
 -0.04312307609325149  0.20522855865667528  0.24389058640517988  0.26671606095549488
  0.28283860793997029  0.30474054969126041  0.31859803153120692  0.32904573727633341
  0.33446276929581176  0.33880048292747211  0.34382263006409775  0.34906005145688856
  0.35340536956765350  0.35745422321326026  0.36881550315871620  0.38085866890449127
  0.39594914401102815  0.41166940467151220  0.42498332057402333  0.43286232562562904
  0.43812293902053778  0.44299213014488847  0.44771129389878717  0.45275208943912498
  0.45933302090552158  0.46679419093721503  0.47480365165994259  0.48340647152815136
  0.49101169181207516  0.49987579399312077  0.50746231014785770  0.51477186444403222
  0.52330774603830432  0.53428070741892841  0.54199279690281499  0.54748685550291920
  0.55218045461893217  0.55635846339630624  0.55996496852482680  0.56432102877584056
  0.56757981321812545  0.56929085686086589  0.57411960326811362  0.57989707845175831
  0.58602726039704489  0.59512016000429913  0.60364801255366640  0.60692889112777182
  0.61014735025329225  0.61322822947136368  0.61618582208842154  0.62009005636609593
  0.62342517247047791  0.62629667198071293  0.63021877796354142  0.63593526890863949
  0.63928606696493562  0.64166001817188856  0.64388236828790879  0.64601174139797279
  0.64810282679039655  0.65058052644939324  0.65416852274139947  0.65775651903340571
  0.66159938407078678  0.66547795915422137  0.67070046953725015  0.67762002415876132
  0.68439373557998473  0.68766853511743820  0.69134648099803564  0.69611926113238420
  0.70110336082568236  0.70695055592466183  0.71269574646951117  0.71583094386285984
  0.71929096844098173  0.72363642209829460  0.73034878553069671  0.73582018738680066
  0.74027171509070933  0.74619375298006108  0.75516610720580302  0.76466221820374669
  0.77238295372121091  0.77819364980373729  0.78166381340940694  0.78396513444846416
  0.78802958361721576  0.79320835861220651  0.80099530877865210  0.81320534858801352
  0.82932644441709891  0.85028138735282188  0.88846630784124225  1.00000000000000000
   4.6570958086588578E-019  -1.0000000000000000     
 T F F F F F F F F F F F F F F F F F F F T F F F T F F F F F F F F F F F T F F F T F F F F F F F F F F F F F F F F F F F T F F F F F F F F F F F F F F F F F F F F F F F F F F F F F F F F F F F F F F F F F F F F F F F F F F F F F F F F F F F F F F F F F F F F F F F F F F F F F F F F F F F F F F F F F F F F F F F F F F F F F F F F F F F F F F F F F F F F F F F F F F F F F F F F F F F T F F F F F F F F F F F F F F F F F F F T F F F T F F F F F F F F F F F T F F F T F F F F F F F F F F F F F F F F F F F T F F F T F F F F F F F F F F F F F F F F F F F T F F F T F F F F F F F F F F F T F F F T F F F F F F F F F F F F F F F F F F F T F F F F F F F F F F F F F F F F F F F F F F F F F F F F F F F F F F F F F F F F F F F F F F F F F F F F F F F F F F F F F F F F F F F F F F F F F F F F F F F F F F F F F F F F F F F F F F F F F F F F F F F F F F F F F F F F F F F F F F F F F F F F F F F F F F F T F F F F F F F F F F F F F F F F F F F T F F F T F F F F F F F F F F F T F F F T F F F F F F F F F F F F F F F F F F F T F F F
  <DiscreteSampler_grid>
  grouped_processes
  1 # 1 for a reference and 2 for a running grid.
  10 # Attribute 'min_bin_probing_points' of the grid.
  1 # Attribute 'grid_mode' of the grid. 1=='default',2=='initialization'
  0.0000000000000000 # Attribute 'small_contrib_threshold' of the grid.
  0.5000000000000000 # Attribute 'damping_power' of the grid.
 # binID   n_entries weight   weight_sqr   abs_weight
    16   10   3.265322070525228E-021   9.847743110977872E-041   3.265322070525228E-021
    17   10   3.265322070524951E-021   9.847743110975256E-041   3.265322070524951E-021
    19   10   1.691301203604756E-021   2.743185283933690E-041   1.691301203604756E-021
    20   10   1.691301203604766E-021   2.743185283933261E-041   1.691301203604766E-021
    22   10   4.103693607563364E-021   1.518992922319554E-040   4.103693607563364E-021
    23   10   4.103693607563228E-021   1.518992922319361E-040   4.103693607563228E-021
    28   10   1.670766705371693E-021   1.458653485466197E-041   1.670766705371693E-021
    29   10   1.670766705372666E-021   1.458653485466508E-041   1.670766705372666E-021
    31   10   1.483252674437300E-021   1.017951356770561E-041   1.483252674437300E-021
    32   10   1.483252674441474E-021   1.017951356774623E-041   1.483252674441474E-021
    34   10   4.178488600868905E-021   4.898514188817148E-041   4.178488600868905E-021
    35   10   4.178488600873534E-021   4.898514188831252E-041   4.178488600873534E-021
    40   10   3.265322070525326E-021   9.847743110978476E-041   3.265322070525326E-021
    41   10   3.265322070524953E-021   9.847743110975273E-041   3.265322070524953E-021
    43   10   1.691301203604738E-021   2.743185283933635E-041   1.691301203604738E-021
    44   10   1.691301203604781E-021   2.743185283933320E-041   1.691301203604781E-021
    46   10   4.103693607563290E-021   1.518992922319500E-040   4.103693607563290E-021
    47   10   4.103693607563205E-021   1.518992922319341E-040   4.103693607563205E-021
    52   10   1.670766705371718E-021   1.458653485466225E-041   1.670766705371718E-021
    53   10   1.670766705372732E-021   1.458653485466522E-041   1.670766705372732E-021
    55   10   1.483252674437309E-021   1.017951356770561E-041   1.483252674437309E-021
    56   10   1.483252674441469E-021   1.017951356774618E-041   1.483252674441469E-021
    58   10   4.178488600868932E-021   4.898514188817151E-041   4.178488600868932E-021
    59   10   4.178488600873516E-021   4.898514188831256E-041   4.178488600873516E-021
    64   10   3.265322070525198E-021   9.847743110977722E-041   3.265322070525198E-021
    65   10   3.265322070524948E-021   9.847743110975291E-041   3.265322070524948E-021
    67   10   1.691301203604769E-021   2.743185283933762E-041   1.691301203604769E-021
    68   10   1.691301203604769E-021   2.743185283933281E-041   1.691301203604769E-021
    70   10   4.103693607563365E-021   1.518992922319560E-040   4.103693607563365E-021
    71   10   4.103693607563146E-021   1.518992922319295E-040   4.103693607563146E-021
    76   10   3.265322070525179E-021   9.847743110977589E-041   3.265322070525179E-021
    77   10   3.265322070524926E-021   9.847743110975124E-041   3.265322070524926E-021
    79   10   1.691301203604757E-021   2.743185283933719E-041   1.691301203604757E-021
    80   10   1.691301203604766E-021   2.743185283933272E-041   1.691301203604766E-021
    82   10   4.103693607563350E-021   1.518992922319550E-040   4.103693607563350E-021
    83   10   4.103693607563140E-021   1.518992922319291E-040   4.103693607563140E-021
    88   10   1.670766705371687E-021   1.458653485466181E-041   1.670766705371687E-021
    89   10   1.670766705372685E-021   1.458653485466547E-041   1.670766705372685E-021
    91   10   1.483252674437300E-021   1.017951356770559E-041   1.483252674437300E-021
    92   10   1.483252674441494E-021   1.017951356774642E-041   1.483252674441494E-021
    94   10   4.178488600868924E-021   4.898514188817163E-041   4.178488600868924E-021
    95   10   4.178488600873556E-021   4.898514188831276E-041   4.178488600873556E-021
    100   10   1.670766705371699E-021   1.458653485466201E-041   1.670766705371699E-021
    101   10   1.670766705372740E-021   1.458653485466538E-041   1.670766705372740E-021
    103   10   1.483252674437310E-021   1.017951356770562E-041   1.483252674437310E-021
    104   10   1.483252674441488E-021   1.017951356774641E-041   1.483252674441488E-021
    106   10   4.178488600868929E-021   4.898514188817140E-041   4.178488600868929E-021
    107   10   4.178488600873541E-021   4.898514188831285E-041   4.178488600873541E-021
  </DiscreteSampler_grid>
