 -0.00000003412983475  0.00000032366101083  0.00000129606052187  0.00000221474183382
  0.00000323529601348  0.00000429033907929  0.00000568653944025  0.00000720864937621
  0.00000979964985906  0.00001175939982247  0.00001296732075350  0.00001370133749418
  0.00001420754651202  0.00001487623451046  0.00001563495254123  0.00001657496226508
  0.00001767307071325  0.00001893858007229  0.00001938908066863  0.00001958222887295
  0.00001971564614802  0.00001983770314592  0.00001994863230144  0.00002005985502868
  0.00002019333212368  0.00002033552918815  0.00002042275927912  0.00002050657609907
  0.00002061694983003  0.00002096662377328  0.00002157357769385  0.00002224817777935
  0.00002275128122530  0.00002295728986570  0.00002333511585620  0.00002377464331756
  0.00002402861419460  0.00002420483451695  0.00002436592109912  0.00002455994626199
  0.00002484244790996  0.00002511125035289  0.00002528142754244  0.00002545823013935
  0.00002566788087643  0.00002589777131586  0.00002601357012260  0.00002612936892934
  0.00002624516773609  0.00002639474834100  0.00002656118346232  0.00002672761858364
  0.00002688663169293  0.00002701411119312  0.00002714159069330  0.00002726907019349
  0.00002743859644604  0.00002761037929547  0.00002775792893639  0.00002790707181819
  0.00002890823277150  0.00003108911488698  0.00004736527040178  0.00005016662449193
  0.00005208923048551  0.00005389354552031  0.00005613351047941  0.00005979000639995
  0.00006388332842598  0.00006770779349020  0.00006980256746801  0.00007189734144582
  0.00007344120462119  0.00007495941212274  0.00007600373494432  0.00007695271026538
  0.00007864098089961  0.00008068351093639  0.00008301352567321  0.00008557509855744
  0.00008714297668523  0.00008871085481302  0.00009326583876712  0.00009795336464528
  0.00010544519640881  0.00011378313444036  0.00012576557405152  0.00013731449212672
  0.00014782398814253  0.00016994893603263  0.00024852006762963  0.00036410043727620
  0.00048065501543598  0.00164802260033108  0.02155059669086637  1.00000000000000000
 -0.00007428055179646  0.00092797466544252  0.00129275548172631  0.00149477527996525
  0.00158981536805878  0.00174037632299128  0.00182381317346837  0.00199619952506344
  0.00233652529644882  0.00269554106162878  0.00294325367899494  0.00317250550657384
  0.00341862943025394  0.00370279154574852  0.00416502743095246  0.00471801133784674
  0.00527551323911632  0.00579269936879612  0.00632659004231285  0.00665553271350992
  0.00682547401646674  0.00691983224909487  0.00698700242339880  0.00704226758768627
  0.00709958589808184  0.00716980213754477  0.00726849920167579  0.00743261940658739
  0.00749412222723120  0.00754126071133764  0.00760612731578536  0.00774213123902760
  0.00794773641923497  0.00842734722262613  0.00880023184772414  0.00920450098018970
  0.00969920424698034  0.01025721450843340  0.01060011787736963  0.01067508096049204
  0.01072022277309065  0.01076679679156961  0.01081463523202775  0.01094905946938980
  0.01112212706863425  0.01129853312883870  0.01142885905789348  0.01156289615898539
  0.01163169447892752  0.01167474594918001  0.01170995233155387  0.01174573210471633
  0.01176093907167264  0.01176687798784370  0.01177281690401477  0.01178507590328309
  0.01180629442346950  0.01182751294365591  0.01185033397610199  0.01190970209634745
  0.01196907021659290  0.01202843833683835  0.01209216508118820  0.01231711847155226
  0.01254207186191633  0.01277299624779262  0.01300560547158782  0.01320695425628398
  0.01336291488406782  0.01351582030249047  0.01365421691984028  0.01383893961990453
  0.01409912718365018  0.01476260045914886  0.01496496937246326  0.01505916343680821
  0.01517482158072987  0.01532416723877785  0.01545053625177252  0.01554871812487049
  0.01565262118704250  0.01574509057211611  0.01583844296169440  0.01592608251311825
  0.01600330568945743  0.01604565505667403  0.01607587321632298  0.01610632294072987
  0.01613690102220717  0.01616756301374043  0.01619828579967160  0.01625908975936979
  0.01677303391741321  0.01755810543862160  0.01910288123119369  1.00000000000000000
  0.02606046588262353  0.05088316712653269  0.06969146661785265  0.08362778753470272
  0.10652153002973584  0.12029777720100553  0.12768270357283371  0.13651584316973642
  0.14936441025120278  0.16722232619686078  0.18437611761389050  0.20063696080506821
  0.21998685916499092  0.23707282336739374  0.25201829665504161  0.26513353165098608
  0.27389985611468604  0.28714249948956688  0.30647245960450553  0.32706558712922285
  0.34343424438581022  0.35980364992804043  0.37343947035435299  0.42180971569675041
  0.45729885728980979  0.48006504623646179  0.49474737743674124  0.50074423911192401
  0.50559923478708346  0.50925761906917499  0.51018329448915267  0.51110896990913046
  0.51203464532910825  0.51347883872997535  0.51494679989437564  0.51641476105877593
  0.51792675730953763  0.51948926221331237  0.52105176711708701  0.52261427202086175
  0.53302561032218843  0.54279719532443604  0.54919672476422288  0.55559625420400971
  0.56208347778992496  0.56858242247232715  0.57508136715472935  0.58163557636436458
  0.58825763734331260  0.59487969832226062  0.60162158196935034  0.61356346668505601
  0.62550535140076158  0.65365924097083938  0.68525205995505878  0.69038176667635409
  0.69399717637688874  0.69723733421599843  0.70109817508688188  0.70648089912032641
  0.71121531608882393  0.71579344064030326  0.72072458746293422  0.72480605165320189
  0.72604467987654986  0.72672747847928210  0.72831355375617068  0.72975665092663933
  0.73071092163227702  0.73115293521506419  0.73160738369453393  0.73186670787367514
  0.73207615291708894  0.73297003506502378  0.73420710275257373  0.73663368781800476
  0.74125895299933087  0.74741286147102437  0.75354993545741389  0.75870120671191787
  0.76601295962298888  0.77750788069721333  0.79431926614480441  0.81308358092363009
  0.82521091995613760  0.83663352773666044  0.84718224382370577  0.85458414428663076
  0.86349311264663409  0.87709053859933106  0.89285388391775156  0.91341997952104681
  0.93043616373147353  0.95491998080637264  0.97083333102891634  1.00000000000000000
 -0.00000005411151867  0.00000075955592047  0.00000201209129489  0.00000332149818991
  0.00000479790525924  0.00000574946545276  0.00000735387644146  0.00000793501312235
  0.00000852222855014  0.00000914592443564  0.00000998525896436  0.00001134563041819
  0.00001333520579023  0.00001468595132889  0.00001570832548440  0.00001671178675934
  0.00001735764520754  0.00001800350365574  0.00001853850938507  0.00001889873752935
  0.00001925896567364  0.00001969341398880  0.00002027288814189  0.00002090142080893
  0.00002156726746620  0.00002286448483395  0.00002345515746527  0.00002391335332944
  0.00002431649076710  0.00002464510303703  0.00002494790000250  0.00002525130949976
  0.00002550388074937  0.00002565696520356  0.00002581312994466  0.00002604505175664
  0.00002627697356863  0.00002650438929735  0.00002673008797879  0.00002703423828747
  0.00002748645800432  0.00002793501569006  0.00002848929401506  0.00003045342077602
  0.00004602297783096  0.00004912737297682  0.00005071604034137  0.00005134620512833
  0.00005197636991529  0.00005260653470224  0.00005301984175218  0.00005342409056663
  0.00005382833938108  0.00005419318090573  0.00005450077160437  0.00005480836230301
  0.00005511595300165  0.00005613411786764  0.00005749152723912  0.00005896682599407
  0.00006023426256374  0.00006087100061025  0.00006137109810671  0.00006245781376599
  0.00006379400450214  0.00006450006609228  0.00006512826425029  0.00006571108996581
  0.00006624001382181  0.00006678763383717  0.00006756960527052  0.00006918672212702
  0.00007258787455279  0.00007732574959783  0.00008041933298857  0.00008297672381320
  0.00008560306049402  0.00008791783779999  0.00009100654072718  0.00009581018625414
  0.00010315445585732  0.00013218268856751  0.00017706613493094  0.00023560455752020
  0.00025659754004427  0.00027678282267312  0.00029379103688277  0.00031379947696472
  0.00034435507129367  0.00038105850525554  0.00049700444863151  0.00076139644371566
  0.00116552520828154  0.00215261005123913  0.46848120437650265  1.00000000000000000
 -0.00000923578339494  0.00007942612028582  0.00013986461320412  0.00016635623795271
  0.00018739444611712  0.00021706522394419  0.00022319852897206  0.00022925491198272
  0.00023495139449927  0.00024104428240579  0.00024847096470890  0.00026044443091571
  0.00028464154673725  0.00032487539498541  0.00035347627555617  0.00039098137471404
  0.00041371434555338  0.00042341592886104  0.00043311751216870  0.00045633485010068
  0.00048413855864941  0.00051194226719813  0.00053143324383028  0.00055032029467783
  0.00057874045591671  0.00068772439000752  0.00080243286319467  0.00089359957871014
  0.00105475194381602  0.00130077113518006  0.00149633431047977  0.00159455431995525
  0.00165566497176768  0.00170338980910341  0.00174146921748284  0.00177370228865233
  0.00183926870850015  0.00190119026624558  0.00199013877507126  0.00213224255042609
  0.00230182798211474  0.00245147426162232  0.00282801496260657  0.00349561005774231
  0.00408780647552458  0.00496271731895708  0.00732964600087155  0.00978292955761897
  0.01196948377712461  0.01377563801001230  0.01548568250069000  0.01716944079411621
  0.01749741260115840  0.01786737301106600  0.01824007575917232  0.01859010650111904
  0.01897718600882997  0.01920938967449204  0.01934054967417525  0.01944151108631355
  0.01952270808331734  0.01958327926696806  0.01960767213191445  0.01964279942016354
  0.01967733995525281  0.01971656464890406  0.01976515403594829  0.01980979459432728
  0.01984001704584825  0.01986957062410776  0.01990290515620967  0.01993499910116314
  0.01995960233106014  0.01998315897619822  0.02000681004425095  0.02003295853975141
  0.02006210867643904  0.02008924700522860  0.02011254437459151  0.02013337693643916
  0.02015325771611555  0.02017371513130188  0.02019510708661703  0.02022319409831208
  0.02025608420809925  0.02031177559041106  0.02036412825077931  0.02041648091114757
  0.02048590125154139  0.02056610721931149  0.02067189205509361  0.02110431512657793
  0.02153673819806226  0.02445128557854500  0.59648008654918749  1.00000000000000000
 -0.00132201708332801  0.00719760836140560  0.01480713588539718  0.01884623205067581
  0.02675594915869329  0.03589375447251996  0.04160557642506073  0.04763741330246899
  0.05603519980192917  0.06561676128377084  0.08276019755735621  0.09429362825550619
  0.10671801098348356  0.11446218744096968  0.12249536889590168  0.13386898812540943
  0.15769266047967748  0.18712877056875818  0.19687470425856324  0.20120521541898445
  0.20370703344091226  0.20676224079001151  0.21974703886933022  0.25168224238741571
  0.27906565505094372  0.29122902827287606  0.29525732757297679  0.30064231924297752
  0.30634553192767255  0.30990348459467487  0.31252505856920221  0.31520361106087219
  0.31798046260379559  0.32075785291293324  0.32353894960071189  0.32632004628849054
  0.32884965243974851  0.33134827072041390  0.33384851409467303  0.33635118670859282
  0.33885385932251255  0.34135680473770036  0.34385977536788359  0.34821643310202022
  0.35386175856307739  0.35860229477210953  0.36362008723562600  0.37096811240972383
  0.37841283307223539  0.39337964349071247  0.42201865397170968  0.43766308402349702
  0.44184853844650079  0.44502552049643024  0.45223649357106727  0.46371259746233051
  0.46934942463369561  0.47059045636104319  0.47166726821833471  0.47274408007562618
  0.47507340960032013  0.47946223820468992  0.48385106680905970  0.48823989541342944
  0.49356597948467262  0.49906235333655635  0.50455872718844008  0.51376609268158502
  0.52973324818527023  0.53553580599383732  0.54095622447635994  0.54826376502164831
  0.55575131949654577  0.56064685506403766  0.56483031697540842  0.57314758549509448
  0.58207756095679797  0.58744042913244399  0.59098222974028092  0.59464804690444828
  0.59865759294848908  0.60277595132312145  0.61136964112625902  0.62526422960207573
  0.64685952775046096  0.68242223689656667  0.71670924329619035  0.75044803285708117
  0.79330528950045121  0.83801741064587665  0.87079516079600616  0.89370029036981247
  0.91323178696022611  0.93782968997480864  0.96891484498740366  1.00000000000000000
 -0.00224596854231326 -0.00001966303854411  0.00220664246522505  0.00443294796899420
  0.00665925347276336  0.00961178676848692  0.01273902872259205  0.01586627067669718
  0.01891997568856593  0.02176794155255124  0.02461590741653655  0.02746387328052186
  0.03376180069281794  0.04160095266585046  0.05025346308374656  0.06079357086235995
  0.07412154401516867  0.08943568211610642  0.10839498718325453  0.13149715202869167
  0.16134008338569208  0.18192059137023658  0.19315577961327857  0.20255460050018492
  0.21131879392275355  0.22066909123101919  0.23449389534867102  0.25417220203922331
  0.27656746802295767  0.30052351984234693  0.31697075952757880  0.32827971431862146
  0.34347977067679614  0.36542506195746299  0.39945331676604234  0.41347590118014582
  0.42313465680211648  0.43434737150388880  0.44726806790289736  0.47832671030056362
  0.51079007408471944  0.53810432003961017  0.56292232680741727  0.58984504568987262
  0.59646479360961036  0.60281981432045872  0.60886571369987608  0.61522472417476737
  0.62543649518983924  0.65644347234805867  0.68164068272093281  0.69972887135147233
  0.71804727573387062  0.73459870861072807  0.74607962473183720  0.75465289368989696
  0.76332413488246043  0.76732533138103276  0.76788299789674264  0.76881154730291168
  0.77014542498685423  0.77266292980040585  0.77761725659406800  0.78564810185990208
  0.79436871342127091  0.80241837884149103  0.81306807257254687  0.81918769911817302
  0.82520795405430469  0.83043629967303467  0.83627822254142303  0.84060516642197114
  0.84481774798911968  0.84834472346871825  0.85120095892250647  0.85433892913715948
  0.86075461919327478  0.87309525183412595  0.88785977292978757  0.89945789922056762
  0.91271656777330346  0.91737357830163857  0.92195270872918555  0.92570885644537548
  0.92924804429028141  0.93226064269006648  0.93490851865317848  0.93755639461629048
  0.94261678428589368  0.94919802005146703  0.95477160664664729  0.95866634486738023
  0.96312001381457590  0.97284513823946028  0.98165736992855990  1.00000000000000000
 -0.00394898979690655  0.01139997269995331  0.02688510831578387  0.04106466534773950
  0.05171277354533164  0.08069183946915733  0.10592588431883394  0.12307437023243183
  0.13770455470978626  0.16154818104019708  0.18740166815463694  0.20897976282378672
  0.21954944766739970  0.22524024092002284  0.23192336834646157  0.23656601081058701
  0.24095160439723792  0.24485946468511052  0.24698493042690250  0.24926041055039974
  0.25231907058432512  0.25882203568317869  0.26650029908418782  0.27800871949272105
  0.29062006993467793  0.30077747696912688  0.31051846704274438  0.31936564975317672
  0.32434551055046756  0.32751829733467042  0.32892350041422302  0.33032827391788022
  0.33173211396278052  0.33313570918615315  0.33453787986239403  0.33594005053863490
  0.34501436219929960  0.36235365425172777  0.37089242906569003  0.37803411664392561
  0.38750923785840585  0.41121891368278446  0.42984782178664721  0.44570292790316718
  0.46065268020018096  0.47952559854172683  0.50971874545138485  0.54461331841330773
  0.55376498013676800  0.56291664186022827  0.57206830358368854  0.58033428592745739
  0.58823902901200509  0.59614377209655267  0.60298305288443255  0.60753167771545291
  0.61208030254647328  0.61662892737749364  0.63775078803382901  0.66265988691819244
  0.66914718028508213  0.67437753644941023  0.68088977112884630  0.69244421237603704
  0.69956809446907153  0.70464690111649420  0.71098739402218769  0.71789520884937585
  0.72209188014754355  0.72389589335503812  0.72712848935024688  0.73489638819212699
  0.74806901169394402  0.76248355590480466  0.77942980718721511  0.78554687177245186
  0.79148846049021859  0.79715793959236358  0.80683880078949832  0.82143589627918734
  0.83351338638920691  0.84346130811486930  0.85633033381374435  0.86415334441013503
  0.87057354432608480  0.87672264379810694  0.88096075299230137  0.88879418914445751
  0.89703933057737484  0.90631158612669216  0.91492445969316338  0.92145146105585463
  0.93961255997016702  0.95988687549871288  0.97987873719921681  1.00000000000000000
 -0.00574725177297325  0.01308021183428650  0.02590817880534375  0.03077225678330334
  0.03859466971273958  0.04487759041889668  0.05213054414266644  0.05972030460199899
  0.06792630024497678  0.07628762261214435  0.08295036173507610  0.08880067381139774
  0.10124020617958900  0.11938764525241180  0.13631887183570382  0.15734563518669561
  0.18761636510067828  0.19612949174795355  0.19867334737441880  0.20000440184261328
  0.20144476825372828  0.20325524807466352  0.20984867307288255  0.21135736260525767
  0.21188997936234227  0.21284951077208134  0.21436395864668145  0.21587840652128160
  0.21739285439588171  0.22134176125066304  0.22794345132099955  0.23454514139133606
  0.24114683146167257  0.24708317921387235  0.25238055851282343  0.25767793781177450
  0.26521667045992248  0.29612091322481282  0.32778577660870700  0.35463136048508248
  0.37361872103403748  0.38527102993505158  0.39695880966022445  0.40646366332330541
  0.41487860346712901  0.42233915177294246  0.43055828829784104  0.44528663000062008
  0.46976081293633581  0.48441446372143887  0.49273173793483399  0.50461240874417979
  0.51653508905032663  0.52440544453287885  0.53017142393451577  0.53342183323470160
  0.53776064834325943  0.54340661370853172  0.55139573942830233  0.55783699397706277
  0.56379734938954595  0.56725264796157648  0.56793902283520048  0.56883509091497098
  0.57258940582651108  0.57634372073805118  0.58039204593485461  0.58452795198613061
  0.59543379406072550  0.61302938169277577  0.61776116447171658  0.62215459424297415
  0.62668733073678640  0.63240228739842974  0.63758199687030481  0.64229888096294396
  0.64534598252702147  0.64779927488610467  0.64958826176609497  0.65128229220497391
  0.65296015330950208  0.65587219551225062  0.65945024453725343  0.66377361232227217
  0.68278700671353276  0.70493717722551230  0.71738437142556877  0.72758856223613089
  0.73928797868600404  0.75955330376336028  0.80282871359439767  0.85325054875348472
  0.88642922851915329  0.91237443038624921  0.93957687798031453  1.00000000000000000
 -0.00350706007521975  0.01299961734006320  0.01738052511252271  0.02050199515694217
  0.02381220960412332  0.02722850219054237  0.03029974993950594  0.03284913263633637
  0.03614315771432718  0.04252573725774780  0.04871809323242941  0.05509430504368353
  0.06010484347288590  0.06462258058739251  0.06908373924158157  0.07370059219795631
  0.08008980974382195  0.08707303192744131  0.09539943854268315  0.10042116117115525
  0.10334004455244314  0.10778270381063851  0.11327835726168980  0.11971554632980132
  0.13029851014726135  0.14117904071069431  0.15059462984732447  0.16054127736188473
  0.17074104068996962  0.18119795206517611  0.19638849917119305  0.21515050410872069
  0.23518830065589713  0.26209878421454130  0.28793932798147087  0.31823199945614589
  0.33070993594098808  0.33873049625275470  0.34660868704006614  0.35194960164831862
  0.35474608010293479  0.35827286207622377  0.36295806918698020  0.36784063074418938
  0.37167633357363961  0.37462441860847434  0.37757250364330908  0.38052058867814387
  0.38425751905400996  0.38838152777491353  0.39250553649581699  0.39662954521672056
  0.40031589273269813  0.40390881352883640  0.40750173432497472  0.41109465512111304
  0.43114617182575904  0.44399466682214894  0.45310094318588567  0.45793797871008968
  0.46045367984809810  0.46433355253389164  0.46718389925402232  0.47002438256976775
  0.47337142930736986  0.47823155711677134  0.49596885694374954  0.52552115233144303
  0.55903144656924952  0.59096340212392007  0.62407513974344275  0.64639980262378094
  0.66505599050376540  0.67002226960213174  0.67451294455057942  0.67930102574215789
  0.68177637283398296  0.68447972440944127  0.68757823125288942  0.68955182514168223
  0.69119157983389801  0.69242319303215294  0.69928754353349831  0.71476831597961710
  0.72980802455168370  0.76415053457553050  0.79875260212369592  0.81918478990937138
  0.83961697769504695  0.85935709056898557  0.87852428170487695  0.89722829077420829
  0.91034891905470161  0.92346954733519482  0.95374147598431624  1.00000000000000000
 -0.00061522511414650  0.00127464223223479  0.00361345043157984  0.00631354084618197
  0.00847620706412594  0.01029191853080179  0.01211770252151635  0.01403431624428108
  0.01787176347585692  0.02233222596660167  0.02710494231637603  0.03221383167014445
  0.03745316215614174  0.04930455187913310  0.06429473269785335  0.07596925922398731
  0.08493401344593014  0.09279635122878348  0.10039462067838791  0.11223760577025380
  0.14082319185490616  0.17079307840933569  0.19761982656999352  0.21863656566730741
  0.24003192372733240  0.26718271178125147  0.33046338825119403  0.37778887940604106
  0.39390517191651925  0.40228195318445759  0.41409807209821242  0.44053760078197196
  0.49267103641905263  0.56559803944426046  0.61297409896140231  0.62121233852566460
  0.62774112706384277  0.63333316529769101  0.64074982395469260  0.65426247239311230
  0.66339095777820778  0.66901946699571169  0.67538637738358764  0.68323469843344786
  0.69261093505475624  0.70312694041200807  0.71722737296087857  0.72399689196733474
  0.72976041929947899  0.73761953770352306  0.74376607761878888  0.74853503755144313
  0.75318081543867743  0.75772911826813782  0.76134212145971203  0.76386272964809288
  0.76943061322494077  0.77880222779716968  0.79298656559962011  0.80040522676246206
  0.80601130417465350  0.81401217331762421  0.82365705107295295  0.84030513532560747
  0.84578267075899050  0.85081953826108569  0.85670346944508591  0.86718556059129459
  0.88305095416992474  0.89311037226797496  0.89783033494737652  0.90029329376984346
  0.90387901199460152  0.90765035662205606  0.91100241805081283  0.91337799041971124
  0.91555976292020524  0.91719220231950171  0.91882524567696011  0.92047127426656872
  0.92211730285617732  0.92619686455612737  0.92729368107739352  0.92839049759865977
  0.92948731411992602  0.93179129106304759  0.93432435620359222  0.93685742134413674
  0.93944963844614804  0.94212110214670142  0.94479256584725479  0.94751216740840527
  0.95365481915577721  0.96282949847490507  0.97855257763113690  1.00000000000000000
 -0.00381502324717250  0.01901180209241008  0.03388826453064329  0.04651515911861735
  0.05791121787120989  0.07022643595133099  0.08440618470358574  0.10241404805822237
  0.12737634656147562  0.14581571208388019  0.15983223985516870  0.18530826621161997
  0.22094085347591305  0.25576084543752936  0.27828787404348426  0.29354921322010485
  0.30819626134565165  0.32050299551595701  0.33280972968626232  0.34272053997866236
  0.35221245595509432  0.36306836658042352  0.37938689324125102  0.39438069626502181
  0.40857019506256020  0.42000046292897047  0.42818642384850980  0.43457408038110401
  0.43802509593461508  0.43889048795014018  0.43975587996566529  0.44061765020287580
  0.44145472769454602  0.44229180518621625  0.44312888267788647  0.44399743944272663
  0.44487960516827840  0.44576177089383018  0.44732704044538385  0.45267750391866191
  0.46334046566042142  0.47809207138859666  0.49092241675810500  0.49994326320108334
  0.50312787149981975  0.51002952472571261  0.51147287784420870  0.51177170794613069
  0.51208588814864731  0.51244548848739935  0.51278669703475033  0.51318050799687243
  0.51352615337034035  0.51397327341976784  0.51467291150673933  0.51822807792000358
  0.51941936739424199  0.52061065686848040  0.52451805497342774  0.53126318206004819
  0.53800830914666875  0.54701913421474258  0.55670538436092953  0.56651355433824357
  0.58058874772225977  0.59206014574499233  0.60316719550690090  0.62159269454478550
  0.64883809058350594  0.67157203304161839  0.68159281209904654  0.68785356723900204
  0.69472727445570126  0.70215948909835924  0.71066845881159824  0.72293688098619169
  0.73162823102981189  0.74583881021690068  0.75913206910121511  0.76688352453269903
  0.77538328019050939  0.78386708092221336  0.78840133799297973  0.79236782346474088
  0.79563037826070993  0.80151315887376706  0.81086592853147976  0.81896567786357055
  0.82443609807485463  0.83005819092164990  0.83895410466617704  0.86520480276149481
  0.90225675916974091  0.94156470534387837  0.96472250998921416  1.00000000000000000
 -0.00436186556890918  0.01454339671531821  0.03083823434020793  0.04215563162723854
  0.04836704117127556  0.05362245360445084  0.05839639053423508  0.06306159785603202
  0.06744435864922672  0.07182711944242144  0.07490485445852010  0.07734608533041247
  0.08010382573539927  0.08314634549253463  0.08932002810504253  0.10512144215550698
  0.13029630270311776  0.15214642090445310  0.15822907956250157  0.16218314158667996
  0.16601827407436201  0.16768660982335498  0.16818350397737691  0.17030696076466773
  0.17271273544284829  0.17520721711602277  0.17764976178951472  0.18558707156495741
  0.20014818772397872  0.22206386142288945  0.24548378294014922  0.27433453610866909
  0.29704994866355294  0.31926441956775437  0.34941163377798728  0.37484287865675497
  0.37906053646089427  0.38231691675709928  0.38624220995096331  0.39771251295734267
  0.40778096390440166  0.42092677282258467  0.43587481180968096  0.44844348288007546
  0.46142952016827848  0.47173121180043798  0.48352482020393450  0.49961656090769019
  0.51473565380041431  0.52946255306168544  0.54370089334640503  0.55580527507175281
  0.56276754647228544  0.56888948894098590  0.57183015476082755  0.57553260223270852
  0.57973704773125390  0.58481106622310519  0.58936337181936349  0.59419916440542886
  0.59907356679980217  0.60355002865751217  0.60777189911140772  0.60880978798439267
  0.60984767685737762  0.61325981407993202  0.61714748672621678  0.62312827470119259
  0.63050337546811397  0.64417026765792118  0.66882718619351567  0.68583299584356328
  0.69466787627015059  0.69749235745644278  0.69914433950268762  0.70079632154893257
  0.70262651314490476  0.70587521508329476  0.70912391702168465  0.71237261896007453
  0.71635235646135886  0.72088634145425168  0.72542032644714460  0.73026303791977920
  0.75057692332833270  0.76777631664266066  0.78564209754771597  0.80139562263957864
  0.81916248741897313  0.84748367143873948  0.88521344694085635  0.92243315732221365
  0.94800203865482946  0.96111256451118310  0.97719871181197526  1.00000000000000000
 -0.00619988911917974  0.00250638344155677  0.00993006032599761  0.01735373721043845
  0.02477741409487929  0.03182227625448336  0.03874509360035056  0.04566791094621776
  0.05289803985485966  0.06086018486955148  0.06882232988424331  0.07678447489893514
  0.10065626184404115  0.13286847928832496  0.16600223773758099  0.18827593604616955
  0.19725022770502498  0.20605509879041981  0.21586071538187401  0.22668725591604982
  0.23680884144823763  0.24232294722001119  0.24783705299178477  0.24866158004695355
  0.24898483294117191  0.25007290138657223  0.25179328436297121  0.25359936542035338
  0.25532143186102324  0.25685102434808454  0.25863725973056029  0.26051669749926720
  0.26218772604105384  0.26920746946850321  0.27368690045736360  0.27984316444355656
  0.28522976320858018  0.28975530807870092  0.29287645733105144  0.30350745459255341
  0.32151282671657222  0.34448676601710704  0.37397909768460658  0.40149425362165686
  0.42704697844118894  0.45296295339455050  0.48639188234468489  0.53544234977252425
  0.56801654755950481  0.59886966903583216  0.62235153958279865  0.63419277001380425
  0.64891028813289942  0.66721575156249624  0.68408100413242967  0.69547976360742636
  0.70241596664757489  0.70896231552390954  0.71576012576841097  0.72046384432194666
  0.72431807981055107  0.72847182963711232  0.73420152462146693  0.73980624194113476
  0.75452777447407249  0.78489780206600135  0.82390903078604405  0.84020134067920826
  0.84567793935163915  0.85127548189019275  0.85596299148110044  0.86240472080243769
  0.87457039420810412  0.88569559550946020  0.89640992809080067  0.90585973363940897
  0.91310130658464139  0.91824060207572245  0.92188396270522943  0.92548947459085051
  0.92924343355185657  0.93379887721642518  0.93752103286681343  0.94049870349145348
  0.94359054393661679  0.94529694669484876  0.94686070212257056  0.94899669388387831
  0.95180196135856432  0.95464723616684422  0.95805218590149488  0.96145713563614543
  0.96619283425196500  0.97243079227977292  0.98367234290616523  1.00000000000000000
 -0.00517392514139480  0.02318184704110621  0.04006632642183074  0.05388162784104197
  0.06475484681939007  0.08499822293224318  0.11284767947804271  0.12861315118007097
  0.14182122132136332  0.15461657100404289  0.16983874672324609  0.19146749985781031
  0.21108600874876626  0.23131143779911650  0.25175902117860688  0.26804692799111496
  0.27570999537458069  0.28161472117280900  0.28815444258973910  0.29528967229270153
  0.30151991223211855  0.30465994590906487  0.30779997958601124  0.31166855342928740
  0.31731514047314818  0.32319056551755276  0.32999170872108402  0.33679285192461522
  0.35444567612983774  0.37524753113142501  0.39639631887459881  0.41208343738054315
  0.41483736728634130  0.41632189837689276  0.41805376911290615  0.42046179872282852
  0.42292402318712941  0.42519407543116777  0.42681306420799980  0.42845189971845904
  0.43036767914362412  0.43301656571692210  0.43628721389771413  0.43972079124509034
  0.44307570097663573  0.45455680988928465  0.46342603510660207  0.46766882668939125
  0.47030158991608761  0.47301311218247000  0.47594395126321526  0.48459626848394244
  0.50783039542125896  0.51816187785664480  0.52125940740982957  0.52449959855820683
  0.52831903717581452  0.53412881291607017  0.53865950604842383  0.54287870111845615
  0.54739247111162792  0.55345660633353211  0.56099822802221633  0.57644265901529368
  0.59125894031819914  0.60237170748813185  0.61091294349911918  0.61808463972581085
  0.62791533330120775  0.63980442627493739  0.65567495776399054  0.66775874914907263
  0.68035937161450100  0.70918643076967014  0.73349238050355825  0.75217736777517852
  0.76429177493144773  0.77046136577835700  0.77663095662526638  0.78280054747217565
  0.78835977434381421  0.79372340434371180  0.79908703434360950  0.80410374827188691
  0.80790623065393707  0.81170871303598735  0.81551119541803752  0.82805364214618793
  0.84003349253883319  0.85154337066241659  0.86896209937633262  0.89970527173613979
  0.94223454749302327  0.96567458830725739  0.97747880897427220  1.00000000000000000
 -0.00151441767427666  0.00528881242055640  0.01232119670865809  0.01769186300610071
  0.02291076363451645  0.02789350526172549  0.03278002313904139  0.03522211998859427
  0.03766421683814716  0.03937401471498874  0.04065307677193398  0.04220765745684658
  0.04527282937838360  0.04851776983566469  0.05327503335815355  0.05934733277057522
  0.06378971571393401  0.06942753585396555  0.07555783725530116  0.08292622370889408
  0.08729116470993506  0.09154901202861472  0.09651188549724993  0.10150050454095876
  0.10636035867354755  0.11376387690247436  0.12216145881216880  0.13081524219645874
  0.13985471083007109  0.15015367451812386  0.16045263820617667  0.16944146400715804
  0.17645112175587582  0.18346077950459361  0.19045914828556160  0.19744899382559150
  0.20557094777547430  0.21348382471971919  0.22052163732451244  0.23386881725594702
  0.24766787148130717  0.26137043240071678  0.27522179653586637  0.29528888149658955
  0.31432488152771210  0.33091886410748372  0.34664849102652712  0.36747907299512272
  0.39319908282359795  0.43316467174571754  0.45650190536776869  0.47245552476463937
  0.48371097220051157  0.49454631846895192  0.50731695233661800  0.51736626811332620
  0.52327743576480834  0.52720178332392864  0.52866178326850732  0.52908739211937583
  0.52952916722846222  0.53024279024990184  0.53105753221864693  0.53267153787569232
  0.53413180144697714  0.53557148247371467  0.53740511477738795  0.54001467224135624
  0.54259086141261570  0.54651992283705475  0.55983949533812127  0.58109723451746942
  0.63860278324950481  0.71944747535657316  0.76021649406165315  0.77935587682194585
  0.80135368199413948  0.82091349318017692  0.83730672926858329  0.85674979147767705
  0.88240003161962877  0.89478936628887373  0.90381909225060797  0.90708036510679069
  0.91034163796297329  0.91368211023606138  0.91760153849389381  0.92152096675172612
  0.92544039500955844  0.93099588894277696  0.93752184486070389  0.94404780077863082
  0.95358139014578336  0.97687006545259036  0.98958786810144395  1.00000000000000000
 -0.00772859051019308  0.01241785280045360  0.03068736078944444  0.04428823587522622
  0.05722906754182235  0.06539782834397552  0.07208354387641307  0.08018820218631903
  0.09050917663619353  0.11057593943219499  0.14659204592604966  0.15779228468863471
  0.16047408417045783  0.16315588365228095  0.16565637084493734  0.16788933313485829
  0.17012229542477927  0.17240531507247076  0.17538816281945815  0.17837101056644555
  0.18135385831343293  0.19320880314402911  0.20628731379730580  0.22094974561781305
  0.23595047740855576  0.24671905549204745  0.26630814709643125  0.28112299956855963
  0.29262059090075609  0.30667902689017135  0.32072120992102754  0.33330093439815744
  0.34831362922187503  0.36278569303426805  0.37451043962175534  0.39856865251988899
  0.42217029098755393  0.44210463836488456  0.45633650477257959  0.47246486135044313
  0.49311002730331538  0.50485611713798273  0.51602211526630248  0.52132099258156184
  0.53109714586939027  0.55312706500957987  0.58984064564652672  0.63199441069967988
  0.66711683553085133  0.67809947514735314  0.68826085421964545  0.69661086052819843
  0.70481970743011535  0.71111163754475615  0.71740356765939706  0.73047459397169723
  0.73758586947138483  0.74200316082519746  0.74583906285687340  0.75008670031822966
  0.75812435610317330  0.78244543666986499  0.80999298564736888  0.82669557725498821
  0.84312686121193448  0.85953597785186764  0.87524307906891419  0.88448191809080756
  0.89372075711270094  0.90296813336471049  0.91221754246182196  0.92000843805929233
  0.92631777692525363  0.93199908085926753  0.93599883448776922  0.93877649156936782
  0.94127855798748739  0.94393479033294958  0.94757166720725317  0.95086720831210914
  0.95340101751647621  0.95600838784534081  0.95970845593723919  0.96168125663791904
  0.96288676654146910  0.96369687563943529  0.96445834750419157  0.96498016224453498
  0.96658698348746730  0.96848053479106921  0.97049440411604881  0.97276071971577505
  0.97442204127732268  0.97620689002858552  0.98133266923112117  1.00000000000000000
  0.01453083728304280  0.26063236294519015  0.29782446966429865  0.30656923580551548
  0.31213431255742308  0.32035336648902080  0.33070751836896534  0.34110342949722905
  0.35154258024393420  0.36789927324229277  0.39680205717911465  0.41936427154898964
  0.43214340452098349  0.44544706611027363  0.46093470452253710  0.47554652697876759
  0.48889074179258929  0.49684283008418773  0.50326632250999537  0.50917414027460550
  0.51572145620236876  0.52088078051125342  0.52675254931029514  0.53136892883954290
  0.53662295298120899  0.54027778054046183  0.54393821119865249  0.55228934704697885
  0.56513957550827165  0.57810436227062867  0.58324821195580967  0.58519630757329144
  0.58739565662555404  0.58967074089916027  0.59203798260082097  0.59838443630273097
  0.60955367091874113  0.61863793670479095  0.62240852893673104  0.62617912116867125
  0.62994760280934803  0.63355548953686880  0.63716337626438957  0.64077126299191034
  0.64408585440253519  0.64716570850227029  0.65024556260200539  0.65444748013007559
  0.67056107605728088  0.69486348050733093  0.73382475629109234  0.76036934515578258
  0.77398413632704921  0.78187491873581183  0.78924185249310641  0.79387490870455280
  0.79666535006007755  0.79938330375557076  0.80136553969452917  0.80229810181893013
  0.80409767255387021  0.80587513268322386  0.80762508130082977  0.80929500971266921
  0.81084455234136199  0.81280991994882767  0.81371760752596478  0.81462632276309033
  0.81553593387478618  0.81644825536807919  0.81761122059290059  0.81944883957088754
  0.82157481491562656  0.82544166714683442  0.82956061309380458  0.83327346027254445
  0.83510520766635687  0.84659575761879935  0.85688297776803912  0.86537878778000421
  0.87645310253723940  0.88303261731679983  0.88621878464208304  0.88980720350531284
  0.89462638877274647  0.89811160569915194  0.90131071679824093  0.90422555924898185
  0.90803236770399998  0.91108768408677776  0.91399995474393647  0.92878558620071383
  0.94694054616040235  0.96477215924212500  0.98238607962106328  1.00000000000000000
 -0.04715726129557186  0.20979231728821854  0.23468446644803281  0.25149546394176542
  0.26048186304271315  0.26946826214366087  0.27845466124460860  0.28764712361101336
  0.29697906915738193  0.30631101470375055  0.31564296025011912  0.32519096972699768
  0.33484355101917035  0.34449613231134296  0.35434956576384652  0.36589549391530468
  0.37187749095985922  0.37618128526074357  0.37924398452891850  0.38230668379709348
  0.38589687961916991  0.38954682453129874  0.39319676944342757  0.39656827535539529
  0.39983101273895438  0.40309375012251342  0.40636184864191471  0.40963314507285198
  0.41447295603188677  0.41807006122884360  0.42127101192796484  0.42447811759611542
  0.42832977324121246  0.43250013889738148  0.43519052407186848  0.43837175292520025
  0.44524550169233523  0.45265810195579875  0.46007314825892376  0.47021368573951872
  0.48238750992783735  0.48894347950609307  0.49395370703001956  0.49975529099068350
  0.51179936870835363  0.51911481952223137  0.52155647376056113  0.52440800935362564
  0.52730371273488530  0.53090837825758042  0.53554670662207104  0.54582688953015157
  0.56562258985289193  0.57584214958269697  0.57849408955035353  0.58094034684915841
  0.58274213416799381  0.58426809065465835  0.58564145504087461  0.58705400996841628
  0.58814362140618126  0.58966213929657807  0.59126829836072536  0.59192738966899727
  0.59254799386855483  0.59316888834148673  0.59384429927014581  0.59460225091373076
  0.59534877926703145  0.59624648493345855  0.59735055750381760  0.59840415999877894
  0.59959413147508445  0.60040183612317211  0.60733633270835896  0.62031312286264961
  0.63119842100654189  0.64117962242627646  0.65079466950756049  0.65293072810744079
  0.65492960100691067  0.65680264484586981  0.65939329024870663  0.66102685176341913
  0.66453228435321443  0.67074998202903569  0.67803122328739529  0.68573995048654135
  0.69574323730526400  0.70883199329769520  0.73102655524106719  0.75198546763768348
  0.77674011849748559  0.81665517043282632  0.87288956835493803  1.00000000000000000
   1.5445206651426152E-017  -1.0000000000000000     
 T F F F F F F F F F F F F F F F F F F F T F F F T F F F F F F F F F F F T F F F T F F F F F F F F F F F F F F F F F F F T F F F F F F F F F F F F F F F F F F F F F F F F F F F F F F F F F F F F F F F F F F F F F F F F F F F F F F F F F F F F F F F F F F F F F F F F F F F F F F F F F F F F F F F F F F F F F F F F F F F F F F F F F F F F F F F F F F F F F F F F F F F F F F F F F F F T F F F F F F F F F F F F F F F F F F F T F F F T F F F F F F F F F F F T F F F T F F F F F F F F F F F F F F F F F F F T F F F T F F F F F F F F F F F F F F F F F F F T F F F T F F F F F F F F F F F T F F F T F F F F F F F F F F F F F F F F F F F T F F F F F F F F F F F F F F F F F F F F F F F F F F F F F F F F F F F F F F F F F F F F F F F F F F F F F F F F F F F F F F F F F F F F F F F F F F F F F F F F F F F F F F F F F F F F F F F F F F F F F F F F F F F F F F F F F F F F F F F F F F F F F F F F F F F T F F F F F F F F F F F F F F F F F F F T F F F T F F F F F F F F F F F T F F F T F F F F F F F F F F F F F F F F F F F T F F F
  <DiscreteSampler_grid>
  grouped_processes
  1 # 1 for a reference and 2 for a running grid.
  10 # Attribute 'min_bin_probing_points' of the grid.
  1 # Attribute 'grid_mode' of the grid. 1=='default',2=='initialization'
  0.0000000000000000 # Attribute 'small_contrib_threshold' of the grid.
  0.5000000000000000 # Attribute 'damping_power' of the grid.
 # binID   n_entries weight   weight_sqr   abs_weight
    16   10   7.888163115165670E-020   5.494234009887244E-038   7.888163115165670E-020
    17   10   7.888163115167186E-020   5.494234009890019E-038   7.888163115167186E-020
    19   10   6.171107430324704E-019   3.786819270318993E-036   6.171107430324704E-019
    20   10   6.171107430324880E-019   3.786819270319219E-036   6.171107430324880E-019
    22   10   2.299703849684443E-018   5.144688748400059E-035   2.299703849684443E-018
    23   10   2.299703849684612E-018   5.144688748400863E-035   2.299703849684612E-018
    28   10   2.338091691257309E-020   1.763501134237803E-039   2.338091691257309E-020
    29   10   2.338091691256305E-020   1.763501134235987E-039   2.338091691256305E-020
    31   10   7.874586217806438E-020   5.011942937429726E-038   7.874586217806438E-020
    32   10   7.874586217805558E-020   5.011942937428683E-038   7.874586217805558E-020
    34   10   2.063809252721615E-019   3.789531462910777E-037   2.063809252721615E-019
    35   10   2.063809252721562E-019   3.789531462910595E-037   2.063809252721562E-019
    40   10   7.888163115165713E-020   5.494234009887305E-038   7.888163115165713E-020
    41   10   7.888163115167180E-020   5.494234009890021E-038   7.888163115167180E-020
    43   10   6.171107430324702E-019   3.786819270318992E-036   6.171107430324702E-019
    44   10   6.171107430324887E-019   3.786819270319227E-036   6.171107430324887E-019
    46   10   2.299703849684444E-018   5.144688748400061E-035   2.299703849684444E-018
    47   10   2.299703849684612E-018   5.144688748400860E-035   2.299703849684612E-018
    52   10   2.338091691257260E-020   1.763501134237719E-039   2.338091691257260E-020
    53   10   2.338091691256258E-020   1.763501134235909E-039   2.338091691256258E-020
    55   10   7.874586217806196E-020   5.011942937429401E-038   7.874586217806196E-020
    56   10   7.874586217805354E-020   5.011942937428393E-038   7.874586217805354E-020
    58   10   2.063809252721565E-019   3.789531462910581E-037   2.063809252721565E-019
    59   10   2.063809252721530E-019   3.789531462910476E-037   2.063809252721530E-019
    64   10   2.338091691257110E-020   1.763501134237448E-039   2.338091691257110E-020
    65   10   2.338091691256266E-020   1.763501134235918E-039   2.338091691256266E-020
    67   10   7.874586217805943E-020   5.011942937429021E-038   7.874586217805943E-020
    68   10   7.874586217805150E-020   5.011942937428117E-038   7.874586217805150E-020
    70   10   2.063809252721598E-019   3.789531462910714E-037   2.063809252721598E-019
    71   10   2.063809252721577E-019   3.789531462910660E-037   2.063809252721577E-019
    76   10   7.888163115165714E-020   5.494234009887250E-038   7.888163115165714E-020
    77   10   7.888163115167124E-020   5.494234009890026E-038   7.888163115167124E-020
    79   10   6.171107430324705E-019   3.786819270318996E-036   6.171107430324705E-019
    80   10   6.171107430324893E-019   3.786819270319236E-036   6.171107430324893E-019
    82   10   2.299703849684447E-018   5.144688748400071E-035   2.299703849684447E-018
    83   10   2.299703849684613E-018   5.144688748400867E-035   2.299703849684613E-018
    88   10   2.338091691257064E-020   1.763501134237370E-039   2.338091691257064E-020
    89   10   2.338091691256243E-020   1.763501134235876E-039   2.338091691256243E-020
    91   10   7.874586217805804E-020   5.011942937428825E-038   7.874586217805804E-020
    92   10   7.874586217805049E-020   5.011942937427966E-038   7.874586217805049E-020
    94   10   2.063809252721558E-019   3.789531462910561E-037   2.063809252721558E-019
    95   10   2.063809252721558E-019   3.789531462910589E-037   2.063809252721558E-019
    100   10   7.888163115165720E-020   5.494234009887240E-038   7.888163115165720E-020
    101   10   7.888163115167104E-020   5.494234009890011E-038   7.888163115167104E-020
    103   10   6.171107430324706E-019   3.786819270318996E-036   6.171107430324706E-019
    104   10   6.171107430324904E-019   3.786819270319249E-036   6.171107430324904E-019
    106   10   2.299703849684447E-018   5.144688748400069E-035   2.299703849684447E-018
    107   10   2.299703849684615E-018   5.144688748400875E-035   2.299703849684615E-018
  </DiscreteSampler_grid>
