 -0.00000005570373608  0.00000044465935653  0.00000100287934342  0.00000171329214900
  0.00000203179882105  0.00000234919087834  0.00000266074629221  0.00000297230170607
  0.00000322286313868  0.00000346458187864  0.00000406529326355  0.00000554186701662
  0.00000709146431359  0.00000769010139876  0.00000824051709847  0.00000872698319918
  0.00000913181642764  0.00000964883467074  0.00001025749284993  0.00001067881554745
  0.00001107557012941  0.00001133810364673  0.00001200762821387  0.00001255504832981
  0.00001272242238528  0.00001289432061298  0.00001308241596210  0.00001327051131122
  0.00001347069633028  0.00001367215043618  0.00001416449270890  0.00001505167304927
  0.00001551076659513  0.00001589652920805  0.00001645592865466  0.00001753338739508
  0.00001870828420036  0.00001973524026390  0.00002025382326392  0.00002050764503466
  0.00002076150786439  0.00002102830399036  0.00002132910584400  0.00002176175744292
  0.00002220184869915  0.00002233857748759  0.00002238740547567  0.00002246782721963
  0.00002255566307479  0.00002260895190646  0.00002267053832256  0.00002275875264350
  0.00002286023460682  0.00002291612510308  0.00002301410721713  0.00002316564754790
  0.00002331060706467  0.00002340222714025  0.00002354256195859  0.00002367813204294
  0.00002378309978280  0.00002389285400297  0.00002407521660792  0.00002419915772990
  0.00002434264958526  0.00002450253543400  0.00002465538212085  0.00002479819013319
  0.00002494053231539  0.00002514375807835  0.00002565946012840  0.00002630408272988
  0.00002693261755734  0.00002793857975774  0.00002953587361952  0.00003304350182208
  0.00003852051655257  0.00004399753128307  0.00005029448523998  0.00005668031058582
  0.00005980243501362  0.00006215266863192  0.00006559647459492  0.00007015185803964
  0.00007541076529799  0.00008138760215135  0.00009133906516128  0.00010996442458620
  0.00014224300590283  0.00017447676312849  0.00020924799841566  0.00027211677079456
  0.00060077487668757  0.00211823817431998  0.46095156229850320  1.00000000000000000
 -0.00014493396611092  0.00111346154502512  0.00182425914605167  0.00237721321831722
  0.00292951377666258  0.00355503939476882  0.00420874800520645  0.00476074640437218
  0.00518978681976076  0.00564833854842251  0.00623603661800246  0.00673242562969663
  0.00720833913784018  0.00768849534103372  0.00802459841401975  0.00821482282666654
  0.00844151820026288  0.00856542185643491  0.00868097885982991  0.00873386417991471
  0.00877029474653893  0.00881112203480247  0.00886765533811889  0.00890376468205716
  0.00893956294401629  0.00898096806693438  0.00902616028343835  0.00907298694218446
  0.00912561009259064  0.00917823324299681  0.00927564016269916  0.00940945223868623
  0.00954607755803440  0.00973583726026336  0.00983756623338092  0.00995174714138777
  0.01002375812587767  0.01005071287250863  0.01008601945960390  0.01018071058549608
  0.01029475344112938  0.01044622738661808  0.01054778933835422  0.01059956495220286
  0.01064471760109764  0.01068678143229778  0.01070030733481259  0.01071085863044354
  0.01076175443311626  0.01082070980638642  0.01088051422456517  0.01093983825409039
  0.01101448101584013  0.01112542130524900  0.01125446579660631  0.01137136889952284
  0.01146483653705680  0.01151933717304604  0.01156753147443584  0.01160934120919467
  0.01165214167753401  0.01170615887437822  0.01179345208306383  0.01189915959145283
  0.01238361828429535  0.01265580305561483  0.01284815469787487  0.01302270780836829
  0.01319812321455373  0.01333821337382782  0.01346298881871058  0.01352490065080406
  0.01360093100715870  0.01367332577131815  0.01375503007664636  0.01395122125350195
  0.01415918734264492  0.01436294702071799  0.01459861206926304  0.01476020219828985
  0.01492469288856829  0.01508873839228616  0.01520748318358277  0.01544039225021485
  0.01588866172374867  0.01620959733096766  0.01651863142481026  0.01683152895280607
  0.01714550862703235  0.01783099216799533  0.01869013149910590  0.01983669295399724
  0.02163314028485056  0.02657525626353299  0.05284223399936738  1.00000000000000000
 -0.00048702378358907  0.00878493750997080  0.01555010315071747  0.01724267044926930
  0.01819932294143999  0.01885688711113963  0.01937323168773187  0.01974172986806879
  0.01995630416773832  0.02017498458496205  0.02044004585332173  0.02066235492524220
  0.02086958277464018  0.02100857008690164  0.02114528407228988  0.02129562146392085
  0.02148885482358976  0.02161609624378396  0.02180413138977107  0.02192250174690143
  0.02200216537821405  0.02208406744756708  0.02217332661024887  0.02226511504000591
  0.02235376697332160  0.02241526020924932  0.02248175867111836  0.02261205373224378
  0.02288375773407252  0.02312544781814761  0.02329947617734353  0.02348044930462256
  0.02366768515921522  0.02385555625089644  0.02397123777397752  0.02408300678386567
  0.02416349472669826  0.02428187689802827  0.02439554886092667  0.02446601543878605
  0.02453917308636893  0.02464080784102331  0.02471596211392114  0.02476992393876382
  0.02480837853551126  0.02483132652021796  0.02484845746999477  0.02486558841977158
  0.02489083026328584  0.02492601725063813  0.02496120423799042  0.02499947677232834
  0.02505464777748248  0.02510981878263662  0.02516498978779076  0.02529368258306336
  0.02544382646014395  0.02566786888503970  0.02591086333175984  0.02605399199750116
  0.02614412708352936  0.02623627173936812  0.02634130796630399  0.02637910772580553
  0.02639390761214514  0.02640783636273752  0.02641878798898439  0.02642973961523126
  0.02644088715520102  0.02645210826748467  0.02647356679646529  0.02653743202035932
  0.02659210853417378  0.02664221651099559  0.02668803045118152  0.02673594227803159
  0.02679347249112867  0.02685804215111521  0.02693692640961232  0.02702893518240642
  0.02838524177091762  0.03026833265449176  0.03113128275022455  0.03198134832701888
  0.03316340644955627  0.03426967794938142  0.03517007821206076  0.03593054466261673
  0.03671143773144035  0.03774288915801416  0.03897892805141778  0.04144257818517946
  0.04718822260745065  0.24159529645315614  0.87808378859824110  1.00000000000000000
  0.02274955835622276  0.03076355878993803  0.03782377412828080  0.04334881577317237
  0.04849303783380377  0.05287710882722410  0.06103465961006633  0.07408836110708912
  0.08679243106540728  0.10585825410077362  0.12441680291498965  0.14262883248447808
  0.15749039795513645  0.16742495949915717  0.17233134344915363  0.17677672886931753
  0.18181532693897176  0.18853774536017970  0.20054307600316879  0.20930035934860822
  0.21727589574488188  0.22474643395427507  0.22951503230864326  0.23967174740963876
  0.25801347263556290  0.28200581272358394  0.30803278346697627  0.33106216550752515
  0.35428191116986801  0.37882906189049337  0.40170247130760139  0.42316253679382065
  0.43184914843026373  0.43440853687450037  0.43690779920606188  0.43926673078783779
  0.44163181599738954  0.44418806122993115  0.44674430646247271  0.45379117861898316
  0.45639167581554435  0.45882731902028895  0.46160057962067674  0.46489841308334034
  0.46934319508483496  0.48057949962896007  0.49468321887319699  0.50949394372825474
  0.51486272429309188  0.51779334639859032  0.52294733391696713  0.52855291301093477
  0.53434821898059703  0.54674522038045426  0.55597727549234022  0.56060458519862288
  0.56444450912617739  0.56866061355612429  0.57305238092834532  0.57778894080970855
  0.58283361327960204  0.58787828574949563  0.59327929762702325  0.59947022832995400
  0.60566115903288464  0.61124960431265707  0.61659331005675733  0.62193701580085758
  0.63109130451552298  0.64144294175551198  0.65297694407073825  0.66964010232838478
  0.68790318835809594  0.69687357093282665  0.70288961636764369  0.71398134652636702
  0.72716538437225509  0.74329519446140990  0.76717761921723404  0.77847263571537972
  0.78607754287903486  0.78981836121286364  0.79294600734950160  0.79599062708377188
  0.79974859956521693  0.80726198922017300  0.81613026526707444  0.82156957171024414
  0.82945330296473263  0.85211107325567659  0.88821843080929908  0.91279034040245199
  0.93238031995704662  0.95285323028553259  0.97199464767916910  1.00000000000000000
  0.00002295710550709  0.00012549594093754  0.00016289322662996  0.00019238714559016
  0.00022602138060562  0.00025908182056111  0.00028077150858946  0.00029986649381888
  0.00031760925256641  0.00032702482886130  0.00033554095680290  0.00034771389989681
  0.00036225572502989  0.00037611533017486  0.00039224190603774  0.00041087365880063
  0.00043077966276258  0.00044822814148832  0.00047412276952013  0.00049883798761321
  0.00051374405863657  0.00053082654407875  0.00055147587196038  0.00057867192313739
  0.00062321944240427  0.00067215149836244  0.00069732728139678  0.00071608490781955
  0.00073255820175226  0.00074807764069316  0.00076321827061768  0.00077814395113439
  0.00079566192075868  0.00081589652075754  0.00083600461109978  0.00085513134852845
  0.00087425808595713  0.00088586758391541  0.00089429199112784  0.00090781813901164
  0.00093216298133991  0.00095501670935094  0.00097646450979537  0.00099789309481651
  0.00101665209442305  0.00103036725160398  0.00104190258364780  0.00105879146338214
  0.00107359637996849  0.00109165708791399  0.00112658779957310  0.00118736517330466
  0.00126176157670362  0.00130029147782077  0.00133349524195778  0.00136632691839570
  0.00139916537990312  0.00143201825629581  0.00147236490011592  0.00151832561984290
  0.00156232920904865  0.00162961784401276  0.00174542260534833  0.00184088146731726
  0.00191871181100386  0.00202002473414503  0.00212544815183564  0.00219649612489169
  0.00226511545291060  0.00235807418917139  0.00247115304212468  0.00260606072243176
  0.00280787222197622  0.00302662533450568  0.00320222598302086  0.00336851782010148
  0.00357744554750869  0.00371840573575675  0.00380101807081579  0.00385799051699106
  0.00390309079814512  0.00400547921690025  0.00413502482890939  0.00424765014019296
  0.00440997508502739  0.00459393491574099  0.00511111012473150  0.00564203986416493
  0.00601585597826224  0.00736904632441503  0.00975183143658907  0.01192549283486635
  0.01368576703331584  0.01729937091614456  0.04211839198749899  1.00000000000000000
 -0.00013057891980006  0.00115272280230248  0.00184045697633879  0.00244420685941240
  0.00880029105741223  0.01960919546142522  0.03558079008435398  0.04190133722965679
  0.04868214476623787  0.05570407530697458  0.06809455143912120  0.08215998308373298
  0.09521870323496665  0.10660688489336562  0.11595021559461027  0.12882334286906724
  0.13802658071916518  0.14372942289777502  0.14885918287653419  0.15573703825411858
  0.16243874851682469  0.16654857214926186  0.17206087985209476  0.17838194174508595
  0.18471743693400192  0.19079557039847639  0.19495503663915653  0.20522117401841428
  0.21747032858142792  0.22647266444020642  0.23244127307296911  0.24075367248979923
  0.25077069294259058  0.26906839167362190  0.29515061183561114  0.32455843809091112
  0.35337991322530143  0.35686681065759379  0.35975976644715496  0.36346859281327787
  0.36915482389598109  0.37482851888031171  0.38018918474628660  0.38432120664535963
  0.38719426814626851  0.39000412236587462  0.39071225896241185  0.39142039555894914
  0.39212878423516290  0.39283753982760539  0.39354629542004788  0.39499152073179411
  0.39743472938096785  0.39954254986340176  0.40144193278205054  0.40414357444795723
  0.40675166259454093  0.40923252555965789  0.41546650409456676  0.43725824272339414
  0.45458039751690121  0.46161143264914256  0.46978288450957828  0.47553440088666221
  0.47860720364874954  0.48106448902901955  0.48419983458207350  0.48847523499745682
  0.49366441942311634  0.50061790751048607  0.51407068246384502  0.52657015926953210
  0.53459504618823628  0.54306689620246829  0.55250435831493661  0.55787837031712062
  0.56145099214930905  0.56638971954305706  0.57312483505027589  0.58683106064109491
  0.61429687339213013  0.66060691287430406  0.69413561173069438  0.71909277870465893
  0.74650742882190901  0.76773163198839856  0.78437925259658869  0.80102687320477883
  0.81913007180305797  0.83933092807439136  0.85953178434572464  0.88046700920005561
  0.90233097303497400  0.92419493686989251  0.95551522567291380  1.00000000000000000
 -0.01013194308964626  0.02328910871343939  0.04969635863010222  0.06582542154225730
  0.07473922729948777  0.08152323033891125  0.08839591913408372  0.09307900261780684
  0.09864694482223894  0.10797153294538270  0.12075567265753846  0.14292438357405199
  0.15567366420277448  0.16850878886617918  0.18189973534461690  0.19554245242470933
  0.20942946399797877  0.22866038820192414  0.24239178973080336  0.25663247251349069
  0.27758472912540216  0.30877196391076223  0.33767516269923259  0.36196159059617589
  0.38035691874887601  0.38851934506296365  0.39457848109271948  0.40131353065267683
  0.40905993749806979  0.41680634434346275  0.42913011010449631  0.44157560646617294
  0.45799799505691413  0.46845783636679456  0.47418197889777769  0.48031952481199391
  0.48708364826057848  0.49092329433201048  0.49253760271038155  0.49415191108875256
  0.50408404414129637  0.51466340490710749  0.52137525986052791  0.52456837544362722
  0.52803312905993616  0.53068234390153113  0.53193487614600721  0.53301522870582241
  0.53412017017898017  0.53525073965050551  0.54002604915130847  0.54239748992741266
  0.54367384775062055  0.54564663238664401  0.54849027939356509  0.55192538049654627
  0.56026148916044172  0.57464355402048994  0.58619601310531666  0.59759995253410492
  0.60892622336443225  0.61855676248252756  0.62500889250274549  0.62917661111971090
  0.63276081370110659  0.63696443502791167  0.64024132120158472  0.64299234837993913
  0.64751299867083301  0.65836133279833209  0.66628044656261376  0.68446877414950924
  0.70207083700082729  0.72186370306834602  0.73177941096000831  0.74162066142772842
  0.75136496107711648  0.76190919101637045  0.78428416899407860  0.81144244885498762
  0.83614806587740109  0.85400733894081127  0.86770518269743868  0.87705044346843031
  0.88339095036183057  0.89547293733601763  0.91154997673088933  0.92364620612178516
  0.93313316008772751  0.94095286120394261  0.94898172086474397  0.95920439940746072
  0.96517687186219159  0.97079466307913420  0.98272190159605166  1.00000000000000000
 -0.01551242485630504  0.01782218275905807  0.04922116656115175  0.06572563280326781
  0.06761703281103219  0.06950957584681237  0.07143839132034220  0.07424250232491719
  0.07861428091639606  0.08536356049645104  0.09329923847423946  0.10081739859371243
  0.10878610153764773  0.11590442927388077  0.12147680096386886  0.12824345474149501
  0.14189889078614035  0.15560238797468776  0.16683359582701768  0.17904579172882859
  0.18695565595943639  0.19373250713912507  0.21406443561947872  0.23525357400737493
  0.25638217548467723  0.27750392090228487  0.28808683010030389  0.30044321031545029
  0.31280383028936287  0.32573612927033802  0.34318556390960064  0.36326033623999965
  0.38481457109372957  0.39975495405511396  0.41510288063870115  0.43035808787128838
  0.44166545439788629  0.45242174936521301  0.46430346764900271  0.48056300453208473
  0.49382998471033557  0.50615943712721045  0.51812733319736226  0.52429448060413630
  0.52967849963664493  0.53720713033660283  0.55401272187714923  0.57518584214699253
  0.61095079026999877  0.63578315646011829  0.64330644731510556  0.64702333399242662
  0.65013666330440900  0.65305849112312109  0.65559284049044853  0.65812718985777585
  0.66006997951535773  0.66188397757596462  0.66366630088962808  0.66537910554572766
  0.66709191020182723  0.66906998642348980  0.67114704759716592  0.67347660701613588
  0.67743686709154038  0.68139712716694478  0.68943518863371456  0.70243801593553501
  0.71697138340744471  0.72437123943524562  0.73114488139908074  0.73621990514152647
  0.74473700181083247  0.75581558044900965  0.76387822495274127  0.76972791445074173
  0.77607536731632565  0.78578802779287849  0.80359446814038527  0.82228552405905886
  0.84196387659324734  0.85504429850404695  0.86693385337909679  0.87972071606012103
  0.90147417476237779  0.92934672431130916  0.94037769251979431  0.94789170881561868
  0.95766928208929269  0.97181510926384274  0.97846751354956807  0.98347383313762060
  0.98537763771683851  0.98780816203394950  0.99269960089697895  1.00000000000000000
 -0.00149827152910508  0.01059386104741737  0.02225165497757883  0.03216047636215458
  0.04916960431440454  0.07655287422052580  0.10166223779697350  0.12130657401283904
  0.13707394583541846  0.15025400206437969  0.16550945634451963  0.18532004464415000
  0.20753839011470607  0.21992954261194789  0.23232069510918971  0.23920749597729130
  0.24477848032718455  0.24998840673366760  0.25407565082925293  0.25816289492483829
  0.26441760167505801  0.26963597308105625  0.27507489429938092  0.28037378441577554
  0.29096591011827366  0.30085901643893470  0.30439526233908437  0.30794414052234564
  0.31152191234367549  0.31827450383979161  0.32974808794816501  0.34111365327323434
  0.34722275649924594  0.35286520796879389  0.35547676580062432  0.35949123952556250
  0.36905678178970530  0.38202972689158898  0.39183295773453763  0.40323058101400128
  0.41014295916794224  0.42314952959770130  0.43756942798351139  0.45408990758349843
  0.47656036790271339  0.50139866283289669  0.53396460609024510  0.56121551603436182
  0.57809734875095331  0.59283902628358398  0.60462862795329120  0.61716806819502879
  0.62953244559970367  0.64009275291622736  0.64999271982950901  0.66032588010926796
  0.67628594998648728  0.68362518863229138  0.68784993649829029  0.69066425261833519
  0.69265217980680927  0.69403760691686367  0.69532052745387340  0.69762948531355207
  0.70349385231023276  0.71057027906903847  0.72607969587284515  0.74070224219772596
  0.74884397575777750  0.75500408853283585  0.76093005218488896  0.76409851839342657
  0.76660455728537147  0.76911911669260069  0.77164439598106860  0.77417143020107659
  0.77671624840432951  0.77926106660758243  0.78273244722956026  0.78652625720977287
  0.79006560136865800  0.79320217543025018  0.79754732438020248  0.80306841752957547
  0.81237420364116086  0.82806541860679894  0.84713274224131108  0.86644880480493269
  0.88363870319973981  0.89910913877677223  0.91886128517504062  0.93091608624460198
  0.93904393674859399  0.94825243880713361  0.95934741914094046  1.00000000000000000
 -0.00914616145250019  0.03970977637160020  0.05388667771423118  0.06730642331683866
  0.07992795580213007  0.09696294790862746  0.11679567551042748  0.13725784884388284
  0.15800936545528416  0.17667586838028865  0.19652636486548763  0.21572560167735172
  0.23485357363047374  0.25308772021911113  0.26847227693578735  0.27878082972949059
  0.28761894120519049  0.30917807500091343  0.32903014617934678  0.33918855219485861
  0.34944151779881188  0.35972279574273097  0.36439063389487547  0.36905304234034159
  0.37363605867261246  0.37821907500488328  0.38271619228143416  0.38718897495428223
  0.40305247128484917  0.44709262436532343  0.46295688091953219  0.46845950402061448
  0.47668406651930079  0.48471461970406471  0.49420259097803543  0.50421816637318917
  0.51582492568835714  0.52550766870174925  0.53510521583675186  0.54353373357439216
  0.55236391234220628  0.55811616555024057  0.56297721912218890  0.56890315458132412
  0.57347913380268101  0.57786986966753762  0.58952559760493106  0.60347243746166623
  0.61402972478993656  0.62589327335442002  0.63293926278663670  0.63717155560712868
  0.64323091334830995  0.64976507079776302  0.66044620701301127  0.67122384994055884
  0.68295407057334712  0.69396466522200118  0.70224985016043584  0.71090339133743607
  0.71907871145022018  0.72651742748039183  0.73263829340041264  0.76041922292252462
  0.78020337034815923  0.78345648676475488  0.78670960318135053  0.78828390643883806
  0.78957195289078952  0.79080442637187465  0.79194428445604181  0.79308414254020909
  0.79539408932679134  0.79716845448489904  0.79830583713038594  0.80069739831702669
  0.80491553391232229  0.80801561806845235  0.80950801571845776  0.81057467092792235
  0.81184145004834640  0.81471819036660675  0.81961682906683087  0.82591429044620712
  0.82827603002385120  0.83120721311199397  0.83567582719497846  0.84177607990883130
  0.84889337941816223  0.87755234409178540  0.91318799611107559  0.93285229318737184
  0.94696709367168130  0.96021759258632544  0.97824355784569428  1.00000000000000000
 -0.00647498582301479  0.03545276646646919  0.07543854424452487  0.11758616808210033
  0.13055056116071279  0.13831668955999177  0.14266136998132306  0.14851229630783316
  0.15344647096806108  0.16042849564508818  0.16327902478927833  0.16679073551263277
  0.17144226044634073  0.17611140899481001  0.18079424776084274  0.18978314452605316
  0.20282913411410036  0.22037866095295494  0.24099417298978087  0.28084184001969786
  0.31892337638181911  0.34700211903352202  0.35970912891924178  0.37218110303743829
  0.39014347874092292  0.41241800158216818  0.43280216594495241  0.44185324768362122
  0.45090432942229003  0.46621846908714776  0.47740756097693499  0.48250813770864481
  0.48902675525365358  0.49777225837956296  0.50584452878811637  0.50921007554041742
  0.51163630160027562  0.51315099756776317  0.51463840827660023  0.51722863931507967
  0.51928246471487316  0.54144318857207174  0.57801925448069036  0.59293549276440050
  0.60161008772770108  0.60988464371877604  0.62036461078053462  0.63001987938603377
  0.63298086529649789  0.63687477266229364  0.64458496263867404  0.65720222930889616
  0.67427074551648780  0.68830161201631934  0.70066750044999626  0.71139445300711346
  0.72171829736108006  0.72859963048803222  0.73554649534258865  0.74343080687018781
  0.75261601954058255  0.76442185077333535  0.77045046200212852  0.77605740203511442
  0.78311091839478686  0.79039909207628711  0.80308390137115637  0.81312922285386890
  0.82593281367399318  0.83971662288290372  0.85351355927810724  0.86171431456513159
  0.86398718382845563  0.86626008629699525  0.86853305497787292  0.87081280209954548
  0.87314351800666123  0.87547423391377710  0.88219774385267069  0.89010623451997151
  0.89901173923446331  0.90927748303336442  0.91474956021818543  0.91823334966819437
  0.92182150938180452  0.92475028596742292  0.92770202836159088  0.93066735653569743
  0.93362696970614578  0.93968953883690431  0.95705188181530743  0.96757282571090231
  0.97396641260627048  0.98211503132871303  0.99107928920327593  1.00000000000000000
 -0.00521808946750035  0.00388031020834644  0.01297870988419323  0.02180003896620476
  0.02744185095157411  0.03308366293694347  0.03853095157124474  0.04382799234700750
  0.05002461661414697  0.07315649616416359  0.13810544848460612  0.15147825110436830
  0.16141647496703215  0.17028470934468362  0.17838118802216518  0.18458309701442446
  0.19200098093188098  0.19985395316371996  0.21121444109273516  0.22238628884572512
  0.23037516692489363  0.23407988273609617  0.23958047723774489  0.24361738448444237
  0.24951594139587557  0.25490682671255299  0.26685362334004359  0.27556391135073394
  0.28432443974403632  0.29324367837233678  0.30283411814425715  0.31894396744789749
  0.34387447586821818  0.35299002104771166  0.36210556622720519  0.37159769064406317
  0.38128752324526510  0.39189037778135194  0.40648395212533056  0.42107752646930918
  0.43523718265691208  0.44938254087976387  0.46410081473212034  0.47839746772500552
  0.50248046743911934  0.51652836733675611  0.52395982761335280  0.53091286166476959
  0.53706140553961357  0.54371455840249272  0.55629809540087150  0.57236150452833989
  0.58809135706037885  0.60075219199553831  0.60776731483049129  0.61244442691208179
  0.61593672494139240  0.62080493417585891  0.62785178591529289  0.63731661830109809
  0.64741946789815463  0.65797200325861238  0.67326044735515356  0.68652239508061130
  0.69794621845238791  0.71063905269382022  0.72250139592231200  0.73548941002234758
  0.75115875504629459  0.76798845797381077  0.78843713820107209  0.80535865469115564
  0.81728962264802973  0.83208218937202272  0.84067604716151789  0.84572293649582864
  0.84790843929702375  0.85076169974106230  0.85403759584701255  0.85741389914178556
  0.86108959461861645  0.86745526947204032  0.87386315694440819  0.89111196024681205
  0.90582498746996731  0.92667698416297462  0.93909578994987253  0.94897094853988229
  0.95558614037730949  0.96134358213778504  0.96394675733003121  0.97049150031297304
  0.97973387034841197  0.98642431457660029  0.99239846721706282  1.00000000000000000
 -0.00521577593317160  0.02392254590427225  0.03505489995071541  0.04561134872959029
  0.05384266388497247  0.06201174166138068  0.07007538310609084  0.07897315698468201
  0.08983471998496462  0.09345835334664866  0.09769785322770384  0.10366553411847612
  0.11031128621984074  0.11691825319779821  0.12363318708365442  0.13016749213803222
  0.13870865627456380  0.14895289954362018  0.17227918234351247  0.19861165488763774
  0.22242382924868184  0.24042427485712634  0.26299434270400379  0.29300695714951891
  0.32454284006115419  0.35445508487225208  0.37871098941278120  0.38848135877118617
  0.39374361466172292  0.39692272940103529  0.39938035703093788  0.40098899984185749
  0.40222066253994609  0.40334115164811540  0.40446164075628466  0.40605709615604813
  0.40870486305609055  0.41135262995613292  0.41400039685617535  0.41676760011868519
  0.41955260533127714  0.42233761054386915  0.42996297616623125  0.44245423014238505
  0.45915774728925379  0.47627127693510440  0.48976890707418064  0.49975935638592772
  0.51255750721895754  0.52787331254329184  0.54152568701881509  0.55990352426138768
  0.57142936072220085  0.58072863391209995  0.58919999431509751  0.59666657420469760
  0.60264715229180454  0.60500945929646910  0.60724101244180062  0.60906396748486591
  0.61068632733088457  0.61201361332879278  0.61489812668122779  0.61954413758462334
  0.62397601715490636  0.62919384230274511  0.64787640214703435  0.66766424698283644
  0.68730712667308935  0.69796066972444126  0.71409718282956891  0.73604698981726624
  0.75470967258463617  0.76927288289575690  0.77920440554922810  0.78651270259436989
  0.79372889535714120  0.80298665292814553  0.81312245173003628  0.82484243051527373
  0.83599165011181020  0.84480858446972618  0.86237414323214212  0.88115987831033737
  0.89583488212221019  0.90910803093343096  0.92460927786124236  0.93512156118627066
  0.94425919658828472  0.95300223736866874  0.95890950386382245  0.96164689356188648
  0.96522078866315986  0.96841672126106060  0.97524180223838319  1.00000000000000000
 -0.00591333111624094  0.02619474976574550  0.04576995351773311  0.06289134874435096
  0.07827643833165360  0.08585328081340694  0.08839903616350166  0.08967767130019430
  0.09095538618644075  0.09236634853721920  0.09460462997183139  0.09726084242087923
  0.10148678745612530  0.10501803840395574  0.10788402845709555  0.11042501387748198
  0.11279453189687201  0.11762903075245879  0.12231808895498407  0.12501967922744087
  0.12853396000275547  0.13460374924707852  0.14163657384564191  0.15126085086647584
  0.18207651028288580  0.20396462050234745  0.21964776016907220  0.23527908735801373
  0.24384187842455932  0.25173641425262649  0.25941103894443734  0.26645347333835195
  0.27349590773226662  0.28243445459958155  0.29277941053755668  0.30312436647553187
  0.32703201526485237  0.35397693601997826  0.37438365301757026  0.38884758740026049
  0.40680864236791381  0.41602295077730111  0.42235594661766207  0.43110181847204082
  0.44721914920655192  0.46333647994106308  0.47494873338525478  0.48338410142695837
  0.49181946946866201  0.50874439804285210  0.52644118546917751  0.53617895264883775
  0.54182456981095195  0.54688305766036549  0.55062674853443683  0.55232023410975228
  0.55611316484243356  0.55874690068203159  0.56127612782463776  0.56376574135162305
  0.56600815380530722  0.56954957481894697  0.58999225965647939  0.61809435721731387
  0.63067231594909934  0.63704659514532869  0.64238495396731254  0.64829459338376272
  0.65456358390974967  0.66552200459937694  0.67195041190944527  0.67631206097363727
  0.68023498738040777  0.68389709267282928  0.68752091370184665  0.69107558035675931
  0.69485248184751436  0.70090085600714680  0.71544678526394356  0.73550356582461673
  0.75373550262817668  0.76871801770838166  0.78476971154163710  0.80611730550136940
  0.83062054462985446  0.85576496929494450  0.87775207076488493  0.89753268955370280
  0.91035987013380326  0.92236236812013306  0.93266987674375323  0.94450485743904100
  0.95807288901004017  0.96913502601291346  0.97885898923119397  1.00000000000000000
 -0.00820424982624888  0.02500333754574811  0.03967057524574034  0.04714937538072494
  0.05693357961830001  0.06696035116925353  0.07644576999623140  0.08658228372955626
  0.09664779942640381  0.10407086770338300  0.11137857192472182  0.11941181482909591
  0.12857784741803713  0.13774388000697835  0.14725530626426081  0.15867199768622042
  0.17008868910818001  0.18151964762514655  0.19309286759345201  0.20466608756175744
  0.22445103309803124  0.23503783637541484  0.24185366050807969  0.24451917884460950
  0.24783989365608552  0.25243164853860750  0.25982819962188880  0.26984377963132478
  0.28037745274562875  0.29149771467115637  0.30176500692342295  0.30959903622938650
  0.31401218309716156  0.31586555243994169  0.31799223809614746  0.32033291899010385
  0.32286009406249200  0.32641929629364841  0.33041840558216395  0.34125497037333297
  0.35121074969372479  0.35998833697557203  0.36791322458738529  0.37486716306153239
  0.38174416983042392  0.38891058298453246  0.40018449393676181  0.42497394183800558
  0.44829296643786709  0.46030344925472222  0.47637715257968227  0.48444587306596537
  0.49155162549828368  0.49717097507871832  0.50273328073713575  0.50821065454808811
  0.51610198373845140  0.54919913076384785  0.58364234491972800  0.62666359228111168
  0.65825500160830064  0.68130622312784361  0.69856419638176270  0.71685984774667488
  0.73296597155737020  0.74425801341595832  0.74703398589837722  0.74924367416535098
  0.75106034955599621  0.75319480934259608  0.75775895684301664  0.76135270564104329
  0.76800609358374272  0.77655938772675348  0.78541306258544474  0.80296384916247820
  0.81887661552052982  0.83420080300775135  0.84949566566319767  0.86457466969869423
  0.87965367373419090  0.89337329134584875  0.90504338799087003  0.91671348463589142
  0.93096906207059593  0.94221148077983463  0.95022335133471092  0.95543164611468145
  0.95985067718567085  0.96459429748455261  0.96979058072603452  0.97673049797627831
  0.98395228843538329  0.98866909596995278  0.99351489137529814  1.00000000000000000
 -0.00142785416025017  0.00649163783187789  0.01463082603116220  0.02094956258355503
  0.02403955092162608  0.02638227986113120  0.02766182002162877  0.02859488533103649
  0.02961706389450967  0.03061462595070345  0.03305884489558044  0.05405477728403418
  0.08378759063387904  0.09297107814247366  0.10281072674593955  0.11103720285622652
  0.12038905869254309  0.13799795045690452  0.15747809305314558  0.17743457806545865
  0.19510088818395907  0.21088740105203446  0.22591778484439312  0.24058233091675982
  0.25718533717653524  0.27309317106606623  0.28501330476333037  0.29532343977277975
  0.30750929954422235  0.31690988152006655  0.32135769465039410  0.32635664627826944
  0.33208107310140306  0.33599656178252940  0.33919985458345348  0.34254447228852725
  0.34536446399669224  0.35496946009439700  0.36232667325796131  0.36610812022036388
  0.37513243657365536  0.39173526975611922  0.41626777818901262  0.42490255319856479
  0.43522810976171122  0.44419152324162048  0.45207901350182178  0.45915300533727293
  0.47558360991540843  0.49395385578599710  0.51020381259973657  0.51839715305706147
  0.52659049351438636  0.53142464768834030  0.53410130206635598  0.53667418657305899
  0.53882391468153890  0.54097364279001869  0.54758022809604023  0.55614882086852635
  0.56810281433404664  0.59477135669519987  0.64584058028928959  0.66479562633567202
  0.68375067238205445  0.70087869955384696  0.71059036220676652  0.72030202485968620
  0.72929591709876518  0.73706960731713600  0.74484329753550682  0.75795197497461964
  0.77069409813130885  0.78135110635303096  0.79173286575951973  0.80109815984871768
  0.81088590468615662  0.81461712039409162  0.81804024376334350  0.82353608104784282
  0.84010941769223513  0.85711383874020941  0.87336903183109771  0.88899503015827785
  0.90373671528352773  0.91155616373934700  0.91842346495277327  0.92516092456634713
  0.93006494989133393  0.93374515773905653  0.93754902126318174  0.94242080024255703
  0.94944613316313420  0.96053383057462061  0.97741361508597102  1.00000000000000000
 -0.00187531013192423  0.00828883629640446  0.02284752517633547  0.03802749584662990
  0.04632163059414383  0.05274959363380018  0.05785473910530988  0.06159855470946900
  0.06523845546618226  0.07008390245634495  0.08388472469045481  0.09462285941379565
  0.09922760521420085  0.10926187707232428  0.11514671866941915  0.12517193931550225
  0.14196474322223634  0.16458918554726029  0.20125822503441343  0.23511167614045375
  0.26317255586685856  0.27405335965318278  0.28220934407780984  0.29053234784729259
  0.29508788996309893  0.29719625187268289  0.29983522120612327  0.30589282557310582
  0.31626850645855009  0.32778708572943327  0.34303375513097051  0.37486575734639954
  0.39925847167518264  0.41639405826244463  0.42192008775809370  0.42744611725374282
  0.43196899204292105  0.43595188815333485  0.44001760066787021  0.44441320690617631
  0.44880881314448240  0.45376861639472049  0.45797957690955826  0.46188999548147941
  0.46994492184836312  0.47611806139226204  0.48948533380827641  0.51465142491185878
  0.53960745249342790  0.55868672715157852  0.57140706621582327  0.58458370722900577
  0.60068400787463028  0.62025276801465257  0.64329194553979474  0.67068042316337406
  0.69382604952141758  0.70839665736371205  0.72113711927240176  0.73050158632545237
  0.73597455075807561  0.74144751519069874  0.74683114760050207  0.75217252318481809
  0.75751389876913422  0.76216992225761027  0.76668014929673534  0.77165995102418072
  0.78078578828611045  0.79596149880742850  0.81577667678385646  0.83108549423994449
  0.83859650830078136  0.84490473939506128  0.85083143192913813  0.85986319689542756
  0.86338290469787793  0.86864825681443070  0.87230925431155915  0.87519721649813753
  0.87696831806868281  0.87882821378392406  0.87983559724305871  0.88139343666881720
  0.88329940230594306  0.88567445925762611  0.89010058966619254  0.89663518807428655
  0.91785615132754361  0.92437972907380239  0.92998208218363831  0.93658665012092268
  0.94252628009111861  0.94943510961994004  0.96394290572678909  1.00000000000000000
  0.18023056112286556  0.97803761588627913  0.98870093629986033  0.99216126565184415
  0.99308535342810944  0.99330901809632066  0.99344601330237969  0.99357314435711575
  0.99371636559264687  0.99381608779265607  0.99393398302512415  0.99409212271734593
  0.99415371455095281  0.99420431797466013  0.99428808712627714  0.99433602090211581
  0.99438113491041491  0.99443335748943473  0.99451225699443446  0.99458374193846133
  0.99463019525854801  0.99466765494339948  0.99470799514662989  0.99476580188694286
  0.99480133204982224  0.99482500333859092  0.99484836340312111  0.99487089958810349
  0.99489343577308575  0.99491500444802661  0.99493636315875367  0.99495768675410912
  0.99497895926396274  0.99500061890494207  0.99502487058018629  0.99504912225543063
  0.99509719170934074  0.99515224006319314  0.99524257584911546  0.99539440587459871
  0.99555362915800749  0.99569484292814625  0.99579450655987090  0.99587297123376406
  0.99591101719873321  0.99596531267825328  0.99600826890111827  0.99603625425811160
  0.99605927427013852  0.99608147861597951  0.99610317513386415  0.99612210293821712
  0.99613613497791542  0.99615293733112087  0.99617138746698897  0.99619535063280207
  0.99622215864197450  0.99626018627507351  0.99631249832925617  0.99637218839984043
  0.99644298091988259  0.99650812761947138  0.99655449348514213  0.99658805639861103
  0.99661381122350023  0.99664104697927280  0.99668899313636761  0.99673930923925746
  0.99677985429780258  0.99681090181749843  0.99683940449440145  0.99686691179093723
  0.99689603981924657  0.99693682938514183  0.99701353136957227  0.99710856647271606
  0.99720379637937384  0.99728622976748893  0.99739285601395633  0.99756705204494844
  0.99776832253556702  0.99787655737165548  0.99806893045464140  0.99815834669428738
  0.99818918498837794  0.99822002328246850  0.99825476880218655  0.99829387883545273
  0.99833298886871902  0.99837613867475294  0.99842114691112549  0.99846615514749792
  0.99853857568183346  0.99862479398327497  0.99875250156772299  1.00000000000000000
 -0.03331832700130666  0.21941047012167653  0.28562965044819838  0.34176954118048447
  0.39000782153127983  0.42420236980181275  0.43831502717213705  0.44792437846021754
  0.45615026795803459  0.46179284469357634  0.46606853973419599  0.47130486569202440
  0.47620149562665492  0.47979268337500836  0.48340086191160631  0.48946066526337256
  0.49386176257405401  0.49505239758065611  0.49699927521602677  0.49897627988875953
  0.50092228103525482  0.50395337280362740  0.50765350688600075  0.51113840134745181
  0.51339613933900863  0.51557167419755068  0.51972813676392848  0.52382614120349313
  0.52791039092912950  0.53065056367763286  0.53189160554651271  0.53297822002728334
  0.53347773534822163  0.53397725066915991  0.53618583845444034  0.53880654861730792
  0.54317553448190148  0.54969408447795376  0.55528244242406399  0.56135505400542818
  0.56742766558679236  0.57299180813324679  0.57852771646679446  0.58244696621737835
  0.58527401373328736  0.59046491814565671  0.60105712997446992  0.60726237868952648
  0.61276420108162355  0.61919685921600254  0.62459363447710925  0.62836681367317093
  0.63112505714880118  0.63409428628587095  0.63875316453430209  0.64456791898924470
  0.64798798757468268  0.65018846552182674  0.65212616165466741  0.65432256315124171
  0.65777805049499083  0.66319578816713187  0.66831500025238277  0.67326987566204954
  0.67795358120074900  0.68397781628012555  0.69223709199877670  0.69862781640692140
  0.70365324016288910  0.70781330299041523  0.71209529939086413  0.71639424503036908
  0.72069787101060068  0.72500229346110145  0.72882730761842129  0.73255673625025230
  0.73740113940683405  0.74232920393920199  0.75361064659667898  0.76245207774324764
  0.76724213601180558  0.77168471088152046  0.77335285157499745  0.77515822678260227
  0.77705644340117375  0.77922385840768615  0.78173840551951179  0.78597448928715441
  0.79194251275186556  0.79992404311857890  0.80967088255278707  0.81987596474646707
  0.83044640435178152  0.84255690010489648  0.86677996097448773  1.00000000000000000
   2.3203601991561987E-017  -1.0000000000000000     
 T F F F F F F F F F F F F F F F F F F F T F F F T F F F F F F F F F F F T F F F T F F F F F F F F F F F F F F F F F F F T F F F F F F F F F F F F F F F F F F F F F F F F F F F F F F F F F F F F F F F F F F F F F F F F F F F F F F F F F F F F F F F F F F F F F F F F F F F F F F F F F F F F F F F F F F F F F F F F F F F F F F F F F F F F F F F F F F F F F F F F F F F F F F F F F F F T F F F F F F F F F F F F F F F F F F F T F F F T F F F F F F F F F F F T F F F T F F F F F F F F F F F F F F F F F F F T F F F T F F F F F F F F F F F F F F F F F F F T F F F T F F F F F F F F F F F T F F F T F F F F F F F F F F F F F F F F F F F T F F F F F F F F F F F F F F F F F F F F F F F F F F F F F F F F F F F F F F F F F F F F F F F F F F F F F F F F F F F F F F F F F F F F F F F F F F F F F F F F F F F F F F F F F F F F F F F F F F F F F F F F F F F F F F F F F F F F F F F F F F F F F F F F F F F T F F F F F F F F F F F F F F F F F F F T F F F T F F F F F F F F F F F T F F F T F F F F F F F F F F F F F F F F F F F T F F F
  <DiscreteSampler_grid>
  grouped_processes
  1 # 1 for a reference and 2 for a running grid.
  10 # Attribute 'min_bin_probing_points' of the grid.
  1 # Attribute 'grid_mode' of the grid. 1=='default',2=='initialization'
  0.0000000000000000 # Attribute 'small_contrib_threshold' of the grid.
  0.5000000000000000 # Attribute 'damping_power' of the grid.
 # binID   n_entries weight   weight_sqr   abs_weight
    16   10   8.347601899524682E-023   5.325910097619102E-044   8.347601899524682E-023
    17   10   8.347601899524697E-023   5.325910097619122E-044   8.347601899524697E-023
    19   10   1.258336341458122E-022   8.952933310142473E-044   1.258336341458122E-022
    20   10   1.258336341458124E-022   8.952933310142489E-044   1.258336341458124E-022
    22   10   1.316666486272573E-022   1.031896977088045E-043   1.316666486272573E-022
    23   10   1.316666486272575E-022   1.031896977088047E-043   1.316666486272575E-022
    28   10   8.450495264570362E-023   3.172030193739238E-044   8.450495264570362E-023
    29   10   8.450495264570343E-023   3.172030193739239E-044   8.450495264570343E-023
    31   10   8.738364026616771E-023   4.529069298915019E-044   8.738364026616771E-023
    32   10   8.738364026616779E-023   4.529069298915032E-044   8.738364026616779E-023
    34   10   1.971016997067948E-022   1.913575949630415E-043   1.971016997067948E-022
    35   10   1.971016997067954E-022   1.913575949630428E-043   1.971016997067954E-022
    40   10   8.347601899524670E-023   5.325910097619085E-044   8.347601899524670E-023
    41   10   8.347601899524697E-023   5.325910097619119E-044   8.347601899524697E-023
    43   10   1.258336341458124E-022   8.952933310142510E-044   1.258336341458124E-022
    44   10   1.258336341458125E-022   8.952933310142513E-044   1.258336341458125E-022
    46   10   1.316666486272574E-022   1.031896977088049E-043   1.316666486272574E-022
    47   10   1.316666486272576E-022   1.031896977088050E-043   1.316666486272576E-022
    52   10   8.450495264570370E-023   3.172030193739244E-044   8.450495264570370E-023
    53   10   8.450495264570356E-023   3.172030193739248E-044   8.450495264570356E-023
    55   10   8.738364026616776E-023   4.529069298915030E-044   8.738364026616776E-023
    56   10   8.738364026616780E-023   4.529069298915040E-044   8.738364026616780E-023
    58   10   1.971016997067950E-022   1.913575949630418E-043   1.971016997067950E-022
    59   10   1.971016997067954E-022   1.913575949630428E-043   1.971016997067954E-022
    64   10   8.347601899524676E-023   5.325910097619093E-044   8.347601899524676E-023
    65   10   8.347601899524699E-023   5.325910097619125E-044   8.347601899524699E-023
    67   10   1.258336341458122E-022   8.952933310142485E-044   1.258336341458122E-022
    68   10   1.258336341458126E-022   8.952933310142521E-044   1.258336341458126E-022
    70   10   1.316666486272573E-022   1.031896977088047E-043   1.316666486272573E-022
    71   10   1.316666486272576E-022   1.031896977088051E-043   1.316666486272576E-022
    76   10   8.347601899524673E-023   5.325910097619089E-044   8.347601899524673E-023
    77   10   8.347601899524705E-023   5.325910097619133E-044   8.347601899524705E-023
    79   10   1.258336341458123E-022   8.952933310142510E-044   1.258336341458123E-022
    80   10   1.258336341458126E-022   8.952933310142528E-044   1.258336341458126E-022
    82   10   1.316666486272574E-022   1.031896977088049E-043   1.316666486272574E-022
    83   10   1.316666486272576E-022   1.031896977088052E-043   1.316666486272576E-022
    88   10   8.450495264570352E-023   3.172030193739235E-044   8.450495264570352E-023
    89   10   8.450495264570359E-023   3.172030193739244E-044   8.450495264570359E-023
    91   10   8.738364026616774E-023   4.529069298915023E-044   8.738364026616774E-023
    92   10   8.738364026616789E-023   4.529069298915039E-044   8.738364026616789E-023
    94   10   1.971016997067951E-022   1.913575949630422E-043   1.971016997067951E-022
    95   10   1.971016997067959E-022   1.913575949630442E-043   1.971016997067959E-022
    100   10   8.450495264570357E-023   3.172030193739238E-044   8.450495264570357E-023
    101   10   8.450495264570357E-023   3.172030193739245E-044   8.450495264570357E-023
    103   10   8.738364026616771E-023   4.529069298915029E-044   8.738364026616771E-023
    104   10   8.738364026616795E-023   4.529069298915047E-044   8.738364026616795E-023
    106   10   1.971016997067951E-022   1.913575949630422E-043   1.971016997067951E-022
    107   10   1.971016997067959E-022   1.913575949630440E-043   1.971016997067959E-022
  </DiscreteSampler_grid>
