  0.01210070921175960  0.08396377984998957  0.09067201089473731  0.09738024193948508
  0.10408847298423284  0.11079670402898059  0.11750493507372835  0.12312585759848904
  0.12533611292303964  0.12754636824759027  0.12975662357214088  0.13196687889669148
  0.13417713422124211  0.13607219067250104  0.13731010421984202  0.13854801776718301
  0.13978593131452399  0.14102384486186498  0.14226175840920596  0.14640442983846769
  0.16704774012928073  0.18445733648369800  0.20352642440157900  0.22342159483655968
  0.24056273261672731  0.25773972041690618  0.26375080310754928  0.26992868356997957
  0.27777748764393095  0.28231082179152428  0.28808350681586697  0.30165034875483632
  0.30628431408716700  0.30857330716581688  0.31285917126181712  0.31967747822432829
  0.32781680232181631  0.33299946225162208  0.33714745922658873  0.35286933146580823
  0.38535040065404585  0.40743507467864154  0.41968148471639366  0.42822322080871728
  0.43769755144055028  0.44453803498456312  0.45036877005301607  0.46110953023288681
  0.48003135710290473  0.49437283023794620  0.52582244361809416  0.55640741085619039
  0.59493019755163057  0.64090899001295254  0.66024362580443829  0.67191762183622972
  0.68117453297889019  0.68734306140387946  0.68966199218929303  0.69198092297470659
  0.69399732140731951  0.69584523707021584  0.69784512895019846  0.70108973811681308
  0.70433434728342770  0.71726348757843639  0.73529350254908632  0.75033114162104375
  0.76178676114162280  0.77159873270775459  0.77692829480753867  0.78292241858889400
  0.78551285370034973  0.78661555864084032  0.78786694368301446  0.78879734746006069
  0.78958820678199637  0.79114176031851091  0.79855481816540230  0.80529959287844299
  0.82399771286719814  0.85776147165836381  0.87808295293565197  0.88496351286890951
  0.88881241385321486  0.89293519781558495  0.89905761858427047  0.90361793992274564
  0.90813078469563591  0.91304586774638763  0.92267080764236631  0.93516764596605173
  0.94785303393567455  0.96145581047332884  0.97188170420348396  1.00000000000000000
  0.01525369109555157  0.07228243636881657  0.09721028003873729  0.13147272827285048
  0.18038990163784438  0.20438819651803622  0.22078217547330553  0.23336670769528323
  0.24380208502555165  0.25757271879630322  0.26682675410909196  0.27310713242824619
  0.28033166795491699  0.29037133396380538  0.30120859509174691  0.30748569349984761
  0.31642786102532677  0.33331259796816209  0.33563140526851665  0.33711464555890963
  0.33847763897123856  0.33963594481584025  0.34131373260541886  0.34347728416751455
  0.34703572601200516  0.34977382966512299  0.35145725000127731  0.35300160638540412
  0.35766854813232191  0.36454828429349573  0.37351329861733301  0.38365698620773936
  0.38570427979291916  0.38775157337809890  0.38979886696327865  0.39184616054845839
  0.39389345413363813  0.39704032432683711  0.40125659243173972  0.40547286053664239
  0.40968912864154500  0.41390539674644761  0.41812166485135022  0.42301145606122365
  0.42803092745620830  0.43305039885119295  0.43806987024617761  0.44308934164116226
  0.44810881303614691  0.45735910660509971  0.47071524173497187  0.48407137686484403
  0.49934120359105000  0.51491061825327089  0.53642556561081245  0.57441376015418710
  0.59255081146674926  0.60098542840123559  0.60813186751873893  0.61430760704217779
  0.62011421374158737  0.62386420097348283  0.62645524876691161  0.63142058299615722
  0.64991607143215613  0.66783933352930758  0.68308316761747367  0.69535319553307162
  0.69978839938015003  0.70101051021408745  0.70187632382329967  0.70247717548745536
  0.70310096332196426  0.70386527080450156  0.70487366899039761  0.70586502725751876
  0.70671874911180810  0.70757592805818104  0.71274240380993792  0.71638977276551308
  0.72078572054551149  0.72723334795673233  0.73361623508995610  0.73857660009983639
  0.74437562206478014  0.75317560800667627  0.79714949840547311  0.83389012393180284
  0.86115872783259162  0.88466992530705280  0.90633316732037184  0.92489544706135751
  0.94091806433225822  0.95698781708359548  0.97278091494582386  1.00000000000000000
  0.00012643498307688  0.00028572817588805  0.00041011685317359  0.00048843439831994
  0.00053807327316569  0.00057934446261674  0.00063668262669501  0.00069674834700259
  0.00075237208154860  0.00086306594885278  0.00099062250552685  0.00109211109423808
  0.00124141790119082  0.00131110152788109  0.00138429316355051  0.00146399654502343
  0.00149857717010290  0.00152775490306474  0.00155117115671747  0.00156810329909826
  0.00158436682162369  0.00160609291084244  0.00162444888476080  0.00167087570762682
  0.00172039402576193  0.00176767016574623  0.00185458796498310  0.00197211984674744
  0.00206481451098515  0.00208940030789945  0.00211398610481374  0.00218708204569860
  0.00226155813281384  0.00229884492629783  0.00232688899892667  0.00235234803309374
  0.00237835398383435  0.00240829868084798  0.00244570825262888  0.00251117712991954
  0.00254608418365008  0.00256682653783861  0.00259143549338714  0.00261711218358271
  0.00265207697735495  0.00267946846188788  0.00287138454486593  0.00331153685583347
  0.00367977809343752  0.00384724818741305  0.00396190265923069  0.00421270484180267
  0.00447541557397605  0.00459242195206373  0.00466865170641262  0.00477708716076408
  0.00502652782609044  0.00517370897467389  0.00519815353938572  0.00522259810409756
  0.00524704266880939  0.00527148723352122  0.00529593179823306  0.00532198622768270
  0.00534848621830896  0.00537498620893522  0.00540148619956149  0.00542798619018775
  0.00545448618081401  0.00548881964917237  0.00552318165969657  0.00555754367022077
  0.00559190568074497  0.00562626769126918  0.00571832479053390  0.00594746648097703
  0.00611794399272348  0.00628515001219312  0.00644381016356436  0.00665288060800320
  0.00680544157034433  0.00693480046856048  0.00705554448677871  0.00714379074059926
  0.00721125953822677  0.00728302443256581  0.00736713871868323  0.00744488767475860
  0.00794953515884471  0.00853712513125335  0.00898736009638367  0.00949029793179981
  0.01023589491719450  0.01119836856905233  0.18933191540365718  1.00000000000000000
 -0.00006499076486165  0.00264880838788630  0.00464582865356785  0.00674292899667755
  0.00776101180260701  0.00822119173447266  0.00886037494925948  0.00937330339021549
  0.00973299279452827  0.01017367771234663  0.01061961148065345  0.01100469708889753
  0.01139789203610302  0.01199318837401071  0.01246722306896730  0.01267669818777529
  0.01281368281406340  0.01293659590122685  0.01333116374541821  0.01390445653052956
  0.01436387167372682  0.01482356010847910  0.01565132324488478  0.01636333902277193
  0.01676486038137710  0.01681961645545653  0.01687437252953595  0.01692912860361538
  0.01698388467769481  0.01703864075177424  0.01709585058559324  0.01715359147084666
  0.01721133235610008  0.01726907324135349  0.01732681412660691  0.01738392824034631
  0.01743930496609790  0.01749468169184949  0.01755005841760108  0.01760543514335267
  0.01766081186910426  0.01806601071803042  0.01882815961585783  0.01969658180807126
  0.02056355284472604  0.02114459784823355  0.02134746244871461  0.02150142384069571
  0.02163983148694202  0.02180527059278833  0.02197628891024804  0.02212071994309572
  0.02225798245956183  0.02240347701813426  0.02252734629398256  0.02264390364229020
  0.02274668233621085  0.02289066397656518  0.02337667145825609  0.02381816098472904
  0.02410843483749704  0.02425624749806625  0.02439415644880644  0.02450136848488548
  0.02459477798673630  0.02468774917291177  0.02479841082906602  0.02487946729110901
  0.02496599329512781  0.02508183872611389  0.02525015106678526  0.02529853523905676
  0.02536479357578481  0.02542913757909725  0.02549708126814141  0.02554926268935827
  0.02557655324214473  0.02560384379493119  0.02562808087430514  0.02564838581033940
  0.02566869074637366  0.02568813518160737  0.02570620989101818  0.02572428460042899
  0.02575423714978147  0.02581188865867489  0.02587048427360752  0.02593285897971427
  0.02603699306552016  0.02635234010710431  0.02684256340496884  0.02754489560550596
  0.02863055979181580  0.02996641220535787  0.19120525077468842  1.00000000000000000
 -0.00072852544849829  0.01556203694757297  0.02243871646718570  0.02393209542499143
  0.02475417077857938  0.02479294246849032  0.02483171415840127  0.02487048584831222
  0.02490925753822317  0.02494802922813411  0.02498680091804506  0.02503702949396980
  0.02508996705646762  0.02514290461896544  0.02519584218146326  0.02524877974396109
  0.02530171730645891  0.02536093820618590  0.02542627561106662  0.02549161301594733
  0.02555695042082804  0.02562228782570875  0.02568762523058946  0.02581098321971623
  0.02613129943263297  0.02631250638456333  0.02639279985052437  0.02644217435877005
  0.02649562894077898  0.02655084311007946  0.02662240203795949  0.02674534549349753
  0.02754409056039056  0.03014701992024293  0.03026492482064593  0.03031474901835378
  0.03035455507616364  0.03039375045128485  0.03043298016291172  0.03046381639071330
  0.03049131637762156  0.03051026400819996  0.03052966728200321  0.03054921670377763
  0.03057514754837213  0.03061146460644111  0.03064147355195431  0.03066387072209827
  0.03068750228879157  0.03071318626514463  0.03074213509679160  0.03077019543780571
  0.03079263390076928  0.03081157456234540  0.03083121746127309  0.03084260848483668
  0.03088886951774036  0.03093544240397253  0.03098331270942116  0.03103448714356631
  0.03108893872247603  0.03116338029935990  0.03126559235516833  0.03150811025701558
  0.03164588650646369  0.03173917534397060  0.03183137369971863  0.03192176130989691
  0.03201214892007519  0.03213380549838823  0.03225668142728148  0.03246919038116144
  0.03268296760975313  0.03281221556898251  0.03292353123362340  0.03308387390902552
  0.03324549456793489  0.03341834924598146  0.03359123174694881  0.03378926372224086
  0.03398685357670729  0.03424518203928523  0.03464597408142818  0.03484458348650470
  0.03494228579462251  0.03496656635484447  0.03501601370703376  0.03510861219939641
  0.03517483055814628  0.03522517636379257  0.03528483304411244  0.03559530575362344
  0.03614692491365492  0.03883896119196539  0.04866455979165933  1.00000000000000000
 -0.00008372394016236  0.00127840691905145  0.00568867354094156  0.01240348813537164
  0.01993591244491224  0.04397408056389267  0.06354039604471977  0.08972878970476714
  0.11649411274897596  0.14224295519951646  0.16244125379883756  0.17906459821541981
  0.20149411482907728  0.23341575693281438  0.26356406322449333  0.28941083498425535
  0.29252529494891810  0.29484319784387553  0.29716110073883290  0.29947900363379032
  0.30179690652874769  0.30411419224368241  0.30642858158756248  0.30874297093144254
  0.31105736027532266  0.31337174961920272  0.31568613896308279  0.31800055319212711
  0.32031500863436774  0.32262946407660842  0.32494391951884904  0.32725837496108967
  0.32957283040333035  0.33893556184357887  0.35499764897710939  0.36561783531946440
  0.37625919271742725  0.38692010321689674  0.40205049884832433  0.41048134491242366
  0.41521904147200023  0.41990324676387503  0.42458572118411519  0.43343032324968517
  0.45153133565174447  0.47772275508232354  0.49659567631692952  0.52028128960462527
  0.54991789309682648  0.58961213009495372  0.61750500919737328  0.64086526818911271
  0.64946900641002825  0.65698061847444289  0.66267408042472153  0.66803247623644302
  0.67305259484434654  0.68835778793286095  0.71696041573493363  0.73251214943790177
  0.73530499268290128  0.73809783592790079  0.74106146755119018  0.74408453711242217
  0.74716606159819465  0.75039566366115207  0.75362526572410959  0.75631748742744798
  0.75840884877914161  0.76019487136256125  0.76152100617182161  0.76280652981378938
  0.76457683223798789  0.76627870680273225  0.76768606645184800  0.77017981610897035
  0.77814474832334724  0.79497399637155497  0.81872946670538371  0.83108865062419313
  0.84286876902347796  0.85729717546948969  0.88232624729067088  0.92920083152189414
  0.94104983899745875  0.94364516163521861  0.94529658729211874  0.94702582731819318
  0.94885189892874111  0.95011440321995810  0.95554895816468000  0.96681046455097408
  0.97579846796156977  0.98488578533332849  0.99294300279763681  1.00000000000000000
 -0.00888521700798951  0.04914361746118930  0.08514679921611895  0.10092212998386689
  0.11064254059466089  0.11867452558095457  0.12631420442718191  0.13423980969640628
  0.14267088399074454  0.15135412167138923  0.16005986712623951  0.16785972067166269
  0.17498784101264350  0.17834398514039213  0.18330653631011939  0.19266503091400072
  0.19700007712178014  0.19957669830933711  0.20239986246482797  0.20394634721896424
  0.20559837234525632  0.20693768380824346  0.20801699514309704  0.21549617371179097
  0.23323397444524249  0.26690343769863584  0.27861921225220648  0.28749785827966695
  0.29758573940480004  0.30398703344028621  0.30723352179528285  0.31088588364587094
  0.31850050551003495  0.32746119712537652  0.33927915228478395  0.34533498687146696
  0.34918039825446906  0.35302580963747110  0.35687122102047319  0.36071663240347523
  0.36456204378647727  0.36837022417928694  0.37217742602776188  0.37598462787623677
  0.37979182972471170  0.38359903157318659  0.38743833664479249  0.39134793033616200
  0.39525752402753145  0.39916711771890095  0.40307671141027046  0.40698630510163991
  0.44344966982568002  0.46387714371880556  0.47399563473963374  0.48315894345463017
  0.49232026338627066  0.50085850918774921  0.50859153893999320  0.51626930976492302
  0.52372547323615504  0.53421261443134460  0.54211647269255570  0.54693767392364145
  0.55174250731551844  0.55945320918916341  0.57022036825723432  0.58887324577988120
  0.60049907096238464  0.61053301186561726  0.62557015051127529  0.65545700355680825
  0.69807820853608415  0.72352591895896357  0.74293515372323116  0.76486139546889020
  0.78403754012905968  0.80640401787777594  0.82629345405334853  0.85120694271126673
  0.85604386776243180  0.86237869443870940  0.86630433921578642  0.86951425819233785
  0.87168662019879850  0.87391715182212293  0.88399967369428345  0.92138879882079461
  0.93600936247346389  0.95062992612613306  0.95992019862333988  0.96675374951703108
  0.97324700526801866  0.97766188910383300  0.98207677293964735  1.00000000000000000
 -0.00297838928979968  0.01609374860440357  0.02882969852949146  0.04609732663126184
  0.06903210167532324  0.09258067180128400  0.10953200972378127  0.11761182745432604
  0.13573671900769951  0.14553164219672171  0.14777666958006766  0.14978306991926596
  0.15130796753670048  0.15388681144701208  0.15722259496038096  0.16395050513231912
  0.17035478648167723  0.17413583096669627  0.17792758319491420  0.18369981080310721
  0.19195914525281133  0.20221283934177381  0.20989802984746819  0.21715691695163797
  0.22436340802054353  0.23155284230838077  0.23824133721433133  0.24779456337387518
  0.26063339100970084  0.26972750749180735  0.28870288399159461  0.31447080468792871
  0.32640465023284582  0.33100589370449707  0.33651160254471674  0.34072800422432936
  0.34500742703194376  0.35401018586546129  0.37276822488995187  0.38964839430041820
  0.40475403259761511  0.43900761284349177  0.47904575585484566  0.51187451611559864
  0.53536652929105688  0.55456819783906086  0.57449918327411620  0.59094970679242043
  0.60039814738716657  0.60428643544088478  0.60588075448995105  0.60747507353901742
  0.60906939258808379  0.61066371163715016  0.61225803068621654  0.61482835263334856
  0.61749206318189964  0.62015577373045083  0.62281948427900191  0.62548319482755310
  0.62828260859329010  0.63199082411914476  0.63569903964499941  0.63940725517085406
  0.64311547069670860  0.64682368622256325  0.65984753589324752  0.68206849047187346
  0.69068772080839080  0.69711660449378887  0.70329971018912862  0.70891140284436982
  0.71452309549961102  0.72186750116165055  0.72980961158393620  0.73971625365915572
  0.75661241774061638  0.76650798752384008  0.77483016893013412  0.78404054071676132
  0.78918896313962450  0.79312318632898438  0.79623975358581800  0.79872173584912687
  0.80129625567499907  0.80424996524106862  0.80627870341639640  0.81649353570496752
  0.86065987291142787  0.89652350926862800  0.91176133023908656  0.92202433040273013
  0.93268064547521012  0.94578223812042861  0.96898591134805334  1.00000000000000000
 -0.00401562246120837  0.02087256063761488  0.04212347061340725  0.05659954987507685
  0.06648093839410781  0.08013749245520399  0.09910369368582940  0.10628079685431473
  0.10978406331467719  0.11539938147812437  0.12421451943158993  0.13812851257011510
  0.15214467406534710  0.15820525498198465  0.16121537372549613  0.16378550175770759
  0.16553533727680295  0.16706482522040225  0.16858683533367297  0.17472714817229057
  0.18738773883719137  0.19953375245570340  0.20954962257448109  0.21219745299620862
  0.21471142083705294  0.21698664115613642  0.21878969623132444  0.22059275130651246
  0.22240346208836423  0.22421544373419805  0.22840373535098332  0.23762127171832706
  0.24713058778269956  0.25391959003449932  0.26228044222818991  0.27037956934373647
  0.28053094616883745  0.28724859951239040  0.29592754892995543  0.31221002305513801
  0.31875051043343755  0.32252458799000766  0.32388102706879562  0.32537419009939778
  0.32791732925355449  0.33085921931894785  0.33382063874138296  0.33663006551632152
  0.33925557886104651  0.34218622164040563  0.34726358653221251  0.35967655177204261
  0.38377176073626951  0.40621612960062153  0.45270735335935597  0.50635520982942439
  0.53961983379984702  0.55803318216537245  0.57700646950766821  0.61244202921721236
  0.66003883579166245  0.67624522162016543  0.68359590717820895  0.69094659273625258
  0.69829727829429611  0.70564796385233974  0.71299864941038327  0.71610094074495445
  0.71741282658633154  0.71872471242770863  0.72003659826908584  0.72134848411046293
  0.72266036995184002  0.72330439503985899  0.72355966749211897  0.72381493994437907
  0.72407021239663905  0.72432548484889903  0.72458075730115912  0.72668959908525310
  0.73034084240884878  0.73276842565098388  0.73488401698443528  0.73726348550886434
  0.74004366698484381  0.74346294087720555  0.74776695141033112  0.75539429713029105
  0.77395563288484182  0.80111555798295986  0.85867411235150104  0.90335393458788760
  0.92851297636860330  0.94938974499914663  0.97219222243547865  1.00000000000000000
 -0.00382403466175336  0.02142413997169609  0.03871171001787702  0.05391348876633396
  0.06370262317450186  0.07531472391704612  0.09025482666454435  0.10473984936778261
  0.11922487207102085  0.13788900082092273  0.15723739801213038  0.17309665703955812
  0.17753929198826413  0.18198192693697013  0.18609220554135278  0.19069219505237747
  0.19539740577972103  0.20010285545868806  0.20464323241843915  0.20880767096754671
  0.21270503705915314  0.21528083406874243  0.21825578845501176  0.22031346697828530
  0.22289609616937453  0.23077764230841363  0.24088097366208960  0.25121250705398257
  0.26202076364498328  0.27299108610892808  0.29251692824007025  0.31861258334314074
  0.32682151856380043  0.33686525946259765  0.34513722971413352  0.36155905208012229
  0.38400760362285769  0.40726251896346760  0.44149851848414479  0.48142484887403497
  0.52566610227442501  0.56897331793516237  0.61201314912482496  0.64591339681301108
  0.67372698314981139  0.68874535258231651  0.69708033916616952  0.70251231109181667
  0.70751605865974032  0.71357401084086136  0.71990085588833075  0.72742900245522968
  0.73155193333118973  0.73862427426594401  0.74378713942155295  0.75504324229602870
  0.76609115270601746  0.77765190222912339  0.79359281093151601  0.81115369771910861
  0.82279469739781752  0.83551321209970730  0.85114879826370771  0.85685568116633748
  0.86093794144483449  0.86731571747502745  0.87347255173430671  0.87653324244934083
  0.87961595541926030  0.88311016824003719  0.88707220917311802  0.89054399534684492
  0.89743430600897245  0.90801769121203668  0.90949904032758733  0.91098038944313786
  0.91246173855868840  0.91394308767423893  0.91542443678978946  0.91680714473685743
  0.91810854076252613  0.91940993678819483  0.92071133281386353  0.92201272883953223
  0.92331412486520092  0.92463544707857737  0.92596331955013667  0.92729119202169585
  0.92861906449325515  0.92994693696481434  0.93127480943637364  0.93798328386451590
  0.94893205159187488  0.96772470703454738  0.98420439188239917  1.00000000000000000
 -0.00248432138694064  0.01049873035601472  0.01852342088840659  0.03075758199833632
  0.03816584501981846  0.04117188568714859  0.04420446326790871  0.04623911538008489
  0.04780313444305989  0.04995055114111378  0.05189235875334133  0.05392712159337514
  0.05595875326775826  0.06404928119376196  0.09464673424415293  0.11668060865384404
  0.12927865982991738  0.13769578581981654  0.15241553284139678  0.16544578679001040
  0.17506044222530776  0.18969588032437504  0.20643525151061659  0.21622075552904688
  0.22750770016369345  0.23074335044331729  0.23397900072294112  0.23721465100256495
  0.24045030128218878  0.24368595156181261  0.24706826611150640  0.25218725172048356
  0.25730623732946073  0.26242522293843795  0.26754420854741512  0.27266319415639229
  0.27778217976536945  0.28335280094068921  0.28894490992766458  0.29453701891463996
  0.30012912790161533  0.30572123688859071  0.31131334587556608  0.33238171111997433
  0.35509303808310005  0.37525560954952314  0.39843522625448952  0.42256660646165950
  0.44724129356013603  0.46691858920534685  0.48016101047701093  0.48803197447272423
  0.49478160438295338  0.50197756517683934  0.50655741675877530  0.50955610326969669
  0.51363670566397190  0.51866305430282411  0.52455248306581348  0.52927062816829840
  0.54074211829465713  0.55375831303685130  0.56264871209714729  0.57338558917923077
  0.60156009931697763  0.62422199341572582  0.63721115485570257  0.65072889681955548
  0.66172312375628950  0.67772508211999882  0.69012402540155238  0.70416981005141221
  0.71395368090093769  0.71750271479262007  0.71963847474408249  0.72153912399221143
  0.72366619353138173  0.72599272922691460  0.73576809381671016  0.74174644536700896
  0.74371361636139655  0.74494335528193034  0.74620890812522944  0.74753731342105434
  0.75732921422751176  0.79833895542466471  0.83009912086291981  0.86136274657701128
  0.90353176754559839  0.95353929143603489  0.96601420310938069  0.97293259685128108
  0.97981448082823375  0.98654298721882239  0.99327149360941114  1.00000000000000000
 -0.00526202506012162  0.01013838079904955  0.02274127109611565  0.02717595582153062
  0.03134522721769957  0.03591884460058734  0.05159938641570497  0.07470566903127948
  0.09304021794283132  0.10957253342160958  0.13095517596957290  0.13545009496925853
  0.13904253798682606  0.14253852369499601  0.14689266585073132  0.15183203113888355
  0.15446434832698647  0.15701265403149256  0.15958225391976177  0.16294211591831018
  0.16633936427075613  0.16973661262320205  0.17313386097564801  0.17653110932809393
  0.18110776102063231  0.18823607603062661  0.19536439104062095  0.20249270605061528
  0.20962102106060962  0.21674933607060395  0.22158443986607068  0.22526109848021464
  0.22893775709435857  0.23261441570850253  0.23629107432264645  0.24016613035273138
  0.25953893853329341  0.28417707403931447  0.30427941664291647  0.31998502296926828
  0.33291325927800453  0.35359382439325632  0.39471832440847471  0.45448150879844235
  0.48043797714730230  0.49043532335909756  0.50105288053382935  0.51758176836504755
  0.53684134761020375  0.56759116699045986  0.60527672039214164  0.63989654756240733
  0.66549881317757109  0.68289993476508026  0.69382438851218320  0.70432037596602870
  0.70887503248822537  0.71748555122010504  0.72692136130911522  0.73531450951110500
  0.73941608462684039  0.75431937734645327  0.78745651600808697  0.80020781698018828
  0.80958982502604959  0.81715940880980953  0.82453764758526671  0.83217582951995672
  0.84110410922513656  0.84848263770802157  0.85599224478772418  0.86327661542925882
  0.86649385698317838  0.87003080712539582  0.87379122286160327  0.88372561121683157
  0.89454086254842413  0.90132501553219002  0.90669026724864454  0.91102770640609787
  0.93401151384354586  0.94304810691628349  0.95064816611291769  0.95780208732046657
  0.96399594626564200  0.97391885468688988  0.98402118402384031  0.98908159509787141
  0.99060874921009412  0.99213590332231683  0.99357938493351250  0.99499334968616371
  0.99638239054054789  0.99758826036036530  0.99879413018018259  1.00000000000000000
 -0.00939253238032495  0.04019729685639668  0.05618945152738922  0.06772712407703783
  0.07689442416904944  0.08481112926104489  0.09101875783936210  0.09988011227946590
  0.12317543799754858  0.15815055111434057  0.19023009984860764  0.20486459417390859
  0.21139558666313640  0.21589499431353726  0.21933253367647870  0.22635709697601381
  0.23140369794112234  0.23362800909912662  0.23585232025713090  0.24225611867855154
  0.24976896446428154  0.25722070834958027  0.26452083650526392  0.27182096466094752
  0.28055342820358881  0.28977918828701121  0.29866838300738391  0.30916982629339657
  0.32294653350996189  0.34531574471055604  0.35860422099980510  0.36392760167012178
  0.36550888677091414  0.36754004793447625  0.37168253729298734  0.37546612387224376
  0.37865859858044937  0.38187131887685594  0.38577368057091216  0.38972133419786709
  0.39557819881637485  0.40853813705091685  0.43316934971013876  0.48060828978219777
  0.49938787086992709  0.51169469912934540  0.52754776211374688  0.54214706395178580
  0.55314062627297300  0.56294189363917890  0.56987153837029059  0.57678272227049709
  0.58452951190043023  0.59155699716451149  0.59843785255103255  0.60682312650136394
  0.61501478744814575  0.62224912387240749  0.62891962828251657  0.63970992780255320
  0.66231392179664894  0.67764323483964795  0.69094743322702490  0.70099028494900173
  0.70758626733657848  0.71325019485381125  0.72046957248481813  0.73821347249485259
  0.76581772152413174  0.80178597773158766  0.82804835909026575  0.85498743605657468
  0.87574018135828113  0.88073606046461550  0.88573193957094976  0.89072781867728401
  0.89572369778361838  0.90071957688995263  0.90452935541822155  0.90736241601264334
  0.91019547660706501  0.91302853720148680  0.91586159779590848  0.91869465839033015
  0.92171343659468663  0.92481510974300851  0.92791678289133039  0.93101845603965239
  0.93412012918797427  0.93722180233629626  0.94677612906905839  0.95485697457425467
  0.96234070393160709  0.97346120977567552  0.98447959231731852  1.00000000000000000
 -0.01335220048342134  0.04963690365535808  0.06020478646175913  0.06567022098848231
  0.07108039803972585  0.07659374975040380  0.08220229702516453  0.09144473233881263
  0.10198146158689646  0.10373123307932193  0.10548100457174742  0.10723077606417289
  0.10898054755659836  0.11073031904902385  0.11247994159673107  0.11422871404873257
  0.11597748650073407  0.11772625895273556  0.11947503140473706  0.12122380385673856
  0.12298509840488892  0.12478935510847763  0.12659361181206635  0.12839786851565507
  0.13020212521924379  0.13200638192283251  0.13824771167738872  0.14869660254274297
  0.15355042380755457  0.15988480574344266  0.16479537762379887  0.17124743631073830
  0.17697813869181461  0.18302210663528146  0.18953422078697835  0.19375448146322768
  0.19708723239115161  0.19982167083128768  0.20173217801343837  0.20359475348182540
  0.20585987497765837  0.22012974547907041  0.24387004731306405  0.26129202080346603
  0.27906991304206069  0.30156514932487910  0.31342822325820496  0.32757594805612145
  0.34492272215668968  0.36438306644810214  0.37827275029207169  0.38562110940161831
  0.39188225122631659  0.39950220160628735  0.40758049604071678  0.41398099970136704
  0.42231736363890232  0.45246000039306761  0.48225572646856601  0.52497511558147669
  0.54297495794286443  0.55058315051970041  0.55247666481961466  0.55357608603853059
  0.55474803233896874  0.55900137894167179  0.56453796345755758  0.56927267178374485
  0.57237332638714555  0.57481332531117724  0.57723291157508583  0.58145380875124231
  0.59054341778433384  0.62544321557594329  0.63638599546765307  0.64055767882550840
  0.64366746541584230  0.64746440133689953  0.65486985377545182  0.66306661678716472
  0.67768859704250828  0.69205427275307163  0.72372202543788400  0.75181091246291798
  0.77377981593161027  0.80028769873800976  0.82737399565701097  0.84687507951310992
  0.86023485653092691  0.87359463354874378  0.89178674500287058  0.91037501238861540
  0.92999801029476137  0.95333200686317421  0.97666600343158705  1.00000000000000000
 -0.00051823731614484  0.00243786644338961  0.00538418738355064  0.00827811063618426
  0.01168356872543555  0.01391270661032305  0.01533606778637002  0.01646777082479723
  0.01828998340490276  0.02011587183633239  0.03055956518238246  0.04023537953787266
  0.05527629611848466  0.07544441829453151  0.09433247369878127  0.10920373481357268
  0.12545814814772463  0.15407958164965191  0.16289415507854901  0.17786609744433082
  0.21718901573342933  0.24573823249819216  0.26868354178552573  0.27334394846329252
  0.27513080402417006  0.27789751645668459  0.28026541838438201  0.28889834685925375
  0.30343276117706491  0.31114826461249623  0.31543574716957162  0.31965011699380080
  0.32537429952009456  0.33280292606091627  0.34401449884782598  0.37900169490121316
  0.41128103784061587  0.44032745232620080  0.47197482265578677  0.51397429262478800
  0.55798908674046566  0.57553957332331607  0.58027523165389272  0.58501088998446926
  0.58974654831504592  0.59448220664562246  0.59921786497619900  0.60327625181088040
  0.60559161443009535  0.60790697704931040  0.61022233966852535  0.61253770228774040
  0.61485306490695535  0.61716842752617029  0.61838696614953792  0.61957704580561235
  0.62076712546168678  0.62195720511776109  0.62314728477383552  0.62433736442990995
  0.63827179624956554  0.65248845220027196  0.65587075084900937  0.66585031876683820
  0.68146875098500603  0.68945288875768229  0.69675634415777576  0.70491061576484026
  0.71770000904400610  0.73452517268675455  0.77963338732204157  0.79364604385033277
  0.80317759835971869  0.81674667760174746  0.83046851361420737  0.84262233816158871
  0.85441197937459912  0.86307434141402517  0.86788505428667428  0.87262609681680603
  0.87807327697447524  0.89039601844718563  0.90866681290678308  0.93017119643351232
  0.94692507870665954  0.95413558212119931  0.96052279365873372  0.96612881034122833
  0.97065891241754576  0.97469237868956804  0.97803926004583697  0.98116486289036176
  0.98454580608258169  0.98969720405505435  0.99484860202752701  1.00000000000000000
 -0.00314930120792710  0.01329547003393281  0.01613048561524091  0.01896550119654902
  0.02180051677785712  0.02463553235916522  0.02747054794047332  0.03030556352178142
  0.03402393648935402  0.03774535416923085  0.04146677184910769  0.04518818952898452
  0.04890960720886135  0.05263102488873818  0.05862754024995000  0.06512168872928972
  0.07161583720862943  0.07810998568796915  0.08460413416730887  0.09109828264664858
  0.12434268748379942  0.16224906751381629  0.18860857045115903  0.22269885728940711
  0.23647237708668706  0.24891385191687165  0.26102955887961976  0.27228197195646436
  0.28353438503330902  0.28929750068620175  0.29153994961713514  0.29378239854806859
  0.30188908471752274  0.30739774042036933  0.31016225479770582  0.31337371907626771
  0.31954284652101378  0.32638509883993255  0.33304893231422567  0.34098223925969712
  0.34842804030369040  0.35586173775015634  0.36260899585013195  0.36814071721390884
  0.37351015264345477  0.38665921972071488  0.40177015470115846  0.41331100191547210
  0.42925904287841549  0.44570268481764008  0.48292088569833586  0.52168010420980737
  0.53839299885188674  0.55488201757489919  0.58146745491689134  0.61005459640308535
  0.61922031140723832  0.62293311501422177  0.62678263458114913  0.62817422041146143
  0.63078312496584477  0.63382926902017844  0.63534569865910895  0.63658102022591234
  0.63816063104487974  0.64049959500396447  0.64289939740480495  0.64552109123764712
  0.64805732074235223  0.65047008374584503  0.66111141201015655  0.67805217171023324
  0.70441361773849887  0.74052789812976350  0.75799462140404428  0.76691653081294664
  0.78009911208172422  0.79565663477814497  0.80173243238344238  0.80808169007364805
  0.81503270914262060  0.82408986943635609  0.83751213456651885  0.84743514037860479
  0.85362955456801792  0.86062072942173051  0.87206295951615853  0.88684019499897315
  0.89671989666786844  0.90618293375989911  0.91706379803567739  0.92701758303682036
  0.93730042251287204  0.94773244363573528  0.97361010250908187  1.00000000000000000
 -0.00568935355065427  0.03026599740888618  0.05040639441191392  0.06338524487647124
  0.07367609260324849  0.08969214552656368  0.10612612910163996  0.11911548388012674
  0.13226741128952479  0.14548344233911015  0.15701031957189729  0.17085611454623759
  0.19004707734070261  0.19697382072961289  0.21022412714963393  0.21931171586113959
  0.22512013834252684  0.23092856082391405  0.23673698330530127  0.24254540578668848
  0.24835382826807570  0.26138526453048766  0.27717369959201138  0.29296213465353510
  0.30875056971505882  0.32453900477658254  0.34032743983810620  0.35234463517850145
  0.36288791829683698  0.37343120141517244  0.38397448453350796  0.39451776765184349
  0.40506105077017895  0.42647668144138468  0.44511104978201216  0.45007270894668466
  0.45637137960386770  0.46309724562443699  0.47231416409772103  0.47930243316833593
  0.48311939754709315  0.48529097719228836  0.48685654964267649  0.48883656686197535
  0.49097696778799016  0.49255247404835206  0.49367231560569069  0.49479212749527035
  0.49591183986604909  0.49703155223682782  0.49815127709418144  0.49927100704007432
  0.50135671502606682  0.50753252415734851  0.51425355248961380  0.52075301790706297
  0.52496456182033069  0.52911533782109021  0.54130261950658676  0.56338148887775208
  0.57647382908277156  0.59108325634822156  0.60591186475575742  0.61541997462083753
  0.62548138015258370  0.63767041559489301  0.64442903363084603  0.64876645505735187
  0.66406631203404132  0.67746456411895384  0.70194047889820477  0.72916467177071076
  0.74965425703666255  0.76817537372237110  0.78890397759361286  0.83049969155018466
  0.89091552668819085  0.91732705548512550  0.92220199552309201  0.92481394172802234
  0.92694207392906802  0.92831535976858393  0.93021814848894979  0.93252330665344618
  0.93611145339845714  0.94021192414621513  0.94472121909411833  0.95363638578179144
  0.96199018008052584  0.96553229963076503  0.96907930499418293  0.97706945296875292
  0.98334196825531039  0.98858786728187187  0.99396718139625151  1.00000000000000000
  0.03684908487888158  0.97225711984686880  0.98578322291901932  0.98812393222848982
  0.98917425841838991  0.98989659339086944  0.99038338590586217  0.99077148736588971
  0.99112535409006242  0.99143012540806019  0.99166821125246907  0.99191126785509198
  0.99213146752710724  0.99229725704949168  0.99243173021992726  0.99257590547454777
  0.99269135558832233  0.99276722625921232  0.99282507291532429  0.99286771009592856
  0.99292673074801718  0.99300769928790555  0.99307271909859574  0.99308666424958691
  0.99310231864237897  0.99311495409292350  0.99312115045757854  0.99312734109149425
  0.99313352749680905  0.99314406331002691  0.99315088890914049  0.99315947592937026
  0.99316918969952317  0.99318030857730411  0.99319177707969031  0.99320397977888475
  0.99322508306845592  0.99324813050874050  0.99326582143494879  0.99329051034986293
  0.99331362552705560  0.99333259865261370  0.99335568870639157  0.99337298232664673
  0.99338550312512719  0.99339899629766815  0.99344230173244508  0.99353400567506334
  0.99367570964752994  0.99383084007029521  0.99392609455480208  0.99396562191050752
  0.99400308839734330  0.99403792864807372  0.99407742762277307  0.99412028333355118
  0.99417399905518777  0.99425107933176549  0.99433676965068285  0.99445527781453591
  0.99457856891207019  0.99461477843359425  0.99464802148817344  0.99467808698696991
  0.99470647538823576  0.99473778050279282  0.99476924672915235  0.99479792331120875
  0.99482174635067755  0.99483177714928539  0.99484180782458553  0.99485182909111203
  0.99486185035763863  0.99496260208776699  0.99509701720272370  0.99551898758597346
  0.99594954052080842  0.99609055959365966  0.99623157866651080  0.99637259773936193
  0.99651361681221307  0.99665463588506431  0.99680823557618137  0.99697135679791715
  0.99713447801965305  0.99729759924138883  0.99746072046312473  0.99762384168486051
  0.99787028547938672  0.99817453041090287  0.99847877534241913  0.99878302027393528
  0.99908726520545144  0.99939151013696759  0.99969575506848385  1.00000000000000000
 -0.03894581077105185  0.17548581299670479  0.25416338392199483  0.28176872387230728
  0.29606054313183439  0.30933948275798956  0.32359877072103754  0.34018959482758160
  0.36434740024481643  0.40274136169872388  0.43165918331289266  0.45265535541088320
  0.46819224555948757  0.48988748993496001  0.50097725476895327  0.50663963602422157
  0.51230201727948999  0.51796439853475840  0.52362677979002681  0.52928916104529522
  0.53009680789417413  0.53080334326246181  0.53150987863074950  0.53221641399903719
  0.53292294936732487  0.53355502509244257  0.53400727312044272  0.53445952114844275
  0.53491176917644279  0.53536401720444293  0.53581626523244297  0.53738549087971976
  0.53850511610263718  0.53962786790316308  0.54074388395633954  0.54340988756991915
  0.54876813793358048  0.55455849730922124  0.55954298006404390  0.56299923094978588
  0.56678484339924295  0.57011094866517587  0.57491127820197896  0.58515684130879630
  0.59490027516731669  0.60058455157829915  0.60789911540887998  0.61299518163314404
  0.61620068916465209  0.61859323276998557  0.62113869802274313  0.62465617437446908
  0.62969575509193776  0.63438774683840515  0.63664268203040275  0.63758237470031387
  0.63860365636938154  0.63946343898932700  0.64014245643665668  0.64078123982493607
  0.64141371543966141  0.64263149844774869  0.64414123019461322  0.64631450392508716
  0.64837875562830094  0.65038361122696176  0.65250140192961403  0.65640769905479146
  0.66031399617996900  0.66665920588372063  0.67626810210256338  0.68587699832140614
  0.69909106419681577  0.70746732894051456  0.71209393304628832  0.72012213305023676
  0.72801151545947351  0.73096280874789610  0.73406597571266285  0.73596678951883365
  0.73788528455213687  0.74012434345800004  0.74387950419570537  0.74701742981509989
  0.74957280198862475  0.75075473835604611  0.75169413072256197  0.75263154431390777
  0.75356827621991396  0.75450428284743087  0.75751189868412139  0.76732842536327117
  0.78655900842587001  0.82894673608902891  0.89237723710254113  1.00000000000000000
   1.7352460230648324E-015  -1.0000000000000000     
 T F F F F F F F F F F F F F F F F F F F T F F F T F F F F F F F F F F F T F F F T F F F F F F F F F F F F F F F F F F F T F F F F F F F F F F F F F F F F F F F F F F F F F F F F F F F F F F F F F F F F F F F F F F F F F F F F F F F F F F F F F F F F F F F F F F F F F F F F F F F F F F F F F F F F F F F F F F F F F F F F F F F F F F F F F F F F F F F F F F F F F F F F F F F F F F F T F F F F F F F F F F F F F F F F F F F T F F F T F F F F F F F F F F F T F F F T F F F F F F F F F F F F F F F F F F F T F F F T F F F F F F F F F F F F F F F F F F F T F F F T F F F F F F F F F F F T F F F T F F F F F F F F F F F F F F F F F F F T F F F F F F F F F F F F F F F F F F F F F F F F F F F F F F F F F F F F F F F F F F F F F F F F F F F F F F F F F F F F F F F F F F F F F F F F F F F F F F F F F F F F F F F F F F F F F F F F F F F F F F F F F F F F F F F F F F F F F F F F F F F F F F F F F F F T F F F F F F F F F F F F F F F F F F F T F F F T F F F F F F F F F F F T F F F T F F F F F F F F F F F F F F F F F F F T F F F
  <DiscreteSampler_grid>
  grouped_processes
  1 # 1 for a reference and 2 for a running grid.
  10 # Attribute 'min_bin_probing_points' of the grid.
  1 # Attribute 'grid_mode' of the grid. 1=='default',2=='initialization'
  0.0000000000000000 # Attribute 'small_contrib_threshold' of the grid.
  0.5000000000000000 # Attribute 'damping_power' of the grid.
 # binID   n_entries weight   weight_sqr   abs_weight
    16   10   8.509471793098407E-018   3.586109466922317E-034   8.509471793098407E-018
    17   10   8.509471793098274E-018   3.586109466922186E-034   8.509471793098274E-018
    19   10   1.256067786200550E-017   8.188154737355645E-034   1.256067786200550E-017
    20   10   1.256067786200544E-017   8.188154737355563E-034   1.256067786200544E-017
    22   10   1.344752331776881E-017   9.780222959131116E-034   1.344752331776881E-017
    23   10   1.344752331776870E-017   9.780222959130920E-034   1.344752331776870E-017
    28   10   5.155691364812860E-018   2.308205490426784E-034   5.155691364812860E-018
    29   10   5.155691364812859E-018   2.308205490426783E-034   5.155691364812859E-018
    31   10   7.434576509450771E-018   5.234947586624982E-034   7.434576509450771E-018
    32   10   7.434576509450765E-018   5.234947586624971E-034   7.434576509450765E-018
    34   10   6.784861912203646E-018   4.247075218938227E-034   6.784861912203646E-018
    35   10   6.784861912203642E-018   4.247075218938218E-034   6.784861912203642E-018
    40   10   8.509471793098411E-018   3.586109466922321E-034   8.509471793098411E-018
    41   10   8.509471793098296E-018   3.586109466922206E-034   8.509471793098296E-018
    43   10   1.256067786200547E-017   8.188154737355609E-034   1.256067786200547E-017
    44   10   1.256067786200545E-017   8.188154737355570E-034   1.256067786200545E-017
    46   10   1.344752331776877E-017   9.780222959131048E-034   1.344752331776877E-017
    47   10   1.344752331776871E-017   9.780222959130935E-034   1.344752331776871E-017
    52   10   5.155691364812858E-018   2.308205490426783E-034   5.155691364812858E-018
    53   10   5.155691364812856E-018   2.308205490426781E-034   5.155691364812856E-018
    55   10   7.434576509450765E-018   5.234947586624977E-034   7.434576509450765E-018
    56   10   7.434576509450762E-018   5.234947586624967E-034   7.434576509450762E-018
    58   10   6.784861912203644E-018   4.247075218938225E-034   6.784861912203644E-018
    59   10   6.784861912203638E-018   4.247075218938216E-034   6.784861912203638E-018
    64   10   8.509471793098427E-018   3.586109466922337E-034   8.509471793098427E-018
    65   10   8.509471793098276E-018   3.586109466922189E-034   8.509471793098276E-018
    67   10   1.256067786200547E-017   8.188154737355604E-034   1.256067786200547E-017
    68   10   1.256067786200545E-017   8.188154737355577E-034   1.256067786200545E-017
    70   10   1.344752331776876E-017   9.780222959131021E-034   1.344752331776876E-017
    71   10   1.344752331776871E-017   9.780222959130933E-034   1.344752331776871E-017
    76   10   8.509471793098425E-018   3.586109466922336E-034   8.509471793098425E-018
    77   10   8.509471793098287E-018   3.586109466922198E-034   8.509471793098287E-018
    79   10   1.256067786200546E-017   8.188154737355592E-034   1.256067786200546E-017
    80   10   1.256067786200546E-017   8.188154737355585E-034   1.256067786200546E-017
    82   10   1.344752331776874E-017   9.780222959130992E-034   1.344752331776874E-017
    83   10   1.344752331776871E-017   9.780222959130937E-034   1.344752331776871E-017
    88   10   5.155691364812863E-018   2.308205490426787E-034   5.155691364812863E-018
    89   10   5.155691364812859E-018   2.308205490426783E-034   5.155691364812859E-018
    91   10   7.434576509450770E-018   5.234947586624980E-034   7.434576509450770E-018
    92   10   7.434576509450764E-018   5.234947586624967E-034   7.434576509450764E-018
    94   10   6.784861912203642E-018   4.247075218938224E-034   6.784861912203642E-018
    95   10   6.784861912203636E-018   4.247075218938212E-034   6.784861912203636E-018
    100   10   5.155691364812861E-018   2.308205490426786E-034   5.155691364812861E-018
    101   10   5.155691364812859E-018   2.308205490426783E-034   5.155691364812859E-018
    103   10   7.434576509450765E-018   5.234947586624977E-034   7.434576509450765E-018
    104   10   7.434576509450759E-018   5.234947586624963E-034   7.434576509450759E-018
    106   10   6.784861912203644E-018   4.247075218938225E-034   6.784861912203644E-018
    107   10   6.784861912203636E-018   4.247075218938212E-034   6.784861912203636E-018
  </DiscreteSampler_grid>
