  0.01846924116141958  0.04405101798965794  0.06376589567259355  0.07872115878281620
  0.09075219209835977  0.10195368689120812  0.11264179133141350  0.12069404449984761
  0.13056377189069285  0.14301616216545571  0.14771613834107827  0.15096504977936989
  0.15419343654877346  0.15828454192837163  0.16076530212216422  0.16346975234524025
  0.16634884754141707  0.17092311672139054  0.17733648400511387  0.18748288503171012
  0.20671331930898587  0.22712573144746434  0.24968798224198172  0.27203842599130235
  0.29417683052518445  0.31029666894180069  0.32716643443681537  0.34508333088586413
  0.34813695829840896  0.35027820809834542  0.35140458331265007  0.35248281202949400
  0.35358707861871203  0.35564981939208024  0.35744505638111557  0.35929591849385994
  0.36559905144228111  0.38027591976148040  0.39325776667004803  0.40378806633744685
  0.42916622320079245  0.45323231036398476  0.47891213393685056  0.49849720692777233
  0.51102048420475954  0.51785008771098040  0.52214725976767240  0.52783842045724039
  0.53717867599810798  0.55403857943397461  0.57847887457223723  0.60309143737132820
  0.62295152248774821  0.63926801976116410  0.65136436547507059  0.65986001474388256
  0.66852013004596089  0.67629119282886108  0.68112614611669042  0.68460647284260423
  0.69102652724795921  0.69721170736784388  0.70412129843363958  0.71344908932478968
  0.72050182101740179  0.72723821765839392  0.73291513842404943  0.73893526484547034
  0.74562310176186164  0.75804198871360717  0.77728613141052116  0.78747180214740065
  0.79388471740336541  0.79744121526243827  0.79994937347015282  0.80220633256212437
  0.80433566319869798  0.80682604555952953  0.81130179420135895  0.81525295403639009
  0.82105541069401033  0.83253879188278879  0.84141917105905562  0.84622256099724680
  0.85183536158439999  0.88173116922427064  0.89989486645987515  0.91050185823016605
  0.92089850726776235  0.93070956742460031  0.94008697211175218  0.94908849431658426
  0.95778217160701218  0.96576420489261872  0.97136748900456937  1.00000000000000000
  0.00001406450921112  0.00016648937695614  0.00026816024067433  0.00036598888854166
  0.00041260423068120  0.00043899478591169  0.00046766464101619  0.00050663934046736
  0.00065510602166986  0.00089753475888147  0.00116699653190177  0.00127531607126386
  0.00136635498511049  0.00143391987885035  0.00148759163049237  0.00156262594675716
  0.00168600049118654  0.00173991552632306  0.00181269905883972  0.00188325414957787
  0.00194215445158995  0.00198503238118074  0.00199757798517560  0.00201407230493840
  0.00206834780636263  0.00210211161812911  0.00211380704002070  0.00213254621358895
  0.00215964919421063  0.00218825122794744  0.00221998061379192  0.00225673146428044
  0.00232224213292793  0.00239948667286477  0.00250971198828971  0.00262779692613084
  0.00278136488639279  0.00302677017978159  0.00318102073634716  0.00328042694534798
  0.00337036426622803  0.00341226482507648  0.00346253163332288  0.00351353736037984
  0.00356105020403261  0.00360745473904239  0.00365795989896739  0.00372728696786387
  0.00379661403676035  0.00388656860618754  0.00397822988127258  0.00407856932123043
  0.00418088206928577  0.00428290119725757  0.00440303016720316  0.00453411611573186
  0.00467905206103840  0.00493937207604797  0.00544660535783796  0.00628957119128779
  0.00690030098039166  0.00736040363534645  0.00774588411416186  0.00825106588535426
  0.00901916157179630  0.01023533632187576  0.01076125930803143  0.01100691078807713
  0.01111694445572810  0.01120844689479079  0.01128630641116830  0.01134571891002788
  0.01142719866457616  0.01150753494331491  0.01157900324557018  0.01194738041266622
  0.01231439159331731  0.01257561278967670  0.01274176412448944  0.01289349752152649
  0.01299112641265545  0.01305744557283713  0.01324291300395654  0.01393143128061522
  0.01456403732214269  0.01526993854559818  0.01673230724267615  0.01837095386618302
  0.02023304438844812  0.02233249777481254  0.02453199400370179  0.02701587188430901
  0.02926423006659417  0.03101593380624186  0.03333671126129747  1.00000000000000000
 -0.00029443489682914  0.00304177323638524  0.00395530495291683  0.00441283252343601
  0.00480208906339498  0.00513827114172850  0.00533604350714187  0.00545911165143693
  0.00577808554420932  0.00614935757220761  0.00659849392736502  0.00710871423193467
  0.00772762747394370  0.00837267307055222  0.00879248628189914  0.00905026086684959
  0.00939183265100909  0.00979692758523728  0.01051474141323525  0.01180360786851253
  0.01396782739833343  0.01493281811275248  0.01594633826143976  0.01691776995112447
  0.01778805288912334  0.01836939207343939  0.01893807514149804  0.01930100104184925
  0.01965223295118013  0.01992078083417255  0.02024299722640986  0.02070420583970728
  0.02103514628283335  0.02133827098578359  0.02161494621344710  0.02189139574610050
  0.02217993668730371  0.02262974125589923  0.02312002463881829  0.02363320568039418
  0.02409513396591760  0.02433945043462775  0.02450712781980443  0.02469774834785869
  0.02501494682541787  0.02525276098387741  0.02538631648000994  0.02543671352264191
  0.02548789307010173  0.02554289598691791  0.02561472500721537  0.02570118836834356
  0.02580629005546511  0.02640433299200351  0.02828520799084839  0.03005632418277821
  0.03085653249840678  0.03109907759981130  0.03130567734512695  0.03148791558823311
  0.03159496378672696  0.03167945138728736  0.03174757871714497  0.03180114203439490
  0.03184229710551921  0.03188193984202799  0.03192056536326762  0.03197364892858806
  0.03205721327693070  0.03218473305068028  0.03225556915691996  0.03230561026200415
  0.03236627462293107  0.03242658199815265  0.03257170066733758  0.03288762863298758
  0.03322934588388266  0.03371628276047472  0.03466029480795126  0.03527113167477645
  0.03574251973753803  0.03617193801361978  0.03704788289193168  0.03840492712109268
  0.03906528337131911  0.03972563962154553  0.04197939790080498  0.04431121144853358
  0.04762687016118307  0.05168196737363519  0.05729520033563552  0.06346050158370138
  0.06664320031945617  0.07157622021801076  0.21110216024102579  1.00000000000000000
 -0.00088529358816504  0.00838092034731936  0.01086776073218033  0.01283385827267316
  0.01461356449748245  0.01524777062110332  0.01579960957145680  0.01604098938342958
  0.01628212524938105  0.01652293815336849  0.01676284605044495  0.01705649274620308
  0.01769142188657596  0.01846006895324993  0.01899199826459587  0.01939906295474647
  0.02006021478481374  0.02073024838526934  0.02140592278044011  0.02339861530916608
  0.02880632789958355  0.03257712783869204  0.03422579008038320  0.03511743945920692
  0.03594531652620461  0.03680602618246540  0.03791963988500161  0.03866343480847845
  0.03910644892220658  0.03975050890855505  0.04042946655964841  0.04089453076183016
  0.04129753923103632  0.04176970095834984  0.04239792041662880  0.04288050290795757
  0.04307492160161799  0.04321320244667019  0.04333378328374704  0.04345029362036537
  0.04359141376558220  0.04378124926505124  0.04400441426902148  0.04426083766955727
  0.04492266651610802  0.04543054152870232  0.04597550821167936  0.04640464951715573
  0.04680077051473141  0.04730272417148275  0.04779354593195995  0.04813426406188987
  0.04855414799240747  0.04924893278518370  0.04994158617328143  0.05049500007285214
  0.05072274045090214  0.05084767363180969  0.05097078765789571  0.05115719794825399
  0.05131263998336443  0.05147733921965147  0.05175568034071653  0.05223265206444053
  0.05266122679895509  0.05323934290857477  0.05443125275732599  0.05692772763560589
  0.05933906476840978  0.06053299215988069  0.06180315250354915  0.06396606051640957
  0.06612896852926999  0.06803628178683442  0.06980356265098159  0.07151673409081924
  0.07303394284280298  0.07408606961043432  0.07495510518120285  0.07587642827903490
  0.07721224831012070  0.07900631978335378  0.08174460190930283  0.08543010116801109
  0.09019711439699794  0.09698834997028273  0.10845628094743766  0.11403959485778148
  0.11626651304028442  0.11940147630014884  0.12302273591052702  0.12726227864301282
  0.13672119510552805  0.16479885717481327  0.56014148569301025  1.00000000000000000
  0.02080910964199993  0.04484202943177650  0.05320187243500807  0.05749168139881329
  0.06004672723561002  0.06219699798012984  0.06526429526658915  0.06856771000281317
  0.07436931739525439  0.07817919863379137  0.07973554609721266  0.08216702309173228
  0.08505033852688328  0.08795276044313985  0.09086689470635086  0.09463537348656241
  0.09950698733943181  0.10684220506233638  0.11413256844094713  0.12105157643349493
  0.13116265399721844  0.14107165816730360  0.14624085423862027  0.15069660488717196
  0.15357121254470688  0.15645535099805707  0.15931474777221405  0.16195919875531611
  0.16548835012008986  0.17334338013872017  0.18801216650023553  0.20348392754984618
  0.21675734296097018  0.23053011529112252  0.23919004649891942  0.24966067023199151
  0.25913168249366048  0.26818551613653663  0.27657853284472139  0.28520341152529016
  0.30223604675216348  0.32747150407503772  0.35454106572093885  0.37936101067928174
  0.40399788616331861  0.42407718737506339  0.44317327057617512  0.45521402504780428
  0.46429866975009482  0.48572812332044479  0.50486066311402322  0.51183591513907012
  0.51742018999035899  0.52106909440260007  0.52452453723898096  0.52828904662755749
  0.53360235364056596  0.54587260733087095  0.55797653613068976  0.56289972887713602
  0.56787637960543047  0.57440256022221670  0.58172454671958473  0.58973454128777214
  0.61385687431669989  0.64874688242215472  0.69538795443297929  0.70798937391183814
  0.71280781499869361  0.71779005684726727  0.72266342295280273  0.72710849621231544
  0.73099444871080588  0.73464462656344276  0.73698487494926923  0.74488623678949983
  0.75859822550269329  0.76874850137230621  0.77822463761348259  0.78988189131152020
  0.80039048640275723  0.80882836835738936  0.81404456127690783  0.81900693499643684
  0.82313980251814522  0.82762854396555441  0.83293300507681645  0.84229681497041409
  0.86046756873760588  0.88429059766457374  0.90799465222963804  0.92708945236923612
  0.94528039124702967  0.96123755028496738  0.97195588409393752  1.00000000000000000
 -0.00040040143701764  0.00396847279183555  0.00819473983371195  0.01204708781812095
  0.01434447551294728  0.01622584304607368  0.01783003568251225  0.01932145387062768
  0.02087996549568338  0.02441205049923006  0.02577703267889417  0.02726590594447733
  0.03133315329253440  0.03816035524933335  0.04370564478254674  0.04987804051301559
  0.05643181700188635  0.06260668890087061  0.06859673447825836  0.08452271783622214
  0.10549971930339475  0.11167342566250554  0.11854538055048038  0.12223375509450184
  0.12506634383799781  0.12819526222374350  0.13408867267065128  0.14361983506627948
  0.15355268137327319  0.16128395479870480  0.16619290276895263  0.17185998516194795
  0.17784877152804868  0.18385854341455704  0.19177893247891153  0.19878985207506006
  0.20305996447593033  0.20734561045210456  0.21168231178666552  0.22206622053912986
  0.23417950480820265  0.25151396774806456  0.26987125956926833  0.29230928357857516
  0.31103406275216583  0.32427604665500931  0.33139587241153734  0.33835220233245417
  0.34515747556869669  0.35091160073508765  0.35666572590147860  0.36554905873258253
  0.37573701994216974  0.38292243802732162  0.38923857240584209  0.40203862571373988
  0.41794074979506468  0.42997922492004220  0.43836423852347928  0.44721904738578705
  0.45642035795107022  0.46511984696053732  0.47380631656259337  0.48128619238404002
  0.49413013995666216  0.50781072746693434  0.52180126787534753  0.53428689321095491
  0.54476378707945894  0.55570609599624743  0.56713854675050923  0.57978311921163506
  0.59468384206738523  0.61204221035140616  0.63757335812103377  0.66005133177168129
  0.67972856309296481  0.70303395052923567  0.72854320665530992  0.74086510828743513
  0.75062272235767291  0.75848358620432432  0.76504490553182103  0.77191821420817863
  0.77936880843998235  0.78852171452993491  0.80138260954692042  0.81332819781760002
  0.82226213823209338  0.82817042507110183  0.84122553497028163  0.85304722054351800
  0.86853248339936695  0.89541974982448291  0.94620996795449808  1.00000000000000000
 -0.00754442010409667  0.03947172090948139  0.08868295384081609  0.13261286330224897
  0.13759508665766848  0.14073438475689720  0.14385164297191039  0.14587734947147740
  0.14787988422185847  0.14957542726202344  0.15071149177205384  0.15200428683323816
  0.15749312910148011  0.18229565571342804  0.19851891110497744  0.20288047712948440
  0.20734893205570759  0.21196831228361748  0.21613718676423752  0.21965644219413030
  0.22435124108577240  0.23179519853546035  0.24201148427171318  0.25640952357105318
  0.27224129507227202  0.28322081634913265  0.28832382698840425  0.29210087814179353
  0.29528013835298994  0.29858226460599452  0.30335038312389007  0.31269656151048897
  0.32675328155745209  0.35826969973012246  0.38125745897435498  0.39399161812272260
  0.40608302678583397  0.41601780880130923  0.42074847493975809  0.42556610306960269
  0.43045440936427798  0.43538051347296736  0.44338356344177687  0.45654783173727626
  0.46205635970449738  0.46730373260467306  0.47097523553156456  0.47429934490247111
  0.47657022529415871  0.47967882343450519  0.48601205201972120  0.49645851480657882
  0.50746056554811314  0.51312115263407365  0.52248319064288284  0.53484687470611203
  0.54418456495510881  0.55298520877062152  0.56984886217804998  0.59245303868091670
  0.60219710869777376  0.61268145005557995  0.62285934346427119  0.62813509725423411
  0.63071760629038132  0.63331860111912064  0.63756732614508638  0.64406762627034164
  0.65594855472822733  0.66826350748723007  0.68314529612493080  0.69802708476263153
  0.70820696294961860  0.71752063315357917  0.73174144061357005  0.75043606663658891
  0.77592159166882668  0.78898495630387300  0.80035893548736881  0.80466964095764482
  0.80768539873386913  0.81060064614956073  0.81530056546635754  0.82174858845305920
  0.83063419527750548  0.83827945208849786  0.84540982549871269  0.85249412509692113
  0.86025540237176834  0.86812634262900568  0.87708114066482923  0.88764108881289983
  0.91271929549540087  0.94024263783965523  0.96995592874747794  1.00000000000000000
 -0.00701173979494287  0.02799242804190584  0.04075826070222581  0.05351987711312502
  0.06894384564294925  0.08406784675622256  0.09879700878291922  0.11559128833916341
  0.12964893718622553  0.13855639648714022  0.14735380470886561  0.15648955875396278
  0.16605743075143667  0.17292650217896907  0.17931404197785644  0.18192907690017449
  0.18450320137274784  0.18750570421560869  0.20988952989581189  0.25025073744676046
  0.28414192416579331  0.29482803356460274  0.30064868028960257  0.30658215871887740
  0.31398490534100454  0.32011615868889276  0.33280280764201947  0.35378731806744612
  0.37311715568441739  0.38658817973820259  0.40584545596649579  0.41996893994970286
  0.42916360187131369  0.43434616490788241  0.43707926379216910  0.43904329714670309
  0.44177167050528304  0.44308683088315942  0.44416590303671150  0.44523606605362065
  0.44703155118040339  0.44904776423752674  0.45023552100091468  0.45141709056565649
  0.45268402561682425  0.45458336941085598  0.45691293227051472  0.46219969827710133
  0.46692581347959211  0.47126573415626183  0.47543086558890918  0.47956865433727625
  0.48618650292827859  0.49335442253108991  0.50493068809348940  0.52189912009743611
  0.53076419091628080  0.53857987987726397  0.54397525679005065  0.54993686348171344
  0.55521747467208571  0.56157604644398662  0.56733834409117379  0.57417001538768297
  0.58289916012589005  0.59177900954710638  0.60452624942399047  0.61456712372508771
  0.62479516827352477  0.63690895589432661  0.65108075908990293  0.66668799689906166
  0.68669315760886473  0.70604444547610101  0.71962441708407043  0.72783265870657643
  0.73218996812597092  0.73911492495466957  0.74779778874139402  0.76213709722533618
  0.77028979585993129  0.77559672555673231  0.78208798279962954  0.79999309944887009
  0.83268078477261143  0.84936783964516116  0.86555780864693488  0.88111754226012473
  0.89389040855530988  0.90508355123142747  0.91817446365175448  0.93180531728659965
  0.94385831061813930  0.95827518036129444  0.97546385306418504  1.00000000000000000
 -0.00096052409284833  0.00801207111361176  0.01586439584531392  0.03832457353345464
  0.05651008153884901  0.07383973489667608  0.09116932091422525  0.10652650170403909
  0.11313412134808302  0.12559601416930852  0.13509855832234738  0.15114849193079133
  0.19658648816053856  0.23028704457081839  0.24204753622490163  0.25017490589185626
  0.26012048273564531  0.26484552319656424  0.26809692785916300  0.27211824292392073
  0.27626085122381361  0.28335074381485659  0.29091381385747789  0.30237332690618607
  0.31687347552563333  0.32613250255860088  0.33581076112082930  0.35364438699844325
  0.36904895719241421  0.38075448309403354  0.39075496336776666  0.39817141046312449
  0.40075445990626729  0.40387519331602534  0.40762858630037041  0.41225489324506659
  0.42276020332738412  0.42932189124857623  0.43523085406250583  0.44209062035190333
  0.44983242635325960  0.45941956905531561  0.47712967623697783  0.50273950168603887
  0.52291310246355427  0.53142160068826905  0.54806957838483172  0.56372118892098522
  0.57770932712718481  0.59469729722528264  0.60614994807742462  0.61294820406653827
  0.61992473739337894  0.62736866979473893  0.63590034434297282  0.64997230223952540
  0.66277440688983436  0.67426778022647316  0.68717262992480244  0.69931641379676679
  0.70422129984359949  0.71274703655558258  0.72066169686674064  0.72620209725787555
  0.73177972606002561  0.73739743893908050  0.74526755842144121  0.74998697458771180
  0.75332792057305142  0.75699118866353488  0.76081282210247148  0.76459768746334189
  0.76837068637187023  0.77273169293285493  0.77720449849123208  0.77993857035711867
  0.78251492596653649  0.78655060307868019  0.79078890806732527  0.79719392645291542
  0.80134165078273434  0.80703237089251900  0.81139325129120876  0.81540790430278598
  0.81942093815375516  0.82440248970158359  0.83334063226695088  0.84291939908331937
  0.85197135162723547  0.85968557418496572  0.88479664602958952  0.91232702516766184
  0.93975663564340683  0.96402141307387812  0.98246618506598071  1.00000000000000000
 -0.01215951621900089  0.01505493066443737  0.03919819440556455  0.06375498160371264
  0.08876035947221225  0.11212091631030383  0.13028643692669445  0.14335230242784230
  0.15471395014213743  0.16773217715671088  0.18153142383556800  0.19300315329097045
  0.20128726892550275  0.21094310439233988  0.21952245116768729  0.22851106299136767
  0.23525537414210626  0.24105117788596675  0.24529324237258332  0.24932284479003258
  0.25414711289412600  0.26239244457342115  0.26688830442170042  0.27571085397009815
  0.29019388775799460  0.31487049068136586  0.33325908459332532  0.34193468295242935
  0.35198513429899270  0.36124822257897626  0.36951759319767985  0.37772175608471231
  0.38641206445818260  0.39546368042520286  0.40517930471659663  0.41049701546523421
  0.41474586791922541  0.41857400244235227  0.42236312132230136  0.42599193142517583
  0.43062786628187366  0.43650757053331396  0.44202213844822291  0.45693823070754691
  0.50250873226360582  0.53561281140097083  0.55596563541382282  0.57975262811274419
  0.59137548330844936  0.59511430289940825  0.59749120998444449  0.60048133710577967
  0.60471927801796888  0.60960711546923751  0.61637888381395534  0.62663024633296915
  0.63598902695749793  0.64117187810326659  0.64396214236723903  0.64675240663121147
  0.65588877652790090  0.66621031294421507  0.67590975335981640  0.68468546153422616
  0.69353037739378565  0.71310665307246013  0.73060390631892647  0.74044570336411175
  0.74737695260299897  0.75162736425823917  0.75566488126293541  0.75955071000340058
  0.77030791131655219  0.78588517569731564  0.79671587669446131  0.80520220899661832
  0.81007492244052726  0.81362585626808404  0.81712226443884539  0.82135930091882714
  0.82886162991937629  0.83493393248515324  0.84411113369176261  0.85424084022626956
  0.86630996058254695  0.87932635580241725  0.88958608670710337  0.89869278245438378
  0.90758060535345908  0.91841344134026759  0.92978760645041325  0.94060055791887975
  0.94983598383753154  0.96322792275218616  0.98064535084842275  1.00000000000000000
 -0.00091981188962191  0.00635305328729170  0.01191275605608660  0.01589252829570011
  0.02262320421639965  0.03501678973155774  0.05072420926666352  0.07247710288350480
  0.09422999650034608  0.10989727473085079  0.12308404065096371  0.13066177628742290
  0.13659163636272309  0.15097114556744545  0.16316347637229914  0.17478159116935055
  0.18463511400662164  0.18916141358210375  0.19421950819009134  0.19942220539318212
  0.20606846112498156  0.21188508847702289  0.22138868068135950  0.24367925132773266
  0.26311078625498430  0.27721873883514653  0.28975335718812573  0.29907246970225349
  0.30345705189152594  0.30997808372876495  0.31703706295212486  0.32163272642829355
  0.32728394638142755  0.33317751776207677  0.34311084945942560  0.35973732771475270
  0.37138004425553239  0.37990202220321850  0.38878655052523470  0.39920157161348263
  0.41442497450129312  0.42886513597743114  0.43986526405676291  0.44802456528041112
  0.45509640615065794  0.46247181816592653  0.47656152361689696  0.48624721819645605
  0.49396851823341925  0.50338642081957241  0.51355178999774542  0.53147814573119556
  0.55164095415137138  0.55967496302215902  0.56694824439333613  0.57360294867532646
  0.58023484304731743  0.59171317490300823  0.60322793644251349  0.61018600465436335
  0.61552608729752012  0.62184904322649781  0.63333364881390486  0.64860918332996931
  0.65184904179138003  0.65509210378536342  0.65834758575975738  0.66273298047102902
  0.66911805224266796  0.68571015622239462  0.71335416367852444  0.73202910736559845
  0.73997877112213606  0.74747779117051993  0.75315158647026026  0.75838676010275752
  0.76279951127117596  0.77211799343024301  0.78983551654678763  0.81442719795994101
  0.82863154387416182  0.84010093281448639  0.85215611175356265  0.86249053336625836
  0.87477585517780077  0.88227313316670819  0.89331016287888187  0.90493351143386780
  0.91137709881132145  0.91671074912542827  0.92111332683006697  0.92588553999533230
  0.93238922417951553  0.94611663949607694  0.97037902147462063  1.00000000000000000
 -0.00361126062660978  0.01722096330444546  0.03940933397680329  0.05627762621058445
  0.06995173679989233  0.08378450611429757  0.09880464068931741  0.10802770258741475
  0.11666731536200774  0.12847755625334795  0.14028779714468814  0.15453737877239357
  0.16887864735712321  0.18327271646746129  0.19769079905196826  0.21287939947508369
  0.23025724871380593  0.24696141403927091  0.26097738805041537  0.27313929616436122
  0.27966196168721963  0.28561067550311425  0.29774032198037209  0.30825636971973575
  0.31097854718807300  0.31345396996811714  0.31888076262849641  0.32758756740658118
  0.33050209257223828  0.33261490994164433  0.33499079569243029  0.33873117341816561
  0.34287975542604837  0.34452114708087034  0.34616222330172580  0.34780264537029271
  0.34951043607155419  0.35518801671198003  0.37819808041056907  0.40266047177341086
  0.41753654642222982  0.42921559435582740  0.43679527539494534  0.44311169960365487
  0.45027144063669799  0.45762629450578363  0.46571296784504418  0.47301319418693238
  0.47966202147476700  0.49325922231811403  0.50563761147862463  0.51196936386997027
  0.51577379989711181  0.51967891981097258  0.52445149799866519  0.53113044120978103
  0.54115725571557527  0.54770086136133889  0.55748243072406489  0.56830813093926869
  0.57637465153162748  0.58740617686610097  0.60151344127557815  0.61655730218189164
  0.62840350810336099  0.64123962893639386  0.65652263159725543  0.66363144732915080
  0.66849877019841097  0.67492897692941944  0.68328321595229535  0.69167207194366198
  0.70064340311595719  0.70917446617659741  0.71675700633254658  0.72871577301170143
  0.74463140998348198  0.76238440578895206  0.78308715681061791  0.81215780311357766
  0.82204924505732102  0.82983848082519085  0.83962451137376937  0.84676100462486925
  0.85472829288697894  0.87320345997847360  0.90173913386822346  0.93162825905267133
  0.94568702215768630  0.95287304277474982  0.95769483169917891  0.96288047614848915
  0.96928981825802252  0.97659596754414624  0.98396724426872084  1.00000000000000000
 -0.00472375302197517  0.02066432890625874  0.04175738401235989  0.05959281618537916
  0.06598933890531443  0.06876027933279974  0.07240815193844061  0.07927989156494292
  0.08437908760109036  0.08689664586773864  0.08934410974104082  0.09179083558740930
  0.09430502932254672  0.09690757571236397  0.10401729963771073  0.11120183700505905
  0.11524425514407391  0.12289473139423643  0.13281547350927084  0.14353516052816473
  0.15156671707128710  0.15855131370803785  0.17108082575955894  0.18121168457865400
  0.19270024022939131  0.20510008970075833  0.21760107901476075  0.23146419614042271
  0.24703105224160227  0.26847777406661266  0.27603114440227006  0.28071654030457271
  0.28746917711373837  0.29784796103042505  0.30742871162746033  0.31467835777346925
  0.32700891188052716  0.34169980782334608  0.35908813762613395  0.37516313502924098
  0.38814633660241121  0.39974511759739884  0.40936655579732650  0.41172207978479392
  0.41399031020146076  0.41567059242386911  0.41721864310435003  0.41835517414277429
  0.42076234684527242  0.42748991430260325  0.43253878066153867  0.44284637434053992
  0.44899651770404791  0.45381081840029469  0.46278283188711439  0.47604805320414689
  0.49606844462557687  0.51762536922143099  0.53918968975564718  0.55674703128014424
  0.57191676583487383  0.58638431023464543  0.60038778035177198  0.62372161149024008
  0.64078014847355147  0.65116476775302046  0.66199356333794290  0.67087970417493814
  0.68441793593242473  0.70130326691808498  0.71861472620354305  0.73125553012648126
  0.74228766473012886  0.75252562980233040  0.76096847676124035  0.77201144428720170
  0.78302819346248731  0.80333323146492752  0.81533527293027608  0.82561322352319888
  0.83563437277738706  0.84863904560344383  0.86479628469970982  0.87697301270107297
  0.88810647570375179  0.90018100767814346  0.91240237485482234  0.91748139397824857
  0.92187304693901617  0.93140424981153513  0.94272783206407762  0.95433847432556085
  0.96603395334011832  0.97806775631579435  0.98930587746165344  1.00000000000000000
 -0.00603452468220802  0.02750468534298873  0.04975292854156146  0.06010931532280481
  0.06953414193026286  0.07868302652890156  0.08845247896976557  0.09621840755571337
  0.10399181469096068  0.11179322412481357  0.11967058652682613  0.12766601009055731
  0.14089559845648020  0.15763698541201759  0.17429313067241853  0.19045553299231621
  0.20375465246331742  0.21112265488383894  0.21747581768419702  0.22446081475966070
  0.25050314970243931  0.28885870014085158  0.32111450059706648  0.33195887719585904
  0.33760393870293848  0.34006275629957300  0.34452450153514907  0.35144359322872953
  0.35439271670637945  0.35729923532597635  0.36153087070667617  0.36861633092305385
  0.37816152129929914  0.38695133891890543  0.39942049581679395  0.41374823399570065
  0.42161198385302595  0.42974938724272566  0.43825215707372001  0.44515488729825875
  0.45387874198197981  0.47307260624788477  0.48622357062812860  0.49764968112470870
  0.50597690367762438  0.51318560681896497  0.51454337710941744  0.51670195286025944
  0.52054962630657076  0.52472950804003105  0.52798178652706984  0.53026308280513468
  0.53248005062181247  0.54716506677008003  0.61038887462010483  0.63820072866558419
  0.64664535483558094  0.65186444925316900  0.65884380971894474  0.66503761187599753
  0.67074047904248679  0.67541373963126328  0.67811474870339317  0.68198912973111003
  0.68560020268508437  0.68818038476669419  0.69040339791573069  0.69338474099823089
  0.69952917931826375  0.70556364180776765  0.71020681821176090  0.71492311722546753
  0.72374826659608993  0.73317072702896580  0.74380832458223500  0.75457845092424058
  0.76548651793014566  0.77291980942640637  0.78054818652109259  0.78587285285076780
  0.79188093116293601  0.79668175748198933  0.80387098416202662  0.81676846103790390
  0.82967999741013310  0.84152866505765500  0.87006020811876694  0.89635910866987656
  0.91888360142594705  0.94230754738392974  0.95686389546514705  0.96613369377256308
  0.97511411221596178  0.98436109434336216  0.99226546734230570  1.00000000000000000
 -0.00361459475045013  0.01801271189897140  0.03208441127479876  0.03983194278508406
  0.04798465616499334  0.05645811530098330  0.06520120065387139  0.07390061576473098
  0.08222367549180154  0.09428493805615507  0.10983202531639230  0.12157532644523082
  0.12681584950716740  0.13253254389454189  0.13949162184866098  0.14743008734969534
  0.16132649756253920  0.18154798079648946  0.21003635103729335  0.23927491718154414
  0.26869238203485540  0.29619081944746439  0.31667612004260343  0.32614975618050812
  0.33280379244933672  0.33966797318819403  0.34323841965641305  0.34681711529939507
  0.35075656177941750  0.35469600825943987  0.35903476821086450  0.36337696221404830
  0.38476179720932385  0.40959522725362224  0.41273478157461063  0.41460801305114370
  0.41742483026686400  0.42103358508288891  0.42331262049423574  0.42465096751929871
  0.42613238036165313  0.42837570588720797  0.43188417628969356  0.44195771483335611
  0.45290536094592138  0.46232088553542094  0.47211873092103235  0.48688029035353636
  0.50696548895926163  0.52307499742889640  0.53565396577844981  0.54569633576851373
  0.56271202522202446  0.57275820122012344  0.58132257575364288  0.58573641135523546
  0.58792689781412655  0.58897035432548683  0.59003878212529870  0.59116288405561024
  0.59228682878519479  0.59342707686262974  0.59458295860326449  0.59582516237127081
  0.59710318378694227  0.59833637925028360  0.60078980522082914  0.60897060500562261
  0.62631477566270854  0.64025837836016675  0.64726726483863528  0.64934086310652561
  0.65234497932493862  0.65738303568089385  0.66209154278432625  0.67087752056438554
  0.70079451621388222  0.72572230288321016  0.74980642162548938  0.77141441981396630
  0.78748214465447031  0.79796753445706814  0.81536817928263539  0.82692340509569129
  0.84185534971643583  0.86472424547815141  0.89698748181852861  0.92279048552594400
  0.94692825474384013  0.95653981115995168  0.96363469365193355  0.97113097254625746
  0.97862875463356458  0.98525234198385669  0.99186092954326199  1.00000000000000000
 -0.00657954781574257  0.01693665154728381  0.03671047485225529  0.05477322774701673
  0.07555942022869014  0.10200410761491020  0.13024862340636736  0.15139584912735368
  0.16029075670688028  0.16892005581879083  0.17582357937504803  0.18254402137707010
  0.18814477230662943  0.19369187991189266  0.19909167292540436  0.20325041788833886
  0.20479516536018086  0.20624761483290543  0.20830722540741636  0.21024985473925370
  0.21105949160120890  0.21210798677760154  0.21360925941354786  0.21520200342975063
  0.21675202377083477  0.22598821089310470  0.24081274039754261  0.25724980771459816
  0.26421548379404541  0.27128077303113241  0.28037671023910976  0.28552699172075535
  0.28722811422581418  0.28844446783106253  0.28965976198210902  0.29058300384760033
  0.29208726604794943  0.29428505148482242  0.29910347588012426  0.30785459318969260
  0.31667779887441255  0.32745454013028941  0.33864830710761024  0.34792709931577065
  0.35651663708218462  0.36434655508605168  0.37275062028274597  0.38141109891104358
  0.39366999335376157  0.40604540793283217  0.41441988101667537  0.41859614371462806
  0.42276754457954857  0.42717159961961448  0.43410530688431237  0.45601470881590672
  0.49399945596066758  0.51132064207538408  0.52415721878802402  0.53562617943478052
  0.54423754096150767  0.55204770053191077  0.55845258069759529  0.56764541011216640
  0.57665524734174867  0.58451728955409576  0.59522284560440952  0.61545334290395259
  0.64640878296583459  0.66975171067680928  0.68194560353200584  0.68447938016833298
  0.68749277333070291  0.69079126401061419  0.69324990699199474  0.69564117187825592
  0.70204146161666980  0.71671657569866043  0.72668071497224462  0.73669938633745735
  0.75212957915542111  0.77341172127819890  0.79591332367824075  0.81810594287028005
  0.84131872859999590  0.86199121460331751  0.88692980726877557  0.91609968413140264
  0.92730438512327362  0.93850908611514450  0.94894905313661704  0.95935711176035510
  0.96969720341899779  0.97979813561266516  0.98989906780633263  1.00000000000000000
 -0.00184145497577181  0.00816415750931102  0.01591863898884196  0.02213109453894260
  0.02506016781031268  0.02833931037598879  0.03532580504630093  0.05039215068229379
  0.07158302829745160  0.09451871579633161  0.10978237116587640  0.12437425457911847
  0.14174213394659488  0.16331085021065608  0.19293793269827617  0.20860099472942273
  0.22058325360431230  0.24081487099311966  0.25705983726130638  0.26790803933753876
  0.27255593021977614  0.27659783560673268  0.28004438279446542  0.28614557424698178
  0.29389091399542577  0.30402894661356256  0.31304430071017009  0.31741980170741813
  0.32186132740457479  0.32643701102192868  0.33452448760167031  0.34527288188307720
  0.35348326759447340  0.35924860329892755  0.36249845184779833  0.36576469178181092
  0.36904948217175304  0.37263952012441581  0.37654535762068220  0.38445260129614539
  0.39576300412533616  0.40707441201353400  0.42288450714403464  0.44006008339786357
  0.45616780655586692  0.47122266587494577  0.48621584680377350  0.50101551838325953
  0.51465152400734970  0.52656598299720869  0.53645405234621479  0.54098723232766877
  0.54316965301001963  0.55067197680296054  0.56881158806970955  0.58210693278829173
  0.59109119975269286  0.60035421254525945  0.62019353058220683  0.63347052007437488
  0.64111566016357102  0.65752077310095258  0.67799129368211097  0.69370472235058700
  0.70826911893466660  0.72044904264690057  0.73022763036317850  0.73839402669048237
  0.74723696076692026  0.75919279888765234  0.77005369218675301  0.77685755738846851
  0.78160251085119858  0.78367053176408541  0.78642132406004994  0.79465219457227398
  0.80630738403767510  0.82475124894432184  0.83873416253431132  0.85136546581033179
  0.86206341289940669  0.87122063310768005  0.88155796334249081  0.89157022487942306
  0.89986411305761083  0.91726959113664663  0.92351949910053821  0.92727007292576136
  0.93231417811629724  0.93847183998326200  0.94620838101121141  0.95670948682008405
  0.96868211788238812  0.98055054512692685  0.98720281329200055  1.00000000000000000
  0.12375271325447251  0.97504433536530144  0.98377021078293025  0.98665103599882487
  0.98832734265007205  0.98900419482230462  0.98911867522963570  0.98923370402277722
  0.98934843164782138  0.98950043802493537  0.99008365508780383  0.99036894975941736
  0.99053380400328273  0.99071629449175114  0.99093945401757000  0.99117876133573346
  0.99124322926294062  0.99131668624983793  0.99137890113395766  0.99141025125473503
  0.99144117764193618  0.99147346407726822  0.99152917579074085  0.99157587637819833
  0.99161707751508321  0.99165819486578544  0.99178237760194876  0.99201858985283264
  0.99216672597202493  0.99234146557277891  0.99253758156668048  0.99279371486927659
  0.99310513979940618  0.99338490064401219  0.99357380415443741  0.99368771886002982
  0.99374962419679858  0.99378780351075313  0.99381493680410893  0.99384243986876575
  0.99387447508011229  0.99394703770852377  0.99403960019527993  0.99419300018430534
  0.99448903573246827  0.99466926938936739  0.99475060297416484  0.99481509055849482
  0.99486840850733016  0.99490079231101469  0.99493213713119544  0.99497129128738415
  0.99502905760565841  0.99508121903768953  0.99513013800574235  0.99518656848055964
  0.99526501010055235  0.99539499841552415  0.99563511487751466  0.99576152282248465
  0.99585898684221941  0.99596597402169496  0.99604098303536648  0.99610787053710104
  0.99618394214321282  0.99626579132601101  0.99633229809806589  0.99637519739246394
  0.99641928687707693  0.99646838430102558  0.99652021087539155  0.99657372795050914
  0.99661437036311740  0.99665501277572566  0.99670759373917384  0.99676097337662595
  0.99681576154223372  0.99689837085402744  0.99702410378474193  0.99717451846883576
  0.99732134036872899  0.99746078861575682  0.99755965940896818  0.99766620623595148
  0.99776628588575145  0.99785013361027541  0.99795165677651065  0.99807093349839371
  0.99819310515166648  0.99827018638930776  0.99834726762694914  0.99845367794485584
  0.99856059127162344  0.99872467301661072  0.99889668401892329  1.00000000000000000
 -0.01851082948097778  0.15109034913520680  0.24319147415465123  0.25320133902135944
  0.26545986524958332  0.28207631796823618  0.29742578303528033  0.31386750490264964
  0.33252970085886413  0.34773834570079837  0.35159689029308561  0.35426772600772349
  0.35712035015324878  0.35960088966248227  0.36422510578911987  0.37170907518860680
  0.38068046983479681  0.38624370454923657  0.39118105666342390  0.39598263107529991
  0.40099402753001551  0.40589063607544834  0.40985908006297034  0.41323423170870399
  0.41705534840760061  0.42104998092791618  0.42362105330290151  0.42638284661827203
  0.42868331130925491  0.43157929203279971  0.43494595969548194  0.43734362806398364
  0.43945000351470753  0.44405127148267892  0.44738423830925889  0.45030450515517662
  0.45442511449808648  0.46248275520825022  0.47164978095646187  0.48179310727980423
  0.49009405995544109  0.49761132782738632  0.50545320889450285  0.51749783112118941
  0.53438668255109067  0.54887509854636862  0.55904966483511698  0.56457286219070801
  0.56939369546760832  0.57473804424926733  0.57998756368784576  0.58472475128658685
  0.58845932327250561  0.59170080690016402  0.59462085290405431  0.59754089890794471
  0.60055197624880463  0.60364365975041023  0.60673534325201584  0.60900100382453259
  0.61097781197249434  0.61295462012045621  0.61564472252511027  0.61847586532048182
  0.62130167758705623  0.62820620922791470  0.63308018377401964  0.63724279386174298
  0.64257920830577453  0.64855411332626645  0.65544067822752872  0.66436058029406031
  0.67664266573242438  0.69190128800259920  0.70715582103626662  0.72373437399632379
  0.74166167619788792  0.76176806273001318  0.76574753559833653  0.76846688582017442
  0.77168487120021634  0.77439216727294602  0.77654660189975577  0.78030891863153595
  0.78338073075068970  0.78715973075252943  0.79323508300790468  0.80325479386280185
  0.81980999096123341  0.84166137293425336  0.85984554229428334  0.87562765578513291
  0.88811905177010197  0.90080289859026763  0.90683063725843438  1.00000000000000000
   1.8465983161596375E-013  -1.0000000000000000     
 T F F F F F F F F F F F F F F F F F F F T F F F T F F F F F F F F F F F T F F F T F F F F F F F F F F F F F F F F F F F T F F F F F F F F F F F F F F F F F F F F F F F F F F F F F F F F F F F F F F F F F F F F F F F F F F F F F F F F F F F F F F F F F F F F F F F F F F F F F F F F F F F F F F F F F F F F F F F F F F F F F F F F F F F F F F F F F F F F F F F F F F F F F F F F F F F T F F F F F F F F F F F F F F F F F F F T F F F T F F F F F F F F F F F T F F F T F F F F F F F F F F F F F F F F F F F T F F F T F F F F F F F F F F F F F F F F F F F T F F F T F F F F F F F F F F F T F F F T F F F F F F F F F F F F F F F F F F F T F F F F F F F F F F F F F F F F F F F F F F F F F F F F F F F F F F F F F F F F F F F F F F F F F F F F F F F F F F F F F F F F F F F F F F F F F F F F F F F F F F F F F F F F F F F F F F F F F F F F F F F F F F F F F F F F F F F F F F F F F F F F F F F F F F F T F F F F F F F F F F F F F F F F F F F T F F F T F F F F F F F F F F F T F F F T F F F F F F F F F F F F F F F F F F F T F F F
  <DiscreteSampler_grid>
  grouped_processes
  1 # 1 for a reference and 2 for a running grid.
  10 # Attribute 'min_bin_probing_points' of the grid.
  1 # Attribute 'grid_mode' of the grid. 1=='default',2=='initialization'
  0.0000000000000000 # Attribute 'small_contrib_threshold' of the grid.
  0.5000000000000000 # Attribute 'damping_power' of the grid.
 # binID   n_entries weight   weight_sqr   abs_weight
    16   10   7.110968189760199E-016   1.837876945285309E-030   7.110968189760199E-016
    17   10   7.110968189760229E-016   1.837876945285333E-030   7.110968189760229E-016
    19   10   1.259982462600441E-015   6.784751569560062E-030   1.259982462600441E-015
    20   10   1.259982462600446E-015   6.784751569560125E-030   1.259982462600446E-015
    22   10   1.140654881438262E-015   4.416958994912562E-030   1.140654881438262E-015
    23   10   1.140654881438265E-015   4.416958994912590E-030   1.140654881438265E-015
    28   10   8.560203460677128E-016   2.746736840577552E-030   8.560203460677128E-016
    29   10   8.560203460677140E-016   2.746736840577566E-030   8.560203460677140E-016
    31   10   1.166630741628249E-015   3.990753323505602E-030   1.166630741628249E-015
    32   10   1.166630741628248E-015   3.990753323505611E-030   1.166630741628248E-015
    34   10   9.472961315764351E-016   2.183658062240677E-030   9.472961315764351E-016
    35   10   9.472961315764349E-016   2.183658062240681E-030   9.472961315764349E-016
    40   10   7.110968189760200E-016   1.837876945285309E-030   7.110968189760200E-016
    41   10   7.110968189760229E-016   1.837876945285333E-030   7.110968189760229E-016
    43   10   1.259982462600441E-015   6.784751569560063E-030   1.259982462600441E-015
    44   10   1.259982462600446E-015   6.784751569560128E-030   1.259982462600446E-015
    46   10   1.140654881438262E-015   4.416958994912564E-030   1.140654881438262E-015
    47   10   1.140654881438266E-015   4.416958994912593E-030   1.140654881438266E-015
    52   10   8.560203460677128E-016   2.746736840577553E-030   8.560203460677128E-016
    53   10   8.560203460677136E-016   2.746736840577564E-030   8.560203460677136E-016
    55   10   1.166630741628249E-015   3.990753323505604E-030   1.166630741628249E-015
    56   10   1.166630741628249E-015   3.990753323505611E-030   1.166630741628249E-015
    58   10   9.472961315764353E-016   2.183658062240677E-030   9.472961315764353E-016
    59   10   9.472961315764347E-016   2.183658062240681E-030   9.472961315764347E-016
    64   10   7.110968189760195E-016   1.837876945285306E-030   7.110968189760195E-016
    65   10   7.110968189760227E-016   1.837876945285331E-030   7.110968189760227E-016
    67   10   1.259982462600442E-015   6.784751569560074E-030   1.259982462600442E-015
    68   10   1.259982462600446E-015   6.784751569560119E-030   1.259982462600446E-015
    70   10   1.140654881438263E-015   4.416958994912571E-030   1.140654881438263E-015
    71   10   1.140654881438265E-015   4.416958994912590E-030   1.140654881438265E-015
    76   10   7.110968189760197E-016   1.837876945285307E-030   7.110968189760197E-016
    77   10   7.110968189760229E-016   1.837876945285333E-030   7.110968189760229E-016
    79   10   1.259982462600442E-015   6.784751569560072E-030   1.259982462600442E-015
    80   10   1.259982462600446E-015   6.784751569560119E-030   1.259982462600446E-015
    82   10   1.140654881438262E-015   4.416958994912568E-030   1.140654881438262E-015
    83   10   1.140654881438265E-015   4.416958994912588E-030   1.140654881438265E-015
    88   10   8.560203460677122E-016   2.746736840577550E-030   8.560203460677122E-016
    89   10   8.560203460677144E-016   2.746736840577567E-030   8.560203460677144E-016
    91   10   1.166630741628248E-015   3.990753323505600E-030   1.166630741628248E-015
    92   10   1.166630741628249E-015   3.990753323505612E-030   1.166630741628249E-015
    94   10   9.472961315764353E-016   2.183658062240677E-030   9.472961315764353E-016
    95   10   9.472961315764357E-016   2.183658062240684E-030   9.472961315764357E-016
    100   10   8.560203460677124E-016   2.746736840577549E-030   8.560203460677124E-016
    101   10   8.560203460677143E-016   2.746736840577567E-030   8.560203460677143E-016
    103   10   1.166630741628248E-015   3.990753323505599E-030   1.166630741628248E-015
    104   10   1.166630741628249E-015   3.990753323505612E-030   1.166630741628249E-015
    106   10   9.472961315764349E-016   2.183658062240676E-030   9.472961315764349E-016
    107   10   9.472961315764355E-016   2.183658062240684E-030   9.472961315764355E-016
  </DiscreteSampler_grid>
