  0.00000011346163345  0.00000026511022923  0.00000040286117432  0.00000049454338287
  0.00000059352009969  0.00000069848803603  0.00000078159184704  0.00000085600916515
  0.00000093114885426  0.00000100021346932  0.00000105650911738  0.00000110936694678
  0.00000116967979447  0.00000123836977610  0.00000131524037349  0.00000139529663021
  0.00000147038774582  0.00000154593096107  0.00000162110867844  0.00000169739590825
  0.00000176578331789  0.00000182909594673  0.00000188861718955  0.00000194646393804
  0.00000201388495495  0.00000210321084680  0.00000219353096138  0.00000227731441308
  0.00000235866090406  0.00000243471112811  0.00000250158878134  0.00000254771614004
  0.00000259461482724  0.00000264946669578  0.00000270712958133  0.00000276896105776
  0.00000285119732344  0.00000294554095406  0.00000305320749294  0.00000316303436434
  0.00000325768777641  0.00000334414591003  0.00000343867687680  0.00000353746700977
  0.00000363423317786  0.00000372541859828  0.00000380966699638  0.00000388957313826
  0.00000397088115250  0.00000405838580241  0.00000416370114758  0.00000428839083916
  0.00000442165734134  0.00000455385429642  0.00000468070227860  0.00000480055158103
  0.00000491658892496  0.00000505613295513  0.00000519815880406  0.00000534101898571
  0.00000549299658507  0.00000565572767283  0.00000582113111180  0.00000595470334116
  0.00000605714320312  0.00000616419150967  0.00000627382437345  0.00000639067295616
  0.00000652011600802  0.00000665556778402  0.00000681137639055  0.00000698927822082
  0.00000715730018225  0.00000732886703156  0.00000753484078059  0.00000777798554085
  0.00000803213065115  0.00000826433511716  0.00000851999004154  0.00000879129805436
  0.00000907494740243  0.00000947832642826  0.00000988248913208  0.00001029595340843
  0.00001070963238836  0.00001114221261989  0.00001167468498185  0.00001221631777970
  0.00001289386901039  0.00001394142840361  0.00001538822099213  0.00001723423769376
  0.00001956773167450  0.00002332358810770  0.00003872612104964  1.00000000000000000
  0.00000120595616814  0.00000227379659367  0.00000243629282415  0.00000258063457300
  0.00000271677574677  0.00000285400180783  0.00000298643899283  0.00000313494920083
  0.00000329734713723  0.00000346321478447  0.00000359834092506  0.00000373237312608
  0.00000385093383701  0.00000397251844196  0.00000410628247357  0.00000424390464699
  0.00000436586525732  0.00000448705929006  0.00000463365071232  0.00000478713251516
  0.00000491291484498  0.00000499633630992  0.00000507820027380  0.00000517148597350
  0.00000525446995767  0.00000535591325471  0.00000546501162325  0.00000558070166348
  0.00000572178032396  0.00000588517563488  0.00000604014203634  0.00000616774443036
  0.00000628864470380  0.00000640160374444  0.00000651349115120  0.00000664564969583
  0.00000678734828413  0.00000691974758389  0.00000706636275552  0.00000722997666468
  0.00000738944352519  0.00000758499053819  0.00000779129846694  0.00000798630932611
  0.00000817558841326  0.00000837576582859  0.00000861206515790  0.00000881029822460
  0.00000897766990236  0.00000912664779951  0.00000926610672880  0.00000943267956043
  0.00000962618323388  0.00000984653504959  0.00001009984443557  0.00001034459144782
  0.00001055234281754  0.00001074691051062  0.00001096267642670  0.00001118378181820
  0.00001149448427761  0.00001177873354755  0.00001205574133765  0.00001228948296310
  0.00001248499681827  0.00001269087184791  0.00001292832552026  0.00001316774843586
  0.00001339817796715  0.00001365427066136  0.00001395165475446  0.00001424854776781
  0.00001453763215710  0.00001484948159387  0.00001520308131573  0.00001563353177823
  0.00001611941867554  0.00001659086036466  0.00001705577077617  0.00001755277546607
  0.00001808804792075  0.00001863815501727  0.00001920234375864  0.00001967416695553
  0.00002019191489267  0.00002076884908224  0.00002147445207513  0.00002227136761935
  0.00002327413486937  0.00002440838398082  0.00002556663133684  0.00002712617994820
  0.00002942564718591  0.00003424738352613  0.00005052444397230  1.00000000000000000
  0.02407111790787183  0.03620815396688741  0.04591352187947042  0.06057115498027347
  0.07499790825910045  0.08658234933530982  0.09619414164147311  0.10533105522609312
  0.11326681492711990  0.12233990522862878  0.13396829004082234  0.14616847876122008
  0.15691511406124323  0.16691695110568699  0.17766285273222976  0.18923685616608132
  0.20009261522323021  0.21087629106817138  0.22140137928986300  0.23183291624612037
  0.24066800033772381  0.24807342241840372  0.25646887169481247  0.26508317801210135
  0.27357099982065719  0.28236607156296767  0.29310613854926953  0.30203041323205809
  0.30938295498920043  0.31539181771154384  0.32194694335607044  0.33101333435487373
  0.34104777484139681  0.35245369546182420  0.36439283890763607  0.37279775859275011
  0.38142546274288158  0.39124965290002350  0.40197714975509480  0.41211217176495585
  0.42066457552824854  0.42909137902175887  0.43886386563561497  0.44963358888399035
  0.46044469907488267  0.47015033313747956  0.48019311054811459  0.49072543456074097
  0.50094669004058090  0.50964646741874753  0.51791317454895369  0.52769208405369239
  0.53732606110733705  0.54804744234231606  0.55918302476723170  0.57200729482227763
  0.58489428159777901  0.59505670632647811  0.60451541539357179  0.61435194215496669
  0.62432607486769198  0.63577901559288175  0.64808519062974046  0.65833950693300192
  0.66853078944793309  0.67912771077692391  0.69000386168790140  0.70118757202454229
  0.71229995369937349  0.72280708624997214  0.73424478473889987  0.74605062105902986
  0.75726066250418211  0.76817770236972904  0.78001735298438701  0.79180251022848258
  0.80243920922252743  0.81074855174059990  0.81698723642775906  0.82350430649820638
  0.83004286431668495  0.83754681167170475  0.84709205869858673  0.85883251829390295
  0.86962438079760240  0.88085055914134591  0.89170113301555110  0.90173771870801978
  0.91121041450057427  0.92043527635777322  0.93021688789811008  0.94068312003087251
  0.95195809013744115  0.96417489262164446  0.97172871655785964  1.00000000000000000
  0.02619815417517863  0.03407372684187254  0.04448963490065981  0.05354160093673213
  0.06072619370007017  0.06906253565171711  0.07537854631353756  0.08168690396359102
  0.09219083757559518  0.10148040265552778  0.11088118841841249  0.12088687326019237
  0.12978649461108346  0.13937299344170623  0.14998684849584293  0.16179151609431699
  0.17388373762195586  0.18569390933419849  0.19581856937418704  0.20618578088443335
  0.21579417893394062  0.22553674247274746  0.23552776504552642  0.24444869581808401
  0.25276278728984514  0.26026522207888075  0.26747416589805073  0.27428414428770698
  0.28030393033967071  0.28679990292611068  0.29344237730948391  0.30434074855490301
  0.31564801276989851  0.32652351221477621  0.33662208718579623  0.34528323755674645
  0.35252752990921782  0.36056542537217706  0.36827308796820846  0.37481338204680664
  0.38248432930239756  0.39057148661070357  0.39917415118780020  0.40842480768847422
  0.41979789573329351  0.43289415057330022  0.44493463045029208  0.45602897440589368
  0.46707371924534435  0.47785772983200397  0.48922606509165917  0.49889703850212491
  0.50937245588493152  0.52036510644664657  0.53015956126899655  0.53943405154472357
  0.54914278248083637  0.55930099074295114  0.57080074369816969  0.58359111649002893
  0.59556699573487404  0.60481022361201253  0.61296845698410940  0.62052108341406120
  0.62833197608986069  0.63675703198756328  0.64679729256650553  0.65943057012253492
  0.67128966789991751  0.68196415301093216  0.68902977920084163  0.69676933651470740
  0.70477558894797754  0.71281947802462586  0.72078684284290351  0.72909502000140491
  0.73816145610282657  0.74798940589207363  0.76045695784796052  0.77331747946945761
  0.78513008489628899  0.79560054889898491  0.80580101539949289  0.81688303944443963
  0.82920025465299307  0.84349863882469178  0.85812789306545545  0.87275631458682768
  0.88792437193297236  0.90194970880675729  0.91395914135240963  0.92741991872210083
  0.94218336082540155  0.95804603546526890  0.97182737260271235  1.00000000000000000
  0.00347330461020618  0.00373843787647039  0.00389693608119417  0.00401512798078464
  0.00410118346960255  0.00417791038563076  0.00425015433859915  0.00431867252173363
  0.00438298591463736  0.00444680066992245  0.00452261219566588  0.00459813039459260
  0.00467123592149911  0.00475285521930900  0.00484277020103163  0.00493711996888237
  0.00503310967794872  0.00513205748557427  0.00521010037129713  0.00528211892483405
  0.00535349178160187  0.00542184789503604  0.00548552298200547  0.00555888910243950
  0.00563140228897655  0.00570344492958279  0.00577868129527903  0.00585744274949497
  0.00593171217491194  0.00599597460465952  0.00605665785171490  0.00612270511337414
  0.00620065848645287  0.00627846617592437  0.00634221683320122  0.00640298156996325
  0.00647170155643247  0.00654690180754686  0.00662321530659618  0.00670666466171491
  0.00678671427563075  0.00685932048745868  0.00692744971915936  0.00700552381969651
  0.00707841946064152  0.00715596898783335  0.00722608304175806  0.00731812155238122
  0.00743503548379102  0.00756102294434998  0.00769381358377908  0.00784730151761517
  0.00799397789548700  0.00810336156754916  0.00819964748549656  0.00829197505437896
  0.00839372434196367  0.00849854220931767  0.00863190782873289  0.00879917247110077
  0.00897605855432342  0.00920362469263453  0.00945529934639737  0.00975284065927706
  0.01006360006223132  0.01037256920429083  0.01065767815670390  0.01091595649485963
  0.01117947011169024  0.01142568493428266  0.01162871220003310  0.01188142839839689
  0.01217499424857269  0.01246842205631757  0.01276526643245755  0.01311192301610364
  0.01349134148585897  0.01387657001939467  0.01448316303824486  0.01516335610825069
  0.01577122920720459  0.01628384953906457  0.01691293081100911  0.01741470321893066
  0.01778726370306905  0.01817218882782590  0.01866594086392351  0.01940418785389747
  0.02054985237177854  0.02217560394222998  0.02377999712312549  0.02623805508970839
  0.03026235163998616  0.03714360623852423  0.10970848979888435  1.00000000000000000
 -0.00064216771895901  0.00357350219839648  0.00800900154477936  0.01424778205583971
  0.01865543747412379  0.02421448620187680  0.03076081773704652  0.03777628023587431
  0.04451420847657881  0.05014691714665853  0.05709875073099294  0.06575853841580984
  0.07349560617017752  0.08014457746104239  0.08666723906386464  0.09550807486418185
  0.10651970776552865  0.11801846956616967  0.12876701260845230  0.13655759907296455
  0.14325772740814249  0.15039616156108385  0.15870517243765414  0.16784110218972920
  0.17785529973938113  0.18766700142141246  0.19766249483347553  0.20829710180084124
  0.21976244691766267  0.23134268416535894  0.24082336777438312  0.25119911035756132
  0.26257999742156912  0.27295029370510271  0.28059739844491632  0.28939388486529977
  0.29852581780445830  0.30687262584680514  0.31512027115995256  0.32642677780083929
  0.33417577599168052  0.34224405513277839  0.35279078136740155  0.36475262454855872
  0.37496009402708808  0.38470122048853067  0.39545779428274314  0.40632554671118831
  0.41785949242996728  0.42966264576428681  0.44201835318566884  0.45582945449415552
  0.46893071480887588  0.48243199800280206  0.49474167964930027  0.50749994903779105
  0.52033841707752915  0.53144718786342704  0.54170840554201716  0.55183851517889748
  0.56252372347189550  0.57404442466038619  0.58642465387352860  0.59869828371041400
  0.61053586828397932  0.62281737222079436  0.63432040354286856  0.64469774767217447
  0.65454742080409400  0.66495758352832379  0.67803239390727621  0.69088094596698768
  0.70245195630511126  0.71321213711424447  0.72389726522727937  0.73514512461797454
  0.74676561233735128  0.75831312347320778  0.76965299668898568  0.78108140693595618
  0.79350550773214068  0.80712762473638933  0.82486507155897326  0.84313345378108973
  0.86031248095164325  0.87590722778757590  0.89034891981512965  0.90445949987472529
  0.91668466613091060  0.93038949970760099  0.94146557736815273  0.95173561606327628
  0.96143895843130511  0.97125948284891972  0.98427108669829022  1.00000000000000000
 -0.00141564263052992  0.00739689226267529  0.01590380670629644  0.02574595703244514
  0.03800495636974510  0.04974053931114857  0.05905943524224638  0.06559454326029099
  0.07304062228121115  0.08063723864172638  0.08842148092210073  0.09565244272451488
  0.10409452731037125  0.11443963142309393  0.12476832369819567  0.13467273504567739
  0.14494314827086893  0.15525995709880633  0.16634397189617492  0.17802431579035549
  0.18874484147213985  0.19846970833324629  0.20887545601544494  0.22055894284367158
  0.23249702643169232  0.24246598946176909  0.25190311092581619  0.26172648090971429
  0.27207045863520696  0.28440784384371348  0.29942412303509219  0.31407399797503477
  0.32689025340739214  0.34038009979409223  0.35316726927449599  0.36418301616229570
  0.37481336853991054  0.38507235232151654  0.39472895038032768  0.40470159739934342
  0.41607522412595138  0.42676785013388235  0.43617140623546746  0.44531371087653332
  0.45451453846253481  0.46366207850770819  0.47409776644569601  0.48474497432265068
  0.49609846550797326  0.50781603161233113  0.51950862104902629  0.52987471096746352
  0.54045898471043752  0.55222090287755543  0.56266497411134675  0.57205099161889694
  0.58200444368716553  0.59418193464948355  0.60705986526072697  0.61971487167490980
  0.63176273294084651  0.64320923180843415  0.65493649812388477  0.66675741610206762
  0.67853591604157459  0.69035322443611535  0.70189709616854534  0.71145210847322216
  0.72011927401093001  0.72955926482642741  0.74088099524469531  0.75241926893483357
  0.76398524694665093  0.77553765279521092  0.78693851530773218  0.79856564998970736
  0.80969290129946991  0.82081394696859888  0.83136087773064626  0.84201673762746942
  0.85325739420948354  0.86558359946982422  0.87867763581317682  0.89151422360798149
  0.90250312594650339  0.91197823647881571  0.92107012138072231  0.92957813556086766
  0.93812572318141296  0.94627546849566069  0.95383653132617230  0.96354301186686908
  0.97449774938470779  0.98515620393723702  0.99246201248392873  1.00000000000000000
 -0.00121359577778024  0.00597080083266905  0.01477864216440238  0.02159894503444314
  0.02904364896279583  0.03950626205050781  0.05267612580373986  0.06493180688545425
  0.07130566927559148  0.07746421429587591  0.08328531715701400  0.09013751773686798
  0.10302851614232370  0.11858106086759460  0.12948022458479272  0.13913900738393994
  0.14770412483058082  0.15677985719325807  0.16622625678799696  0.17685210357436598
  0.18535314806001063  0.19302788464481127  0.20020362528588231  0.20672377343244747
  0.21550057406697051  0.22236001337133368  0.22964407528299172  0.23711845879402518
  0.24422686217632167  0.25240875686249109  0.26104099221037513  0.26794750460551403
  0.27556664580076301  0.28341744231371008  0.29318163817007992  0.30478750321408199
  0.31607551082244506  0.32547725791895576  0.33415685817396856  0.34410292859233194
  0.35387929985063060  0.36333846027003858  0.37263721298235547  0.38267464413398650
  0.39185076748753278  0.40101748133070303  0.41093277867620370  0.42495922390605906
  0.44062467381699655  0.45509759371422859  0.46845326203791193  0.48096958848860150
  0.49317956790478151  0.50550758478958169  0.51811160259982381  0.53171980226131044
  0.54545395798163365  0.55821147258336068  0.57036859950125607  0.58204652506025523
  0.59343193969947616  0.60586370021916192  0.61882025214992220  0.63044809766720455
  0.64098305490344343  0.65147218272242635  0.66034777082370733  0.67270224605395712
  0.68410173438836475  0.69621186552975989  0.70762569645562490  0.72073306880840016
  0.73542096621763620  0.74957395286245765  0.76214637954312781  0.77354107920038495
  0.78471059903051887  0.79768160911506103  0.81169612898858889  0.82571203148618422
  0.83932763515261943  0.85238462915500579  0.86454388261805937  0.87667861635806144
  0.88914158320421244  0.90195148485069421  0.91446484677483975  0.92491469303119345
  0.93322074108763753  0.94090290918237485  0.94846284935475489  0.95673141695715314
  0.96668935534364431  0.97765899093249609  0.98985709496822494  1.00000000000000000
 -0.00310518697930939  0.01291541041407273  0.02666632860168187  0.03876125254667170
  0.04988823548744611  0.06078075990477549  0.07065104710434475  0.08014935753648061
  0.09096483850755686  0.10120190027359677  0.11008638299912410  0.11858738898162399
  0.12639433587535576  0.13416688637956173  0.14189235432022995  0.14984117483418796
  0.15810590689924472  0.16786199951814237  0.17668681742946291  0.18455809994251429
  0.19213835458660153  0.20093895752101665  0.21056352799654940  0.22016087035527107
  0.23063356620884701  0.24073687107382177  0.25110847103489908  0.26277746343116076
  0.27546281734316136  0.28750894170029784  0.29834424433816575  0.30846552920541570
  0.31876825306845580  0.32945429717753982  0.33804126793926487  0.34715075556510067
  0.35655431855894831  0.36677192825911620  0.37589767476778674  0.38304747342961709
  0.39197698189425290  0.40311039788779773  0.41248811379587047  0.42496140088690726
  0.43953281755723489  0.45544695774111221  0.47119582169355134  0.48458089293295431
  0.49694081201611678  0.50890200315207046  0.52086559440301572  0.53425181086874973
  0.54699263822405664  0.55930205371230823  0.57159282845978077  0.58341266727856866
  0.59666274310029654  0.60975603903531328  0.62207839987699742  0.63157658432770292
  0.64009682595037631  0.64960243688565467  0.66034108476648079  0.67168894236340160
  0.68347031501690803  0.69361908882082335  0.70427956516983181  0.71393677745945072
  0.72313387326804757  0.73192493975448358  0.74234665356017970  0.75329184013178041
  0.76400894406329722  0.77389870037496111  0.78261373337844298  0.79099187402810045
  0.80087689996139688  0.81309406621456182  0.82630471034137354  0.83752840910957760
  0.84654915688003596  0.85547095788307204  0.86367328593372328  0.87161538321206866
  0.87842916616472955  0.88627294982474381  0.89363870895953657  0.90141433255858416
  0.90960712494275220  0.91945338857059622  0.93252168884713604  0.94626475894902351
  0.96145787495304036  0.97566448943814432  0.98770763531533112  1.00000000000000000
 -0.00249020620152043  0.01159305790937780  0.02304207746787393  0.03295292122424996
  0.04184235099425487  0.05160444560691622  0.06657033801333728  0.07726908058715526
  0.08526838208610309  0.09388958356607281  0.10191295120908141  0.10716668648163964
  0.11146328180733961  0.11790437630932982  0.12986966793207597  0.14128392789118649
  0.15090926510594171  0.16152492533102902  0.17204345319189587  0.18539512722739815
  0.19609421395425178  0.20613723999914094  0.21724798320589886  0.22770017748262028
  0.23701858054053437  0.24678654569028172  0.25729721142258000  0.26787781650540460
  0.27603054832073354  0.28412169845621549  0.29322834170438922  0.30164680340039662
  0.31056148856164584  0.32141839253373072  0.33070666173501312  0.34055251842393075
  0.35055019265607895  0.36123608154305309  0.37033250917209359  0.37931280572411891
  0.38876423214901007  0.40010051242381506  0.41180858983811802  0.42165168588202251
  0.43159153810504908  0.44218857231495923  0.45171746355953379  0.46084452614468774
  0.47047261773387211  0.48020370462428785  0.49055897623746714  0.50165244523499797
  0.51307550939832414  0.52493230332135699  0.53804091798749609  0.55188393201982078
  0.56203767087540857  0.56984800351350107  0.57742487572783785  0.58508853533568239
  0.59491058977609990  0.60647606592685388  0.61862453359818392  0.63200960642317761
  0.64572358854032141  0.65904810335975683  0.67225954684617595  0.68553226292348945
  0.69801158690541376  0.70939296140871566  0.71978046597535017  0.73070501754107831
  0.74217591343648759  0.75409245638976707  0.76705000966307857  0.78124148620852818
  0.79641699083251616  0.81199309715992041  0.82494426671191945  0.83655354708573282
  0.84712604122302049  0.85694589215049766  0.86678995595632491  0.87688727616217810
  0.88814686847703894  0.90062762286394760  0.91205645023102766  0.92124095441028375
  0.92970800108352658  0.93912722175398777  0.94970171490447930  0.95808507376296326
  0.96531546557306225  0.97379395354891207  0.98623499545477722  1.00000000000000000
 -0.00229426080909616  0.01063005869984679  0.02398130414576197  0.03685562351260414
  0.04882850853202741  0.05968873433703681  0.06989448143537480  0.08169123064517141
  0.09543884192046886  0.10754359453237476  0.11788629686626423  0.12708049334394012
  0.13619412927110680  0.14583687823126143  0.15479338856240188  0.16250771445443629
  0.16941482165422059  0.17650811006450509  0.18377830324416133  0.19231181520225263
  0.20335216402327944  0.21194085260978071  0.21995290118137628  0.22836858947001779
  0.23746390672580364  0.24752956714221669  0.26211175860230368  0.27600685922732282
  0.28885778256592276  0.29943815907209365  0.30756557687853359  0.31522347939578371
  0.32226268720374107  0.33186621697515911  0.34282676742686763  0.35411952359549487
  0.36423466188688319  0.37436927411033716  0.38602885292511191  0.39867329899630111
  0.41096686703205410  0.42222693708520120  0.43425592071441560  0.44732013168939100
  0.46079631081291395  0.47271357236892519  0.48164266005682943  0.48988182398716479
  0.49748593209237962  0.50623096266259804  0.51759947752667801  0.53203566972565597
  0.54478182983795964  0.55649019128739452  0.56534469835144330  0.57303683655172277
  0.58188445275878364  0.58978911810499846  0.59744156661982062  0.60558295597739586
  0.61762550216452372  0.63066530532561538  0.64360238168809414  0.65715834270135565
  0.66994443168284523  0.68178865636582764  0.69206425543546224  0.70064957008530826
  0.70944319159518054  0.71821493273100578  0.72790990568888259  0.73801905795525224
  0.74899997327607037  0.75911437458877351  0.76934279528692207  0.78022941517645306
  0.79080623858213694  0.80038970820363253  0.81010425767103711  0.82089258016479216
  0.83121242278422314  0.84198112523622270  0.85210313807377247  0.86205188148911371
  0.87190045700304486  0.88167896780999677  0.89108933917480904  0.90085082625230906
  0.91128439505871628  0.92261848305241545  0.93418673619358916  0.94560384177469237
  0.95697604157835747  0.96825932443612250  0.98245791833694662  1.00000000000000000
 -0.00276440254159549  0.01137627702399127  0.02140623194262327  0.02869997579842972
  0.03613766313410594  0.04483362563692363  0.05590395507361093  0.06801141788572471
  0.08060062302540261  0.09296735444462742  0.10272875364612301  0.11282601226965852
  0.12327111227101524  0.13382003743060694  0.14467710703554115  0.15659448620348165
  0.16839495246522518  0.17818782425812851  0.18654711584020089  0.19572136827742842
  0.20697074617713263  0.21952763355559676  0.23018471008957528  0.23975237101119573
  0.24912242732944737  0.25831113305781639  0.26983782018830005  0.28063988739819318
  0.29083428725940935  0.30200295698900909  0.31252019131729308  0.32315230266362427
  0.33342810867155248  0.34400484601513459  0.35509899297339592  0.36413425256300380
  0.37363665225526621  0.38363469017833851  0.39314903973358406  0.40256722558415209
  0.41404208674711518  0.42523880969549588  0.43410629770831638  0.44124571202804291
  0.44977819302759542  0.46206659305376718  0.47616332833185870  0.48914372126588129
  0.50106097246280434  0.51134467830108477  0.52518493886705342  0.53999205646414461
  0.55387247651307503  0.56700433838163489  0.58185530669153906  0.59797366922920436
  0.61395484929413546  0.62981758417465594  0.64380699816419240  0.65561994846904548
  0.66640848545651277  0.67680003677516476  0.68640449355077704  0.69620788866706640
  0.70765963984883740  0.71848603123928767  0.72836649270053844  0.73828584969163491
  0.74945941977833819  0.76048153164678989  0.77349821322313050  0.78565427875241578
  0.79590169676961708  0.80559583307722549  0.81455355086041603  0.82449186265440400
  0.83508266931950992  0.84540005368979443  0.85611637584807132  0.86622992239231245
  0.87502837637626540  0.88344068418656840  0.89164629944958684  0.89898803598822008
  0.90694883867752252  0.91498924702060269  0.92309359714903860  0.93190530313142439
  0.94123107014638707  0.95062276655575950  0.95983554256172832  0.96894049632999468
  0.97741626276833038  0.98481817983833086  0.99236173547134943  1.00000000000000000
 -0.00156482939553628  0.00740575350003940  0.01574352839870871  0.02367016281030531
  0.03215172602999091  0.04108409543288577  0.04944566695535724  0.05771365289993240
  0.06666254742534526  0.07407300125893701  0.08009064162883014  0.08572450670832372
  0.09390370052642109  0.10547694750914806  0.11552814724696947  0.12462014254715220
  0.13419240097665575  0.14469521635731353  0.15658928489194654  0.16948799695590483
  0.18240251635141624  0.19472787370650418  0.20511055689279167  0.21497704004492205
  0.22488226720814425  0.23544663703630411  0.24589003266437609  0.25638262423228569
  0.26670583002581333  0.27668871126473377  0.28585457907830492  0.29353345574893674
  0.30158153680491467  0.31048219366172836  0.32011398956229165  0.33008741009019921
  0.33984560758327609  0.34971998712258856  0.36134027556804904  0.37647181822898912
  0.38621945800451279  0.39345413115533051  0.40107454076821275  0.40860127867437146
  0.41773726812914191  0.42855786388147710  0.43808361840958820  0.44699421467631367
  0.45603549551960487  0.46563853046741854  0.47578006679567381  0.48623720363197087
  0.49700725107571031  0.50912014026761532  0.52065380125416949  0.53178379145500376
  0.54236202999581573  0.55259040857476649  0.56169125659140962  0.57032917711944320
  0.57897797098403636  0.58950013825275094  0.60140501339383368  0.61404936769646978
  0.62565565791390820  0.63587964732529823  0.64582667864866228  0.65619177268642248
  0.66679556380427163  0.67722149922386732  0.68891924341140043  0.70226432309425335
  0.71578586246803333  0.72953975558329698  0.74289110721849261  0.75411315799829948
  0.76408860609241069  0.77382759304894089  0.78427523433803892  0.79601419816008634
  0.80872397149197894  0.81945557717176176  0.83050272378366319  0.84074583303110195
  0.85063173453054053  0.86207187445408306  0.87409136614817240  0.88486918143242432
  0.89663445129218555  0.90973626544430042  0.92482452218995193  0.94170003922945855
  0.95689217578411467  0.96991148501796642  0.98401141229299238  1.00000000000000000
 -0.00200944935909272  0.00699694106955060  0.01602892262103871  0.02580837030788627
  0.03426134703226520  0.04409494719532546  0.05613706638473649  0.06868706629024871
  0.08189362856893505  0.09470234174878028  0.10698143610498781  0.11829996619676106
  0.12881596813661061  0.14004892122462689  0.15161102184286504  0.16303873466644897
  0.17542143496982376  0.18615523598648825  0.19490881522585377  0.20267947289564917
  0.21207433890206084  0.22691011309295664  0.23965647493516212  0.24978267445869073
  0.26020416870640994  0.26936078735627822  0.27886111939998320  0.28981798495735134
  0.30024195598042225  0.31020256487623282  0.32122179621724051  0.33240536670903220
  0.34275569235014614  0.35486502764254724  0.36789231971746889  0.38179552851964371
  0.39437556253352446  0.40453763446463270  0.41482396799681254  0.42541856995623117
  0.43654129125791918  0.44822042759716041  0.45889526544458348  0.46885588950379281
  0.47921169089065202  0.49052044652528753  0.50119599554166683  0.51079420314472024
  0.51921377282149828  0.52821774850743874  0.53948772311870941  0.55173726639856380
  0.56568886306178556  0.58185670702997550  0.59770758556153314  0.61267859745825637
  0.62667146473085988  0.63953158451512293  0.65112848462099104  0.66248056581158810
  0.67337607824034906  0.68344569517157228  0.69405010979346971  0.70434706924740420
  0.71378678878885693  0.72275336009371216  0.73159030862771990  0.74046730800263316
  0.74835044836247333  0.75736676407316939  0.76645719143436031  0.77561119418513236
  0.78542920007333339  0.79546882887976478  0.80485504480281911  0.81285878499914033
  0.82048788766247338  0.82983748680616221  0.84178729393478224  0.85532906980399714
  0.86882919141110648  0.88091389744526361  0.89171221500451803  0.90230997649223910
  0.91202249255838808  0.92122664371310148  0.93025943045991033  0.93938109596789610
  0.94839189303705607  0.95636151761405563  0.96321547140144825  0.96964812108504328
  0.97622575445200344  0.98326476843507127  0.99009752008337071  1.00000000000000000
 -0.00228726309651513  0.00878676764370677  0.01938909775816444  0.02855197301955440
  0.03701011674603088  0.04650541466636045  0.05716257426898863  0.06868734508448900
  0.08066291120789632  0.09312521473848326  0.10532060983924466  0.11803306461682585
  0.12905974281230267  0.13885956543770384  0.14804167320205855  0.15826400991007247
  0.16893880772769704  0.18005889343772580  0.19233304326877934  0.20547331857079901
  0.21700185907738065  0.22594682085653137  0.23481547954797785  0.24374641314978890
  0.25385311075721706  0.26548251940401640  0.27778118679113956  0.29027615854707639
  0.30250848754851906  0.31365582693479394  0.32356144934508568  0.33342639918637390
  0.34389371455564866  0.35504486573073957  0.36657103148512260  0.37705059137000774
  0.38616469691840782  0.39564891416970011  0.40395770842603662  0.41125311946807619
  0.41848986930005594  0.42636258210414008  0.43398373127946810  0.43935885242473205
  0.44710763720229724  0.45576311917346995  0.46501648022797909  0.47568446919116869
  0.48786505759706489  0.49890981527691158  0.51098851127164679  0.52423739496125121
  0.53581092051608992  0.54563955503137107  0.55595239022503251  0.56758235688183578
  0.57989356246816492  0.58908413685213168  0.60066687613221914  0.61180014673791205
  0.62329189229602344  0.63341654725171670  0.64338555397191166  0.65238142066252869
  0.66050457666702833  0.66807425976123602  0.67840537129353762  0.69107924709693147
  0.70299268036246809  0.71489572703967663  0.72698525202527975  0.73809713531057053
  0.75081451385937081  0.76340610211040594  0.77613738250020825  0.78865147199466601
  0.80052235596426680  0.81221929223783995  0.82365030292138586  0.83412051170921830
  0.84493208872849257  0.85609598729683944  0.86769454369563970  0.87852349485698944
  0.88922768443157318  0.89954246717339070  0.90918430124307381  0.91853097608487233
  0.92810096545565446  0.93884755559581179  0.95009170765750284  0.96011683427598882
  0.96874173463692270  0.97756417585603794  0.98873002012853983  1.00000000000000000
 -0.00257733269423510  0.00870185322367734  0.01867701307235827  0.02854158165136048
  0.03814009951441907  0.04753216042881627  0.05867926342464459  0.07004655827287065
  0.08111494685208540  0.09175524536222711  0.10075313206164513  0.10866256476788953
  0.11808603628793582  0.12826039882503720  0.13755743007009633  0.14587993157257417
  0.15415125658124670  0.16211954650398230  0.17074726707560609  0.18115397529530278
  0.19177781787493417  0.20295556901850914  0.21425892515681177  0.22395639537105236
  0.23352484237801921  0.24336891418967579  0.25301736749895398  0.26270159903189438
  0.27459604344212424  0.28795336491729395  0.29826317566559157  0.30643540738868269
  0.31470254185705954  0.32217927150452086  0.32928918368113463  0.34097524757656233
  0.35557251219216801  0.36915199268175852  0.38123987361730777  0.39250030582502426
  0.40321004417296619  0.41201094638899410  0.42040061759891373  0.42874445500531094
  0.43987303247554527  0.45005683549645542  0.46044825332997963  0.46927131568363134
  0.47777182676185953  0.48726851036032742  0.49706753596271769  0.50808091998471139
  0.52019186169873133  0.53109398426483956  0.54247173156674744  0.55519202477678020
  0.56876774963913124  0.58241693037037268  0.59571957628499839  0.60876551666019640
  0.62108532169569286  0.63286403151976778  0.64511611244734757  0.65700523797122778
  0.66817049819746221  0.67935703230079669  0.69120033899929934  0.70485212627349370
  0.71798180925260702  0.72714454552937258  0.73439220459669108  0.74176128675936992
  0.75090210261890256  0.76087636208839249  0.76817889686218854  0.77415732328636444
  0.77988001234627335  0.78720104302994942  0.79592911497966767  0.80511107251649572
  0.81292106446134815  0.82152116795526331  0.83178555214415806  0.84449948753532478
  0.85751644889658962  0.87011195345759318  0.88310415557286248  0.89680388908132547
  0.91200804802787372  0.92893058588242849  0.94506121512437280  0.95757801908125173
  0.96660034643786286  0.97692461313115964  0.98804905755001715  1.00000000000000000
 -0.00221284990481650  0.00965718307587539  0.01950926866098873  0.02902578969936667
  0.03855173406272699  0.04883938329326058  0.06051977292803529  0.07232428764611661
  0.08287363055696961  0.08965188169983945  0.09479640181789867  0.10034781966949349
  0.10875577192576867  0.11753719819606349  0.12588651084929184  0.13482680332540117
  0.14481509186406233  0.15507920426750366  0.16397051497674797  0.17271413985053158
  0.18252735649200003  0.19379360446573965  0.20553820079270491  0.21733541154337671
  0.22805101362514932  0.23713574332833001  0.24633710838310652  0.25614684135489946
  0.26793737719637828  0.28108574804190467  0.29547053098994597  0.30951449968590111
  0.32122050603769220  0.32998917565081437  0.33801741629571602  0.34672855220160248
  0.35474343009698900  0.36348116637111505  0.37457431558142784  0.38560947961296715
  0.39726777397040108  0.41090945829438058  0.42546345582227163  0.43850534634150923
  0.45049737178395621  0.46205617245760500  0.47504495959337489  0.48832264649503138
  0.50306235768427221  0.51676282056952316  0.52820815661075604  0.53970180785231991
  0.54974058236832568  0.56031609275261030  0.57190108467397738  0.58301224015800091
  0.59168808335380219  0.60030028697846283  0.60834222438581953  0.61663500418048445
  0.62712639990715335  0.63972550323927202  0.65013051798431565  0.65793179604091068
  0.66577821765589917  0.67371438422832497  0.68154500867936785  0.68942174958345626
  0.69796840609928557  0.70651142350316831  0.71561285994512058  0.72652631961020708
  0.73789425839430622  0.75067495610450385  0.76416259432477884  0.77921318712405474
  0.79215478447240362  0.80476334392069671  0.81665897279655564  0.82861621926725648
  0.84184299493632897  0.85526284588286605  0.86739177661713085  0.87867179843366061
  0.88834439378540608  0.89746075116862889  0.90718196861516043  0.91676620998371328
  0.92497932643635383  0.93343986127001133  0.94441887148724846  0.95445509041412935
  0.96481612349472679  0.97566722053456711  0.98746922286933037  1.00000000000000000
  0.02825830571525736  0.35241936792053774  0.41400752086534132  0.44438103410402863
  0.46910697554321001  0.48931258439089148  0.50679611500422306  0.52287901411203430
  0.53720141696144985  0.55057279711706020  0.56509332488962760  0.57792386332535317
  0.58882637000743843  0.59908495814822060  0.60922489468605834  0.61902459740379912
  0.62866782433430801  0.63870013274975368  0.64875349753117262  0.65677236287813756
  0.66423606960894899  0.67110667235970467  0.67776481721292170  0.68430667234274378
  0.68969272509500090  0.69474719092094595  0.69932708569024393  0.70336855876328852
  0.70764982733818471  0.71232294832170262  0.71751396223286013  0.72297620242567207
  0.72817019150028139  0.73309675871286628  0.73789812275415623  0.74210375338513812
  0.74515870599278577  0.74825383641467769  0.75160893980839594  0.75526706355684703
  0.75898479919524564  0.76234735242777707  0.76578541557698410  0.76850367632969951
  0.77143948373031201  0.77480997714286792  0.77858183510042744  0.78263731891359389
  0.78682761075062513  0.79043154600895116  0.79414483431683458  0.79834853055742339
  0.80247200806224550  0.80631947118603386  0.80974017612314941  0.81295043255120281
  0.81640790373923544  0.81996101947220323  0.82377069309277151  0.82797110251410155
  0.83146555367792352  0.83433811211273456  0.83646325854686110  0.83843439824154575
  0.84062798602733080  0.84285084179816305  0.84553904682712933  0.84845760108925872
  0.85175438863581432  0.85522230364714313  0.85870492135184739  0.86187749056218843
  0.86481524356229744  0.86757219392124785  0.87053612022404392  0.87414936350326089
  0.87779980279066427  0.88137377687955454  0.88520490565858223  0.88884906077217574
  0.89201164514839593  0.89499710939341603  0.89803925141013830  0.90122811136061132
  0.90390357718329495  0.90622583261265699  0.90863221900073721  0.91159092760301308
  0.91560965853824472  0.92094800710037716  0.92703668492870972  0.93331261516784636
  0.94073218227233379  0.95176969364065123  0.96961105209748433  1.00000000000000000
 -0.04213696396626646  0.18871080805411938  0.23769980861436182  0.26327389844704191
  0.28575788544136466  0.30653444402976882  0.32354185000750557  0.33731729622870676
  0.35218954744292341  0.36633535545817508  0.38114658855406303  0.39569801194888293
  0.40682874383897072  0.41657887461810367  0.42459094298159344  0.43226352451242117
  0.44053933726665573  0.44951483607070059  0.45868448152596675  0.46840368706217339
  0.47777634453517093  0.48612348165467462  0.49409436679188590  0.50139305152539315
  0.50803100987193650  0.51458089535945717  0.52116438314448366  0.52691924387610412
  0.53186589608522317  0.53626910946598372  0.54055005054469663  0.54489516697286000
  0.54890767693456688  0.55380559328008283  0.55885128889923519  0.56384989182194301
  0.56881255238618023  0.57408222787899243  0.57871655437540137  0.58300334415399568
  0.58739134189715136  0.59161276402743967  0.59544253608291886  0.59910789367033601
  0.60288450965295581  0.60722033460801095  0.61213707709990262  0.61753598451763603
  0.62253036884818924  0.62714485502023298  0.63127718493525398  0.63496172674854401
  0.63842494968676122  0.64203659988944850  0.64560620790202339  0.64923172763547277
  0.65303992096509011  0.65695329218649556  0.65995567728111015  0.66213325921020727
  0.66425487630473090  0.66684313901113723  0.66983340357344101  0.67272730182352813
  0.67619092798926839  0.68086645585771954  0.68573037183950525  0.69060477889597782
  0.69600283743147806  0.70165586301301786  0.70824354080532581  0.71544990146848852
  0.72232094987723794  0.72827085953867066  0.73336047300095231  0.73831395456094628
  0.74267553031786182  0.74736400211628451  0.75275500898213954  0.75889701661875608
  0.76496902739468808  0.77139880169460517  0.77872851531899412  0.78630455302812319
  0.79390317366239849  0.79977257633682008  0.80609927926695979  0.81325841120442655
  0.82061561295103302  0.82939862190486735  0.83990709963335908  0.85269239634898752
  0.86813668723403059  0.88589844519681926  0.91432392054274969  1.00000000000000000
   4.2671331702277879E-020  -1.0000000000000000     
 T F F F F F F F F F F F F F F F F F F F T F F F T F F F F F F F F F F F T F F F T F F F F F F F F F F F F F F F F F F F T F F F F F F F F F F F F F F F F F F F F F F F F F F F F F F F F F F F F F F F F F F F F F F F F F F F F F F F F F F F F F F F F F F F F F F F F F F F F F F F F F F F F F F F F F F F F F F F F F F F F F F F F F F F F F F F F F F F F F F F F F F F F F F F F F F F T F F F F F F F F F F F F F F F F F F F T F F F T F F F F F F F F F F F T F F F T F F F F F F F F F F F F F F F F F F F T F F F T F F F F F F F F F F F F F F F F F F F T F F F T F F F F F F F F F F F T F F F T F F F F F F F F F F F F F F F F F F F T F F F F F F F F F F F F F F F F F F F F F F F F F F F F F F F F F F F F F F F F F F F F F F F F F F F F F F F F F F F F F F F F F F F F F F F F F F F F F F F F F F F F F F F F F F F F F F F F F F F F F F F F F F F F F F F F F F F F F F F F F F F F F F F F F F F T F F F F F F F F F F F F F F F F F F F T F F F T F F F F F F F F F F F T F F F T F F F F F F F F F F F F F F F F F F F T F F F
  <DiscreteSampler_grid>
  grouped_processes
  1 # 1 for a reference and 2 for a running grid.
  10 # Attribute 'min_bin_probing_points' of the grid.
  1 # Attribute 'grid_mode' of the grid. 1=='default',2=='initialization'
  0.0000000000000000 # Attribute 'small_contrib_threshold' of the grid.
  0.5000000000000000 # Attribute 'damping_power' of the grid.
 # binID   n_entries weight   weight_sqr   abs_weight
    16   10   1.855306913468339E-015   9.938786729189105E-030   1.855306913468339E-015
    17   10   1.855306913468315E-015   9.938786729188835E-030   1.855306913468315E-015
    19   10   2.780510947419386E-015   2.258250476805759E-029   2.780510947419386E-015
    20   10   2.780510947419337E-015   2.258250476805669E-029   2.780510947419337E-015
    22   10   2.779276087319462E-015   2.259721797271320E-029   2.779276087319462E-015
    23   10   2.779276087319412E-015   2.259721797271230E-029   2.779276087319412E-015
    28   10   6.109636263864633E-016   9.980983514833774E-031   6.109636263864633E-016
    29   10   6.109636263864555E-016   9.980983514833542E-031   6.109636263864555E-016
    31   10   3.976937034325523E-016   5.376182889703318E-031   3.976937034325523E-016
    32   10   3.976937034325493E-016   5.376182889703256E-031   3.976937034325493E-016
    34   10   3.970150175459434E-016   5.438039733159939E-031   3.970150175459434E-016
    35   10   3.970150175459401E-016   5.438039733159873E-031   3.970150175459401E-016
    40   10   1.855306913468339E-015   9.938786729189100E-030   1.855306913468339E-015
    41   10   1.855306913468315E-015   9.938786729188819E-030   1.855306913468315E-015
    43   10   2.780510947419384E-015   2.258250476805757E-029   2.780510947419384E-015
    44   10   2.780510947419336E-015   2.258250476805667E-029   2.780510947419336E-015
    46   10   2.779276087319460E-015   2.259721797271318E-029   2.779276087319460E-015
    47   10   2.779276087319412E-015   2.259721797271227E-029   2.779276087319412E-015
    52   10   6.109636263864631E-016   9.980983514833774E-031   6.109636263864631E-016
    53   10   6.109636263864554E-016   9.980983514833542E-031   6.109636263864554E-016
    55   10   3.976937034325524E-016   5.376182889703319E-031   3.976937034325524E-016
    56   10   3.976937034325493E-016   5.376182889703256E-031   3.976937034325493E-016
    58   10   3.970150175459435E-016   5.438039733159940E-031   3.970150175459435E-016
    59   10   3.970150175459402E-016   5.438039733159867E-031   3.970150175459402E-016
    64   10   1.855306913468341E-015   9.938786729189121E-030   1.855306913468341E-015
    65   10   1.855306913468314E-015   9.938786729188805E-030   1.855306913468314E-015
    67   10   2.780510947419382E-015   2.258250476805754E-029   2.780510947419382E-015
    68   10   2.780510947419338E-015   2.258250476805674E-029   2.780510947419338E-015
    70   10   2.779276087319460E-015   2.259721797271316E-029   2.779276087319460E-015
    71   10   2.779276087319415E-015   2.259721797271236E-029   2.779276087319415E-015
    76   10   6.109636263864632E-016   9.980983514833774E-031   6.109636263864632E-016
    77   10   6.109636263864553E-016   9.980983514833542E-031   6.109636263864553E-016
    79   10   3.976937034325521E-016   5.376182889703315E-031   3.976937034325521E-016
    80   10   3.976937034325491E-016   5.376182889703253E-031   3.976937034325491E-016
    82   10   3.970150175459432E-016   5.438039733159935E-031   3.970150175459432E-016
    83   10   3.970150175459399E-016   5.438039733159866E-031   3.970150175459399E-016
    88   10   1.855306913468340E-015   9.938786729189119E-030   1.855306913468340E-015
    89   10   1.855306913468315E-015   9.938786729188814E-030   1.855306913468315E-015
    91   10   2.780510947419384E-015   2.258250476805757E-029   2.780510947419384E-015
    92   10   2.780510947419339E-015   2.258250476805676E-029   2.780510947419339E-015
    94   10   2.779276087319460E-015   2.259721797271317E-029   2.779276087319460E-015
    95   10   2.779276087319416E-015   2.259721797271236E-029   2.779276087319416E-015
    100   10   6.109636263864628E-016   9.980983514833765E-031   6.109636263864628E-016
    101   10   6.109636263864553E-016   9.980983514833548E-031   6.109636263864553E-016
    103   10   3.976937034325521E-016   5.376182889703313E-031   3.976937034325521E-016
    104   10   3.976937034325493E-016   5.376182889703256E-031   3.976937034325493E-016
    106   10   3.970150175459431E-016   5.438039733159933E-031   3.970150175459431E-016
    107   10   3.970150175459401E-016   5.438039733159868E-031   3.970150175459401E-016
  </DiscreteSampler_grid>
