 -0.00000004167834923  0.00000055585304928  0.00000187309741469  0.00000318736206927
  0.00000464635226177  0.00000577294205550  0.00000644058663069  0.00000724736742925
  0.00000800096907457  0.00000872000353566  0.00000979605359056  0.00001146348254871
  0.00001308471587954  0.00001422538198535  0.00001508626578164  0.00001583631970883
  0.00001654442417134  0.00001741175257841  0.00001818160846699  0.00001879026938149
  0.00001920122704565  0.00001956529986764  0.00002003410101723  0.00002045768177609
  0.00002094769716896  0.00002146554407297  0.00002190128157150  0.00002223317756737
  0.00002256599309777  0.00002289920006079  0.00002325554685396  0.00002363603167838
  0.00002406454230383  0.00002437061221842  0.00002465948789707  0.00002487854475153
  0.00002509312245505  0.00002527850805911  0.00002545563134897  0.00002569605905362
  0.00002603866491622  0.00002642985922828  0.00002685418833010  0.00002725693080575
  0.00002758695487260  0.00002787234515771  0.00002824476178742  0.00002873785201297
  0.00002951140792012  0.00004345294628874  0.00004854322090551  0.00004911577926868
  0.00004954572017996  0.00004991082845794  0.00005018755413113  0.00005040538801148
  0.00005061735820673  0.00005088876538220  0.00005125353847345  0.00005163934385134
  0.00005201146204122  0.00005239060446560  0.00005282607382907  0.00005336020728699
  0.00005403196835764  0.00005502651655880  0.00005622734485006  0.00005722086918239
  0.00005811350796135  0.00005902049263785  0.00005975717269209  0.00006037359762345
  0.00006088642403462  0.00006135933129759  0.00006187940453620  0.00006248307345151
  0.00006314609329461  0.00006398838641253  0.00006548143275615  0.00006825719731044
  0.00007054410057193  0.00007254161993941  0.00007430058824853  0.00007614793712390
  0.00007926026882505  0.00008542621283954  0.00009527646926670  0.00010777895345582
  0.00012501259283585  0.00015570975742566  0.00020330526466289  0.00029506494319061
  0.00047588651270800  0.00127557989330113  0.02993808933404464  1.00000000000000000
 -0.00011300907418149  0.00105245029459893  0.00140370131940885  0.00176447635838557
  0.00216799819173509  0.00265473313475537  0.00294536719679108  0.00325435507116194
  0.00361293829132380  0.00392898756328663  0.00420792290602533  0.00452838752088999
  0.00508667794943891  0.00572385120557630  0.00614139184103439  0.00640566664634011
  0.00666728146511447  0.00692774019237462  0.00728022585751184  0.00768931088001342
  0.00817283948230675  0.00860104173646387  0.00902188334108654  0.00940337897002214
  0.00975224386219949  0.01009259378379498  0.01035734915965315  0.01059430977306149
  0.01084262136594996  0.01108127729736063  0.01131114801265107  0.01156860272705649
  0.01182394458781537  0.01197860281330871  0.01208714357518580  0.01218763786570562
  0.01228044795595031  0.01234249487216457  0.01241097248332414  0.01255810130635593
  0.01272526162622564  0.01290723628158360  0.01316474329789378  0.01335663816347458
  0.01352743752572973  0.01371763076729399  0.01386730027614923  0.01399725012660792
  0.01411882100003572  0.01421891596489424  0.01434444300855403  0.01449241853555947
  0.01462339215898154  0.01475347484186968  0.01489217544589698  0.01503604160920421
  0.01516645020765979  0.01532760583797543  0.01550135118988474  0.01568448549391632
  0.01584709153328866  0.01602659234040088  0.01622292339052059  0.01644570585079424
  0.01667267498928849  0.01701313676109911  0.01731358113682319  0.01758165712456895
  0.01782011520223992  0.01809011542470167  0.01834962639729063  0.01853991074711967
  0.01875809094300002  0.01895638350016539  0.01921467018460879  0.01948245060292208
  0.01977317890870129  0.02016076056641002  0.02048433364056561  0.02077262674675162
  0.02097529157189292  0.02111872189450001  0.02126929360510037  0.02143469779649079
  0.02161524716326007  0.02186997834166581  0.02226881084133353  0.02257457322052407
  0.02279898293073243  0.02297329371317324  0.02314714609819763  0.02337774345317652
  0.02390797928452108  0.02463041715111222  0.02563610187536195  1.00000000000000000
  0.03044040932987582  0.03049324965280320  0.03056898563138917  0.03064736747665110
  0.03071769619162638  0.03075970415327123  0.03081333389170151  0.03088015812195820
  0.03095402148590153  0.03103280245833992  0.03115166040702538  0.03130500000267884
  0.03146691532638075  0.03162286250223475  0.03176625473581256  0.03190542475584985
  0.03203990988482257  0.03215648013159943  0.03224673980471250  0.03234394429546335
  0.03243983345522788  0.03254828578718155  0.03264036376320871  0.03270940415230519
  0.03278084095382517  0.03285372719337353  0.03293384066506568  0.03305859655060866
  0.03324813041694831  0.03343628309044300  0.03358915997887152  0.03376053270066540
  0.03394394388249558  0.03413860823719747  0.03437878962620639  0.03465414421259461
  0.03492406182616154  0.03514656547278046  0.03534569660462359  0.03554242985981854
  0.03573945428081153  0.03591334733370809  0.03608370827330236  0.03628337379376208
  0.03647986278417165  0.03662756601261326  0.03684557626456897  0.03707961036276577
  0.03725309149807559  0.03738031850080300  0.03749957185206991  0.03764825348682495
  0.03776542568196308  0.03787257905646337  0.03800520087836095  0.03814553194420223
  0.03830230483455870  0.03860783830761903  0.03885571098615566  0.03908080363705504
  0.03929403441658198  0.03945128808362468  0.03959405510883867  0.03974825518601010
  0.03992289741685360  0.04013058029399614  0.04025702300780604  0.04039827535889848
  0.04054050244628013  0.04076949058672807  0.04122103429805157  0.04173722462295353
  0.04224518340060684  0.04273206800102908  0.04320869594246340  0.04366107602699648
  0.04432898939701601  0.04483548297008937  0.04523200345902572  0.04553578592938457
  0.04598500280292879  0.04663242680086959  0.04722546955984790  0.04788660802460144
  0.04857809524588844  0.04938974923898075  0.05045515163943926  0.05148515464444268
  0.05269774420383424  0.05408070391846272  0.05545863053900067  0.05743398417276987
  0.06071329468078000  0.06313197186663592  0.10729442093795398  1.00000000000000000
  0.02116372839577172  0.04160556153222075  0.05080147810312254  0.05851571274923763
  0.06512787262142095  0.07089763675594699  0.07603220478471527  0.08140806946297229
  0.08697549683740920  0.09208103475054925  0.09862493427951900  0.10460065099998372
  0.11004880890576145  0.11750195561611983  0.12227097160977231  0.12568969460128887
  0.13209042978169336  0.13912950229016710  0.14565010804552836  0.15110149430994549
  0.15576139549710497  0.16120354424821506  0.16704796370347752  0.17630126634567200
  0.19083395842977624  0.20551873239107540  0.21998762388509849  0.23393795144122365
  0.24746426910737923  0.26110743571555539  0.27340118501168087  0.28432355560091693
  0.29542484916758688  0.30754032474050108  0.32029577166286738  0.33150260597002601
  0.34011966478169342  0.34803813118897081  0.35423946760965364  0.35995930027970391
  0.36613833761165987  0.37257865962619019  0.38045900003459671  0.38909832022743729
  0.39728454751473335  0.40319703530648565  0.40822473095170353  0.41317962712903400
  0.41839269452464972  0.42338274934623749  0.42733862654131022  0.43196674782026340
  0.43655799810484908  0.44188792449238468  0.44827388735675322  0.45517739775597449
  0.46064267031775624  0.46487738117034771  0.46912435226644317  0.47363798121615824
  0.48036078327834247  0.48959199228473238  0.50175144401331206  0.51745244507394150
  0.53442010628993808  0.54924091349510062  0.56087740655824569  0.57009603896167793
  0.57762061333928716  0.58586540637974671  0.59529360491834626  0.60401233290744016
  0.60847349235485904  0.61305699445635264  0.62011270803329732  0.62951920944514395
  0.64301401753347887  0.66276283240876044  0.68977637616003473  0.71326142019658700
  0.73553951435306575  0.75618630929161279  0.77456501378940579  0.79187395551469986
  0.80642199408530646  0.81683845050873671  0.82706694733018338  0.83958568116557353
  0.85417380041110624  0.86874772952778045  0.89165837545132398  0.91385176947648294
  0.93119512938158255  0.94798923196060592  0.97474027834430232  1.00000000000000000
  0.90362990909513863  0.90594355878914457  0.90825720848315050  0.91057085817715644
  0.91288450787116238  0.91519815756516831  0.91751527434360225  0.92065483394517578
  0.92379439354674930  0.92693395314832283  0.93007351274989647  0.93255351131485698
  0.93292455220863080  0.93329559310240473  0.93366663399617855  0.93403767488995237
  0.93476023247773188  0.93626384216655756  0.93792981611888215  0.93922781265655586
  0.94013598136854104  0.94099640428071640  0.94200726146461722  0.94270902961909975
  0.94313550623847475  0.94358067013101987  0.94426366996615752  0.94531753649459815
  0.94653255791568569  0.94726095939572219  0.94779829250150360  0.94834726641808820
  0.94912703467898518  0.95003758711569186  0.95060465433317531  0.95095104895348648
  0.95122618228603284  0.95141581739727066  0.95169183917942657  0.95190830434248042
  0.95204072775648996  0.95222090372798085  0.95241828125927097  0.95262480530426907
  0.95284708695035802  0.95314836569084516  0.95358134732523081  0.95401106007840797
  0.95434118373558086  0.95462469706530828  0.95495381481681907  0.95526103725701916
  0.95559382599768017  0.95590586293343038  0.95612733282072326  0.95640402366556077
  0.95676011085700496  0.95713696728645836  0.95742470974118288  0.95767789414578286
  0.95792620431281617  0.95822787866819104  0.95854907044353033  0.95927746455762819
  0.95980190583782410  0.96018249296701930  0.96048250774087718  0.96077686568790632
  0.96108839790805412  0.96141938484124401  0.96181114709202487  0.96218042130527692
  0.96238392497322178  0.96251117615041015  0.96264071193921286  0.96285753329222135
  0.96312465806259762  0.96345124507494750  0.96370338770781416  0.96398242698741021
  0.96428232427288063  0.96459134625200837  0.96488922999038251  0.96516892703816926
  0.96549314083869864  0.96585113151580571  0.96621386329877323  0.96649786388955850
  0.96678846842215327  0.96718517534080417  0.96760843417149278  0.96791616453381946
  0.96820148979768861  0.96847283752688473  0.96874354461367185  1.00000000000000000
 -0.00128006918814156  0.00669889792575058  0.01569156009839478  0.02074575625527537
  0.02512808511793924  0.03251049925625298  0.03656828088943198  0.04067753783450916
  0.04539268134474631  0.05074551606425617  0.05546376477659566  0.06284437242958617
  0.07330142313152059  0.08154701537558157  0.09101454293588367  0.10171652310963883
  0.11174378367807931  0.12145932398749511  0.13264048971240833  0.13868108359916786
  0.14426872744925026  0.15024606639923094  0.15563602561047823  0.16068531607516820
  0.16789569811276966  0.17398424525621931  0.18218998819296831  0.19352967108330085
  0.20769956657036459  0.22427651837207657  0.23649613759479110  0.24592953925870939
  0.25298702000757151  0.25972663035755011  0.26583199803157787  0.27762661303575142
  0.28653249325765995  0.29568477783074221  0.30468714252392526  0.31507771517719663
  0.32618509913134869  0.33871299909697716  0.35334065567110273  0.36774487571894460
  0.38231055843504169  0.39759961861546322  0.41210285752930426  0.42292303743305781
  0.43346375236429874  0.44626611481118006  0.46345730695426202  0.48333597199099881
  0.50014574534469802  0.51442341848175777  0.53000209681723454  0.54538852384085423
  0.56009014475057262  0.56607017572437079  0.57104285122977672  0.57555170011488810
  0.57841304806351090  0.58072340108109044  0.58444834846827542  0.58838445698349828
  0.59261099789434635  0.59859776963110978  0.60636690805812932  0.61669781917777478
  0.62572482521442618  0.63534961827461012  0.64378071726262309  0.65036172259142755
  0.65681905582306854  0.66300336474329091  0.66960850603946420  0.67864179794160151
  0.68853713749279233  0.69965409397070921  0.71145155851232844  0.72597706850485677
  0.74620377926503123  0.76989525179778595  0.79394092997515930  0.81661929373496156
  0.83301398839640994  0.84695590427522460  0.85504373150244906  0.86593779254320846
  0.87772465910756281  0.89017672097100553  0.90507146274528483  0.92133957204003325
  0.93607421201984198  0.95284710036985976  0.97434033061739689  1.00000000000000000
 -0.00319333839556806  0.00913158635577759  0.02159792720570190  0.03325608736909681
  0.04377372474591403  0.05589574083017209  0.06829372836383174  0.08097820817882256
  0.09020901217783601  0.10006341246833556  0.11179233858514888  0.12220315069820913
  0.13443606586350876  0.14717885461632529  0.15702529643414748  0.16455815945189875
  0.17354555744760408  0.18516137057248219  0.19932730736424065  0.21378362317686386
  0.22595899181942766  0.23212290021630713  0.23750765158634649  0.24171278178600442
  0.24524356196591973  0.24845123758085372  0.25151820917475476  0.25384738914550442
  0.25708920365681959  0.26350565206034032  0.26836290780313615  0.27355276750937252
  0.28008306466060662  0.28422860635354330  0.28725716786473582  0.29104099530456140
  0.29853998174180801  0.30949470152738440  0.32497310845082761  0.33577468461594406
  0.34397189748815932  0.35081271096862865  0.35795544943912383  0.36558780447596201
  0.37332096378789198  0.38280080360703361  0.39358310903653593  0.40242168028273229
  0.40980603671952298  0.41838982507058042  0.42887824932218133  0.44038696844650083
  0.45394133089402222  0.46525987168162819  0.47460532809518224  0.48724567587178075
  0.50001962352512619  0.51289012672121692  0.52966881058564808  0.54294831075814121
  0.55168111470701842  0.56124015410297268  0.56669664691042054  0.57309946179165927
  0.57995161999572420  0.58799912386572628  0.59856346663880688  0.61241096735000367
  0.62482200611939909  0.63846065735611268  0.65110838094681234  0.66552586581217577
  0.67914129032773396  0.69443946833126580  0.70764063652883902  0.72190434642008605
  0.73500792352281963  0.74809027608475109  0.76077147056088046  0.77177045370511221
  0.78034001496915517  0.79187494560262184  0.80446674446422906  0.81675884029855206
  0.82690204837053993  0.83524899836085420  0.84551260173028442  0.85885372609598187
  0.87397466602942842  0.88742840607254792  0.90028623051427170  0.91334200078394934
  0.92682463922557312  0.94304029388961663  0.96468968761736884  1.00000000000000000
 -0.00188265333509715  0.00732485328895099  0.01635729934723310  0.02454461812567340
  0.03284607315034358  0.04281726506060803  0.05202814800415174  0.06201921847544101
  0.07540696938765412  0.08418590311240540  0.09266649897506320  0.10258096101832065
  0.11540902853271914  0.12616987297022905  0.13407647057554878  0.14145940995187883
  0.14924189426511733  0.15792821425297113  0.16552524390232828  0.17109731934106370
  0.17599310869460549  0.18150116193840454  0.18933349713232339  0.19901919633032433
  0.21078846236538065  0.22393491475496211  0.23843738009120261  0.25477235620659561
  0.27277074965815318  0.28966954662880745  0.29859992909128524  0.30572356371395426
  0.31120806851090405  0.31418196776622331  0.31949709396682857  0.32279270624417450
  0.32552398448741060  0.32830800185611125  0.33341358131465387  0.33861420710852641
  0.34328068701466402  0.35033210370851059  0.36377327477495114  0.38713920692084236
  0.40733893828977552  0.42140956820030123  0.42864350726783396  0.43827704734807038
  0.44742851540293804  0.45653499379900159  0.46579944291061981  0.47520727053727391
  0.48443172345595231  0.49217849169661093  0.50139235415758654  0.51451972747704044
  0.53002624639817020  0.54452952986318193  0.55644169438687852  0.56567132401530784
  0.57432724863207674  0.58298466228639467  0.59389412479298742  0.60210985801767558
  0.60945677025782630  0.61467140069155035  0.62072764461240226  0.62789618467188746
  0.63546978053896230  0.64294210086091508  0.64980593365847039  0.65931323711405154
  0.66998610654208091  0.68118341706568530  0.69299715768119463  0.70486776730299849
  0.71544815780846749  0.72970855590033679  0.74768252710095551  0.76544468470939209
  0.78325023059021059  0.79877682203790989  0.81137269869401574  0.82259393073426434
  0.83291008866309890  0.84330692398098217  0.85588613562599503  0.87553109709491550
  0.89921720883721168  0.92035613263318061  0.93463844203082458  0.94728415139241062
  0.96003826181764473  0.97302880011304904  0.98656293568889686  1.00000000000000000
 -0.00780808004167038  0.02476984399998033  0.05180388825644886  0.06947870704279907
  0.08331423099296589  0.09461852626328938  0.10471524117683663  0.11340501838967017
  0.12655773843779930  0.14626554028514646  0.16254521430203811  0.17770804672496182
  0.18947582749137390  0.20268341340082452  0.21311340635684745  0.22265085456540065
  0.23663602131283729  0.25303822757274658  0.27103205624077498  0.28364954238569395
  0.29560544539214240  0.30661952115179630  0.31589392865216837  0.32414185780927812
  0.33432717707956355  0.34491929668056015  0.35676691951150036  0.36827350586199381
  0.37648098629594945  0.38309505658750442  0.39011620035595634  0.39771785899938639
  0.40617098837233295  0.41420442460792900  0.42327570905906120  0.43089445417381289
  0.43543408642245607  0.44073864111867550  0.44699435634877022  0.45631093112515669
  0.46735057102963190  0.47808725128072360  0.49134430306407434  0.50636629093325647
  0.51981458585088536  0.53351013743014886  0.54675699553129564  0.55744329610482213
  0.56533896348070645  0.57409818684086322  0.58188124317442147  0.58806252518921809
  0.59199249346826477  0.59669939733745980  0.60305951125835111  0.60952240592176210
  0.61721108757007037  0.62611913997268953  0.63687059199999296  0.65203853421760039
  0.66590209104832809  0.67635208906876343  0.68481367029796469  0.69188345444688981
  0.69993677345198768  0.70774083506999419  0.71224553379218103  0.71670572825309031
  0.72139244545981296  0.72586645326005028  0.73128637353481607  0.73757469046951840
  0.74148343444112286  0.74468621106813437  0.74763307267923229  0.75018310463630333
  0.75703663674676858  0.77062219098847995  0.78775142023982592  0.80690674341190516
  0.82683415307898078  0.84519422131051425  0.85875965263226794  0.86991134737657705
  0.87893338675831112  0.88464562196966989  0.89030291282056595  0.89625784584576285
  0.90529957975740460  0.91715281301930562  0.93195796135831721  0.94498802560236383
  0.95551538789129231  0.96749627158437190  0.98238326042596413  1.00000000000000000
 -0.00269867344834908  0.01023068601179088  0.02190188224858052  0.03303394266855995
  0.04546656231853627  0.06180919159730706  0.07363117183324440  0.08313449468638806
  0.09129423374901542  0.09921832550075321  0.11023246933552691  0.12393521875535332
  0.13439148065615200  0.14381370457233403  0.15658892976773797  0.16848609093017244
  0.17708148631783582  0.18385129884316095  0.19058950982514358  0.19996652332877823
  0.20992554849373582  0.22043206154645273  0.23132636961863134  0.24064670841377531
  0.24952378941608672  0.25949366255556211  0.27047490127633156  0.28169181699736301
  0.29049235884739116  0.29655321263988454  0.30208819901911937  0.30710996002892788
  0.31413220568861105  0.32287570824047912  0.32807848647096616  0.33130788678101925
  0.33692885091588121  0.34279158848612390  0.34776551086519442  0.35528652863884719
  0.37258571730772977  0.38877973865747412  0.40428585539531248  0.41799563824522401
  0.43112468042518931  0.44448435298286765  0.45682766629151417  0.46724217044376626
  0.47526116733153884  0.48201379300334091  0.48911629593869821  0.49668831017416831
  0.50377430356178288  0.51081278685953180  0.51890043877401648  0.52513024188174928
  0.52941348560567469  0.53369244391945780  0.53857862677045354  0.54434522834307875
  0.55673211931165389  0.57203225463481000  0.58835052033084489  0.60785959193858052
  0.62655915075916013  0.64292372490061189  0.65691305122318078  0.66947310737088861
  0.68054277722808298  0.69158955411245615  0.70227286440195202  0.71304311892135186
  0.72299206441595565  0.73306221316125253  0.74283363174496431  0.75193263976409219
  0.76048190190806952  0.77152079564672871  0.79444820887646483  0.82313190276988524
  0.84825936059714035  0.86571504104598218  0.88081846514557127  0.89334559206458575
  0.89891019326759547  0.90582644503975818  0.91348493345448678  0.92112831744055379
  0.93108061255817487  0.94404165035805088  0.95910543755866606  0.96861810983549756
  0.97728275691513000  0.98544694855675929  0.99285150541028855  1.00000000000000000
 -0.00350317607761837  0.01209705094493868  0.02753314496306634  0.04248111351548454
  0.06165009892915353  0.08118360879229998  0.09138039751984479  0.10058410289085336
  0.11130897773869400  0.12222856674012841  0.13398336081932274  0.14589950957506581
  0.15518676743822593  0.16318114219081140  0.17211733701720047  0.18271923730810677
  0.19793604240703755  0.21423022171452549  0.22546762017120081  0.23627000235898807
  0.24726616914520014  0.25942252887686307  0.26988239418155696  0.27869373995489577
  0.28742455648361509  0.29536463731930407  0.30547480796301535  0.31612275104927828
  0.32547051721066900  0.33787956654062001  0.35403258766329937  0.36377992657668135
  0.37175040287087974  0.37930731724311290  0.38712072573059669  0.39643183875861565
  0.41026724955523464  0.42616581023180067  0.44429793727074662  0.45860894012329845
  0.47168348750783717  0.48358921330883126  0.49401891521180591  0.50096695907361755
  0.50509503352990681  0.51010437308021717  0.51550649849477959  0.52134709999315842
  0.52813246727636443  0.53372053985816303  0.53970881792298853  0.54651689319609709
  0.55324991841399140  0.56197056729971562  0.57356008779482537  0.58791535888546786
  0.60234640006217299  0.61250289974221439  0.61877680272301083  0.62363020350749665
  0.62843237259629026  0.63328558255958789  0.64190806538147338  0.65207914393754385
  0.65816849271846833  0.66395551970110045  0.67057276351980288  0.68414938983334161
  0.69616317475838596  0.70714079529980833  0.71576159136669171  0.72259378374640748
  0.73225851704278766  0.74328988409497443  0.75693090723363554  0.77403577207945362
  0.79333479740752777  0.81193823156985601  0.82996649063798766  0.84554729717572019
  0.86173511785474677  0.87639717075012014  0.88876392948244642  0.89952177608736694
  0.90931207734525243  0.91901621307125836  0.92867320572842926  0.93780553268437106
  0.94810705753816915  0.95799893616555198  0.96444237973779878  0.97204367620736598
  0.97960983314856942  0.98434741545376103  0.98941395015749678  1.00000000000000000
 -0.00272228956201982  0.00480078523187139  0.02054179088392783  0.03765705830141138
  0.06211692190326289  0.07949011347405383  0.09670851143526726  0.11315884744617900
  0.12327751278245926  0.13436011318992092  0.14041876899419239  0.14615258548376064
  0.15193089431493170  0.15764459001566478  0.16510088201036047  0.17718945504343203
  0.19485966259715062  0.20423892339090693  0.21241314731923264  0.21940756392597779
  0.22579569610893754  0.23431479143322304  0.24822929714852926  0.26522641895260374
  0.27992900803512361  0.29584010130593041  0.31260088432969335  0.32843209852161931
  0.34044364762379548  0.34960016619012768  0.35752356701158200  0.36647716402145070
  0.37704432378275254  0.39008992664906544  0.40382413296835595  0.41384952486204113
  0.42172905771698566  0.42792167388057506  0.43362840335435099  0.43920616472824864
  0.44711200809720747  0.45374472234785190  0.46202161292927751  0.47088468781016962
  0.48032292172629532  0.48678468740954478  0.49294292866324352  0.49911449622466764
  0.50582315855484061  0.51519883334410721  0.52819687668274184  0.53949882297292318
  0.55173767483188818  0.56225504703579421  0.56958826086666126  0.57870810511063875
  0.58900055883701263  0.59746423126471038  0.60354537758970628  0.60876645234438953
  0.61507852378698702  0.62226545334734529  0.63000048412347920  0.63949209241042471
  0.65011876437472282  0.65995721575976662  0.66930560699801633  0.67929398053904455
  0.68920141474282504  0.69754555271632368  0.70526710643585400  0.71212583635564408
  0.71914933118951618  0.72776220237286837  0.73589829722773248  0.74616191440324964
  0.76081177709105574  0.77157379654696767  0.78199219441367129  0.79333892168915354
  0.80921209483754331  0.83211006368439233  0.85361437937526941  0.87449458766106014
  0.90038300957420925  0.92691058612667931  0.93773853989409084  0.94416918198858191
  0.94913255790088591  0.95464292137360796  0.96358848739259639  0.97219089297921579
  0.97929387511382038  0.98597405641101665  0.99305352094803023  1.00000000000000000
 -0.00411567898788676  0.01368453726106437  0.03294632696824920  0.04857015290297494
  0.06053200458710368  0.07086816179803693  0.07887245066554947  0.08731330579088495
  0.09612030090522503  0.10375003236132446  0.11363660988903949  0.12501385572083532
  0.13671775269075248  0.14959141334268844  0.16054708503413195  0.16967818629249673
  0.17832000592926636  0.18736501301942832  0.19396049656197067  0.19987634815296659
  0.20897855792742878  0.22308968336908536  0.23466613557410326  0.24216703242436555
  0.25123347811115776  0.25806859491416478  0.26665440617249397  0.27645015846677518
  0.28646949820300244  0.29684990966427471  0.30383581653636810  0.30939913181248518
  0.31424686496407478  0.31900259026301597  0.32460386964128929  0.32940757720685204
  0.33403923000375696  0.33790388850823538  0.34155298458041411  0.34793933687568723
  0.35592271033093270  0.37011544234838450  0.38375631287405226  0.39448318696103835
  0.40222445520472544  0.41227877926610240  0.42404524365623097  0.43823229928445739
  0.45773117272229474  0.47723335612307793  0.49475722924524046  0.51236760709212448
  0.53249314036808693  0.55618527820790331  0.58095978256527281  0.60019699485826372
  0.61194481730262196  0.62257906003059327  0.63251779409859432  0.64299980176413385
  0.65281488204059934  0.66202898324221804  0.66974035654207864  0.67727422981554875
  0.68815080281644780  0.70027554044531704  0.71003249983946337  0.71919329759427109
  0.72775788947330666  0.73586922956027312  0.74253626953528939  0.74716278928508473
  0.75167624039353542  0.75603304091632151  0.76059570798226461  0.76735403958532988
  0.77411237118839527  0.78050566395329402  0.78719215204502480  0.79427664696253353
  0.80304946373313046  0.81378938698322645  0.82160133486330245  0.82858967528422323
  0.83662178603197801  0.84537743187066550  0.85657515527442307  0.86924309912513242
  0.88197424850649542  0.89428998124694259  0.90639387981614561  0.91997491066581794
  0.93962948552293446  0.96077196792745967  0.98014734475042764  1.00000000000000000
 -0.00080400254338233  0.00485747723750424  0.01146149774065441  0.01856457085338771
  0.02681746099197523  0.03514472157775372  0.04350185057497988  0.05802774836003174
  0.07516457084926173  0.08615919182200460  0.09194391026750970  0.09744641160277921
  0.10355697214125327  0.11043914429639702  0.12303499844678009  0.13984485460218285
  0.15536865095230232  0.17119279098660606  0.18704867437573416  0.19926494884642212
  0.20865087154307022  0.21704142500248436  0.22518955254687778  0.23471810400657439
  0.24592753172527038  0.25683200615397023  0.26819017607077622  0.28179819928225863
  0.29213456665666115  0.29973470102340938  0.30733895684171569  0.31480775326415250
  0.32163459878450151  0.32439142972199880  0.32615183607252529  0.32856174863115739
  0.33267115041555090  0.34039208687650080  0.34736571750669831  0.35345106442589325
  0.36458852186598512  0.38043874302852287  0.39325630335066669  0.40336166332538609
  0.41421808396297422  0.42787336816496174  0.44185783621979585  0.45232959421261026
  0.46412499665876678  0.47906687250013213  0.49513245023870978  0.50853618971481962
  0.51952125747996147  0.53148269077115162  0.54429478902058170  0.55448764561079733
  0.56396074910111049  0.57436700399751861  0.58820176560580850  0.60232589384623714
  0.61492467079514046  0.62569751153635011  0.63766934749709669  0.64940280186680088
  0.66013780238756559  0.67185417225688326  0.68388115753262324  0.69499292930132750
  0.70479601500885647  0.71858480159158378  0.73636194127128174  0.75462746516914692
  0.77141409709289688  0.78783936168078261  0.80349586314886101  0.82001613478387925
  0.82810478736120319  0.83630922363957749  0.84507143888046965  0.85584438026382637
  0.86578412580486586  0.87289360739548294  0.87904649011546832  0.88605211270270356
  0.89767032083035136  0.90977014244609755  0.91960770063761310  0.92703917463759444
  0.93445699343671151  0.94033401487645396  0.94677313372341776  0.95406115411295489
  0.96348851825782222  0.97459150214571511  0.98616344719011306  1.00000000000000000
 -0.00345515590375284  0.00419592706627753  0.01187687306608195  0.02099918096439439
  0.03203735624278894  0.04725807327428036  0.06122088817072967  0.07485193171412415
  0.08756230839062903  0.09760845013114927  0.10771424958228279  0.11636914231316262
  0.12580421736076705  0.13831105961309068  0.14908976607931387  0.15494467307530946
  0.16107147204384453  0.16774411774742934  0.17483870932960169  0.18382892040718229
  0.19627701956679164  0.21028147907341876  0.21954740553371821  0.22570288110048395
  0.23200065221118749  0.23883875929100518  0.24770314454311809  0.26474362352798414
  0.28736354464931435  0.30992177717778507  0.32558899907296063  0.33895415627667336
  0.35261220829868806  0.36628335481607666  0.37833278356519906  0.38961248076028954
  0.40040403772747279  0.41040512221854858  0.41968798689733244  0.42984960480992784
  0.43996190336800411  0.45119152162693860  0.46850575247378262  0.48456335551987578
  0.50173892003416198  0.51796542070433205  0.52963401878390282  0.53854915344954468
  0.54655009673343502  0.55401879258267317  0.56052289447700432  0.56786248790992877
  0.57781176459760686  0.58846588960040402  0.59973054843971763  0.61337602993084417
  0.62380549150626741  0.62701065383018617  0.62880491972923103  0.63345319629849584
  0.63785802095919353  0.64116525500913224  0.64399053897017833  0.64856222462024338
  0.65505613751546310  0.66023801991875253  0.66496631901537873  0.66877122090202734
  0.67479402787094067  0.68111540776193069  0.68473771521365823  0.69415901140164771
  0.70481650834248211  0.71457697780569496  0.72238489915183746  0.73254812341647502
  0.74399422686469319  0.75267143919807722  0.75965940241796615  0.76834038767944735
  0.78075644042853076  0.79794597524659805  0.81384638752253213  0.82657469277630646
  0.83802964590228268  0.84999529008487595  0.86420323805418375  0.87936787607885469
  0.89326949253897348  0.90455240948293802  0.91887310439632719  0.93106865614186030
  0.94396594581638615  0.95999067892995338  0.97952648277299292  1.00000000000000000
 -0.00966249769145326  0.01084875655236591  0.03136001079618508  0.04864510758792981
  0.06495928580253127  0.07893299108662237  0.09079284105534192  0.10022681512453305
  0.10868420492940976  0.12005185453049558  0.12919448365822997  0.13658391803453981
  0.14401947509719504  0.15391602561911011  0.16965233676641286  0.19362583772196226
  0.22468201736054960  0.24772981061409732  0.26409686431789869  0.28417259390728905
  0.30399314031293512  0.32737617400876196  0.34735346211434687  0.36369651591911645
  0.37941609607132609  0.39890983108622213  0.41558415731704751  0.43166591520307157
  0.44888969275435808  0.46504759279206176  0.47668189595250893  0.48597130257400828
  0.48866066979786554  0.49158224869644296  0.49480719609488627  0.50332501801825447
  0.51610397780392347  0.52896220186645004  0.53838926920566554  0.55382352640900212
  0.57377078514058288  0.59303509968477219  0.61194070937864287  0.63207141877977135
  0.65152782476592619  0.66711788718143028  0.67762335694617570  0.68652093955663651
  0.69835020308534546  0.71060409156490711  0.71956206050105853  0.72646481783091876
  0.73210620911050117  0.73922186331583206  0.74762927110545685  0.75517813103993015
  0.76225406892023817  0.76897774780389860  0.77479188121465359  0.78122404216411778
  0.78851640520963084  0.79323304735537969  0.79929228783546968  0.80524314076138526
  0.80894721168061290  0.81248522468779860  0.81647213303349364  0.82145904639036005
  0.82710191047544945  0.83283140781183462  0.83745584439984766  0.84133167201542125
  0.84502742177161461  0.84934787214309981  0.85561193840725425  0.86459003265268708
  0.87428335253063139  0.88199752670756248  0.88910335868326795  0.89560756196974789
  0.90190961364887068  0.90947652318010452  0.91691355271517638  0.92338051654399822
  0.92938581258806929  0.93540639906209433  0.93990707232105497  0.94601298659661470
  0.95100960789700961  0.95514837952717380  0.95933498633826275  0.96331386152616527
  0.96845901728848049  0.97644462839962609  0.98795867932107440  1.00000000000000000
 -0.00524559591713367  0.01913789807489454  0.02985166651335328  0.03300290192970211
  0.03608054234236228  0.03907209996876292  0.04185022561763909  0.04555128987364249
  0.05159171434865687  0.06043517308705694  0.07137666503092920  0.08325365665112275
  0.09524670918236408  0.10480260493954073  0.11454769232749382  0.12412102305277257
  0.12987937504359101  0.13670873990665500  0.14458790798238425  0.15481825762157658
  0.16625143017052835  0.18146128788024990  0.19889713910785470  0.21689887169225214
  0.23659616320729690  0.25741660727692062  0.27148485718079046  0.28346805287278543
  0.29179789943955226  0.30209659090170449  0.31291173493149260  0.32344788996563145
  0.33154490809372894  0.34240179267562709  0.35567333141658836  0.37036397029183032
  0.38160465212730482  0.38793954218496302  0.39333216499121809  0.39902393652312818
  0.40538217695268430  0.41905045636359389  0.43312041111849608  0.44702245680600861
  0.46067703681995070  0.47241809705249915  0.48535594585790287  0.50348701782615490
  0.52443834643476217  0.54519926026007792  0.56364135242161240  0.58032203706381569
  0.59541108180267299  0.60922773495501659  0.62349875860156356  0.63690713431126644
  0.65153790387399191  0.66626084872265545  0.67874314967234395  0.69015848695047943
  0.70216483077411629  0.71336020016722901  0.72281248443689838  0.73203690103207253
  0.74000867821765914  0.74542269048094889  0.75362266133538924  0.76333191679685441
  0.76995073588662366  0.77790220338015936  0.78676398823130400  0.79581047898299595
  0.80225283604442388  0.81466949388291621  0.82811611240782379  0.83487688745079514
  0.84182581365764542  0.84923065036141487  0.85783432666262904  0.86372152597626128
  0.86893349722333579  0.87405898814786676  0.87709353176592231  0.88038335689240388
  0.88717564750443101  0.89325677714878970  0.89774467733033381  0.90319249606717522
  0.90843816167226199  0.91478342792052469  0.92610312117268601  0.93815153607393165
  0.95241175568567882  0.96417579479803173  0.97533336470824250  1.00000000000000000
  0.00477836083580829  0.14897039106835036  0.16614723531806824  0.17598827735382402
  0.18671309915757375  0.19726610624031971  0.21129140395172369  0.23017643108862032
  0.24742868642488866  0.26161563643541957  0.27257714454756027  0.27698240913387340
  0.28221563471782335  0.28705967033858365  0.29235025103343065  0.29777226891871994
  0.30062574205958481  0.30358458016525758  0.30653879202997225  0.30902963241489090
  0.31372352474983262  0.31938235417762167  0.32392692995804095  0.32730986193368194
  0.33058848066835694  0.33385532904468551  0.33789025133416445  0.34326063915880028
  0.34773341939079000  0.35212856487466132  0.35643127534322222  0.36044113452398852
  0.36472629403667739  0.37016374500872518  0.37663732652834658  0.38315741476459064
  0.38921358550401225  0.39498854900611513  0.39980096310603985  0.40425670726500984
  0.40821080212013416  0.41284089850481820  0.41751103477607165  0.42183290780057953
  0.42526757070975185  0.42912489439352336  0.43319399416532217  0.43762553232552526
  0.44080889727977191  0.44408913479127188  0.44709802099317425  0.45051469752671247
  0.45372133131993531  0.45635933629668440  0.45987137554693985  0.46398756854459305
  0.46866958652794338  0.47365390000933266  0.47947030694326070  0.48361976343505608
  0.48709468354797364  0.48974333896374106  0.49238234058428448  0.49531008609270355
  0.49892643604324799  0.50330541743459145  0.50781342624944625  0.51269082984727976
  0.51831222616573958  0.52511962785030974  0.53261925097118201  0.53970740757574287
  0.54675317573602933  0.55411432390617898  0.55931489041816562  0.56648695344507227
  0.57202545677283045  0.57736556123899618  0.58405017919007918  0.59348923367863071
  0.60420375569508911  0.61471840952360501  0.62452581908872384  0.63510267961112621
  0.64396818256656396  0.65315986882306387  0.66361703416820328  0.67540841746433011
  0.68684453552608193  0.69837577835051534  0.71211947962937883  0.72695658836164323
  0.73915066904253979  0.76223024230810932  0.80160553736244644  1.00000000000000000
 -0.03929494596768833  0.19272093370350585  0.24550400234990669  0.27097460464948137
  0.28795607969953607  0.30132904882794032  0.30806031714581733  0.31564356481375383
  0.32227478158990025  0.32955768812489411  0.33975638508396394  0.35235316838615244
  0.36278520964310496  0.37054292698316238  0.37784417404224152  0.38734863918865781
  0.40047361974264672  0.41507186942662894  0.43386615144629143  0.45133447958705991
  0.46671735045894780  0.48032877980783428  0.49185160160233388  0.50169433019079601
  0.51007693933348253  0.51698437356390692  0.52300285586491380  0.52818332477245100
  0.53263069087916359  0.53751017604459772  0.54229351008586357  0.54784484819579982
  0.55625605372888220  0.56419698201205504  0.57037208759005908  0.57517408093892164
  0.57865401597340238  0.58164708783134966  0.58424143295694719  0.58659164279421272
  0.58997325746422591  0.59349678057534305  0.59618781613822791  0.59899844400777802
  0.60149505084277144  0.60441217128764513  0.60679283720744515  0.60976347957413579
  0.61352209018274662  0.61727610129487664  0.62158935463155529  0.62461509666718673
  0.62637593099203537  0.62807367667777225  0.63014847790732775  0.63276906347992146
  0.63467115928960005  0.63641973670566598  0.63816824432887909  0.63998059991514589
  0.64205006353828309  0.64470408245882260  0.64726280478298537  0.64967910817175967
  0.65323381008121140  0.65755791773053662  0.66232847930178473  0.66737669010978695
  0.67399248035954873  0.68129656068673117  0.68979352123694238  0.69804639007732361
  0.70544857115438198  0.71257372147602716  0.71842428550009851  0.72290692499443687
  0.72540073838106955  0.72779080155212506  0.73025381540476852  0.73523247381618162
  0.74127079903301718  0.74691028057517961  0.75320185474590995  0.75912935418192062
  0.76747832378751590  0.77918396074343121  0.79241589678582647  0.80335437248093311
  0.81031617000388423  0.81620127970232570  0.82154924101749682  0.83007681773410014
  0.84227560083316144  0.86757667338602040  0.91267553714461247  1.00000000000000000
   4.9960273992829163E-017  -1.0000000000000000     
 T F F F F F F F F F F F F F F F F F F F T F F F T F F F F F F F F F F F T F F F T F F F F F F F F F F F F F F F F F F F T F F F F F F F F F F F F F F F F F F F F F F F F F F F F F F F F F F F F F F F F F F F F F F F F F F F F F F F F F F F F F F F F F F F F F F F F F F F F F F F F F F F F F F F F F F F F F F F F F F F F F F F F F F F F F F F F F F F F F F F F F F F F F F F F F F F T F F F F F F F F F F F F F F F F F F F T F F F T F F F F F F F F F F F T F F F T F F F F F F F F F F F F F F F F F F F T F F F T F F F F F F F F F F F F F F F F F F F T F F F T F F F F F F F F F F F T F F F T F F F F F F F F F F F F F F F F F F F T F F F F F F F F F F F F F F F F F F F F F F F F F F F F F F F F F F F F F F F F F F F F F F F F F F F F F F F F F F F F F F F F F F F F F F F F F F F F F F F F F F F F F F F F F F F F F F F F F F F F F F F F F F F F F F F F F F F F F F F F F F F F F F F F F F F T F F F F F F F F F F F F F F F F F F F T F F F T F F F F F F F F F F F T F F F T F F F F F F F F F F F F F F F F F F F T F F F
  <DiscreteSampler_grid>
  grouped_processes
  1 # 1 for a reference and 2 for a running grid.
  10 # Attribute 'min_bin_probing_points' of the grid.
  1 # Attribute 'grid_mode' of the grid. 1=='default',2=='initialization'
  0.0000000000000000 # Attribute 'small_contrib_threshold' of the grid.
  0.5000000000000000 # Attribute 'damping_power' of the grid.
 # binID   n_entries weight   weight_sqr   abs_weight
    16   10   1.091957458927705E-014   3.082051978307679E-028   1.091957458927705E-014
    17   10   1.091957458927729E-014   3.082051978307812E-028   1.091957458927729E-014
    19   10   1.313132280261511E-014   3.620250547059897E-028   1.313132280261511E-014
    20   10   1.313132280261529E-014   3.620250547059961E-028   1.313132280261529E-014
    22   10   1.343005919431897E-014   3.902666571149725E-028   1.343005919431897E-014
    23   10   1.343005919431916E-014   3.902666571149805E-028   1.343005919431916E-014
    28   10   8.061009934158525E-014   5.225411947120002E-026   8.061009934158525E-014
    29   10   8.061009934158331E-014   5.225411947119733E-026   8.061009934158331E-014
    31   10   2.351844336549254E-013   4.804980865268429E-025   2.351844336549254E-013
    32   10   2.351844336549202E-013   4.804980865268210E-025   2.351844336549202E-013
    34   10   2.354447106082372E-013   4.800693542511406E-025   2.354447106082372E-013
    35   10   2.354447106082320E-013   4.800693542511186E-025   2.354447106082320E-013
    40   10   1.091957458927705E-014   3.082051978307674E-028   1.091957458927705E-014
    41   10   1.091957458927729E-014   3.082051978307812E-028   1.091957458927729E-014
    43   10   1.313132280261511E-014   3.620250547059895E-028   1.313132280261511E-014
    44   10   1.313132280261528E-014   3.620250547059956E-028   1.313132280261528E-014
    46   10   1.343005919431897E-014   3.902666571149721E-028   1.343005919431897E-014
    47   10   1.343005919431916E-014   3.902666571149803E-028   1.343005919431916E-014
    52   10   8.061009934158530E-014   5.225411947120009E-026   8.061009934158530E-014
    53   10   8.061009934158331E-014   5.225411947119733E-026   8.061009934158331E-014
    55   10   2.351844336549253E-013   4.804980865268426E-025   2.351844336549253E-013
    56   10   2.351844336549201E-013   4.804980865268201E-025   2.351844336549201E-013
    58   10   2.354447106082372E-013   4.800693542511406E-025   2.354447106082372E-013
    59   10   2.354447106082319E-013   4.800693542511180E-025   2.354447106082319E-013
    64   10   1.091957458927705E-014   3.082051978307678E-028   1.091957458927705E-014
    65   10   1.091957458927729E-014   3.082051978307808E-028   1.091957458927729E-014
    67   10   1.313132280261511E-014   3.620250547059900E-028   1.313132280261511E-014
    68   10   1.313132280261529E-014   3.620250547059959E-028   1.313132280261529E-014
    70   10   1.343005919431897E-014   3.902666571149726E-028   1.343005919431897E-014
    71   10   1.343005919431915E-014   3.902666571149803E-028   1.343005919431915E-014
    76   10   1.091957458927705E-014   3.082051978307679E-028   1.091957458927705E-014
    77   10   1.091957458927729E-014   3.082051978307811E-028   1.091957458927729E-014
    79   10   1.313132280261511E-014   3.620250547059898E-028   1.313132280261511E-014
    80   10   1.313132280261529E-014   3.620250547059960E-028   1.313132280261529E-014
    82   10   1.343005919431897E-014   3.902666571149725E-028   1.343005919431897E-014
    83   10   1.343005919431915E-014   3.902666571149800E-028   1.343005919431915E-014
    88   10   8.061009934158534E-014   5.225411947120017E-026   8.061009934158534E-014
    89   10   8.061009934158330E-014   5.225411947119733E-026   8.061009934158330E-014
    91   10   2.351844336549251E-013   4.804980865268419E-025   2.351844336549251E-013
    92   10   2.351844336549201E-013   4.804980865268201E-025   2.351844336549201E-013
    94   10   2.354447106082370E-013   4.800693542511399E-025   2.354447106082370E-013
    95   10   2.354447106082318E-013   4.800693542511177E-025   2.354447106082318E-013
    100   10   8.061009934158540E-014   5.225411947120025E-026   8.061009934158540E-014
    101   10   8.061009934158335E-014   5.225411947119737E-026   8.061009934158335E-014
    103   10   2.351844336549252E-013   4.804980865268420E-025   2.351844336549252E-013
    104   10   2.351844336549199E-013   4.804980865268198E-025   2.351844336549199E-013
    106   10   2.354447106082371E-013   4.800693542511403E-025   2.354447106082371E-013
    107   10   2.354447106082318E-013   4.800693542511176E-025   2.354447106082318E-013
  </DiscreteSampler_grid>
