  0.02302323097087922  0.03860219033882242  0.04327665034856975  0.04900215231098538
  0.06032150295341598  0.06903795544055487  0.07321075826135469  0.07799226926154348
  0.08438218861787966  0.09258035010921040  0.09919209569362605  0.10423705780114344
  0.10998622546153246  0.11775179183438743  0.12519420159263789  0.15096071259673061
  0.17921210365229182  0.20399058142270379  0.22099716725892243  0.23146867781109309
  0.24058543796131970  0.24984945637453684  0.25906956390345048  0.26649587084960347
  0.27448573399184351  0.28621901346934342  0.30389724562705794  0.31860045622699074
  0.32975647748193460  0.34084561909884620  0.34916524901177015  0.36177565712497689
  0.37270403289679244  0.38206637643490621  0.39312001183436379  0.40156269073122219
  0.41003557096773946  0.41788278991865879  0.42832276576655687  0.44208809200428412
  0.45591191619083876  0.47244605299691628  0.48752558335682195  0.49738267707002554
  0.50854504730475003  0.52413338492477490  0.53707705895380564  0.54679605818843091
  0.55770055868661006  0.56967693290784238  0.58149210728979994  0.59325800272759566
  0.60344816512977384  0.61298612734136559  0.62065356617973166  0.62864952151722442
  0.63569161157441767  0.64212571543695607  0.65003946544567648  0.66173681049766209
  0.67349749559880268  0.68354275121992547  0.69152148240434541  0.69974334225876256
  0.70811160976327581  0.71687688290109741  0.72328016132802919  0.72729146504828246
  0.73350089909208871  0.74774702519006775  0.77018058423939117  0.78398474265555473
  0.79436602637082576  0.80483490452179152  0.81164116777656869  0.81843544785485556
  0.82738945129843822  0.84216633239742877  0.85828923473284635  0.87644647162500156
  0.89456286433669097  0.91231027146043808  0.92257303678312497  0.92705621666040461
  0.92838710304263472  0.92971798942486472  0.93105108706427042  0.93239051276154716
  0.93372993845882379  0.93507151274734090  0.93643735297104824  0.93780319319475569
  0.93916903341846303  0.94614148762094219  0.97443049247601676  1.00000000000000000
  0.00003184412015937  0.00007633843199701  0.00008277408817230  0.00008685671729964
  0.00009101654257962  0.00009536587977058  0.00009872259785553  0.00010228685996444
  0.00010608474322002  0.00011172969451365  0.00011763214943818  0.00013050013679660
  0.00015422005890067  0.00018531524355225  0.00021023279234675  0.00023132501044971
  0.00024597662706472  0.00025984460912470  0.00027097760454257  0.00028177973368725
  0.00028595287534492  0.00028761486296170  0.00028940269801158  0.00029101963140868
  0.00029237310092131  0.00029490898010836  0.00030031916836396  0.00030495448199694
  0.00030847968360736  0.00031247760053082  0.00031795028425441  0.00032192612082656
  0.00032518992676861  0.00032956300368963  0.00033392750514304  0.00034100879802212
  0.00035243289376871  0.00036368531868047  0.00037207663628418  0.00037937572555231
  0.00038366199997759  0.00038793052157737  0.00039449456472205  0.00040136344749497
  0.00040898440030154  0.00041626756102699  0.00042317003077079  0.00042534791368142
  0.00042683252103940  0.00042831712839738  0.00043004544704125  0.00043199873507878
  0.00043395202311630  0.00043597050213640  0.00043919071910960  0.00044241093608281
  0.00044563115305601  0.00045473393162151  0.00047640813258771  0.00051443884111983
  0.00053297664966860  0.00055090045530219  0.00056995319534288  0.00058660542114434
  0.00060777234992251  0.00063157074661884  0.00065662823979889  0.00066626582133407
  0.00067573302703370  0.00068465530484520  0.00069515608548045  0.00070834011640856
  0.00074685332709304  0.00082394428108939  0.00087740819964532  0.00092412470834712
  0.00097744495667526  0.00102351487017665  0.00106311776984717  0.00111089449463530
  0.00115914040898734  0.00120769459238569  0.00126172341135922  0.00132050503728169
  0.00138458346756439  0.00143601787234481  0.00147961720281903  0.00151747155631563
  0.00176210939255940  0.00193478908276046  0.00205842738567183  0.00223900907607625
  0.00250071445529630  0.00335353171346544  0.04660271594945452  1.00000000000000000
 -0.00000094663087976  0.00000547444605801  0.00000692448150289  0.00000923695741871
  0.00001225377118042  0.00001462439402080  0.00001575036829300  0.00001659781933054
  0.00001720628532252  0.00001771763071069  0.00001816637363420  0.00001894235672282
  0.00001987836671059  0.00002062911438208  0.00002129333796525  0.00002179328227045
  0.00002229322657565  0.00002275006445850  0.00002316540886855  0.00002358075327860
  0.00002398090208880  0.00002437961100032  0.00002516590506497  0.00002588338990290
  0.00002613905172184  0.00002628452026408  0.00002646378402978  0.00002664867006419
  0.00002687437187168  0.00002711618618388  0.00002749408937370  0.00002788438146351
  0.00002824566103200  0.00002876037195019  0.00002924445695838  0.00002990426643158
  0.00003060869741191  0.00003118521844679  0.00003178124188299  0.00003214952417501
  0.00003229960686880  0.00003243196099177  0.00003256764839446  0.00003272974527942
  0.00003288153263038  0.00003300405908702  0.00003310715631467  0.00003320251190075
  0.00003331359931139  0.00003342735374161  0.00003350402460656  0.00003357283286447
  0.00003364060621029  0.00003370250007150  0.00003378180915171  0.00003394991154059
  0.00003421681644980  0.00003452995898900  0.00003472574450727  0.00003490465834054
  0.00003508357217380  0.00003527235266990  0.00003550681414577  0.00003574127562164
  0.00003597573709751  0.00003707562241219  0.00003913656546671  0.00004119750852123
  0.00004325845157575  0.00005728697502871  0.00006192090954415  0.00006385937851783
  0.00006506858348059  0.00006626073338090  0.00006746147809104  0.00006877616981833
  0.00007045036460210  0.00007214147584969  0.00007385625168722  0.00007586674429433
  0.00007880757037863  0.00008329395860390  0.00008707989185059  0.00009180909005925
  0.00009638553277554  0.00010030061713218  0.00010784349112524  0.00011789974920892
  0.00012873896768302  0.00014256772148725  0.00017624380904864  0.00021357401625136
  0.00025260622865382  0.00029800045009074  0.00052337295097486  1.00000000000000000
  0.00002389614060832  0.00044585599070854  0.00052772055625484  0.00060211179557193
  0.00067094997966515  0.00069099665350144  0.00071058453053408  0.00073217258523543
  0.00076991554883579  0.00080226151242256  0.00083298168072905  0.00086125388043695
  0.00090787618455463  0.00094882317360319  0.00097910842058284  0.00099795357551642
  0.00100862476821658  0.00102018298311421  0.00103008203594466  0.00103738085844530
  0.00104758255957525  0.00109691235074386  0.00115913889211232  0.00118931152693396
  0.00123255052996876  0.00125280246432920  0.00125427930689624  0.00125576748225495
  0.00125725847718938  0.00126086893198401  0.00126460986910650  0.00126894539335626
  0.00127888695061065  0.00129651520044573  0.00131540781983351  0.00133185676564727
  0.00135326609835199  0.00138643865374657  0.00141498868858373  0.00143287123927364
  0.00144872283429457  0.00146744865007360  0.00154330595250352  0.00162500598508511
  0.00170050725220457  0.00174916604085755  0.00176439522228697  0.00177598154299108
  0.00178756786369519  0.00179939741316711  0.00181148972316339  0.00182358203315966
  0.00183600188255105  0.00185399283911433  0.00187198379567762  0.00188997475224090
  0.00194706587217155  0.00200053437819777  0.00204046421012730  0.00206842585009262
  0.00208560768252661  0.00209933964494402  0.00211145761648745  0.00212408973516249
  0.00213730041725016  0.00215191732148432  0.00217096458451020  0.00219945714409262
  0.00224341290986622  0.00229027288667311  0.00233468429765265  0.00238168553773564
  0.00242375689688389  0.00243396967944389  0.00244344548329469  0.00245113268414566
  0.00245879728446922  0.00246643856800231  0.00247941983658294  0.00250643787092756
  0.00263103643041460  0.00328171056874143  0.00358136024954070  0.00362087961063100
  0.00368389377967019  0.00373252647100847  0.00380460265603655  0.00389150455167371
  0.00398124716202688  0.00410094265429107  0.00428500934208647  0.00450221411588241
  0.00478197112686784  0.00532948336048549  0.00612461581904135  1.00000000000000000
  0.00001318226545556  0.00170572211726295  0.00197398526496253  0.00206407445627063
  0.00219318911817935  0.00233417546793437  0.00238048378842916  0.00241917654185287
  0.00246928243081116  0.00330673907948230  0.00353082628789921  0.00354757144783531
  0.00356253150257333  0.00357744244388005  0.00359243256022734  0.00361209189162821
  0.00363835544509294  0.00366141821826293  0.00367383672625929  0.00368451324010801
  0.00369517397538211  0.00370615781282925  0.00373182252537767  0.00377496097331200
  0.00380995834738365  0.00384493264784689  0.00389181567314993  0.00394145023327298
  0.00399823182787236  0.00406728476899744  0.00415250891089831  0.00418186913881081
  0.00420727637539769  0.00422878743277369  0.00424962663333527  0.00426526731400728
  0.00429889849530427  0.00433441543539898  0.00437606687850220  0.00441457027777379
  0.00443628675539813  0.00448314697725243  0.00452848284215968  0.00456872702360452
  0.00462560604741197  0.00469075539957654  0.00475200272137838  0.00477696707527930
  0.00479835276955223  0.00482455870213389  0.00485706346201570  0.00493261938714984
  0.00499596081201610  0.00505050904831563  0.00511261739859511  0.00517808520581020
  0.00520290755072845  0.00521551009250069  0.00522811263427293  0.00524071517604517
  0.00525069915624514  0.00525993890797411  0.00526917865970308  0.00527809572695414
  0.00528604897523150  0.00529400222350886  0.00530195547178622  0.00532685517123336
  0.00539240448560746  0.00558751137096454  0.00578888118156539  0.00589145261341233
  0.00600517681047873  0.00616026253860899  0.00642977790009163  0.00688972528505503
  0.00763599470909247  0.00838118913027241  0.00952079495779493  0.01029104183259421
  0.01061435742076218  0.01100219583393311  0.01134936850987034  0.01170822838083014
  0.01213533237058071  0.01268838498731404  0.01336925585235960  0.01454763394268653
  0.01574942610813105  0.01698353537200377  0.01754314156344586  0.01814576932311856
  0.01869398895339557  0.02057004091697093  0.02269868942545553  1.00000000000000000
 -0.00021747386790147  0.00135437931930113  0.00733873790769443  0.01316169818202393
  0.02288535531579643  0.02892619526610660  0.03969739010035054  0.04558130420494670
  0.05135080828009439  0.05857840201976110  0.06548573215227069  0.06918722852918048
  0.07369767920240239  0.08850226567540402  0.11298898681283655  0.13349785982184403
  0.15305215896174851  0.16850818447515378  0.18395748499011697  0.19995055486135371
  0.21608121075264780  0.23462590271214787  0.25978519468610689  0.28462077294083266
  0.30609669422500629  0.32707538121828650  0.34306485799673114  0.35442412763873704
  0.35988036458618750  0.36504440841574126  0.37126156292682477  0.37793853060815080
  0.38494312166415368  0.39147436691300092  0.40684161817956432  0.42288778466848664
  0.43584737191603229  0.44305482881051172  0.44952329625094789  0.45488904594432594
  0.46004092197349788  0.46488282265340664  0.47550942506624294  0.48957361163342233
  0.49772958232237918  0.50590177312124185  0.51687518287406242  0.53387117179702326
  0.55442930481361719  0.57210542903099804  0.58611627836090974  0.59340221663982762
  0.59862645267851644  0.60397320957847000  0.61091505132923873  0.62046426129277921
  0.62813549462386364  0.63531105084590167  0.64279121743682865  0.65074956192070321
  0.65959285838942627  0.68613266002451268  0.70611928810954983  0.71707820569031133
  0.72650855802440950  0.73669226077388361  0.74845457219047462  0.76018505970340622
  0.77299770618739461  0.78715721204288214  0.80172869566013549  0.81626857487313886
  0.82708130505433386  0.83220229687822656  0.83732328870211925  0.84244428052601195
  0.84717601160374767  0.85189846623472865  0.85662092086570962  0.86068509425590611
  0.86404930350001907  0.86741351274413192  0.87095537425907199  0.88411009346992586
  0.89816729235174009  0.90730546447600435  0.91488137282135229  0.92627969190408987
  0.93741267682916662  0.94801964597246124  0.96424933001728252  0.97750577591642507
  0.98691955751966598  0.99221699286368281  0.99641739811968688  1.00000000000000000
 -0.00771420014873858  0.02184481988100695  0.04641271040917699  0.06884557081354006
  0.09468250653947295  0.11495047507663872  0.13153862227154517  0.14825949692144291
  0.16356459477918386  0.17648484630748773  0.19000024789188788  0.19738809652157754
  0.20387797672074542  0.21603418086609208  0.22315128065793849  0.22863876881839193
  0.23554822781405294  0.23781935819941910  0.24009048858478524  0.24267648915326781
  0.25024340230827929  0.25781031546329081  0.26537722861830232  0.27410149495285685
  0.28324433696236184  0.29238717897186683  0.30178896235929420  0.31519103505283136
  0.33040804864043677  0.34022790610941139  0.34743770752858305  0.35810113691254003
  0.38338841191401463  0.40862853599646759  0.42504697738192238  0.43686985635174963
  0.45158863622519152  0.46426371393028876  0.46844041011342086  0.47611706111488095
  0.48943184410385560  0.50028561792361115  0.50969631881503119  0.51803289803976704
  0.52663357206302008  0.53608714277751046  0.57134016083056360  0.61903665766251847
  0.63946277988891675  0.65891500609433928  0.67813915073122810  0.70986212070693266
  0.73636535960236738  0.75559302406577544  0.76951640251399445  0.78210505424949417
  0.79383728546027554  0.80937821764257378  0.82126130672499653  0.82468294400106978
  0.82690038138601751  0.82907384597274569  0.83103988077962598  0.83291063937630938
  0.83416215274126593  0.83606850202254668  0.83970714671350721  0.84379083593009085
  0.85228109406759456  0.85590894597299871  0.85773172304422940  0.85942262294738503
  0.86284552028291905  0.86957578287241366  0.88230989462948650  0.88997458093134085
  0.89210288180903830  0.89410183581434033  0.89588507256348549  0.89745048129908722
  0.89905108412634338  0.90282746921434398  0.90651576414714929  0.90960073966010369
  0.91665776081265538  0.92494573262983570  0.93501632333605411  0.94559410379114761
  0.95209622538718131  0.95879263474978549  0.96516952153359270  0.97210013458029410
  0.97947412327152561  0.98548322597983595  0.99112905013192221  1.00000000000000000
 -0.00111558386561159  0.00264407104827320  0.00716054111889180  0.01635568233926333
  0.02656258584184473  0.03970345762916349  0.05419034853010900  0.07106652470726720
  0.07720011665006779  0.08316108862074180  0.08912206059141579  0.09493917753169664
  0.10059860116809177  0.10625802480448689  0.11191744844088200  0.11710528334563665
  0.12227719305223103  0.12744910275882543  0.13605651713418096  0.14601272419143299
  0.15135893235232303  0.15574299834774999  0.16016817500052277  0.17257772220004344
  0.19382783253000876  0.21992282211276670  0.22363894585587349  0.22684273116745474
  0.23229603389542344  0.23723685577549183  0.24307685051065464  0.25102364868371912
  0.25804523738557777  0.26670671674020135  0.27205405789078235  0.27821626203374228
  0.28371833123442219  0.29274998201572433  0.30062537155928676  0.30668121893854833
  0.31055754033914712  0.31611948524588929  0.32169198321442599  0.32635398610279365
  0.33232466524005772  0.33983641314498125  0.34817701126319028  0.36445994082625049
  0.39026694302282444  0.41666317099775713  0.43947212032572458  0.45928033216874065
  0.47245241965972740  0.48408717789524364  0.49726675485234523  0.51045612569354260
  0.52282219356463910  0.53253907468496475  0.53749150998742656  0.54447602937458284
  0.55386302005967669  0.56504636086908244  0.57630521802978385  0.60007306697509666
  0.61652750790198463  0.62792588906892577  0.63948738376833481  0.65320169682527829
  0.66760079275176798  0.67782662220007972  0.68254370333325876  0.68683808226679155
  0.69377114073352564  0.70340909061488965  0.71019164853925976  0.72135833037427866
  0.73429802394321830  0.74805959007187406  0.76434023135227225  0.78164190176797532
  0.79847828688099931  0.81154557796322901  0.82921605316703428  0.85085557775291343
  0.87474808656839709  0.89003378651637799  0.90069364384122952  0.90706222036161654
  0.91418694376367970  0.92554891010889717  0.93387604276848413  0.94016194448822032
  0.95446665314796708  0.97032746271334336  0.98516373135667146  1.00000000000000000
 -0.00345775442983886  0.00477413074639707  0.01221570022146083  0.01918820475660168
  0.02590803294171217  0.03232446688110707  0.03937820753383767  0.05052655692921519
  0.06222618546809044  0.06945505462463404  0.07449271978584096  0.07858658652961159
  0.08450789621850305  0.09254346102218879  0.09539916125917088  0.09867427042794140
  0.10135121575891726  0.10317683092509285  0.10498115826429125  0.10617303581849084
  0.10864443658938851  0.11754090696690442  0.12377037429594064  0.13072985838388804
  0.13530297689161375  0.13865041617865859  0.14117705772157815  0.14428250703337719
  0.14814635419943847  0.15231358201531953  0.15661453404520009  0.16141336913627649
  0.16667697422884509  0.17015276368287510  0.17236932496929333  0.17430978872631400
  0.17622809243509591  0.17812801493700459  0.18087423461279001  0.18422956899251655
  0.19024493527539443  0.19741222945987738  0.20510260651574291  0.22366793101826887
  0.25550586690681054  0.26970486848013514  0.27707027641958942  0.28400825037965022
  0.29243893899163681  0.30581482188133019  0.31631924722767429  0.32327960126066752
  0.33023995529366074  0.33818604577362960  0.34843495646703387  0.35868386716043810
  0.36893277785384238  0.37758312247552595  0.38597967879912964  0.39437623512273334
  0.40406500712648508  0.41603375251889629  0.42802808529427344  0.43726737778596525
  0.44979330143548535  0.46517134008558580  0.48191523257928337  0.49848755550787305
  0.51433019722677920  0.53584067169233041  0.56154848263950630  0.58524061624025459
  0.60484395106235167  0.62058667454122618  0.63438367838217580  0.64476029948939584
  0.65587772813876666  0.66923422811754085  0.68181343936232108  0.69289200009669738
  0.70535654925719216  0.71774996980365136  0.72841893936091384  0.74022034386209712
  0.75341598965468382  0.76472319081949391  0.77459060717763395  0.78610846856433847
  0.83049478357763917  0.87330845169936788  0.89947955401768798  0.91837495954233317
  0.93332201363180256  0.95089192950875678  0.97544596475437817  1.00000000000000000
 -0.00579725543795896  0.01476842530771524  0.02966957843457915  0.03997777223791411
  0.05042213571244209  0.06766919625562849  0.10070739663001424  0.12362688215667238
  0.13290168245902681  0.14384211883048625  0.15496962383190005  0.16151572879043349
  0.16389466385594448  0.16627359892145549  0.16865253398696647  0.17136826888244322
  0.17426303471968388  0.17715780055692451  0.18005256639416517  0.18384946405675529
  0.18775302928154863  0.19165659450634198  0.19879274018734039  0.22607577269972012
  0.25241973216293995  0.26023028307868618  0.26376638756750104  0.26913822484263950
  0.28266476238092636  0.29388596466394379  0.30283991793993398  0.31134035248293862
  0.32069162631543369  0.33154576265101204  0.34365791627886555  0.35620682774148649
  0.37548930506007960  0.39042546640860010  0.40034150266914503  0.41129856833429679
  0.42539389754948043  0.44420103014320128  0.46211969234016786  0.46931258341360427
  0.47625839143338894  0.48356006026464310  0.49454906711045638  0.51093744236993610
  0.52011035506544956  0.52751111527958072  0.53943498335054318  0.55058293385302637
  0.55618512188120361  0.55790817644551560  0.56048602061134789  0.56333648631294453
  0.56627992230232838  0.56929955557832179  0.57458129234585442  0.58419188243719711
  0.59233494415741206  0.60035820905337067  0.60725393129026428  0.61300531667871405
  0.61822677169961149  0.62219998678774646  0.62554352482742059  0.62931584452460376
  0.63351110658323717  0.63918403349828679  0.64603317280370598  0.66561490214429786
  0.69643529833441309  0.71881390032944936  0.73473765175838890  0.74976920341873265
  0.76254871156237647  0.78490423687076083  0.80862632581970439  0.81960709310244850
  0.82644943651913350  0.83304906800766276  0.84022932514708770  0.84783174359098123
  0.85893476470653296  0.86955798250227401  0.87977172466923803  0.90458446492036226
  0.92289651721175237  0.93789523318146872  0.94463387803882293  0.95136272262621346
  0.95808319098737038  0.96685956917623528  0.98042622152212633  1.00000000000000000
 -0.00328124290615386  0.00511731594206461  0.01332047209648407  0.02202277379293799
  0.03017983254451202  0.03655605997127381  0.04258314503408320  0.04819471817364560
  0.05415365949936487  0.06026284990646923  0.07180647346854338  0.09054711623740974
  0.11037179082062237  0.12524933565622764  0.13962548830905050  0.15300051248507954
  0.16442565095801248  0.17988192532874464  0.18693531577533251  0.19549951970631993
  0.20583053724954820  0.21800722269495179  0.23194190561053052  0.24682488924948245
  0.26494141843939245  0.27866951070047308  0.28566147577412004  0.29189974989418543
  0.29723755874372088  0.30155413056910935  0.31112857139919592  0.32110719314403002
  0.32609720453235386  0.33099601381820498  0.33408483046463078  0.33700452326194819
  0.34347428250238560  0.35061162592869116  0.35994264268953946  0.37161596104417977
  0.38068656343423318  0.38862712549691453  0.39669222808103610  0.40678313341376660
  0.42143159200205960  0.43502541917006421  0.44643388677031254  0.45323867483093894
  0.46114797072099850  0.46876194598710580  0.47256220016949024  0.47719988798852941
  0.48037085916831262  0.48412924806737512  0.48940669355444572  0.49423794879734079
  0.50069528123795592  0.50507408090327222  0.51230342598425549  0.52106591655133838
  0.53402455600151721  0.54846144390153462  0.56293363169264776  0.57463732858189442
  0.58795843246598045  0.60296788522057132  0.62047477460618017  0.63375024621454090
  0.64139458903842428  0.64831482626784642  0.65518354709607107  0.66372146774146179
  0.67356045502467821  0.68279106103388032  0.69118711889469064  0.70326178924728622
  0.71205763592139937  0.71945738337566412  0.72563105229733660  0.73019804865898807
  0.73855759607747418  0.74402355693765820  0.74848517907734669  0.75294680121703517
  0.75853255352534121  0.76572107589524285  0.77290959826514449  0.78009812063504613
  0.79102936808307400  0.80246818681455356  0.81390700554603301  0.83683366439493989
  0.87977607994583273  0.91752454893258284  0.94768025453637039  1.00000000000000000
 -0.00261400933946581  0.00141150835868332  0.00543702605683245  0.01166953897566569
  0.01858101310389596  0.02447752887647442  0.03024868237411955  0.04120117324202294
  0.04927101320432883  0.05885342535871423  0.07716678784481937  0.08491231024243731
  0.09095795876297560  0.09778103271451943  0.10482347763444273  0.11248085993699557
  0.12213260778215661  0.13349368880825063  0.14443981584676713  0.16328186269968328
  0.18795252215652455  0.21388637149893733  0.24896727361410145  0.26579080398611565
  0.28207761648670326  0.29765882124270615  0.31445190489356339  0.32721568593548728
  0.33738551031244035  0.34292360397525945  0.35316667858466966  0.36717077141047211
  0.38305228008151437  0.39834034031411536  0.41063830016458758  0.41833813097250555
  0.42440455752372169  0.42961591193850612  0.43637556384877640  0.44876986731797502
  0.45946249582759136  0.46900166829884288  0.47998663231574129  0.49316766258749184
  0.51091258167806464  0.53054450472353964  0.56895054584339766  0.61444245924546514
  0.65649689311322346  0.68522933975585232  0.69484362851653014  0.70120972145707894
  0.70909354761873411  0.71546749311709557  0.72627214335137469  0.73477074727164737
  0.74373592882739015  0.75010803465602072  0.75686393689469500  0.76179839656865478
  0.76524319737846558  0.76816355410858728  0.77360784399959659  0.78272439183921383
  0.79167816815835912  0.79491265788394061  0.79697370419884184  0.79847688165367914
  0.80095585632199573  0.80350574256624141  0.80691290078309108  0.80918941164297220
  0.81142001197141045  0.81281046153460390  0.81554163495686638  0.81963090988673204
  0.82378659991777170  0.82580111078037199  0.82797432226558176  0.83101168228960764
  0.84590544818395597  0.85272437730942163  0.85954330643488719  0.86636223556035286
  0.87175460799819970  0.87713607368620972  0.88251753937421984  0.88609785160770682
  0.88927225350149441  0.89244665539528201  0.90010766127991704  0.91133233948322245
  0.92410216050918803  0.94257405854283682  0.96811474260892028  1.00000000000000000
 -0.00574523538529254  0.02472885272080233  0.04087298553587272  0.05081848091892333
  0.06002695449058512  0.06824124870454001  0.07652261046747980  0.08465793132135915
  0.09290452547543043  0.10090459370782413  0.12001853358687296  0.14481337298237684
  0.17480152533884832  0.17941477465969757  0.18335224312188003  0.18772382915454930
  0.19245426636560117  0.19710228786580866  0.20078604952809564  0.20622217591881964
  0.21318497540319550  0.21805225610142095  0.22075164045937851  0.22219135241133339
  0.22727109615139673  0.23335965254514229  0.24076849464055142  0.25326712773896359
  0.26253719922654412  0.27006575505651320  0.27848873232777660  0.29134097832823386
  0.31567947869345075  0.33552037522205630  0.35044417013428497  0.36113146534975549
  0.37131791552319310  0.37948653877184380  0.38393245732396730  0.39044505983726741
  0.39740312475563216  0.40557416674908342  0.41790396679104391  0.43130677620713376
  0.44746877391091316  0.46865969600162954  0.48793377994768300  0.50445548084526226
  0.51935299327120388  0.53338308002515078  0.55256163190003416  0.57136941022651455
  0.58842732553519017  0.60410957367594176  0.62067452955440638  0.64193777305013411
  0.65769206492757004  0.67474234618917306  0.69176186633596315  0.70113309895317788
  0.71212477075515279  0.72633320771524046  0.73829425216302236  0.74582873700384689
  0.75843814441954327  0.77839236942365031  0.79469956967934641  0.79800308739905013
  0.80130660511875385  0.80461012283845745  0.80790796654727171  0.81120454542752474
  0.81450112430777777  0.81776614281303905  0.82100226023672507  0.82423837766041108
  0.82761358339734581  0.83581727074177481  0.84624504691957370  0.85729436908388756
  0.86426202482495362  0.87024957996511054  0.87539971229127755  0.88048250930858007
  0.88773570708290717  0.89823620717712183  0.91730190385009713  0.92942517688510529
  0.93802649612352484  0.94398643166415686  0.94843401852305143  0.95356400007759867
  0.95871954031305362  0.96518014699954302  0.97827075042345180  1.00000000000000000
 -0.01784954505026852  0.04170876035398264  0.08128377523265737  0.09049257409206915
  0.10255933606820986  0.11698298705933953  0.12154875687119049  0.12530096238026892
  0.12879713569350648  0.13282306157171594  0.13858088957315262  0.14595316891506532
  0.15575731625054240  0.16460609318104727  0.17351753419931035  0.19883493446693162
  0.24365056212896799  0.28894524188506449  0.30392913824316325  0.31870588380851234
  0.32646047004233408  0.32979906107801005  0.33313765211368607  0.33652276876243570
  0.33999297528540656  0.34346318180837748  0.34702018836921628  0.35130396945568793
  0.35558775054215958  0.35987153162863128  0.36868047965837414  0.37448947717204129
  0.38198093201814493  0.39124328235540168  0.40178352215819269  0.41654214877249002
  0.42436782432621900  0.43079043399972644  0.44043768229999630  0.45273816890551277
  0.45779578725410780  0.46336546744889823  0.46756717999940645  0.46963263572228414
  0.47083824227625282  0.47176453400924134  0.47271534701766632  0.47388588390395081
  0.47976847399432948  0.48472196757282665  0.48788188136276472  0.49035727005396434
  0.49584969032770254  0.50583888819915312  0.51676718277904954  0.52389628566583457
  0.52980477668797143  0.53441465788547693  0.54070394975040581  0.55273050591714346
  0.56479853141293990  0.57521319775529456  0.58658774134681646  0.59759425292710033
  0.60709047633063906  0.61312306202227040  0.61979495665406115  0.62559837754728720
  0.63030742449911115  0.63500309295181723  0.64151039102718188  0.65063915717501919
  0.65913934893483006  0.66721837554379260  0.67249384527954958  0.67737031045090379
  0.68415101646384402  0.69085126328674396  0.69746795899189162  0.70763917392749420
  0.71618300590307715  0.72760386805561028  0.74690467237845559  0.77274308030770289
  0.78592472228578636  0.79896532702414991  0.81420860161562869  0.83423655961119569
  0.86720327778512118  0.90509253781623777  0.93085213318370341  0.94559514967754577
  0.95629496458687135  0.96608830749723484  0.97741301160995109  1.00000000000000000
 -0.00480003163952261  0.01135310726924378  0.03089781981362578  0.04461325993798407
  0.06055622430461590  0.07857169523032023  0.09958406461671201  0.12876054720924227
  0.15888462121895769  0.18397641966873407  0.19387915453664570  0.19831197329620817
  0.20274479205577062  0.20717761081533309  0.21228407393429100  0.21761945553858611
  0.22295483714288125  0.22837379965686147  0.23447684908202004  0.24057989850717865
  0.24668294793233722  0.25751625960042057  0.27521416150144679  0.29556555411932095
  0.31392978803275851  0.32580968846100533  0.33495216622327917  0.34399448678052469
  0.35373484968872870  0.36446468841914326  0.38015027592450812  0.39586760393917725
  0.41620714408564763  0.43448170861337210  0.44842160573343121  0.46410928841759369
  0.47804831134877790  0.48783027718319216  0.50084557215404346  0.51107613313737643
  0.51823722047880538  0.52389613271968305  0.52922542076708035  0.53462267009487974
  0.54241626914543750  0.54944070358125663  0.55862321074990784  0.56761543880710430
  0.57329741821544766  0.57727092630566812  0.58118577403627081  0.58790475160159794
  0.59291732089291538  0.60144593368881583  0.61078580552945461  0.61653426743818696
  0.61998469706881576  0.62260130364235844  0.62469558483291177  0.62671358396789578
  0.63043107842172164  0.63369741626609521  0.63814947843135283  0.64765541687509209
  0.66370578027220639  0.67504732388982647  0.68998761168187339  0.70053423648790225
  0.70941490012668118  0.71394660929982778  0.71623278069582508  0.71868070920645954
  0.72637819848216512  0.74145675018202706  0.75661694050922590  0.76930687354837923
  0.77729423287555710  0.78249447315181964  0.78791125782340532  0.79272765656053523
  0.79706341674302961  0.80028623314787317  0.80451702602513897  0.80868443495369358
  0.81235671979777690  0.82838435482466388  0.84186466731442511  0.85509628366404244
  0.87245150113172798  0.88880008715528147  0.89405299038118080  0.92253908527579842
  0.94671450732190421  0.96391492529850198  0.98233141448750394  1.00000000000000000
 -0.00206686104821131  0.00494914966879758  0.01244469739168177  0.02085353226918797
  0.03141348656940589  0.04404821312120996  0.05667850927115089  0.06335683313503364
  0.06669937416695192  0.06842213467938008  0.07118953480407243  0.07663067273723233
  0.08549891041646886  0.09835299380003948  0.10866532254833791  0.11994082841927572
  0.13470577360932012  0.14955057448301309  0.16490857628870700  0.18875179301063100
  0.19730466064250124  0.20574286570181782  0.21103305058003569  0.21616380240905370
  0.21948097468647154  0.22304009527739496  0.22803735983180756  0.23782477471846597
  0.24694381385540917  0.25854254773021174  0.26977090592050262  0.27522659267995170
  0.28171072436373074  0.28888062405827031  0.29760050442817054  0.31409074143900251
  0.33252424897671112  0.34952850680731784  0.37067621226734027  0.38987479060134655
  0.39606894563961514  0.40671051665569585  0.42078753911546873  0.42199735074395461
  0.42320716237244049  0.42441697400092643  0.42643782250792311  0.42845950779731062
  0.43048119308669813  0.43750863405173684  0.44614003883506004  0.45477144361838329
  0.47152668192959624  0.49900105388779170  0.54555803227537369  0.59694941455215544
  0.61967191956064049  0.63865095026653662  0.65667802457925095  0.67441294950936903
  0.68705956274284252  0.69491916276975041  0.70031801678730610  0.71272233003131114
  0.72653138312246313  0.73554411875416514  0.74181293357303002  0.75190220703158206
  0.77248730907725593  0.78392875301041720  0.78871795275056256  0.79161174327997386
  0.79485504268177254  0.79795456415078458  0.80133821837907404  0.80560745677535939
  0.81056883514474964  0.81845511394295567  0.82374258248898136  0.82765844250341669
  0.83180187158976815  0.83536722949490361  0.83844582965500758  0.84154222589802496
  0.84377909082191171  0.84437249334249376  0.84522718325822344  0.84792579353123798
  0.85115868565108677  0.85692090673651056  0.86819693001353149  0.88376515930850053
  0.89950634115942651  0.92606239983558736  0.96196467101309091  1.00000000000000000
 -0.00762238506184959  0.00620115241010948  0.02002468988206855  0.03279932880571661
  0.04295637385624073  0.05309445632965250  0.06235476102878904  0.07161506572792560
  0.09877582963425474  0.11934607376988697  0.13792323356841404  0.15448022009345591
  0.17358525188765345  0.19372815492755344  0.21077664335243232  0.22327739517975401
  0.23462957050111782  0.24262452365697246  0.24905467804281090  0.25678537062229861
  0.26556061470976910  0.27456010782101542  0.28276542239129476  0.29061997441442650
  0.30057713634434341  0.30760316528204507  0.31477024619485999  0.32492737772981140
  0.33332623909137088  0.34059645776742703  0.35154104584852114  0.36007604588047276
  0.37079668914377384  0.38184300088282785  0.39054891393250957  0.39789893211754640
  0.40688301266631205  0.42144119206996683  0.43036005632767005  0.43511963757311589
  0.43769962220562469  0.44099481670166252  0.44945094249384060  0.45963821444524033
  0.46755960206135982  0.47149696914569861  0.47607847868752368  0.48214634846235827
  0.48844950047330665  0.49896778563013722  0.51030121514989535  0.52365651763915333
  0.52983614220755759  0.53714650956743615  0.54482713719278886  0.55182814961075100
  0.55842973528208895  0.56429736958422438  0.56661307558708340  0.56806795032763535
  0.57200600308467064  0.57686507586143099  0.58580574659445850  0.60249504265314446
  0.61957701898351070  0.62545972598261046  0.62856459424962596  0.63116815221798794
  0.63377171018634992  0.63736889888381343  0.64230270379343080  0.64723650870304816
  0.65257724341664147  0.66290226059473611  0.67322727777283076  0.68355229495092551
  0.70874863830314005  0.73641288579383590  0.75760089855225543  0.76941939384182345
  0.78393315661531093  0.80071945933378286  0.81493327910091462  0.83151178784564461
  0.84614245497007401  0.85912614599748505  0.87365657064385227  0.89306811575477552
  0.91736611957867242  0.93329278942671434  0.94767048365148876  0.95907592414548892
  0.97010512325239462  0.98583247992722911  0.99345445677700783  1.00000000000000000
 -0.02502189761262255  0.91894446281001751  0.92769127832129628  0.93259206140152218
  0.93572470073350800  0.93807101038444662  0.94078998674833758  0.94522665022340369
  0.94775250264660815  0.94797836509278555  0.94810076407620480  0.94814877481615378
  0.94825328844975487  0.94837039040494620  0.94850221078950991  0.94913646079279779
  0.95001591280704745  0.95082206602655639  0.95169993777134687  0.95235808032580516
  0.95303873888350299  0.95423965516202303  0.95588980807451451  0.95751589523518310
  0.95941666001676384  0.96083753773179681  0.96197916875423284  0.96325987370191957
  0.96466979128583774  0.96567345913694136  0.96600038061081095  0.96638718282452019
  0.96710157691759757  0.96776152664565718  0.96832548641686622  0.96886664816412837
  0.96921629927034603  0.96948878069184152  0.97011789912580415  0.97077551172030996
  0.97151355664901862  0.97270495536081236  0.97506581700240147  0.97759428908075119
  0.97904927982673151  0.97988377019789108  0.98053572228215724  0.98139728443236107
  0.98226372229384795  0.98284308996885794  0.98340263850758114  0.98395527204251843
  0.98450194703069682  0.98508608246162821  0.98550007959575237  0.98573792666648630
  0.98591814652168508  0.98608220303599781  0.98624184004196913  0.98641146585055173
  0.98659645086443426  0.98677439446863502  0.98694268697877963  0.98710948437961155
  0.98726607209452466  0.98749471236658171  0.98768741169805219  0.98789498164123601
  0.98821041586462932  0.98855449397263073  0.98896905343375496  0.98961254895899964
  0.99022694214320173  0.99067083506606923  0.99110111605975915  0.99153463096360872
  0.99197346229373728  0.99244321720484086  0.99292075796799062  0.99343992318430607
  0.99397591030974652  0.99455742025520921  0.99501950350858070  0.99531637866583444
  0.99561325382308818  0.99591012898034204  0.99623325496121184  0.99663079220093997
  0.99702832944066810  0.99742586668039612  0.99782807829143860  0.99826246263315088
  0.99869684697486316  0.99913123131657544  0.99956561565828772  1.00000000000000000
 -0.03936874491653861  0.21849458374222189  0.25574627853663762  0.28554154679925786
  0.32262762885119006  0.35448178855799339  0.37875712638634768  0.39626734728268714
  0.41072360382265594  0.42413133830814509  0.43430280804207688  0.44163670269634941
  0.44704843268549915  0.45108103797568050  0.45421343304441486  0.45728813270486507
  0.46033686709954075  0.46345631282548888  0.46745708292208393  0.47333582272471281
  0.48023683502861647  0.49235197123913782  0.50180762128973366  0.50891104970140921
  0.51155252420418040  0.51465406872823261  0.51923935134241095  0.52359257807322013
  0.52605021090054849  0.52910255482120527  0.53200632373917600  0.53504198973360129
  0.53777161308985821  0.54070845907575005  0.54393263568571049  0.54999368553483852
  0.56031640434339625  0.57067165837116485  0.57829839564684593  0.58554398624947823
  0.59360637606553723  0.60022631505966006  0.60351255996471043  0.60679880486976079
  0.61012163934255248  0.61394700435468896  0.61777236936682545  0.62159773437896182
  0.62608314072016347  0.63060884126237116  0.63513454180457896  0.64439150429897196
  0.64933875339518299  0.65231908127884586  0.65394028711463181  0.65495984387296202
  0.65551873468267186  0.65618316602154458  0.65712922093630188  0.65952870766412286
  0.66377019670915172  0.67164335358586824  0.67805294037409281  0.68435834044177024
  0.68975478623505870  0.69760776799482982  0.70693290260014552  0.71567674056656239
  0.72211446947991698  0.72764829918252583  0.73131266832106900  0.73321897661749347
  0.73442128216551505  0.73650954247342748  0.73919130881531891  0.74219171869442369
  0.74478427922500845  0.74797665997404006  0.75417017934241415  0.75838723507142991
  0.76211687712579645  0.76588619510148037  0.77032866298442937  0.77535642127000814
  0.78055328779421973  0.78693900836070596  0.78957173009008763  0.79178298433927918
  0.79425800329697804  0.79656669784387324  0.79860630800202903  0.80209362221691582
  0.80877034259921032  0.83782354827187511  0.89718803888969678  1.00000000000000000
   5.3435716933285424E-018  -1.0000000000000000     
 T F F F F F F F F F F F F F F F F F F F T F F F T F F F F F F F F F F F T F F F T F F F F F F F F F F F F F F F F F F F T F F F F F F F F F F F F F F F F F F F F F F F F F F F F F F F F F F F F F F F F F F F F F F F F F F F F F F F F F F F F F F F F F F F F F F F F F F F F F F F F F F F F F F F F F F F F F F F F F F F F F F F F F F F F F F F F F F F F F F F F F F F F F F F F F F F T F F F F F F F F F F F F F F F F F F F T F F F T F F F F F F F F F F F T F F F T F F F F F F F F F F F F F F F F F F F T F F F T F F F F F F F F F F F F F F F F F F F T F F F T F F F F F F F F F F F T F F F T F F F F F F F F F F F F F F F F F F F T F F F F F F F F F F F F F F F F F F F F F F F F F F F F F F F F F F F F F F F F F F F F F F F F F F F F F F F F F F F F F F F F F F F F F F F F F F F F F F F F F F F F F F F F F F F F F F F F F F F F F F F F F F F F F F F F F F F F F F F F F F F F F F F F F F F T F F F F F F F F F F F F F F F F F F F T F F F T F F F F F F F F F F F T F F F T F F F F F F F F F F F F F F F F F F F T F F F
  <DiscreteSampler_grid>
  grouped_processes
  1 # 1 for a reference and 2 for a running grid.
  10 # Attribute 'min_bin_probing_points' of the grid.
  1 # Attribute 'grid_mode' of the grid. 1=='default',2=='initialization'
  0.0000000000000000 # Attribute 'small_contrib_threshold' of the grid.
  0.5000000000000000 # Attribute 'damping_power' of the grid.
 # binID   n_entries weight   weight_sqr   abs_weight
    16   10   2.315531811574190E-021   1.798555951307223E-041   2.315531811574190E-021
    17   10   2.315531811574186E-021   1.798555951307218E-041   2.315531811574186E-021
    19   10   3.609454209982564E-021   4.727868926457403E-041   3.609454209982564E-021
    20   10   3.609454209982549E-021   4.727868926457374E-041   3.609454209982549E-021
    22   10   6.075392813878174E-021   1.073046810480457E-040   6.075392813878174E-021
    23   10   6.075392813878160E-021   1.073046810480452E-040   6.075392813878160E-021
    28   10   2.315531811574189E-021   1.798555951307222E-041   2.315531811574189E-021
    29   10   2.315531811574187E-021   1.798555951307219E-041   2.315531811574187E-021
    31   10   3.609454209982562E-021   4.727868926457400E-041   3.609454209982562E-021
    32   10   3.609454209982549E-021   4.727868926457374E-041   3.609454209982549E-021
    34   10   6.075392813878172E-021   1.073046810480456E-040   6.075392813878172E-021
    35   10   6.075392813878162E-021   1.073046810480453E-040   6.075392813878162E-021
    40   10   2.853458744878201E-021   3.048336112241526E-041   2.853458744878201E-021
    41   10   2.853458744878231E-021   3.048336112241585E-041   2.853458744878231E-021
    43   10   3.770050556681225E-021   5.058152072038373E-041   3.770050556681225E-021
    44   10   3.770050556681208E-021   5.058152072038333E-041   3.770050556681208E-021
    46   10   6.324300900159777E-021   1.796836665429174E-040   6.324300900159777E-021
    47   10   6.324300900159800E-021   1.796836665429202E-040   6.324300900159800E-021
    52   10   2.853458744878224E-021   3.048336112241571E-041   2.853458744878224E-021
    53   10   2.853458744878212E-021   3.048336112241551E-041   2.853458744878212E-021
    55   10   3.770050556681219E-021   5.058152072038352E-041   3.770050556681219E-021
    56   10   3.770050556681215E-021   5.058152072038357E-041   3.770050556681215E-021
    58   10   6.324300900159794E-021   1.796836665429187E-040   6.324300900159794E-021
    59   10   6.324300900159773E-021   1.796836665429178E-040   6.324300900159773E-021
    64   10   2.315531811574189E-021   1.798555951307222E-041   2.315531811574189E-021
    65   10   2.315531811574186E-021   1.798555951307217E-041   2.315531811574186E-021
    67   10   3.609454209982563E-021   4.727868926457402E-041   3.609454209982563E-021
    68   10   3.609454209982549E-021   4.727868926457379E-041   3.609454209982549E-021
    70   10   6.075392813878177E-021   1.073046810480458E-040   6.075392813878177E-021
    71   10   6.075392813878162E-021   1.073046810480453E-040   6.075392813878162E-021
    76   10   2.315531811574189E-021   1.798555951307222E-041   2.315531811574189E-021
    77   10   2.315531811574187E-021   1.798555951307219E-041   2.315531811574187E-021
    79   10   3.609454209982562E-021   4.727868926457401E-041   3.609454209982562E-021
    80   10   3.609454209982549E-021   4.727868926457378E-041   3.609454209982549E-021
    82   10   6.075392813878174E-021   1.073046810480456E-040   6.075392813878174E-021
    83   10   6.075392813878162E-021   1.073046810480453E-040   6.075392813878162E-021
    88   10   2.853458744878209E-021   3.048336112241543E-041   2.853458744878209E-021
    89   10   2.853458744878224E-021   3.048336112241572E-041   2.853458744878224E-021
    91   10   3.770050556681226E-021   5.058152072038377E-041   3.770050556681226E-021
    92   10   3.770050556681202E-021   5.058152072038318E-041   3.770050556681202E-021
    94   10   6.324300900159779E-021   1.796836665429176E-040   6.324300900159779E-021
    95   10   6.324300900159817E-021   1.796836665429212E-040   6.324300900159817E-021
    100   10   2.853458744878214E-021   3.048336112241554E-041   2.853458744878214E-021
    101   10   2.853458744878219E-021   3.048336112241563E-041   2.853458744878219E-021
    103   10   3.770050556681217E-021   5.058152072038346E-041   3.770050556681217E-021
    104   10   3.770050556681223E-021   5.058152072038379E-041   3.770050556681223E-021
    106   10   6.324300900159791E-021   1.796836665429184E-040   6.324300900159791E-021
    107   10   6.324300900159749E-021   1.796836665429160E-040   6.324300900159749E-021
  </DiscreteSampler_grid>
