  0.00563756724743774  0.07784922099859629  0.11771701278748224  0.12804837691318857
  0.13839205835222135  0.16350372430655707  0.19966360756382850  0.24136025878641748
  0.27757175432612985  0.29394209916609820  0.30059949728788982  0.30521265424259897
  0.30860235307620815  0.31172135696889675  0.31307932425657642  0.31401572102380837
  0.31451316604345791  0.31489902169794459  0.31528487735243127  0.31567073300691789
  0.31605658866140457  0.31644592495489693  0.31683556167147869  0.31722519838806046
  0.31761483510464222  0.31800425872363564  0.31839150280667250  0.31877874688970936
  0.31916599097274623  0.31955323505578315  0.32043104192807137  0.32307950717640205
  0.32707187815857997  0.34086788896546988  0.35822974241087080  0.37307509256392601
  0.38040685427980864  0.38307102450998709  0.38554571846336416  0.38964326623906709
  0.39473497444446976  0.39733594165398489  0.40093556282032078  0.40436055012033134
  0.40713046060783492  0.42378161609922732  0.43722035849809204  0.44482533337603519
  0.45410007702953242  0.46260984299699809  0.46727714723402519  0.47111140984634620
  0.47439813002508457  0.49038340634404032  0.54917608942720930  0.62213145016202764
  0.66333031195925307  0.68787431711902980  0.70599194486147265  0.71910322702170093
  0.73209504770288836  0.74767410677843060  0.76645071154217093  0.77851148594001152
  0.78348624096324493  0.78787677138856804  0.79294127482322407  0.79807715809795543
  0.80252001317291699  0.80749538998959303  0.81391735104696394  0.81847830517532372
  0.82638851098021915  0.82892774631035715  0.83047150562031802  0.83189477296783310
  0.83353431097400832  0.83554374468848314  0.83801023203504965  0.84253474086098845
  0.84988956132538185  0.85373359011130190  0.85648038510450220  0.85943858164931541
  0.86699911715575828  0.87142147062343989  0.87442088990023514  0.87767532971171247
  0.88513361151102277  0.89475474843961378  0.90357764978390731  0.91523551926046121
  0.92917189476026074  0.94179041504789673  0.97497490470874804  1.00000000000000000
 -0.00009312726338975  0.00104111452267443  0.00245501689202206  0.00354235354069055
  0.00418203225693044  0.00459285327620236  0.00482057643075348  0.00493810913885351
  0.00502396726959116  0.00508022747253901  0.00510365499374309  0.00512882134794836
  0.00515723036716359  0.00518770014705964  0.00522716895084724  0.00526387832270951
  0.00529872990343666  0.00533884999218685  0.00537677799719700  0.00539471230342073
  0.00541173248087423  0.00542883411142389  0.00544606161067022  0.00552254454223095
  0.00562656433460420  0.00570650842317207  0.00575301504860029  0.00581620574883097
  0.00589541620865224  0.00597986174641389  0.00613497547716767  0.00646124958829476
  0.00691166027097711  0.00738330400392683  0.00774515585897842  0.00811415531547571
  0.00861462619441919  0.00948858944604329  0.01095673564773838  0.01280684121889680
  0.01398118495899072  0.01425348050286799  0.01451005608761552  0.01471038210778552
  0.01489908684503464  0.01511500447108228  0.01562618177504825  0.01584217085115287
  0.01600711939039083  0.01607356141914311  0.01609515736294407  0.01611309652313552
  0.01612748666808188  0.01614426143916746  0.01616729145805218  0.01619042196895128
  0.01619475730382964  0.01620536224941452  0.01621589801234316  0.01622800915081459
  0.01624221641901692  0.01625644600258079  0.01627679175527133  0.01630663264441695
  0.01635180303974998  0.01639378464816496  0.01645235881394688  0.01647922950260097
  0.01651342867814269  0.01655248597871932  0.01659154327929594  0.01663060057987256
  0.01666965788044918  0.01670891038609798  0.01674986436974544  0.01679081835339289
  0.01683177233704034  0.01687272632068779  0.01691371014133077  0.01695597332965550
  0.01699823651798023  0.01704049970630496  0.01708276289462969  0.01712502608295442
  0.01724968869299509  0.01737748217926502  0.01760737592843376  0.01791420851799464
  0.01836529699142989  0.01909543780001137  0.01982005188065717  0.02081153135444294
  0.02294236856366166  0.03042530466430298  0.18750240928790338  1.00000000000000000
 -0.00064153844473434  0.00786269074069889  0.01094216169977201  0.01242709814985321
  0.01341758509953511  0.01404614806001084  0.01464850230714546  0.01532504604084634
  0.01587693090955647  0.01624093503512568  0.01649638930011742  0.01673002310033539
  0.01699208181402591  0.01741860673162118  0.01811349908853219  0.01874549763147144
  0.01899846186051208  0.01916833068519561  0.01938878348903595  0.01965070577874059
  0.01996345985446596  0.02037546428670459  0.02082056548002297  0.02137229841390862
  0.02160518916612381  0.02183513986730738  0.02206288785891478  0.02235197029049575
  0.02268183959341083  0.02327509006072495  0.02366471970348737  0.02373930875187578
  0.02376622438540684  0.02379348556162166  0.02380901258262933  0.02383912817647997
  0.02387373053053929  0.02390184862529074  0.02392260401777008  0.02394278524560175
  0.02396499577713309  0.02398507934975538  0.02399624079817962  0.02400631484943492
  0.02401375942575878  0.02403302804723453  0.02405654524879154  0.02412274957160548
  0.02417127363776863  0.02419935155014473  0.02423466505727319  0.02428248444390440
  0.02437114417250454  0.02442510068247904  0.02447781660693557  0.02451117682535098
  0.02452274343467870  0.02453608430433910  0.02454379505900232  0.02455219464657380
  0.02456530255621426  0.02457920176134755  0.02459254284978829  0.02460908985834434
  0.02465520836240427  0.02469132865258957  0.02481455366854632  0.02496216545092678
  0.02515414897350963  0.02539856503801293  0.02563622799580875  0.02581837820268238
  0.02603116110133058  0.02634489139555463  0.02651922781813584  0.02653386656345528
  0.02654850530877472  0.02656314405409416  0.02657778279941360  0.02659185666692475
  0.02660453306884501  0.02661720947076527  0.02662988587268553  0.02664256227460579
  0.02665465831129490  0.02666618978539069  0.02667772125948647  0.02668925273358225
  0.02670078420767803  0.02675900332206076  0.02727394446004487  0.03045954221336405
  0.03194596844603648  0.03406210636743227  0.34881293205932795  1.00000000000000000
 -0.00000160310590849  0.00001134174134549  0.00001823076970466  0.00002218421068671
  0.00002439637162094  0.00002594517377295  0.00002770914517280  0.00002887205594478
  0.00002970389868912  0.00003002680691899  0.00003038464610216  0.00003083056871240
  0.00003139421466680  0.00003246955720863  0.00003269309426633  0.00003291663132404
  0.00003314016838175  0.00003336370543946  0.00003357417434725  0.00003373701526837
  0.00003389985618948  0.00003406269711060  0.00003422553803172  0.00003438490563136
  0.00003453433254792  0.00003468375946447  0.00003483318638103  0.00003498261329759
  0.00003527436126946  0.00003589239789898  0.00004422071913639  0.00006279232193506
  0.00006429955964750  0.00006580679735993  0.00006722019039241  0.00006863249718941
  0.00006933234117513  0.00006986405118035  0.00007045612092285  0.00007125147395446
  0.00007203722841487  0.00007281353964874  0.00007420209362623  0.00007578729409315
  0.00007739281550020  0.00007902540214725  0.00008070210094431  0.00008249113593504
  0.00008428445808640  0.00008598840978601  0.00008890781319300  0.00009234520507237
  0.00009469877141172  0.00009598352352088  0.00009728105850027  0.00009876580613102
  0.00010061550855574  0.00010203594639943  0.00010456527779643  0.00010891558036589
  0.00011178566129267  0.00011278051316879  0.00011397151933924  0.00011586021198241
  0.00011853943257834  0.00012183294316634  0.00012509852333308  0.00012943274274608
  0.00013565615012497  0.00014247598155792  0.00015089948980748  0.00015778899008147
  0.00016430898656945  0.00017202498700512  0.00018221260533070  0.00019002742778896
  0.00019598296088578  0.00020162764478838  0.00020538769180257  0.00020924535067552
  0.00021921970707906  0.00023266271857124  0.00024822310770291  0.00026340832376396
  0.00028320796722316  0.00029775939220358  0.00030756245354111  0.00032178628804660
  0.00035504657785231  0.00056203843972558  0.00100031217223728  0.00144458951901311
  0.00173771528578446  0.00197222109393622  0.08487602036812908  1.00000000000000000
 -0.00186309892164879  0.02005393555333022  0.02239785850008971  0.02394633193621198
  0.02474535014793976  0.02539701425543959  0.02604598079634947  0.02643954112073016
  0.02675231242745851  0.02704883508310955  0.02766810934113986  0.02908471722468611
  0.02980816939794402  0.03034762714275984  0.03037624404676303  0.03040486095076623
  0.03042533388614395  0.03044374175489438  0.03046918945431016  0.03051441941613726
  0.03055408349845192  0.03057584841375306  0.03059501707172812  0.03061289081898165
  0.03062879314813273  0.03064583597811139  0.03067864423257885  0.03072471510684399
  0.03077876593628674  0.03084193379137858  0.03088007268560465  0.03089882548062049
  0.03090427508440871  0.03091036081629537  0.03091650616682439  0.03092330668725139
  0.03093070038786095  0.03094047891442953  0.03095170380011744  0.03097048303445335
  0.03098766381128414  0.03100618351888653  0.03102094807770252  0.03104811281541177
  0.03108345245762170  0.03110376832702059  0.03112581937763865  0.03115604439682671
  0.03120457158818666  0.03126089331912341  0.03133147466609107  0.03138698220147813
  0.03149434629144112  0.03160457501684130  0.03172453764514315  0.03189145451707944
  0.03206865857299274  0.03220118065451810  0.03233713625051268  0.03243466708221928
  0.03251792637797642  0.03260072997151815  0.03268291180080849  0.03276183861266754
  0.03285337377511124  0.03302780021012804  0.03331947484887920  0.03370491570393516
  0.03424783373496471  0.03495769978521981  0.03586723130662527  0.03634654333892385
  0.03668089857780687  0.03701525381668989  0.03734960905557292  0.03764911415051145
  0.03791496484417670  0.03818081553784196  0.03844666623150722  0.03861895350469133
  0.03871820253644318  0.03881745156819502  0.03891670059994687  0.03919790375523311
  0.03938892058555992  0.03957065176021088  0.03991858864162616  0.04156810589319866
  0.04477152500670528  0.04715542455099808  0.04807896068642441  0.04891726828750951
  0.04943367386124255  0.05252267791381794  0.17086365961961519  1.00000000000000000
 -0.00007994254578268  0.00446081582435607  0.01691720958010124  0.02931079324988360
  0.03848169021522623  0.04714471312544089  0.05503074365599270  0.06357865096915180
  0.07344855871273123  0.09462118870195957  0.14315698970300045  0.19713442971067172
  0.21083790491719040  0.23350106281969402  0.26510195509409012  0.31712486948749269
  0.34386980748948009  0.35628048634151444  0.36438687387119229  0.37231304275663468
  0.37920471191896876  0.38698803574217200  0.39447499821861737  0.40585176378266857
  0.41196507395306248  0.41916802828467292  0.42661716867121435  0.43371412494155620
  0.44166604837655116  0.45907894416316708  0.49063057479521738  0.51060113975433807
  0.52650752252305599  0.53406440377726860  0.54168076422840994  0.55014365949801969
  0.55860655476762944  0.56214773947356989  0.56461465990439130  0.56869191534318464
  0.57728773555168056  0.58283542678093669  0.58778105497210031  0.59299461653532082
  0.59713575920737716  0.60167008153222934  0.60591674929521966  0.60922812821612238
  0.61336205810186772  0.61882319509259032  0.62687295999577930  0.63304845155274381
  0.63790564129125449  0.64235564666276346  0.64765062165867904  0.65189952634449322
  0.65501406773193871  0.65810814248049321  0.66194776710797654  0.66335534830725673
  0.66476292950653693  0.66617051070581712  0.66757809190509732  0.67041109972218893
  0.67408003968701724  0.67774897965184555  0.68141791961667386  0.68508685958150217
  0.68963978250263158  0.69425506723352981  0.69887035196442793  0.70348563669532616
  0.70823799460868364  0.72172639798162441  0.73819110824552470  0.75948419618919216
  0.79250583873924640  0.81635928935392121  0.82993434344736239  0.84004333957697375
  0.84971776890908590  0.85923648949076159  0.86684293068263241  0.87491004628711788
  0.88988381638830416  0.89438322601488585  0.89713500241906619  0.89940782530207930
  0.90091824554964983  0.90242591024053531  0.90397884295130704  0.90701568286701184
  0.91617014641431471  0.93799175081534281  0.96723814055693069  1.00000000000000000
 -0.00717983006761770  0.02540176924214759  0.05695008771394265  0.07565400074606901
  0.08947112360323228  0.10130088725798778  0.11269802203097093  0.12406557397326291
  0.13585399786464364  0.16103722794279030  0.20860444184877272  0.24292738038460554
  0.25589989932483725  0.26159402574200663  0.27435966192208000  0.28584756513037757
  0.29287457859994215  0.29719774589629749  0.29929639977820877  0.29975737331324254
  0.30132438524512428  0.30384197280472219  0.31396473516969997  0.34086553383312679
  0.36134551883436727  0.37719265308049832  0.39293651579128491  0.40654311822795658
  0.42270344105631535  0.44082070251616839  0.47134718182408725  0.49153776508807928
  0.49344627483486497  0.49437464346787907  0.49531820417653760  0.49544051990562760
  0.49556591346277529  0.49568524016401760  0.49579437292009754  0.49627688936980968
  0.49700729259047777  0.49828526680454577  0.49907468172321234  0.50005628463908758
  0.50403099143377106  0.50693693292447439  0.50824002820450753  0.50996445386999534
  0.51312692686496775  0.51628939985994005  0.51890791704181938  0.52150052115085810
  0.52681126610336815  0.53768826368406231  0.55646204219424145  0.57813957497268209
  0.59539530215315195  0.60970133756447464  0.62034223668588273  0.63656954335726368
  0.66109242285464964  0.69386198475313743  0.74322627620402726  0.75028649696932415
  0.75266766972072585  0.75504884247212756  0.75743001522352937  0.75981118797493108
  0.76219595481659541  0.76458393414068804  0.76697191346478077  0.76935989278887340
  0.77174787211296603  0.77434423534604058  0.77795106396623104  0.78155789258642150
  0.78516472120661196  0.78877154982680253  0.79237837844699299  0.80881933768671144
  0.82567669282416767  0.84364762537919402  0.86099398827047313  0.87378890150094435
  0.88516135076950675  0.89814583696125072  0.90546831316213439  0.91187522998879444
  0.91829590327636834  0.92398470311565173  0.92890567421844850  0.93526784282885977
  0.94239907901573394  0.94974948370484780  0.96007301568980707  1.00000000000000000
 -0.00522288576906305  0.02238289711962197  0.02750414357464458  0.02981386154907578
  0.03041433736895455  0.03179216841419185  0.03295170577538260  0.03356712620123501
  0.03456448951774561  0.03851314299833055  0.04523359580461285  0.04942503503382635
  0.05285782695003065  0.06169884469350769  0.06887125506395374  0.07311843699158491
  0.07736561891921608  0.08161280084684724  0.08576333730849693  0.08874053779238983
  0.09171773827628274  0.09469493876017564  0.09767213924406853  0.10099845061631910
  0.10491176663987223  0.10882508266342536  0.11273839868697851  0.11665171471053164
  0.12599705170085401  0.14186472030396474  0.15629719057709743  0.17185033919550743
  0.19230311464621080  0.21217885790315202  0.22920887475311991  0.24082255802136004
  0.25477848745697801  0.28587058937633736  0.29997316275134545  0.30249401706038309
  0.30780314531599307  0.31372158511487552  0.32114788429341506  0.33008839803638795
  0.33879535270365330  0.34943643158139620  0.35554478981187088  0.36369445477500784
  0.37241849991010761  0.38131381962974670  0.39056800934844038  0.39982219906713407
  0.41044462526078723  0.42128132602911089  0.44798555284057873  0.47805105225911565
  0.49773070978996825  0.52126955425852750  0.57481563007490721  0.64716067358029628
  0.69394521961863875  0.71452974662170587  0.72220658732498133  0.72685011061816007
  0.73082069306574082  0.73247460070112325  0.73369331591290687  0.73633001527705721
  0.74094158859495940  0.75389335045105943  0.75817298604413264  0.76161026332891657
  0.76386274467177917  0.76818884840054702  0.77334435506821242  0.77914875060493582
  0.78512308565780831  0.78655348332449782  0.78814155502219607  0.79220784957170221
  0.80171942473437008  0.81031838110841670  0.81784036103875446  0.82130680591921157
  0.82465247855974477  0.82795255716303251  0.83125131333785729  0.83720320195549691
  0.84117546150809686  0.84514678075756378  0.85011665106391654  0.85885277008326166
  0.87049061333530686  0.88703303450056603  0.92076880050648491  1.00000000000000000
 -0.00467554993121317  0.02091856538220831  0.03440372438904473  0.06202715995670301
  0.11979524533375838  0.16987262526927574  0.20187863676355616  0.21253196430447852
  0.22370239197494765  0.23888284224847664  0.25522435843326791  0.25807008416979721
  0.26242272434559921  0.27098469786016788  0.28379895259881310  0.29625365636917111
  0.30404726093138329  0.31235670972960983  0.32107167103511164  0.32849071109418626
  0.33527398485339832  0.33978175818805206  0.34521579170174338  0.34934672083044949
  0.35399009058850173  0.36307348588354355  0.36644982520084407  0.36748706428545347
  0.36855131274506403  0.36984042192316235  0.37269389327730956  0.37401079358403894
  0.37588205985285739  0.39246881117082122  0.43645495821269542  0.48285231544952067
  0.50738469042344669  0.51680159784083279  0.52299125412994396  0.52810832344739733
  0.53030045022183991  0.53255236570365649  0.53492332561118583  0.53976456884018176
  0.54582580936224823  0.55532254848106177  0.56600941357576706  0.56759228730188993
  0.56917516102801269  0.57075803475413545  0.57234090848025820  0.57381131558938459
  0.57503396002621743  0.57625660446305027  0.57747924889988311  0.57870189333671596
  0.57974378046806940  0.58056055117344596  0.58137732187882263  0.58219409258419919
  0.58301086328957574  0.58397677358860456  0.58425169525498977  0.58452660945030055
  0.58480139158908717  0.58507617372787379  0.58535097628291732  0.58562578002662480
  0.58741756771566156  0.58923799068394966  0.59107665734107395  0.59341699920590352
  0.59644754949555512  0.60093503393009018  0.60721102105130087  0.61431644353765225
  0.62333927052872895  0.63495862019159566  0.64791651188165233  0.66069967723649925
  0.67000915870937194  0.67891964777075930  0.68849101026795567  0.70205131875347526
  0.72513599254353767  0.75093614858773960  0.78060660245611024  0.81968842933171093
  0.86334591485821055  0.90645341827881398  0.93168346063678165  0.95111173397085369
  0.96045366711728730  0.96844980133167835  0.98422490066583934  1.00000000000000000
 -0.00170946934706149  0.01754000195810393  0.02422680521293228  0.03289015086809594
  0.03653793806981680  0.04228579733927008  0.05348941019079508  0.07023664356406739
  0.09263467683788289  0.12121912185017994  0.15768469113893446  0.18337837502996240
  0.19066047906706515  0.19448936038383596  0.19897774330476842  0.20071426380717552
  0.20249862059324339  0.20373652875808390  0.20496768718355424  0.20666608909602618
  0.20827693456543217  0.20965022292518842  0.21143479513256189  0.21462865154456195
  0.21934657515641515  0.22424322434940125  0.22662611454400206  0.22742110974056692
  0.22850759745388313  0.22965694538696721  0.23090077163460881  0.23416807053235908
  0.24180545519462443  0.24538824165862630  0.24662722910846904  0.24907973223561988
  0.25468705016164589  0.27722086482885577  0.32138630071661101  0.36294792199967618
  0.39127037360667638  0.40955427047384152  0.42631744584241521  0.43759418621652718
  0.44925315769846275  0.46133655248722194  0.46865989207638697  0.47762189986970166
  0.50078485501769432  0.56187722221933689  0.61162777859028794  0.63847650736837969
  0.64696211010115134  0.65292746019227221  0.65635426340945913  0.65948732741854832
  0.66271047997961419  0.66625898111521609  0.67360347357602623  0.68383618928613954
  0.69513503269156496  0.70739849239919561  0.72301147094693363  0.73450164540144847
  0.74509448890786656  0.75423898673041578  0.76321005953889942  0.76609253820552159
  0.76825361295891093  0.77041468771230015  0.77257576246568949  0.77473683721907882
  0.77693333785098617  0.77913060992492256  0.78132788199885894  0.78352515407279533
  0.78572242604258402  0.78791969739469359  0.79011696874680315  0.79231424009891271
  0.79451151145102228  0.80290903726552243  0.82077149936185534  0.83061807106503893
  0.83587315570977794  0.84112824035451694  0.84637083836377724  0.85161266142834202
  0.85700275535550019  0.86244602780092383  0.87001088438266305  0.87929484156606208
  0.89049090068301295  0.91356208872552880  0.95724661116312870  1.00000000000000000
 -0.01716881634109210  0.02832640173446450  0.07105020238209790  0.11873357814189348
  0.17549157265858312  0.24885201021314413  0.28896771879428018  0.32013284712474066
  0.34512425248085610  0.36485125245337952  0.38344461607993535  0.40051112754920970
  0.41339321372024390  0.42145147992569543  0.42917626785258700  0.44022040043817207
  0.45231556050801741  0.46411035763012798  0.47882918061611690  0.48733427317926659
  0.49132622119622993  0.49527436037850953  0.50038870953148462  0.51171168324734950
  0.53005230998135588  0.55481026471016470  0.58474732402295793  0.59586382359730938
  0.60043808870324644  0.60299198808657306  0.60473949414702366  0.60625463798410240
  0.60811911185482115  0.61053604011397067  0.61432396932503819  0.61835856852507587
  0.62215961534705844  0.62613709857939504  0.62959363515882860  0.63244450823045273
  0.63701125083659571  0.63955505427274872  0.64209885770890185  0.64464266114505486
  0.64718646458120788  0.64978280485376205  0.65246709183484441  0.65515137881592678
  0.65783566579700914  0.66051995277809139  0.66312733914419875  0.66522147699424372
  0.66731561484428858  0.66940975269433345  0.67150389054437831  0.67359802839442318
  0.67960359237043200  0.68609997950252710  0.71640945405023304  0.73501947874901685
  0.74705305239439712  0.75441775882690310  0.75758420736776577  0.75963255115944195
  0.76167377337366993  0.76351676103665500  0.76474065048875584  0.76590862951096517
  0.76708754645567745  0.76913978580791864  0.77136916306513426  0.77395630342743804
  0.77700890822863999  0.77989628728321103  0.78273095962682981  0.78797502898372818
  0.79480912182237562  0.80230734546194005  0.81000084037585407  0.82231054814196503
  0.82612853260588781  0.82803773518739632  0.83013655080621218  0.83152106839423956
  0.83465559548646717  0.84524002383400554  0.85850008869550709  0.86768013138668876
  0.86943864637486745  0.87116867241983575  0.87440122833120371  0.88860608909159222
  0.90931707120866334  0.93944413244627845  0.96790813863403502  1.00000000000000000
 -0.01182542160860392  0.05632428443495102  0.06186250678978026  0.06625918349012516
  0.07101511372749406  0.07941538245287004  0.08672836461669998  0.09142671715570237
  0.09388688238350631  0.09753393410654872  0.10101036902857789  0.10695617855148309
  0.11572636304751022  0.12229177655421845  0.13523741370712875  0.16016346200269924
  0.19223301297217563  0.21205384127993668  0.21895032603882078  0.22169696211090403
  0.22445267835014049  0.22723234765197561  0.23015237243169778  0.23327597341302991
  0.23984162529264802  0.24310554410323754  0.24570587225646218  0.24703563463493111
  0.24890614344051951  0.25200132671279840  0.25520309752776116  0.25857752227346104
  0.26147527797708264  0.26404993943132310  0.26880265526950420  0.27290484351330563
  0.27716228880081700  0.28552384742810755  0.29360324519955150  0.30051752498424972
  0.31341303646307617  0.33260016948995991  0.35109187326222596  0.36959768565344109
  0.39765057340929921  0.42936282974694179  0.45634642465261582  0.48229640500128906
  0.49209346453295083  0.49709150485635528  0.50327886223588802  0.51309204835112288
  0.52321470900973699  0.53724175532044416  0.54607377396975043  0.55313088811592070
  0.56008945172186531  0.56779720859035898  0.57646448423385965  0.58505648427437318
  0.59244182579321414  0.60227077627001513  0.60889749396910664  0.61453226723423859
  0.61905976055767253  0.62596450600908227  0.63974740808625008  0.65831254273116768
  0.67028906849987757  0.67618934287494870  0.68208961725001982  0.68798989162509094
  0.69389016600016207  0.70383293842271377  0.72356657401181335  0.74330020960091292
  0.76303384519001249  0.78276748077911207  0.80250111636821164  0.81853695491654865
  0.83142769526994431  0.84431843562333997  0.85720917597673563  0.87009991633013117
  0.88299065668352683  0.89467698936004014  0.90592896090129926  0.91536180828904068
  0.92255650664158917  0.93181815466293294  0.94570952471691627  0.95475283688436818
  0.96002048420420694  0.97055657934502493  0.98203051811586928  1.00000000000000000
 -0.00233719117751262  0.01179222154033732  0.02986105751402065  0.04779701325703645
  0.06366199198040545  0.07151651938253302  0.07402452160987893  0.07620181824876290
  0.07860046067902092  0.08304764271519002  0.09056176331303434  0.10173050344685111
  0.11968193001281284  0.13275022295376421  0.14187843037256939  0.14951235765378729
  0.15734680423812808  0.16680688062519283  0.17572094974406374  0.18213460226670330
  0.18938675561178372  0.19355174961862176  0.19969905022546697  0.20950802669917454
  0.22032680278771105  0.23263779066196597  0.25254416493779552  0.26320293119880889
  0.27405280578246127  0.29032924734841470  0.31054631764159540  0.33902324203528994
  0.38575754783028537  0.42980157618837012  0.47950455491389971  0.49983323163054361
  0.51621670418983845  0.52029855959572002  0.52445696819375709  0.52927429683962501
  0.53409162548549294  0.54146472623547048  0.54923964506398970  0.56561441131173118
  0.57653828252524653  0.57957831767074697  0.58213351662611945  0.58680526506089759
  0.59194489609433720  0.59837763360362406  0.60055811813925530  0.60284577062241806
  0.60529879442552226  0.60716094685242950  0.60873488440431212  0.61072777343328577
  0.61298108531499396  0.61506849109824213  0.61876323526776167  0.62618341684415324
  0.63434944942214777  0.64868622119020025  0.69270998248217897  0.72408176336339991
  0.73199841675991351  0.74131300132229461  0.75053099555037106  0.75724727903780054
  0.76964741206788412  0.82985042024432532  0.84632475738314905  0.85572307231387890
  0.86132082913613417  0.86585428778381790  0.86978147956430041  0.87230456623670649
  0.87766664887695289  0.87867260789790491  0.87964572818573294  0.88061884847356098
  0.88159196876138901  0.88256508904921716  0.88382903986654626  0.88510681159693561
  0.88638458332732506  0.88766235505771451  0.88894012678810397  0.89346806244238475
  0.89833854542140601  0.90320902840042727  0.90807951137944853  0.91294999435846969
  0.92568550160843999  0.94069711620775287  0.97034855810387666  1.00000000000000000
 -0.00785073085483320  0.01950327395044666  0.03880012741597266  0.05234620501877502
  0.06561689122019215  0.07869744143391345  0.09159316010251030  0.10437535477063116
  0.11715754943875201  0.13154271767979811  0.14609349758843723  0.15957976069865706
  0.17243538916555579  0.18537102445229972  0.19871524417655193  0.21083161419673674
  0.23047871048648363  0.25380516058518787  0.26991513364260583  0.28436966502492111
  0.29882419640723645  0.31327872778955174  0.32773325917186702  0.33739182587878197
  0.34103204550176497  0.34467226512474802  0.34831248474773102  0.35195270437071402
  0.35526938931925728  0.35645837139558911  0.35764735347192100  0.35883633554825284
  0.36002531762458473  0.36160907692853511  0.37068584759252710  0.37706606472662790
  0.38090676456646588  0.38193003610637999  0.38267551741766248  0.38425412360205774
  0.38735358300690331  0.39231260675374341  0.39956207130201565  0.41079386165143134
  0.41627533760715912  0.41941952467577537  0.42717117901703022  0.43577190397433813
  0.44263863028893008  0.44718807378131609  0.44847427404981499  0.45034078517639903
  0.45178433546114766  0.45285861005801320  0.45475497054937453  0.45723400280146009
  0.46305824915276034  0.46974763300889094  0.47854778822472072  0.52029803164417121
  0.56843997442374605  0.59781252375626304  0.62151958407907226  0.64605461137221476
  0.68294687687931366  0.74347019253320334  0.77372044732587109  0.78219124279853425
  0.79070873037690281  0.79795551698655853  0.80514564643326103  0.81220177416908290
  0.81716106783756748  0.82349245872256849  0.82959542910202266  0.83546276758011917
  0.84268897301257706  0.85770218667710207  0.87450674840013720  0.87784106207919532
  0.88059662277825479  0.88235085563724236  0.88380693014694389  0.88534809821717753
  0.88667466580412213  0.88797121908578425  0.88960880688603905  0.89176818010430814
  0.89380567628228746  0.89698516656254157  0.89946195126713246  0.90636830326705509
  0.91972598607750866  0.93971173281457232  0.96620679990943636  1.00000000000000000
 -0.00289960188000086  0.01485416204439711  0.03259678669360975  0.04238287965222442
  0.05227589622491095  0.06223122542619433  0.07119072185877399  0.08319792117561120
  0.10288676336690353  0.11841713208913165  0.12817181952686593  0.13383159904223541
  0.13949137855760485  0.14515115807297432  0.15081093758834380  0.15635491381140307
  0.16169623484561518  0.16703755587982733  0.17237887691403944  0.17772019794825158
  0.18275663670245293  0.18609046986916278  0.18942430303587263  0.19275813620258248
  0.19609196936929232  0.19942793530076217  0.21310241216850315  0.23078122120136865
  0.23238987326344801  0.23312783525235928  0.23384165347409269  0.23487127439925601
  0.23545436429371777  0.23649737490113870  0.23904785925330888  0.24191422935847726
  0.26089230402735397  0.26291519944873676  0.26405722006350474  0.26735479391943551
  0.27044997691304778  0.27344860966254397  0.29121494371033391  0.31298314080427708
  0.33484160463653123  0.34976959299095550  0.38133695721466315  0.42020117269067947
  0.45190355010847272  0.51495679510328507  0.55555608593611461  0.56618429462798125
  0.56817261303436661  0.57129660744774968  0.57581438607642355  0.57800113578523182
  0.57941403416715875  0.58074322715843374  0.58215354143076026  0.58380509318158669
  0.58649947591124219  0.58865860742934384  0.58957819461318439  0.58994432297182209
  0.59027602254037748  0.59060773818581336  0.59093945743777265  0.59179770737122506
  0.59292081406290531  0.59612035398051888  0.60470390574906685  0.61774288242983866
  0.62535404719133192  0.63100515205349295  0.63743836436357360  0.64409763031737544
  0.67196403654977366  0.70085154050051823  0.73761830906814507  0.75052386929464832
  0.75710595591553220  0.76132215646904000  0.76489019524186930  0.76891334893232655
  0.77678387998355503  0.78280301935826613  0.78914954639410795  0.79510295222137661
  0.79978537039214970  0.80920922651367799  0.84998633481201924  0.89281062592745186
  0.91416789338351534  0.93668477734609212  0.96490387153864376  1.00000000000000000
 -0.01008242832292006  0.03258186454097604  0.04571730533155174  0.05584382335460995
  0.06452694581041492  0.07222567927427660  0.07853699111597420  0.08457404020105495
  0.09110299682468553  0.09964945544344682  0.10533420384963152  0.11021618034386757
  0.11536405013329309  0.12586673867388112  0.14343937690128983  0.16371028512551572
  0.17786469757496379  0.19028483355105136  0.19610289111261819  0.20192094867418503
  0.20773900623575187  0.21355706379731870  0.21939542692118780  0.22612089407384067
  0.23284636122649352  0.23957182837914637  0.24629729553179922  0.25302276268445206
  0.26137178420463125  0.27006279543294959  0.27875380666126798  0.28744481788958631
  0.29613582911790470  0.33077447109090807  0.36928962387067782  0.40892327598307399
  0.42955386549054847  0.43403090844426917  0.43683860148158682  0.43869833702694316
  0.43991123113433317  0.44044786860161628  0.44093159220154676  0.44155979437996684
  0.45012932827421825  0.45995874771537809  0.46455864551059173  0.46834026461625949
  0.47379689514887102  0.48380736856377565  0.48951958800109263  0.50062765486160177
  0.51477292326021573  0.53013077305534551  0.54312656163754658  0.55178357714479465
  0.55871663429163254  0.56719910515314020  0.57434272657377450  0.58071797265875336
  0.58642797261085655  0.59045755771164121  0.59578507809764902  0.61065599562723272
  0.61362584429168820  0.61488402628677297  0.61597224256700833  0.61742015299622954
  0.62144260447695265  0.62965523687139446  0.63674037671977923  0.65589855825418564
  0.69784889533745653  0.73599253068093651  0.77091413212017323  0.78346479400909874
  0.79337737326738822  0.80432970977914231  0.80881662745781147  0.81284316188798267
  0.81450741532805704  0.81636347362998618  0.81919022671454156  0.82201697979909694
  0.82545041676098296  0.82892778514910137  0.83706399281217547  0.84855663176218166
  0.85567906815517003  0.86516839873184981  0.89244888409707279  0.91410508557641823
  0.93604383310022432  0.95756594555570373  0.97885452826232688  1.00000000000000000
 -0.00907635828118061  0.02492468133369168  0.04945171878994199  0.06593967500034217
  0.07868381061754434  0.09219989896822546  0.10560548002307509  0.11758178643031736
  0.12500857407096178  0.14016664344105509  0.15274870057459886  0.16404087130138170
  0.17409021988888965  0.18425733816973491  0.19865440331740705  0.20834152811281567
  0.21534329649514569  0.22064917102888609  0.22621606396641641  0.23087876346474437
  0.23589614544727447  0.24709748892930403  0.26221806285207627  0.27958956223274661
  0.30020922520647592  0.32066468973923168  0.33700998457904846  0.34748100805243615
  0.35288032769497923  0.35555658545977792  0.35863360082848594  0.36141170943678197
  0.36513730446505366  0.38412283917780432  0.40431031753705976  0.42593550423099991
  0.43929884085933818  0.44154616189993195  0.44430292167845581  0.44783014268761034
  0.45339464720367961  0.46307263767725915  0.46889672685902306  0.47121557973887862
  0.47353443261873424  0.47585328549858985  0.47817213837844547  0.48011270558401092
  0.48199110079161250  0.48386949599921408  0.48574789120681572  0.48762251947703650
  0.48872639512318988  0.48983027076934332  0.49093414641549671  0.49203802206165015
  0.49406836337558829  0.50129180926042849  0.50544006692550003  0.50819082771388402
  0.51404016252510898  0.52190051374718593  0.53118596806931151  0.53963017547947578
  0.54859463598385028  0.56329898278308677  0.59276143741136478  0.64716365033765566
  0.68498216818440294  0.70834518657077983  0.71929663504663499  0.73144710199103335
  0.74592152601585437  0.76804052546256452  0.81294021799716598  0.84386696670090844
  0.86389152551451287  0.88152062664719422  0.89172344383775559  0.90719729248970915
  0.91267167821989670  0.91582932339066392  0.91893516321111957  0.92202671479026987
  0.92511919398534825  0.92821192336742631  0.93536473644397200  0.94106349768082198
  0.94653001660339253  0.95319367636884977  0.95958783301562578  0.96576978463744567
  0.97195545336481637  0.97925852309936734  0.98949144116229548  1.00000000000000000
  0.08746063365519610  0.98579989985275684  0.99196545191762120  0.99375125000493525
  0.99396721441150993  0.99406619609583602  0.99414031901445310  0.99417218110517103
  0.99418921120050974  0.99420638347952184  0.99422770564439800  0.99425180519687928
  0.99427234878447823  0.99430232567861976  0.99433584729941527  0.99437611204750043
  0.99442520549786306  0.99447877361431991  0.99455125378080811  0.99457306191836703
  0.99459067007735436  0.99460198485549445  0.99460904325669663  0.99461907221757451
  0.99463236925838150  0.99464327038535483  0.99465610708428143  0.99467461274983393
  0.99469771726614076  0.99477923303926208  0.99486960506374611  0.99495880381114243
  0.99498117667637920  0.99499019486215534  0.99500106712104419  0.99501777620967713
  0.99502751647064092  0.99503646077003061  0.99504749595920450  0.99506196823299242
  0.99507909677996431  0.99513040147123855  0.99517258910388839  0.99523507560133695
  0.99530652297742772  0.99534915329764106  0.99537658735597545  0.99541525798399710
  0.99546103410578624  0.99551539123655419  0.99557200932831003  0.99567906249867899
  0.99578765118303614  0.99584452696095804  0.99586830642828383  0.99589208589560962
  0.99591586536293542  0.99593964483026121  0.99596539841532461  0.99599754508597882
  0.99602969175663303  0.99606183842728724  0.99609398509794134  0.99612613176859555
  0.99615999061094784  0.99619435281498747  0.99622871501902710  0.99626307722306673
  0.99629743942710636  0.99633455932903081  0.99638010114371378  0.99642897613489689
  0.99648353424508707  0.99655069709929656  0.99661763754408950  0.99670863576864743
  0.99673897851131421  0.99676932125398099  0.99682657237126193  0.99694381288780842
  0.99706105340435502  0.99716374113604089  0.99724965389511766  0.99733556665419443
  0.99746168141905478  0.99760740349433008  0.99770644110342288  0.99780651907235096
  0.99791167735792941  0.99800782152851641  0.99807416853681352  0.99816520184119839
  0.99829116205928581  0.99847117137349017  0.99868234692779523  1.00000000000000000
 -0.03078227083984673  0.19209170238076420  0.20445464877738587  0.20973523118963913
  0.21426110783994115  0.21870557834812071  0.22301162158550544  0.23268825489472927
  0.25610991367268598  0.29282411414027676  0.34039562501094789  0.40979886936095700
  0.43749463325913368  0.44655541410917965  0.45432828091549454  0.45594842709828720
  0.45721597654871238  0.45876196717584899  0.46031603015475814  0.46171822243976945
  0.46243862777434669  0.46305296029980397  0.46352748765713764  0.46482353021527634
  0.46627750929655937  0.46753267986449065  0.47164833290493025  0.47326936595706642
  0.47424713122915324  0.47507394688630150  0.47625595055293746  0.48001239847853872
  0.48512265589815790  0.49205628551470265  0.49506816155248967  0.50464253134016090
  0.51630393496677263  0.52056050470882753  0.52481707445088233  0.52907364419293723
  0.53333021393499203  0.53705085103050665  0.54042757511697603  0.54380429920344542
  0.54718102328991480  0.55055774737638419  0.55331000555530363  0.55592044244559768
  0.55853087933589163  0.56114131622618568  0.56494965916428685  0.58219092124325245
  0.59313006753562625  0.60220413041708099  0.61140431181719390  0.62096813447044896
  0.62812682484116200  0.63553471809842821  0.64330443457413367  0.65245576029316654
  0.66094300424434027  0.66493037101636843  0.66886537860787498  0.67326024695612940
  0.67638732387377654  0.67951251486388198  0.68269613051107891  0.68424604783709664
  0.68552183904897368  0.68677254227136830  0.69152984244294424  0.69797671847830478
  0.70628452330040647  0.71644964477840245  0.72638315777260043  0.73578202539936399
  0.74571917360332352  0.75996662336299481  0.77260748900290599  0.78483454948910436
  0.79678837557125237  0.80871324993670157  0.81780832788953806  0.82445675224434178
  0.82933549222228919  0.83051883271070703  0.83231512035543687  0.83454230954941777
  0.83669138641439700  0.84045604391681927  0.84565679412919348  0.85544311627735459
  0.86843696979473850  0.87716881582010309  0.88594785295191947  1.00000000000000000
   6.4105650491559262E-017  -1.0000000000000000     
 T F F F F F F F F F F F F F F F F F F F T F F F T F F F F F F F F F F F T F F F T F F F F F F F F F F F F F F F F F F F T F F F F F F F F F F F F F F F F F F F F F F F F F F F F F F F F F F F F F F F F F F F F F F F F F F F F F F F F F F F F F F F F F F F F F F F F F F F F F F F F F F F F F F F F F F F F F F F F F F F F F F F F F F F F F F F F F F F F F F F F F F F F F F F F F F F T F F F F F F F F F F F F F F F F F F F T F F F T F F F F F F F F F F F T F F F T F F F F F F F F F F F F F F F F F F F T F F F T F F F F F F F F F F F F F F F F F F F T F F F T F F F F F F F F F F F T F F F T F F F F F F F F F F F F F F F F F F F T F F F F F F F F F F F F F F F F F F F F F F F F F F F F F F F F F F F F F F F F F F F F F F F F F F F F F F F F F F F F F F F F F F F F F F F F F F F F F F F F F F F F F F F F F F F F F F F F F F F F F F F F F F F F F F F F F F F F F F F F F F F F F F F F F F F T F F F F F F F F F F F F F F F F F F F T F F F T F F F F F F F F F F F T F F F T F F F F F F F F F F F F F F F F F F F T F F F
  <DiscreteSampler_grid>
  grouped_processes
  1 # 1 for a reference and 2 for a running grid.
  10 # Attribute 'min_bin_probing_points' of the grid.
  1 # Attribute 'grid_mode' of the grid. 1=='default',2=='initialization'
  0.0000000000000000 # Attribute 'small_contrib_threshold' of the grid.
  0.5000000000000000 # Attribute 'damping_power' of the grid.
 # binID   n_entries weight   weight_sqr   abs_weight
    16   10   9.671012210882601E-022   2.860330884625928E-042   9.671012210882601E-022
    17   10   9.671012210882636E-022   2.860330884625940E-042   9.671012210882636E-022
    19   10   1.342016713300589E-021   4.899281991333870E-042   1.342016713300589E-021
    20   10   1.342016713300591E-021   4.899281991333895E-042   1.342016713300591E-021
    22   10   1.951431620869057E-021   1.107197287416700E-041   1.951431620869057E-021
    23   10   1.951431620869062E-021   1.107197287416708E-041   1.951431620869062E-021
    28   10   8.162216908274849E-022   1.367067511538316E-042   8.162216908274849E-022
    29   10   8.162216908275004E-022   1.367067511538355E-042   8.162216908275004E-022
    31   10   8.586365452397535E-022   1.860789959993832E-042   8.586365452397535E-022
    32   10   8.586365452397606E-022   1.860789959993849E-042   8.586365452397606E-022
    34   10   1.076529525447440E-021   2.186160177367858E-042   1.076529525447440E-021
    35   10   1.076529525447447E-021   2.186160177367877E-042   1.076529525447447E-021
    40   10   9.671012210882604E-022   2.860330884625930E-042   9.671012210882604E-022
    41   10   9.671012210882636E-022   2.860330884625940E-042   9.671012210882636E-022
    43   10   1.342016713300590E-021   4.899281991333877E-042   1.342016713300590E-021
    44   10   1.342016713300592E-021   4.899281991333899E-042   1.342016713300592E-021
    46   10   1.951431620869059E-021   1.107197287416701E-041   1.951431620869059E-021
    47   10   1.951431620869062E-021   1.107197287416708E-041   1.951431620869062E-021
    52   10   8.162216908274849E-022   1.367067511538316E-042   8.162216908274849E-022
    53   10   8.162216908275007E-022   1.367067511538356E-042   8.162216908275007E-022
    55   10   8.586365452397540E-022   1.860789959993837E-042   8.586365452397540E-022
    56   10   8.586365452397602E-022   1.860789959993847E-042   8.586365452397602E-022
    58   10   1.076529525447441E-021   2.186160177367864E-042   1.076529525447441E-021
    59   10   1.076529525447448E-021   2.186160177367876E-042   1.076529525447448E-021
    64   10   9.671012210882593E-022   2.860330884625928E-042   9.671012210882593E-022
    65   10   9.671012210882642E-022   2.860330884625943E-042   9.671012210882642E-022
    67   10   1.342016713300591E-021   4.899281991333883E-042   1.342016713300591E-021
    68   10   1.342016713300591E-021   4.899281991333897E-042   1.342016713300591E-021
    70   10   1.951431620869060E-021   1.107197287416703E-041   1.951431620869060E-021
    71   10   1.951431620869062E-021   1.107197287416707E-041   1.951431620869062E-021
    76   10   9.671012210882593E-022   2.860330884625928E-042   9.671012210882593E-022
    77   10   9.671012210882644E-022   2.860330884625944E-042   9.671012210882644E-022
    79   10   1.342016713300591E-021   4.899281991333885E-042   1.342016713300591E-021
    80   10   1.342016713300592E-021   4.899281991333901E-042   1.342016713300592E-021
    82   10   1.951431620869060E-021   1.107197287416703E-041   1.951431620869060E-021
    83   10   1.951431620869062E-021   1.107197287416706E-041   1.951431620869062E-021
    88   10   8.162216908274851E-022   1.367067511538317E-042   8.162216908274851E-022
    89   10   8.162216908275004E-022   1.367067511538355E-042   8.162216908275004E-022
    91   10   8.586365452397540E-022   1.860789959993837E-042   8.586365452397540E-022
    92   10   8.586365452397597E-022   1.860789959993844E-042   8.586365452397597E-022
    94   10   1.076529525447441E-021   2.186160177367863E-042   1.076529525447441E-021
    95   10   1.076529525447448E-021   2.186160177367878E-042   1.076529525447448E-021
    100   10   8.162216908274851E-022   1.367067511538317E-042   8.162216908274851E-022
    101   10   8.162216908275005E-022   1.367067511538356E-042   8.162216908275005E-022
    103   10   8.586365452397538E-022   1.860789959993833E-042   8.586365452397538E-022
    104   10   8.586365452397597E-022   1.860789959993845E-042   8.586365452397597E-022
    106   10   1.076529525447441E-021   2.186160177367863E-042   1.076529525447441E-021
    107   10   1.076529525447448E-021   2.186160177367876E-042   1.076529525447448E-021
  </DiscreteSampler_grid>
