  0.02259858611191505  0.04410425539213696  0.06213757499497698  0.07640974572163096
  0.08438079315760773  0.08910275057292688  0.09570081001901991  0.10063243685235615
  0.10508363273675807  0.11009987992220588  0.11587623137562339  0.12110446150637640
  0.12428650676901148  0.12797634897833374  0.13246091512686631  0.13979694213269908
  0.14908999069491019  0.15666577225020809  0.16209683177966083  0.17262709835892620
  0.18746009511116846  0.20360336758086764  0.21747819258068143  0.22918145728436556
  0.23757360777170328  0.24556724350869102  0.25658236912855925  0.27441013777423928
  0.29913377113126105  0.31328737747879976  0.32372802749266222  0.33106654403413943
  0.33917911308483900  0.34881457758226997  0.35565947273101073  0.36149496138803616
  0.36900006075565800  0.37716557577719650  0.38818527542744519  0.40003388516109645
  0.41343225097129166  0.42558220664254881  0.43730572361485681  0.44441149062619412
  0.45202458666719081  0.45916882157484123  0.46810860484342676  0.47686265967666713
  0.49432000771473505  0.51088629105306227  0.52833803385588474  0.54364471790884494
  0.56443995503260913  0.59096280808117485  0.60754966194859616  0.62189256577614449
  0.63444987005297104  0.64596256537265284  0.65558871935307272  0.66491060825279868
  0.67255822648535879  0.68101519232217467  0.68801364127853115  0.69498616075019748
  0.70267779003945308  0.71077674225339449  0.71943855472423035  0.72883663851072067
  0.73824971981472842  0.74788546476436990  0.75513299952684221  0.76233861426352612
  0.77390226714555732  0.78883830361387863  0.80671478863991219  0.81559858364489002
  0.82150228104848910  0.82751526165734735  0.83356748583272666  0.84138105664363305
  0.84973059272247620  0.86426250480937883  0.87704962919091356  0.88757854525151492
  0.89590031221698929  0.90364057513381513  0.91045609956395512  0.91474351915317098
  0.91999675021706895  0.92643137307980228  0.93411633796559312  0.93992053422443522
  0.94660103394300765  0.95681648225485283  0.97247803394276422  1.00000000000000000
  0.02653328925277301  0.04972855692949554  0.06731869901082996  0.07673103374242848
  0.08679083507342207  0.10036427114768542  0.11398327304675100  0.12688228078223215
  0.13807813882176537  0.14412211205107228  0.14979102799590599  0.15595400696211484
  0.16209034356000418  0.16750648736296980  0.17408539446085711  0.18001630758757056
  0.18538843188454882  0.19083509803684315  0.19624899419943195  0.20173410165632880
  0.20789692010567337  0.21395275277415779  0.22447561667631652  0.23874675982038868
  0.25098466789505292  0.25866173832073769  0.26633880874642241  0.27440930515218653
  0.28249733289723522  0.29047216685618449  0.29842013844134091  0.31161188221028452
  0.32656320821689672  0.34372896543158971  0.36192770230691651  0.37489907141690204
  0.38607725794840952  0.39886222536403310  0.41552188437928606  0.43507305173605332
  0.45094857853516307  0.46281877391982984  0.47191377987768862  0.48045965553941511
  0.48903154684012484  0.49892199759309691  0.51884373856001142  0.54518069020439719
  0.55790054887034590  0.56723880586717490  0.57222796768278572  0.57649434876426708
  0.58137715238819987  0.59156577713771041  0.60475543367419249  0.62213788098898370
  0.63280221188470009  0.64205296393922695  0.65221407497134332  0.66217457718510209
  0.66918453784489518  0.67435194983820546  0.67911020345109907  0.68552558028762856
  0.69874974213140406  0.71578719895790210  0.73276469819958545  0.74457433738711643
  0.74885187674806242  0.75439784075372129  0.76148237996696089  0.76833411811904140
  0.77503224363735568  0.78611771902856697  0.79651309646136348  0.80563893715328161
  0.81388265838033425  0.82409131065683738  0.83058952319852930  0.83616798440656559
  0.84419829905120924  0.85451426970222910  0.86266872920897819  0.86904835068068276
  0.87612681327660402  0.88250225119615522  0.88806005272980304  0.89369151213667086
  0.89961707903300103  0.90550575618982276  0.91124557513857118  0.91756263329810095
  0.93064534996040826  0.95045909823579955  0.97197296438078895  1.00000000000000000
  0.03005621495866604  0.03098260795972594  0.03183645685514193  0.03252826782682945
  0.03311275594373522  0.03355024884021544  0.03380872289044407  0.03407339279232102
  0.03435354862306027  0.03462857805040333  0.03485494178225602  0.03508130551410871
  0.03543240522014512  0.03556576680927964  0.03571360517048140  0.03584336877944246
  0.03593838176435585  0.03609194832152764  0.03626623764399496  0.03643850742743487
  0.03666296879587261  0.03689601917162035  0.03711734532077576  0.03733809705090477
  0.03760784175327219  0.03787403505153187  0.03815535220650329  0.03847736465001037
  0.03876357155221944  0.03911535607538384  0.03962735457948307  0.04011821385305565
  0.04055870611409695  0.04093956700738068  0.04126291642756470  0.04159861147229819
  0.04195131693017280  0.04232266735191684  0.04291077216337158  0.04362575194580649
  0.04437629113178181  0.04501426960869746  0.04550165435806140  0.04600124084731674
  0.04654788355201878  0.04725002444555337  0.04817080276273387  0.04918005775386454
  0.05012999047966503  0.05090211999312370  0.05151264154157024  0.05218523824254650
  0.05275227525755503  0.05316588776864212  0.05357047271335744  0.05391197115095748
  0.05416290276259107  0.05436653683954777  0.05458620048777125  0.05481031911946323
  0.05505126205188686  0.05546536630888441  0.05656656695758699  0.05736615084834858
  0.05793598229898630  0.05845621487573142  0.05889012072568953  0.05927760640551904
  0.05985412787195739  0.06045688027050302  0.06114390695073929  0.06169484889600590
  0.06246980356709517  0.06339055124650522  0.06380616056814488  0.06416521977903449
  0.06461033567602606  0.06493686879792236  0.06519228202914772  0.06547356456308652
  0.06575789450261085  0.06663679958198793  0.06815528127996855  0.07114038264867996
  0.07673559498013567  0.08103777071953994  0.08380650247706961  0.08691729449557223
  0.09165290460389944  0.09946454132939918  0.10335029795517370  0.10719627621401992
  0.11225594334702294  0.12289270658906623  0.13555352895484632  1.00000000000000000
 -0.00000041850495456  0.00000601423002966  0.00001117926432098  0.00001623325450726
  0.00002040862567603  0.00002274779042272  0.00002402770277411  0.00002496263529032
  0.00002583716600806  0.00002684938625790  0.00002762725159489  0.00002827867294742
  0.00002898795949823  0.00002956702328685  0.00003030018894456  0.00003087591404881
  0.00003101491667706  0.00003117012710569  0.00003137757889873  0.00003161170776733
  0.00003187735828251  0.00003204086207691  0.00003215838303051  0.00003236919811367
  0.00003268952588768  0.00003300298978005  0.00003329440725956  0.00003359093281504
  0.00003407877149249  0.00003447954288243  0.00003483658069512  0.00003516631223257
  0.00003560091861834  0.00003786659829758  0.00005771144413302  0.00006339996162788
  0.00006478586020981  0.00006563043656586  0.00006625833594374  0.00006685942517631
  0.00006735688522403  0.00006783623424426  0.00006832324591942  0.00006881336978428
  0.00006936700147229  0.00007001776341648  0.00007095241824263  0.00007207442672738
  0.00007351485193832  0.00007481512626080  0.00007594389345101  0.00007703370410954
  0.00007778404769311  0.00007851236877593  0.00007915701742502  0.00008000420710089
  0.00008070080161518  0.00008113441674832  0.00008160453552899  0.00008210249221540
  0.00008250984881133  0.00008289784386328  0.00008421831224069  0.00008641571430539
  0.00008933448492514  0.00009306149287995  0.00009816395937965  0.00010333269063922
  0.00010602668457851  0.00010862973442428  0.00011115376436954  0.00011370221577869
  0.00011547925648815  0.00011714879109783  0.00011947369091992  0.00012186664611190
  0.00012348915067058  0.00012506742135100  0.00012870026040142  0.00013364235551177
  0.00014708554078900  0.00015709929640794  0.00016094458879250  0.00016505555717904
  0.00016973866523259  0.00017503916263858  0.00019651260316329  0.00023502546940289
  0.00027708410847533  0.00033279443217323  0.00041399448857912  0.00050265527100694
  0.00062492832545039  0.00150169343866039  0.47200199929152487  1.00000000000000000
 -0.00003797524801453  0.00024776401352529  0.00031105749451067  0.00036136378367754
  0.00044652525195350  0.00051046051841067  0.00056696416876609  0.00060963959650643
  0.00064915464761434  0.00069307927806696  0.00071883885574461  0.00073801969903452
  0.00077357347352705  0.00081872597049530  0.00089909872545117  0.00099579805958426
  0.00106237644720983  0.00114829229849874  0.00124142638187916  0.00136683497138329
  0.00150125987142024  0.00166079030781484  0.00173981314779938  0.00182552717150992
  0.00190883234325117  0.00200574323148056  0.00215760301184030  0.00229817328527605
  0.00242830591558371  0.00256358027431014  0.00269657374672235  0.00284605468289511
  0.00298576867938599  0.00312846836665198  0.00332308763699129  0.00357827939781259
  0.00380825158949678  0.00398365853738065  0.00412423578012969  0.00427908820032124
  0.00447599888063941  0.00467803420103915  0.00486238378093584  0.00504979375145528
  0.00524144577209339  0.00542582430070297  0.00560041944828634  0.00583487596619482
  0.00615528927907553  0.00651507085836208  0.00694309909117564  0.00723490232539332
  0.00748095857530121  0.00772870526294008  0.00797101472626355  0.00827719097323394
  0.00866199557264148  0.00907116622821214  0.00944694473626812  0.00982928694323179
  0.01026069092157711  0.01069528832149206  0.01112395861650395  0.01140684578943309
  0.01164613074767330  0.01188578302496062  0.01212681264097231  0.01236784225698401
  0.01260817630984812  0.01284813369780250  0.01313019671213274  0.01389465656468392
  0.01469262399257791  0.01564215823305607  0.01727682637891224  0.01954900836987366
  0.02173402474188912  0.02310600821822895  0.02386957192750775  0.02441412851455235
  0.02495101155327331  0.02546467118424115  0.02597371016476126  0.02641561795646372
  0.02685752574816619  0.02758930073891314  0.02816528721766821  0.02867323029034708
  0.02917759803846322  0.02969029606179074  0.03039045210134161  0.03161552750322064
  0.03304969918055413  0.03550240963331357  0.44747117194789066  1.00000000000000000
 -0.00348102472277758  0.01850772838216388  0.03156931290309956  0.04094244450466136
  0.04690164868792136  0.05232840459099133  0.05959748581973921  0.06729286975170078
  0.07510801913117816  0.08152823239823788  0.08328585556124916  0.08577476158761324
  0.08712214583104803  0.08867953641269957  0.09082650422886808  0.09380368899714052
  0.09766085703858396  0.10332404842855716  0.11229331592151874  0.12614759576692419
  0.13898818324370679  0.14718140543599176  0.15624218289896688  0.16562901823261253
  0.17729613249396603  0.19159469641227109  0.20924920353288373  0.22665475299848231
  0.23975159417966418  0.25420230414115175  0.26654129311269237  0.27949845414057173
  0.29435308094309048  0.30389164053249990  0.31228174446089180  0.32324557467750653
  0.33810530497519592  0.35256197188352678  0.36815881296131536  0.38486330762631232
  0.40138126248311806  0.42047980900259452  0.44186469219022256  0.45997976015178971
  0.47568899520136132  0.48937656011304154  0.50282468340524278  0.52023924297798496
  0.54182851390801079  0.56361618416957493  0.58156410531778302  0.59772171430328058
  0.61144370544793547  0.61715517441069867  0.62300152862004909  0.62925228281469414
  0.63640950381223582  0.64556438343106826  0.65536146527130335  0.66616561326092993
  0.67563783684977419  0.68352078945034911  0.69172657546959415  0.70029534591950227
  0.70889230128911285  0.71751881899329273  0.72471193529543432  0.73094333405165390
  0.73571349967770416  0.74004773147466618  0.74675663402615422  0.75327979973073855
  0.75911674559626485  0.76500289155962198  0.77033025707376490  0.77640086325358815
  0.78025413012025324  0.78516059922948389  0.79172722549746399  0.79640523056854706
  0.80076204680627039  0.81348643354220418  0.82457005232628777  0.83462882589329790
  0.84158308668317650  0.84815211246246847  0.85541179783852506  0.86356517107015551
  0.87260315489654827  0.88642626860259555  0.90491877112903119  0.92064970507515564
  0.93376496446373980  0.94743504394837985  0.96597461342652924  1.00000000000000000
 -0.00209024030433789  0.00925338094305031  0.01493207832520635  0.01986866906689834
  0.02457944948558493  0.03049731191689655  0.03595265056093189  0.04080079539568493
  0.04591067635559225  0.05138215651504028  0.05708623870845366  0.06311178386136822
  0.07135504660460065  0.08309100449326398  0.09665853212629462  0.11338500425926307
  0.12976935273716955  0.14488881023497946  0.15987471831716840  0.17194586946159496
  0.17952425762483662  0.18788276175970012  0.19845012200695350  0.21132915822982401
  0.22637321562065860  0.24323710026889744  0.25852387983878616  0.27399578240604083
  0.29028667243032136  0.30585165204236597  0.31700125550366554  0.32422165941068604
  0.33177526832713811  0.34134094341942206  0.34759393275281186  0.35461188056508003
  0.36297488428575875  0.37002023265627737  0.37585520501164121  0.38637015536849401
  0.40180331360409743  0.42200988341739099  0.45219814765467803  0.47729265916464003
  0.49555763054111857  0.51002623719563478  0.52127923001694276  0.53270085223384700
  0.54686533756595035  0.55900981039073738  0.57038006866602253  0.58318344181982917
  0.59491880729451518  0.60265373073524431  0.60962423301467761  0.61706113096146631
  0.62640688350156548  0.63484144440153256  0.64249471401510672  0.65053715377871890
  0.66188052290980126  0.67383082483145451  0.68567426278918320  0.69118445264528239
  0.69602041392213077  0.70153605916228901  0.70658182576278850  0.71064516208275030
  0.71294029946547777  0.71527191132924617  0.71719783103558454  0.72614083094421000
  0.74405074357003620  0.75973157638308997  0.77365422750790025  0.78693204843355780
  0.79848715883584731  0.80374960063900081  0.81329896336201835  0.82322443022223080
  0.83107443872322284  0.83804191808658712  0.84473220858451692  0.84833115449106389
  0.85172507338840331  0.85799607714032489  0.86475700035233261  0.87254210337925620
  0.88431703097541636  0.89709835458348131  0.90846088106120115  0.91914259606336701
  0.93579715293877153  0.96031096711908381  0.98113437378577018  1.00000000000000000
 -0.00387651607179728  0.01752809698235348  0.02561722570995785  0.03042350183896426
  0.03492213541848650  0.03875036459291840  0.04328904987680360  0.05013282633820493
  0.05975236617169861  0.06898504786723118  0.07810709775520258  0.08646251616857409
  0.09489848187173908  0.10366377773124627  0.11600712124935603  0.13360623952887271
  0.14667034694440903  0.15520975511473681  0.16140604363381264  0.16855331661446477
  0.17695062218757504  0.18934188499465970  0.20444763983745301  0.21817591480746626
  0.22368637921006573  0.22843939129564289  0.23219903103899361  0.23488923883058385
  0.23728632955418746  0.24259316816496532  0.25902421599786601  0.28422786336381523
  0.29655329013965509  0.30606799136872209  0.31213610431414895  0.31833414503034246
  0.32564828731041601  0.33597096417076949  0.35133752000192442  0.36989512110457873
  0.38763427855644117  0.39842981511588366  0.40719639944111830  0.41664437445227803
  0.42491526689205433  0.43345859273144993  0.44660846096082124  0.46648982555680896
  0.49150587968577270  0.50883853027003034  0.52145713684486150  0.53220866507901921
  0.54091886946291412  0.55086996322856729  0.56121717004582106  0.56942434407770171
  0.57714101960790487  0.58464423504197671  0.58804399203178581  0.59144819754076150
  0.59487409447455764  0.59828672504514679  0.60166648246365750  0.60534009367850483
  0.60942256012183738  0.61462977177753086  0.62048219129366855  0.62845175069307391
  0.63781679019981896  0.64831316252828541  0.66196202214281574  0.67732610301667195
  0.68963776361076534  0.69985021249379209  0.71241938416083828  0.72310111150468548
  0.73799258508590437  0.74808395732920063  0.75701711216894796  0.76440725425980527
  0.77092498137851329  0.77991216503877414  0.79003321363287271  0.80112697834424096
  0.82248084502483221  0.84989833322448194  0.86959427929882072  0.88492622700555623
  0.89994082907877526  0.91339640108075038  0.92186783116007587  0.92756018372802207
  0.93323506165548120  0.94722416523107045  0.96873380626286232  1.00000000000000000
 -0.00353657858482945  0.01623284595276564  0.02675225614960907  0.03816086140946549
  0.05246438814981452  0.06320730502481933  0.07349673319624371  0.08963897122008425
  0.10575485426757161  0.12017259633580124  0.12911053097476266  0.13663244056155899
  0.14316783269939709  0.15325546339610505  0.16832759482085435  0.17745193903366654
  0.18288093799540325  0.19000589752282143  0.19853832512547623  0.20850057794376678
  0.22063424436728427  0.23287926692324193  0.25479231912020672  0.27596617569681370
  0.29625822915570971  0.31262173799455267  0.32642953189168100  0.33800029612033117
  0.34628842762903500  0.35391093491618575  0.36224555377308304  0.37062801828885394
  0.37894256123597370  0.38988779108991128  0.41095176871990086  0.43448805466604162
  0.45017953848652070  0.46328063749429743  0.47895547302058045  0.49520231350876448
  0.50396597873778048  0.51054918591177489  0.51541090174363391  0.52008738621211315
  0.52415035612795191  0.52937199235596533  0.53690651977824544  0.54659288611914914
  0.55827930251807312  0.56900764233292800  0.57845202638423754  0.58694789007392489
  0.59514868482781369  0.60134007386436561  0.60624488913311958  0.61594638333972240
  0.61946340103030573  0.62292176766248653  0.62826360219453203  0.63245616115867753
  0.63617201082463537  0.64052840150702572  0.64536125128638799  0.65541022805871596
  0.67083847453536394  0.68799104926209154  0.70427994824381590  0.72368602450080133
  0.74255845106271234  0.75571224780409951  0.76124975576366583  0.76662215971386649
  0.77204899003526184  0.77743227188194775  0.78217365303367714  0.79492156506914891
  0.80710466097346623  0.81746872939863080  0.82646494021219830  0.83505715604097164
  0.84384437854634864  0.85390670154854587  0.86124706559491337  0.86923929721267512
  0.87663033189306283  0.88734167287240895  0.90245366940033789  0.92020203323371164
  0.94169689148119340  0.95501399961398070  0.96526865046289712  0.97156235302637350
  0.97749389168151612  0.98317325346206885  0.99054749761361338  1.00000000000000000
 -0.00098266815083792  0.00370841341543924  0.00718797778874801  0.01059311441520154
  0.01314122411133753  0.01717590690273276  0.02085646269526820  0.02399226178141009
  0.02946699290945404  0.04110688155713623  0.04968393527090720  0.05652276209071161
  0.06314949046210590  0.07083858720307200  0.07867995446503082  0.08483009040410081
  0.09098022634317081  0.09991142129873097  0.10926262304746506  0.12138233324606665
  0.13512173609477215  0.14628869354998059  0.15392093578588736  0.15909282438850825
  0.16386424623848017  0.16800253154301126  0.17165798259152124  0.17566981923952427
  0.17971411537503723  0.18347881869931043  0.18759456122055335  0.19278676145437734
  0.19858302112054904  0.20392790233344088  0.20889564502199892  0.21339228367971444
  0.21674602422762723  0.22267644546513601  0.23868920058587439  0.25472699172246233
  0.26854045349901506  0.27947566459650797  0.29171340592279149  0.30498531707414922
  0.32201864195903884  0.34447016183665347  0.36939822864004718  0.38814057831052412
  0.39854426542949389  0.40364124397206885  0.40803048600215014  0.41458606215117538
  0.42922441600090389  0.44590519250623900  0.45814207748827918  0.47096289682444437
  0.49066551142329878  0.51042966323221506  0.52427296537275936  0.53218006619009872
  0.53911385182948224  0.54830912858183178  0.55981717198744918  0.57432065362209928
  0.59362608309143938  0.61765755717994941  0.63377304691441938  0.64759225007870469
  0.65986754124213776  0.67313062853641803  0.69399161986758928  0.71430044970718287
  0.73033314027349117  0.74617590354437247  0.76352077746132041  0.78125175896579457
  0.80038308722145279  0.83138728993771704  0.86161867084520916  0.87137517376956819
  0.87992857561790283  0.88481513245771581  0.88755266568457658  0.88936052048073178
  0.89076127476819233  0.89308407931098799  0.89563363636076943  0.90202933173783073
  0.91127661604230803  0.92182448323808652  0.93812388032053284  0.95390299688155111
  0.96553934646942574  0.97638610410434079  0.98785168266838497  1.00000000000000000
 -0.00241368235816679  0.01035526891884845  0.02267600752854607  0.03257530796782661
  0.04164784355983141  0.05024921469501568  0.06003934802637479  0.06980178057414885
  0.07885772574601478  0.08693449567695273  0.09342235642779065  0.10310470710211782
  0.11468904242116081  0.12895252789437822  0.14879632537663431  0.16710027553517875
  0.18099039861537652  0.19165357294382199  0.19931906275335845  0.20759145645728216
  0.21497767188521424  0.22035334978276194  0.22475236085411485  0.23442939824814166
  0.24878026941376211  0.27246336847276298  0.28596037760477888  0.29746133864680430
  0.30643539442030299  0.31425200102930217  0.32191320282980457  0.32639938805105106
  0.33088557327229756  0.33537175849354406  0.34007165131514788  0.34480656247709496
  0.34890334550783009  0.35189629862368282  0.35619675679761098  0.36185780549894192
  0.36705049475031737  0.37310891844430177  0.38031844013950816  0.38663777785539111
  0.39235527857550329  0.40109651358248360  0.41825446304479386  0.43041163224578799
  0.44585439132212473  0.45403934096107823  0.46138267131541416  0.46783778009442678
  0.47410078476310047  0.48058703159134486  0.48916719426009420  0.49624102023107830
  0.50157469495736584  0.50672406526027203  0.51632227641507189  0.54097533211089377
  0.57116670638594769  0.59051050449345199  0.59942881665933156  0.60602113049789152
  0.61334337392792326  0.62083531688978622  0.62690086124430622  0.63247683071268568
  0.64332971216957313  0.65448526194318357  0.66505890067161688  0.67344476593958680
  0.68199695702820451  0.69310720678862336  0.70987099758663741  0.72882861812465782
  0.74830710880173057  0.76796960865544028  0.78857204685050586  0.81344497026156781
  0.84131664810384366  0.86978748793785310  0.88519521840884474  0.89818322255060368
  0.91194387185071046  0.92228857658930163  0.93144595040011946  0.94029744069445154
  0.94608878780438699  0.95110774341624127  0.95619833352255756  0.96215195033161860
  0.97380704702164667  0.98213377664615720  0.99056747445092574  1.00000000000000000
 -0.00364900358148733  0.01783389952031780  0.03985504448012622  0.06467350687629321
  0.09441472289900341  0.12027679366353400  0.13759573379754350  0.15009309452117489
  0.15887897876382800  0.16950295119480216  0.17900440060127085  0.18695896858010669
  0.19662924759319289  0.20628521061732735  0.22162109739553620  0.24006515151625291
  0.25155141119068586  0.26248415432241889  0.27279625128382440  0.28220928584047716
  0.28884278269437480  0.29674032369720699  0.30356270722605155  0.30763488288715812
  0.31055208435144005  0.31292041718744767  0.31609962737170799  0.32331244660472858
  0.33453498431760004  0.34432307264204526  0.35158342252263625  0.35745090662006940
  0.36102951532801947  0.36549422696080580  0.37068527920182015  0.37806623703613057
  0.38530773679103425  0.39474358240014268  0.40306689279784214  0.41072292223110363
  0.42606324852615129  0.44203148748519766  0.45230993999908714  0.46370892159855304
  0.48005884337468124  0.48699479742022356  0.49452809286975230  0.50047251547071858
  0.50677291326932883  0.51729099147919677  0.53167167424990447  0.53979789624672969
  0.54451429991729461  0.54954776504121561  0.55470608192355653  0.56001546312088057
  0.56537437260490109  0.57234517405587271  0.57948258691475285  0.58602941556273624
  0.59167002221772702  0.60206123107767540  0.61049560341370301  0.61763293138779551
  0.62580115076769705  0.63517915216198084  0.65005289705572999  0.66152442600028249
  0.67261047966075127  0.68476631078570716  0.69604040185396299  0.70765501127171515
  0.72302428832911025  0.74022367592254379  0.75436422464531017  0.76224855013066417
  0.77101960917259371  0.78022315026951405  0.79053919570071074  0.79516866612085058
  0.79902356948057762  0.80245245401592646  0.80591341307070541  0.81608822447282126
  0.83250321987354015  0.84745964951613018  0.86374675455219996  0.88116580029618163
  0.90603373794587605  0.92961895443425158  0.94731721844328132  0.96091587118006438
  0.96977524401328208  0.98345352078765458  0.99388415244985362  1.00000000000000000
 -0.00146583405537970  0.00746937497523685  0.01482597646063533  0.02066050971752025
  0.02651038507678909  0.03242896978862346  0.03789794279070493  0.04204832210847603
  0.04775334697884341  0.05564559921265875  0.06718071434479586  0.07815113939140451
  0.08902455705403814  0.09938928892911436  0.11050060821752535  0.12106174588408930
  0.12939848061013526  0.13345675902772411  0.13840781289038914  0.14224344996422308
  0.14472556552298593  0.14831823347259060  0.15355589311791651  0.16146780058022553
  0.16956456675515946  0.17863574460800424  0.18728718954395721  0.19609360809506771
  0.20637576105866270  0.21891960712415223  0.23422346890372736  0.24489163375575310
  0.25253741609695085  0.26320553036758138  0.27357318258280305  0.28541062967117392
  0.30913937798275531  0.33863115428243756  0.35476305355889370  0.36195566751625607
  0.36959857186913603  0.37884603721781346  0.38780731355685000  0.39613158365721124
  0.40170777667101909  0.40510171477301954  0.40849565287501993  0.41323387382937421
  0.41820025941171074  0.42325871100942386  0.42890075491498364  0.43454279882054347
  0.44579277552061786  0.46211757176639823  0.49600570235942854  0.52022897107534294
  0.53459139077457363  0.55015634082124232  0.56981870870009454  0.59057922577065880
  0.60990977708503713  0.62922036689644600  0.64745002499660809  0.66204888205835766
  0.67386040509274436  0.68016890570305755  0.68511061970379616  0.69081869315230937
  0.69851429707178403  0.70712695598164632  0.71669613303963853  0.73057678317278285
  0.74113439468945863  0.75056938449288868  0.75848346107611953  0.76651483185250557
  0.77538092627888677  0.78887264275775704  0.80457281426990968  0.82015908448662722
  0.83578196940736071  0.85151803921403535  0.86817137252496979  0.88609419271622203
  0.89979729846172563  0.91056502485170965  0.91857294588654970  0.92575738040498301
  0.93212698389097781  0.94734610048552736  0.95531075766107221  0.96123355818370249
  0.96636119649860863  0.97673437386129613  0.98621853812338944  1.00000000000000000
 -0.00731201677312662  0.02634290865374421  0.04022218840213710  0.05114376314501239
  0.06088326847611857  0.06785174968323787  0.07558457302333613  0.08618561534746794
  0.10109796722166892  0.12089177782180924  0.14627680935968398  0.17334814501132009
  0.19847413662653671  0.22203183857930742  0.23305516493349171  0.24103392453708872
  0.24798446172342214  0.25640572572503645  0.26576460490324816  0.27415013854098075
  0.28282616732231564  0.29170624909569159  0.29942116393859897  0.30665806461665740
  0.32324336529522069  0.33768531529861784  0.35326397253712427  0.37066468942246533
  0.38990403182934014  0.40935536851327348  0.42895674454959731  0.44582255849949848
  0.46013679657964085  0.46881228221151872  0.47766556207443722  0.48899882796775002
  0.50237720927898877  0.51615863092029601  0.52623417524629135  0.53520622172249810
  0.54725133076516852  0.56293268107139116  0.58165970183692473  0.59877923539717848
  0.60586736418044917  0.61188443605386933  0.61726449952931950  0.62262339725291960
  0.62901931319150728  0.63890713763140505  0.64998334449542206  0.65845713922663540
  0.66533703951814882  0.67568606601418268  0.68521163303891108  0.69105448064301489
  0.69673310644813702  0.70125917552667538  0.70658493497278652  0.71046717014104366
  0.71344205975303687  0.71484912683031887  0.71715071754281012  0.72376915364661176
  0.73015411219330972  0.73619190499826714  0.74611034110918895  0.75692900569029131
  0.76782537960095076  0.78084223677491715  0.79738569082466759  0.81542770935565168
  0.82609167613345802  0.83703503653999745  0.84981619855671819  0.86482633914161378
  0.87584431595147672  0.88288941007934196  0.88947367774049380  0.89682849505415174
  0.90355074244433708  0.91131459610769228  0.91883983868512875  0.92645720854439240
  0.93473835722986887  0.94357233158716658  0.95071418001723407  0.95538207511329520
  0.95945473003790938  0.96280467947661785  0.96539293563367279  0.96810951136442946
  0.97141420560967318  0.97603332895586969  0.98480241794175716  1.00000000000000000
 -0.00548378975109415  0.01554730668538932  0.02994867774263543  0.03968905473928078
  0.04681702637408743  0.05441725011421328  0.06267096548610827  0.07074662708349778
  0.08218723159799311  0.09400520756968027  0.10254642568891756  0.11333702737918899
  0.13067439012468632  0.14426664470500944  0.15239951190895931  0.16006428534324627
  0.16712078190695739  0.17263251745630817  0.17834061836668927  0.18585988306179060
  0.19470431700465918  0.20123902219004203  0.20756128990657505  0.21343442940914750
  0.21929382392568517  0.22511279107935833  0.23156481221111094  0.24116498837925224
  0.25643339101228085  0.28279828037562788  0.30789071004280461  0.32922703214363258
  0.33778709402784257  0.34660379477135433  0.35681274995250850  0.36544779811148798
  0.37300568587597016  0.38017981316028415  0.39849415164473623  0.42067686136543148
  0.44380645318276346  0.46285669695876308  0.47851120171297701  0.49393726663355564
  0.50575628940784534  0.51597809151754781  0.52300893129676895  0.52858244985824698
  0.53765509843742176  0.55145848411237286  0.56524790291491411  0.58014984841967832
  0.59847309222359124  0.61022835160891464  0.61902963540852263  0.62519411464715879
  0.63020345105250508  0.63412044234689635  0.63802085360150773  0.64250838409986255
  0.64715047025085071  0.65144131792778182  0.65557847025677163  0.66326269737493537
  0.66980219267998831  0.67442301301934893  0.67976124751650824  0.68537896548087507
  0.69208929539016895  0.70341378964760448  0.72259745280166843  0.73211954841858973
  0.73685341201547694  0.74114305370106914  0.74519412223214376  0.75065996230708365
  0.75865358573035802  0.76805733507676455  0.77769940985115793  0.78472306068775410
  0.78852587758612669  0.79343419367399315  0.80345350670981275  0.81151267483303058
  0.81877932880451265  0.82861492516821600  0.83917042020311727  0.84884763603407365
  0.87429283533123769  0.90183456343055446  0.92174587133559494  0.93489895944943413
  0.94646571133327828  0.95769379702407420  0.97285236846165080  1.00000000000000000
 -0.00236193253982840  0.00868458256647464  0.02249338645715952  0.03318138447418612
  0.03833554598545136  0.04308836662384709  0.04835141046604439  0.05507259722117121
  0.06236368873516240  0.07142909125798955  0.08034862025666042  0.08856010545343651
  0.09624675205192718  0.10496455418960753  0.11407597472469518  0.12635961636224463
  0.14269755579362162  0.15114629974409058  0.15658547384798707  0.16142098012686187
  0.16636834254415864  0.17107332240981468  0.17496066926468862  0.18384458540749304
  0.19389145767702881  0.20530767716876228  0.21795292952314929  0.23262784793565797
  0.24940141879678696  0.26665477464095338  0.28074855033265544  0.28863737964552366
  0.29534494492672325  0.30202757271915404  0.31046917374536609  0.32386301583092020
  0.34291086185617126  0.35351249200103496  0.35823209899953679  0.36311029046919768
  0.36956814794674564  0.37819998315937198  0.39004952589472902  0.39941331022893245
  0.40509013755856815  0.40957315962741420  0.41185095304138669  0.41862661809725471
  0.42554306523619395  0.43235070275608495  0.43909864034373774  0.44728832243377437
  0.45710407885563625  0.46737510207621336  0.47848052220554960  0.48958612626059794
  0.50485722959020063  0.52012833291980332  0.53672371269913088  0.55359085867554658
  0.57012350204445494  0.58648901967801459  0.60612401598872634  0.61687610297623641
  0.62506695015883573  0.63378843472569690  0.64377483423931281  0.65461144194797627
  0.66614421166056115  0.68292217239186170  0.70125539206757781  0.71610503673277370
  0.72664697043713822  0.73703120248933029  0.75118444116899397  0.77171247643293961
  0.78387108507535064  0.79362783419068739  0.80139290215729253  0.80955324566948195
  0.82292847428463844  0.83794221104914446  0.84643102134331460  0.85300960304484408
  0.85997292361170419  0.86711311249354983  0.87813107387592282  0.89362548620326177
  0.91335463363519964  0.93049171988894408  0.94669782572888328  0.95865063155495345
  0.96961299313337190  0.97890024849913915  0.98898165617283551  1.00000000000000000
 -0.00385822265930245  0.02180612598140399  0.04467071317601980  0.06739287800793996
  0.08132031422250698  0.09083229972778355  0.10354781333104107  0.11831150914970952
  0.13673817804989843  0.15265278128370860  0.16397184715343063  0.17533636001289807
  0.18315014565008944  0.18884176667846567  0.19154747165052732  0.19432026938234068
  0.19873616927887772  0.20315206917541476  0.20794428332710252  0.21276925855438836
  0.21747585865954477  0.22215137101969770  0.22674869647672785  0.23156186680886878
  0.23726671799744903  0.24700225165267439  0.25966410378550625  0.27278763228686848
  0.28476778832975924  0.29483165276152029  0.30560597237980403  0.31746632678569098
  0.33173483682097460  0.34981569283790126  0.37014713230438395  0.38296036703716557
  0.39047694917136311  0.39794838486336831  0.39993114937511282  0.40310194221915380
  0.40963325590831673  0.41516429799194293  0.42093326233317191  0.42691853927014256
  0.43707307009993851  0.45862523622013618  0.46769018936230544  0.47732175245168729
  0.48753409213455068  0.49733376111101030  0.50738637905812745  0.52146801274799393
  0.53368701481136149  0.54349660232630459  0.55516209820577500  0.56596676580771832
  0.57873624712489657  0.59271850830360095  0.60817602898638956  0.62484838675028020
  0.64015315546875107  0.65132203233444530  0.65643866698207243  0.66102991690230362
  0.66491922932438108  0.66795759931704501  0.67140293487770930  0.67484827043837370
  0.67933536064821742  0.68385220648910316  0.68917060825429544  0.69454717464680171
  0.70804959472615880  0.71407782445791901  0.71715340774708325  0.72226301118868919
  0.72816169169134481  0.73196175504165339  0.73669114661265112  0.74351535314234207
  0.74955043769363972  0.75840655115929068  0.77109181452184272  0.78743785453308246
  0.81300943088913191  0.82934702500423396  0.84457262255890431  0.85719018968353511
  0.87239809332529294  0.89034271664793185  0.90825282678065378  0.92632912990875615
  0.94412187129331893  0.96285959235934060  0.98039343941829360  1.00000000000000000
  0.03130151557507402  0.38172255338835398  0.44736005852329813  0.47335132017183951
  0.49497386782459230  0.50729931127798811  0.51436207690713864  0.52068453614613797
  0.52616668610372330  0.53234744969483772  0.54012589260502353  0.55169966921132096
  0.56259400095086665  0.57169757059948134  0.57979686315350454  0.58507012539705161
  0.59135750918282248  0.59616911952336105  0.60133617547839868  0.60691566911687855
  0.62000866206414451  0.62861858854424335  0.63510866385142617  0.64399305890950809
  0.65109524311522915  0.65926285897638104  0.66927813212514231  0.67686506954766856
  0.68203279342624745  0.68493522772209137  0.68902240149072302  0.69454312445814448
  0.70229487521629930  0.70994385435499407  0.71557877125001312  0.72053354521923618
  0.72455951315817613  0.72898823570342386  0.73283646016487203  0.73605008552768358
  0.73934656826644729  0.74217046759291971  0.74505405870556496  0.74974427833987201
  0.75239007494056376  0.75505890880874915  0.75831657530121011  0.76157424179367117
  0.76390687071567542  0.76617369035181160  0.76980535662421279  0.77355088521124216
  0.77660014601685068  0.78049825410164331  0.78492393475457922  0.78714697919060372
  0.78867694231204544  0.78985765015741405  0.79101928929579890  0.79243392045925187
  0.79510578471601145  0.79780320277077987  0.80149046885671149  0.80635351088831786
  0.81152598079306759  0.81575892065329136  0.81906970784041422  0.82159148663740789
  0.82393499152583383  0.82613485563655642  0.82712185588936404  0.82806424910426402
  0.82886838466639290  0.82964860869215473  0.83033371258173483  0.83109022601540949
  0.83224148308583545  0.83355640577668022  0.83467402853176442  0.83678922458905092
  0.84143025874713384  0.84775100406188686  0.85552376724902124  0.86262416628128202
  0.86761762099680384  0.87199261899982461  0.87751209731143132  0.88226848498758836
  0.88461792722589394  0.88705681975973050  0.88946119896115017  0.89147099914672479
  0.89536786940814017  0.90131942385783193  0.91606064230079109  1.00000000000000000
 -0.02941662831213603  0.13294387385107656  0.17934523960870974  0.20513634008526113
  0.22635641615809557  0.24411876216047074  0.26761874903785915  0.28551298096231198
  0.30164363778963321  0.32044978967454041  0.34030221844672603  0.35250584795511969
  0.36255330535305358  0.37220458426650455  0.37954439300521087  0.38907634200491759
  0.39781895000129142  0.40869223018492895  0.41769684235007609  0.42530755556330796
  0.43226258863298167  0.43880346940260118  0.44592560388585889  0.45618608881377126
  0.46925192572853625  0.47956646748645371  0.48471461845065472  0.48786336579857376
  0.49008916108122075  0.49251879615403799  0.49711385831609389  0.50541677991916067
  0.51213068470879708  0.51779503938531746  0.52285266308989242  0.52711885856627505
  0.53093145462013613  0.53534007707960563  0.53872896267444326  0.54152611849981336
  0.54376990961824911  0.54580210572293197  0.54837439496858231  0.55143385154921309
  0.55634082765170279  0.56125213000130580  0.56634490059068321  0.57240557224714417
  0.57882263518254884  0.58558192448380109  0.59152768838841951  0.59617749397138797
  0.60183179585172664  0.60842827053213810  0.61636901289540102  0.62436641455406949
  0.63168259037080321  0.63760191622260554  0.64568145002328081  0.65477251974220019
  0.66410318626432974  0.66887995955859092  0.67286254534529777  0.67647696830746740
  0.68009139126963691  0.68508260782619990  0.69017596809576887  0.69538551890453781
  0.70030834676732567  0.70472625862436467  0.70908070421544078  0.71502199262407318
  0.72136503252765038  0.72689123879511908  0.73152145166587934  0.73611220315276593
  0.74059917828426058  0.74508615341575524  0.74829331833033519  0.75132634167356060
  0.75606441687515791  0.76388962949315531  0.77351835508171596  0.78137566204460118
  0.78959324748588666  0.80073579819629970  0.81813710203506107  0.83643882197569863
  0.84928169982354051  0.86191238695275152  0.87232688624296628  0.88313279205020456
  0.89506411455435031  0.91059202415548612  0.93921189528584970  1.00000000000000000
   5.4389412737557415E-017  -1.0000000000000000     
 T F F F F F F F F F F F F F F F F F F F T F F F T F F F F F F F F F F F T F F F T F F F F F F F F F F F F F F F F F F F F F F F F F F F F F F F F F F F F F F F F F F F F F F F F F F F F F F F F F F F F F F F F F F F F F F F F F F F F F F F F F F F F F F F F F F F F F F F F F F F F F F F F F F F F F F F F F F F F F F F F F F F F F F F F F F F F F F F F F F F F F F F F F F F F F F F T F F F F F F F F F F F F F F F F F F F T F F F T F F F F F F F F F F F T F F F T F F F F F F F F F F F F F F F F F F F F F F F T F F F F F F F F F F F F F F F F F F F T F F F T F F F F F F F F F F F T F F F T F F F F F F F F F F F F F F F F F F F F F F F F F F F F F F F F F F F F F F F F F F F F F F F F F F F F F F F F F F F F F F F F F F F F F F F F F F F F F F F F F F F F F F F F F F F F F F F F F F F F F F F F F F F F F F F F F F F F F F F F F F F F F F F F F F F F F F F F F F F F F F F F F F F F F F F T F F F F F F F F F F F F F F F F F F F T F F F T F F F F F F F F F F F T F F F T F F F F F F F F F F F F F F F F F F F F F F F
  <DiscreteSampler_grid>
  grouped_processes
  1 # 1 for a reference and 2 for a running grid.
  10 # Attribute 'min_bin_probing_points' of the grid.
  1 # Attribute 'grid_mode' of the grid. 1=='default',2=='initialization'
  0.0000000000000000 # Attribute 'small_contrib_threshold' of the grid.
  0.5000000000000000 # Attribute 'damping_power' of the grid.
 # binID   n_entries weight   weight_sqr   abs_weight
    16   10   8.444179435718326E-016   3.305397905434535E-030   8.444179435718326E-016
    17   10   8.444179435721512E-016   3.305397905437012E-030   8.444179435721512E-016
    19   10   1.765317677002745E-015   2.592089376659476E-029   1.765317677002745E-015
    20   10   1.765317677003196E-015   2.592089376660761E-029   1.765317677003196E-015
    22   10   1.223247791758298E-015   1.136467678004622E-029   1.223247791758298E-015
    23   10   1.223247791758706E-015   1.136467678005381E-029   1.223247791758706E-015
    28   10   8.859214641931246E-016   6.148402116197530E-030   8.859214641931246E-016
    29   10   8.859214641932762E-016   6.148402116199832E-030   8.859214641932762E-016
    31   10   1.133226768418821E-015   8.154001217987902E-030   1.133226768418821E-015
    32   10   1.133226768419149E-015   8.154001217992700E-030   1.133226768419149E-015
    34   10   1.196092058804925E-015   8.123597616426296E-030   1.196092058804925E-015
    35   10   1.196092058805211E-015   8.123597616430892E-030   1.196092058805211E-015
    40   10   8.444179435718355E-016   3.305397905434550E-030   8.444179435718355E-016
    41   10   8.444179435721534E-016   3.305397905437033E-030   8.444179435721534E-016
    43   10   1.765317677002743E-015   2.592089376659473E-029   1.765317677002743E-015
    44   10   1.765317677003194E-015   2.592089376660755E-029   1.765317677003194E-015
    46   10   1.223247791758298E-015   1.136467678004621E-029   1.223247791758298E-015
    47   10   1.223247791758705E-015   1.136467678005379E-029   1.223247791758705E-015
    52   10   8.859214641931257E-016   6.148402116197535E-030   8.859214641931257E-016
    53   10   8.859214641932759E-016   6.148402116199834E-030   8.859214641932759E-016
    55   10   1.133226768418819E-015   8.154001217987869E-030   1.133226768418819E-015
    56   10   1.133226768419143E-015   8.154001217992643E-030   1.133226768419143E-015
    58   10   1.196092058804927E-015   8.123597616426287E-030   1.196092058804927E-015
    59   10   1.196092058805211E-015   8.123597616430955E-030   1.196092058805211E-015
    64   10   8.444179435718291E-016   3.305397905434497E-030   8.444179435718291E-016
    65   10   8.444179435721533E-016   3.305397905437028E-030   8.444179435721533E-016
    67   10   1.765317677002742E-015   2.592089376659469E-029   1.765317677002742E-015
    68   10   1.765317677003194E-015   2.592089376660764E-029   1.765317677003194E-015
    70   10   1.223247791758296E-015   1.136467678004620E-029   1.223247791758296E-015
    71   10   1.223247791758705E-015   1.136467678005385E-029   1.223247791758705E-015
    76   10   8.444179435718306E-016   3.305397905434509E-030   8.444179435718306E-016
    77   10   8.444179435721542E-016   3.305397905437037E-030   8.444179435721542E-016
    79   10   1.765317677002742E-015   2.592089376659473E-029   1.765317677002742E-015
    80   10   1.765317677003193E-015   2.592089376660762E-029   1.765317677003193E-015
    82   10   1.223247791758296E-015   1.136467678004621E-029   1.223247791758296E-015
    83   10   1.223247791758703E-015   1.136467678005382E-029   1.223247791758703E-015
    88   10   8.859214641931223E-016   6.148402116197504E-030   8.859214641931223E-016
    89   10   8.859214641932774E-016   6.148402116199849E-030   8.859214641932774E-016
    91   10   1.133226768418822E-015   8.154001217987895E-030   1.133226768418822E-015
    92   10   1.133226768419140E-015   8.154001217992566E-030   1.133226768419140E-015
    94   10   1.196092058804927E-015   8.123597616426283E-030   1.196092058804927E-015
    95   10   1.196092058805205E-015   8.123597616430798E-030   1.196092058805205E-015
    100   10   8.859214641931234E-016   6.148402116197511E-030   8.859214641931234E-016
    101   10   8.859214641932790E-016   6.148402116199876E-030   8.859214641932790E-016
    103   10   1.133226768418818E-015   8.154001217987852E-030   1.133226768418818E-015
    104   10   1.133226768419142E-015   8.154001217992615E-030   1.133226768419142E-015
    106   10   1.196092058804926E-015   8.123597616426269E-030   1.196092058804926E-015
    107   10   1.196092058805206E-015   8.123597616430856E-030   1.196092058805206E-015
  </DiscreteSampler_grid>
