  0.02304412575974294  0.03658417250784912  0.04887704092518801  0.05997047868331856
  0.07036722091428368  0.07917396301636564  0.08898999800012841  0.09897920419646108
  0.10816173953735168  0.11788715394093775  0.12761989463908349  0.13557875756436810
  0.14542763742699180  0.15331567623947992  0.16311718260056812  0.17265461478142533
  0.17817217398862978  0.18334259275945669  0.19025261420519826  0.19908484726924874
  0.20926496409549553  0.21988918498696419  0.22730750370748604  0.23361017222584562
  0.24031226777087425  0.24941520189174413  0.25893040028728065  0.26452939289688510
  0.27063096288791150  0.27830660557948100  0.29155681362516550  0.30451608647464101
  0.31646213838760878  0.32590569576040423  0.33433109453382104  0.34237572160837521
  0.35247365831090882  0.36289294439822856  0.37296719046580762  0.38326971442710439
  0.39559979617149510  0.40802176534445567  0.42290580714588977  0.43692769557097166
  0.45102355290366603  0.46541840045752797  0.47845850919679234  0.49065370808039055
  0.49941622866683677  0.50994378624147907  0.52061551257594063  0.53278244774667238
  0.54687610658009567  0.55981756389269544  0.57158784240412119  0.58224481623932500
  0.58890182533763802  0.59392248000975778  0.59995526112567343  0.60770915199943298
  0.61533880727638923  0.62052919248174221  0.62509156284397460  0.62989506202589152
  0.63630497155582344  0.64100757456239699  0.64671075036118253  0.65707644006529131
  0.66941509929889542  0.68003196613080708  0.68845305362449949  0.69683110422002181
  0.70468238841551079  0.71530231793070587  0.73023906436536590  0.74763550776889065
  0.76526738170427844  0.78205303216082001  0.79582745487754447  0.80618066268312061
  0.81957112179166558  0.82985625714218114  0.84011361252924721  0.85048627945300581
  0.86172191409529852  0.87403962205234309  0.88582956963688364  0.90000774943226491
  0.92050333750389302  0.93579193090528079  0.94556677484001150  0.95263517069179837
  0.95879446340645413  0.96455573462101774  0.97085737188213450  1.00000000000000000
 -0.00000062943337589  0.00000520319369227  0.00000887598858623  0.00001185859459440
  0.00001368555274324  0.00001604269774354  0.00001871418852220  0.00002526863313574
  0.00004073717580885  0.00007268440181299  0.00012095350390742  0.00015691419524483
  0.00018540046496884  0.00020949601276842  0.00023466648487459  0.00026308623191388
  0.00029657042388974  0.00033896519345087  0.00038669418349401  0.00043036579291799
  0.00046627648351056  0.00049881602595608  0.00053077731786769  0.00056191022748176
  0.00060132603352369  0.00064286387982056  0.00068770338377143  0.00073060636717250
  0.00076159691756360  0.00078575402030335  0.00081068915096700  0.00083522986323746
  0.00086322685538785  0.00089879435643912  0.00094186495745516  0.00098122241493834
  0.00101230442292971  0.00104129135972420  0.00107057297434710  0.00110522236456652
  0.00114438598017648  0.00117840698551577  0.00120620925903841  0.00123241237684887
  0.00126825566714641  0.00130646918562269  0.00134102061905220  0.00137425942178093
  0.00141157145639984  0.00144790732153925  0.00148761873786758  0.00152481608990738
  0.00156151740117526  0.00160103834169074  0.00164569384340511  0.00169636410576295
  0.00175402404534249  0.00181216510352507  0.00184882034139354  0.00188749224637145
  0.00192465473659844  0.00195919835102596  0.00199251350924194  0.00203408601664427
  0.00207819500299368  0.00212256068674851  0.00216882393375124  0.00221649588260167
  0.00228650865419007  0.00237734859549204  0.00248758270575434  0.00262517155805115
  0.00276692400887948  0.00291539090676277  0.00306333651041461  0.00320917206097950
  0.00336442266600616  0.00354733113352715  0.00375661154174305  0.00397300971779056
  0.00417953774614200  0.00437223057054851  0.00454488872203109  0.00468309387593643
  0.00483777134861434  0.00500942481719641  0.00521151089563018  0.00546680223997561
  0.00580489579158701  0.00631318618516168  0.00709309199642194  0.00807562257280093
  0.00942587278241456  0.01212363508108334  0.02736443589805602  1.00000000000000000
  0.00005663091166112  0.00037475894315536  0.00055911644103134  0.00069783135768750
  0.00085023249589728  0.00105708615773166  0.00138156735096769  0.00162398491734621
  0.00178986665857504  0.00194668857658907  0.00217724351562095  0.00246887668888949
  0.00277923230151900  0.00306896693956584  0.00328452736015671  0.00347299082552112
  0.00366405508045256  0.00387914265456049  0.00413119847510989  0.00437851107972654
  0.00456040288076681  0.00470088865340035  0.00481325466439896  0.00493944789329371
  0.00508077540531885  0.00523974236805566  0.00538411772964069  0.00552876455672035
  0.00569228545014728  0.00589752085225886  0.00608115692227493  0.00622237171574928
  0.00637064210749154  0.00652628402705727  0.00663119389297421  0.00672990538668390
  0.00681962964400868  0.00695101386496266  0.00710703713458565  0.00720926066753087
  0.00730010790950671  0.00739372371765477  0.00749738803436921  0.00761620240891984
  0.00772661063027398  0.00782070654947263  0.00792229815291835  0.00807477706122871
  0.00825796048874429  0.00840492761946988  0.00853816486032068  0.00868333276590171
  0.00886016599807090  0.00902785174856734  0.00919499503401934  0.00937142627155783
  0.00956782870756365  0.00978198350473742  0.01000292166508966  0.01017685751396238
  0.01035016620966200  0.01054973575549013  0.01076996717667338  0.01100592037341716
  0.01124875311635446  0.01146978604879752  0.01167783926960649  0.01188984389054953
  0.01211789174021701  0.01235206028760516  0.01260089448529777  0.01287281685503274
  0.01316682317088721  0.01348495261103612  0.01379535732106508  0.01411960869348820
  0.01443004860674427  0.01471377118404334  0.01506108968681891  0.01541449835982872
  0.01577500255572052  0.01618414721733466  0.01658018997868799  0.01697204070404279
  0.01738066587202035  0.01789686356208311  0.01847025074713032  0.01910207744464452
  0.01981292326670779  0.02057618325091634  0.02142450124792089  0.02233952895512856
  0.02336721985518507  0.02475684316788387  0.02819137656074921  1.00000000000000000
  0.03043289924646933  0.03051238395649782  0.03057161299876140  0.03065384543964640
  0.03073660500972960  0.03080850847318929  0.03088342309593344  0.03096829323550847
  0.03107351345368281  0.03118353179692257  0.03128699072557419  0.03138748284779828
  0.03148951526188397  0.03161333489447632  0.03175223177939739  0.03188965972189019
  0.03197879254054836  0.03206337914063825  0.03214748433268247  0.03223407849579706
  0.03234273928295993  0.03248062321954711  0.03260087711324021  0.03269625846268832
  0.03277463531666057  0.03286216315647655  0.03295477916343278  0.03306235453906393
  0.03319874947544448  0.03334787691264676  0.03348174983955707  0.03361874402043135
  0.03371518675232847  0.03385375800418852  0.03399486330015821  0.03415066679948263
  0.03433777675397131  0.03450781575454172  0.03464871333027469  0.03477281381282995
  0.03490193996284394  0.03506214746397276  0.03526149079896885  0.03555735961429658
  0.03584956329424363  0.03611984186031697  0.03636427579787458  0.03660784255659572
  0.03686329088906436  0.03709535203220107  0.03732478033626854  0.03755582503168828
  0.03773130482211017  0.03796551267153278  0.03812529942222709  0.03829581097372117
  0.03845763936915984  0.03863633851495838  0.03887827908178677  0.03915084560438586
  0.03944403564947465  0.03971032069703529  0.03997932413862786  0.04027742669795953
  0.04061963269220763  0.04098890132626049  0.04134625158849462  0.04171380050391982
  0.04211197131260506  0.04251011749040961  0.04289743721663310  0.04327283831737272
  0.04366395755825467  0.04407061843863328  0.04451188699404703  0.04505004720320939
  0.04564202090990763  0.04619558676317936  0.04674165333231254  0.04733347791456648
  0.04808439182162158  0.04886116412063930  0.04959872542762755  0.05011503521939120
  0.05064114494919656  0.05120766525395187  0.05192591894798482  0.05273997285702831
  0.05338517544690369  0.05433289513197696  0.05546567648446891  0.05683859870664098
  0.05847954591346601  0.06090757986556503  0.06372978092893337  1.00000000000000000
  0.93513961831636172  0.93878534979907102  0.94014933959554670  0.94091121190972682
  0.94145818298710726  0.94200482800587038  0.94254899071679132  0.94327224060742765
  0.94426693558447761  0.94527831381807748  0.94623868873512473  0.94703917858156861
  0.94773424944039253  0.94842745313748567  0.94907890467368616  0.94967987586808111
  0.95024649869461397  0.95078717709774963  0.95159578438547199  0.95199681588433160
  0.95227032778968201  0.95249021073133677  0.95265992576193359  0.95283416066898030
  0.95299519319498327  0.95322916782354195  0.95353203950569621  0.95374630662071358
  0.95390161382338745  0.95408582291424782  0.95426941035821999  0.95457026442168302
  0.95493608463850665  0.95527542917294517  0.95565120133146209  0.95601636066879803
  0.95634377626610567  0.95663027699298497  0.95691497166041450  0.95719855226655770
  0.95748590238102727  0.95775607416005548  0.95801790089182048  0.95832190786077542
  0.95864715483793028  0.95888172056180798  0.95909658900019945  0.95931179156573465
  0.95955629671925158  0.95987182605016841  0.96012984546617974  0.96031378749614482
  0.96047528124504233  0.96064241545050444  0.96088072654432377  0.96115124621309167
  0.96136391037837032  0.96152258593578210  0.96167059707871860  0.96182431121828038
  0.96200490157633545  0.96218193265604313  0.96234242075576804  0.96251135694986101
  0.96269060485656366  0.96291507266388887  0.96315605732721721  0.96337794397800081
  0.96356957076518468  0.96374805190880042  0.96393587509567591  0.96413131009031583
  0.96430529456683889  0.96448476417445550  0.96468047420317748  0.96489011349916820
  0.96509674308015980  0.96529693893220692  0.96549873589919022  0.96572036607019152
  0.96593594779284786  0.96616513482100541  0.96636713362390847  0.96657230667818006
  0.96678314723484504  0.96699951650407945  0.96724512726801826  0.96744231483409182
  0.96762251350502437  0.96779049608311418  0.96794993985442435  0.96813285500697188
  0.96833622318583856  0.96854180170518844  0.96874567540752821  1.00000000000000000
 -0.00436588982610931  0.02051976201473600  0.02657697190125419  0.03329914354613218
  0.03898801801780478  0.04462555379104370  0.05213035230985139  0.05856322517239256
  0.06442744494384607  0.07314977359288917  0.08248115321693156  0.09281760059668537
  0.10397676247707328  0.11299633782317124  0.12105338076934916  0.12883305480738472
  0.13729680681531023  0.14759068100220893  0.15817498634591204  0.16985786800337868
  0.18170011090210328  0.19142069685741508  0.19912901972200445  0.20546625605524813
  0.21171530193811713  0.21778617089811786  0.22772417782291923  0.23969990226661328
  0.24813775943640662  0.25475585951487900  0.26226982395950676  0.26902828693545822
  0.27918154929889522  0.28976453353926135  0.30044087258740260  0.31094310738089614
  0.32111940818739820  0.33176359495726615  0.34369322226461280  0.35699039644337965
  0.36981895663858316  0.38230605651710531  0.39412438797396870  0.40381824569404084
  0.41117182646012435  0.41953799018994847  0.43058481706082130  0.44048519495310084
  0.44911121181433389  0.45470526512189718  0.46463137674732424  0.47545044899207406
  0.49209772643261240  0.51067780287143827  0.53170672545364506  0.54887389853210988
  0.55722434903523199  0.56385372566259617  0.56919865882826337  0.57478555569985068
  0.58107310417734126  0.58753035785736418  0.59494383475327861  0.60427258605967060
  0.61190662530473428  0.62184775999535180  0.63187873357453839  0.63926456448836944
  0.64644383326148502  0.65339901490640195  0.66094908354247761  0.66949327268811565
  0.68262637625388822  0.69709359453937259  0.71339657380066268  0.73049332510251996
  0.74807557557416737  0.76615168560393765  0.78379515407799616  0.80096455897208008
  0.81514543833751296  0.82894091093543187  0.84304835249949861  0.85778197180612603
  0.87922223839101843  0.89732123458800983  0.91345510669834529  0.92598907514038831
  0.93645982631104008  0.94651485108748057  0.95915681766760419  0.97257664576017633
  0.97968514770236925  0.98532109438594806  0.99142477147498287  1.00000000000000000
 -0.00482947176227400  0.00846158648188401  0.02091322522692413  0.02905389676509631
  0.03671994913734573  0.04389423104514442  0.05114436932638708  0.05952751542610867
  0.07033984405591079  0.08271587251133229  0.09498287730141458  0.10540995617734049
  0.11317821447169701  0.11999005619513702  0.12678380108766671  0.13334719136972045
  0.14105523105516204  0.14747946225161526  0.15566502451693365  0.16307287289390848
  0.16946289020170685  0.17511396162849946  0.18296994977949330  0.19446737304484629
  0.20259684481880694  0.20960880609809879  0.21661860957223922  0.22411118518933135
  0.23195148674384844  0.23780970405918131  0.24379526182158809  0.25413501230074459
  0.27017152980091114  0.28746873087693237  0.30395028009639158  0.31887328769985646
  0.33234958035877399  0.34703533498308886  0.35822240956128010  0.37028112714687972
  0.38286179639712314  0.39653822948146528  0.40931641471496893  0.42149869767830211
  0.43279152073497085  0.44465632204412620  0.45450536813053899  0.46446417718462846
  0.47449458993771931  0.48196946599706636  0.48742688646667243  0.49180781104975657
  0.49692418866952787  0.50371299390108781  0.51253997641587334  0.52000160406661000
  0.52755692391541209  0.53552593533913684  0.54474479112869800  0.55570192747910485
  0.56785728044609507  0.58079696054492980  0.59436933934696223  0.60825394025893031
  0.62283214301445455  0.63723620616377608  0.65116379551332593  0.66446570920491310
  0.67555989544984518  0.68631815744554792  0.69637292978645127  0.70527160672719069
  0.71385640126961225  0.72222438630092167  0.73193322451903786  0.74334171984553565
  0.75559673671606264  0.76510368890561131  0.77535529841533224  0.78694943523701488
  0.80242609092689698  0.82182405700456485  0.84364474573461123  0.85879783046409575
  0.87256340725987291  0.88466428813115783  0.89556918338056590  0.90394339116654387
  0.91252173273379844  0.92135150394724963  0.93081617827793017  0.94086462435075724
  0.95438440295365468  0.96896602627741490  0.98341068643259955  1.00000000000000000
 -0.00269812484821204  0.01238938363196789  0.02224448860628837  0.03149361455894943
  0.04172880223606001  0.05308972424209956  0.06571676548812619  0.07699624521935151
  0.08892327836555761  0.10233604856973880  0.11267471727491409  0.12099508103066306
  0.13091185368758657  0.14108410127915466  0.14994886878825348  0.15853351110703887
  0.16633699866413110  0.17414317409189950  0.18228585149437015  0.19094831380526295
  0.19831455660543312  0.20879582393724935  0.21829896641840432  0.22672065573867592
  0.23597060274696091  0.24889495791084990  0.26164558291283535  0.27345189362483757
  0.28775405509441210  0.30213339326030186  0.31960548130164118  0.34014280510793105
  0.35606900779462547  0.36589034776065155  0.37478617824856197  0.38329017737440074
  0.39131155043383731  0.39847582157119127  0.40554156589016976  0.41156622223312456
  0.42118927390420707  0.43297414836870751  0.44547151583697969  0.45616621132381518
  0.46638158675993280  0.47593846955915825  0.48483220974819308  0.49564855170616712
  0.51192524467566336  0.52825914610229507  0.54010417704127245  0.55054868447556071
  0.56063302587245756  0.57064356375281322  0.58072819232959216  0.59114362484974592
  0.60438808402235511  0.61975522760415935  0.63756704056754587  0.65494082265275932
  0.66955662934093829  0.67954681616458468  0.69017767886629311  0.70063971066881048
  0.70878306649143286  0.71636842087217389  0.72334222021116856  0.73120578392185454
  0.74123666892049189  0.75394870934262337  0.76737419825744480  0.78120374296323425
  0.79497421544539659  0.80701707895131847  0.81923412898971915  0.83339048796895132
  0.84484403372995953  0.85549766050686671  0.86597123752957283  0.87358012448968503
  0.87846181137374191  0.88320352856823459  0.88825383425481663  0.89294272741414693
  0.89919257406127351  0.90743472832142680  0.91634519142001591  0.92334016117749051
  0.92901378877237994  0.93413026706603386  0.94114802495767758  0.95317078346239292
  0.96658271857950540  0.97851540700850703  0.98939421038613962  1.00000000000000000
 -0.00218201952937912  0.01125359027295790  0.02471233098832803  0.03686223403341442
  0.04763349235013098  0.05716153110237638  0.06698260762348293  0.07753627199875396
  0.08784937012536835  0.10052416873172558  0.11587424464070825  0.13005019225940678
  0.14264551687394328  0.15295542824888186  0.16162172188224083  0.17193938068690756
  0.18414405250363927  0.19965092600259496  0.21760319116858379  0.23223561218694361
  0.24239329486903163  0.25465568513310999  0.26722109664515098  0.27902501845425720
  0.28804317978936289  0.30196683422153481  0.31716078591810953  0.33039327054239026
  0.34510678541552697  0.35702826749631295  0.36688812770194729  0.37605416307711292
  0.38902246287639897  0.40345859710414050  0.41869978181115108  0.43542917906944761
  0.44577848958294547  0.45377191262640643  0.46375023153132294  0.47306654082018845
  0.48191937044570171  0.49084681341564868  0.50174556485109678  0.51481422056933890
  0.52894083311931805  0.54376164632354862  0.55770105605966447  0.57266896136971590
  0.58695560825607229  0.59941600821071150  0.61030509945802691  0.62070906493795197
  0.63203223898083016  0.64386015460497237  0.65447819488562675  0.66351246495612559
  0.67225448431513934  0.68170093607537741  0.69065440526545652  0.69638351335095450
  0.70208549759206695  0.70887264590995158  0.71632420408458086  0.72348653084152881
  0.72993722401146310  0.73566313244215409  0.73982368626210893  0.74355380456551079
  0.74770626331635592  0.75331785948155916  0.76273780348941234  0.77236134420752312
  0.78249502348315070  0.79074504910303867  0.79682795471137602  0.80148387328860371
  0.80717775424614613  0.81549996801046798  0.83385059591182942  0.85460064224137677
  0.86743661042041653  0.87629847911589520  0.88349837093963024  0.89266472044442413
  0.90510444096677889  0.91714211021255743  0.92667480399869828  0.93391192229796105
  0.94044688549110478  0.94623479151577927  0.95159123095361775  0.96080846483960292
  0.96937355464484887  0.97715482146193000  0.98669132119007985  1.00000000000000000
 -0.00220933302881101  0.00461695725904031  0.01210302106745974  0.02030180468696348
  0.02831773814699802  0.03673387581575979  0.04638333562323397  0.05742790566843401
  0.06811512732409282  0.08508021509936564  0.10345542238650678  0.11837418897277875
  0.13075959170603899  0.14241099226982853  0.15401784746166688  0.16694453969709724
  0.18024835679645243  0.19181119400328128  0.20520361587640107  0.22144306689934606
  0.23736964189683274  0.24821366908339010  0.25365382989415319  0.25801197734666026
  0.26434391431579152  0.27119712826044912  0.27988269373624525  0.28901213763988304
  0.29867604524142632  0.30429294125941075  0.30904997827567532  0.31510843336678007
  0.32508853518164432  0.33506674461932279  0.34338704297838130  0.35144147837293910
  0.35875383462395954  0.36911873027274306  0.38081439788339883  0.39306015381340581
  0.40700839394557625  0.42386102380918322  0.44069570961612831  0.45310294346501884
  0.46490480960949543  0.47606322463871992  0.48611252679030331  0.49528902325653346
  0.50535186961079159  0.51787126103041115  0.53030075885849881  0.54138155557490286
  0.54837392553752839  0.55417347269121819  0.56021622429610218  0.56807427932069277
  0.57537720506095735  0.58065978141493235  0.58822318997589040  0.59638601671970404
  0.60317569750802669  0.61406529845176461  0.62732708532211312  0.63821416512039675
  0.64675479679151238  0.65697753474483356  0.66914153554379974  0.68038182681800596
  0.69279175912345170  0.70447096943831378  0.71395041153524397  0.72298403787412557
  0.73412377378342053  0.74802519045492311  0.76166466258589560  0.77462692139527212
  0.78642922609299559  0.79695114119649924  0.80671866993514241  0.81462534321009827
  0.82259730237579942  0.83043553213867560  0.84161901577704790  0.85727249915317716
  0.87238621043338904  0.88731915706213615  0.90021664664515255  0.91387617569549662
  0.92791239841866380  0.94208690317620969  0.95630136724842785  0.96584359620005900
  0.97571354644816266  0.98428316023045737  0.99205596228592152  1.00000000000000000
 -0.00167552061998567  0.00873581402006493  0.02049886976772445  0.03143098849713296
  0.03923332841314382  0.04521988190033110  0.05079146887338751  0.06356015592085586
  0.07605775163463434  0.09163782682161345  0.10783347208493460  0.12852914119820666
  0.14776125830343864  0.16265887323592024  0.17435060223615653  0.18457250629833213
  0.19449422313197265  0.20591946525486202  0.21722160843941879  0.22963546367444843
  0.23949271342933445  0.25145188763957488  0.26235436744790969  0.27219341462432889
  0.28207356898237973  0.29349924911602504  0.30755321707996075  0.32042922874957674
  0.33284301588909587  0.34349485144281455  0.35252785866766567  0.36463130864255877
  0.37415696562499817  0.38322474480023039  0.39463703213435408  0.40825181299577518
  0.42234011683353578  0.43538036982403711  0.44492785534071244  0.45280050567158203
  0.45984915568368712  0.46670576092091359  0.47270879626107271  0.47786613323095489
  0.48281725759739719  0.48931110458286248  0.49753047245694687  0.51605640565333388
  0.53960717404349978  0.55915771705985051  0.57348334811602419  0.58489298924779576
  0.59500307155099397  0.60455991122533126  0.61251977847413785  0.62074590954858921
  0.62937813335119364  0.64148188441701115  0.65451349385861035  0.66469710242327495
  0.67557686333650357  0.68418232113130883  0.69147278019936986  0.69791771782440348
  0.70713297460508928  0.71893648594271076  0.72995418356351127  0.73867895496680136
  0.74636316030116445  0.75325304139466320  0.75845618109322677  0.76376119137010046
  0.77002331166810056  0.77723121859396471  0.78633527283660254  0.79775592084413904
  0.81146507383119681  0.82068010793223245  0.83012252527929287  0.83870807537041614
  0.84644609070548715  0.85280916763240311  0.85866480399545808  0.86367976780685063
  0.87068850187608249  0.87898306550159722  0.88849197268648117  0.89893787463942032
  0.91082779169799211  0.92227188655935655  0.93409593037616578  0.94905056353438488
  0.96474457951335546  0.97811667508333322  0.98987666662205953  1.00000000000000000
 -0.00379637086641522  0.01207488089995837  0.02601982646015272  0.03990499050391881
  0.05401967246819248  0.06720278867542129  0.07791250822319384  0.08892047288560112
  0.09991460835849364  0.11203422733191132  0.12707602728453396  0.14311428836363521
  0.15728289350149335  0.16917213521404831  0.18122095158938356  0.19042552216651673
  0.19571015861880592  0.20217100524852319  0.20921081108106745  0.21750362117028177
  0.22463183960465147  0.23114759070504462  0.23829299063275039  0.24666882146873700
  0.25785053327951490  0.27184431102818096  0.28604393809165374  0.29791144016794785
  0.30903449711922498  0.32049261891294972  0.33129673431365692  0.33913472534504002
  0.34742468401940618  0.35875047927732939  0.37185899532018585  0.38555339812839345
  0.39703438169872446  0.40690694234832736  0.41567280155539366  0.42318291250036616
  0.42943830542069400  0.43746949379208000  0.44814120038465316  0.46230929259495163
  0.47459962421605273  0.48158378056217049  0.48807521482288263  0.49478812688812662
  0.50123842909706762  0.50774528989134016  0.51416750997573946  0.52188752293388163
  0.52828634597924273  0.53384212097213302  0.53969008083753389  0.54804470921461790
  0.55961526769443382  0.57238294164952919  0.58679185346485507  0.60318860150448272
  0.61025309645390602  0.61740177407220453  0.62473254055938099  0.63298036270156666
  0.64369047903628718  0.65586705148243607  0.66685902802277353  0.67671330475741720
  0.68511354320451823  0.69357232441919958  0.70276589725161553  0.71183859796443549
  0.72127393247595273  0.73132423057415252  0.74264710882518858  0.75488245554737976
  0.77002889146923470  0.78791465373224789  0.80340286029219210  0.81512842395713103
  0.82576671437764226  0.83660891538172555  0.84799632619052867  0.85974983608477829
  0.87881416425536552  0.89743386433138750  0.91319084281174878  0.92436827202849603
  0.93058538057679996  0.93544792741552940  0.94017343338384740  0.94495657381002174
  0.95196730690585019  0.96261418178770730  0.97852465141233191  1.00000000000000000
 -0.00330533948435609  0.01197824989491629  0.02485484602490468  0.03760745998195352
  0.05107174031786198  0.06668151582640625  0.08170841406732963  0.09771085960765492
  0.11266942902615275  0.12681883916194775  0.14144048649459656  0.15700895356699335
  0.16886790604779162  0.18044326813361430  0.19204506696731538  0.20141259495803085
  0.20939580400918167  0.21607777603488773  0.22236758839861806  0.22812479736122321
  0.23899855850735699  0.25215567289537077  0.26710336605164314  0.28042036864299946
  0.29093097385400490  0.29917202693376710  0.30754396174081433  0.31585121003218997
  0.32412204189582111  0.33078779042911416  0.33667637679754903  0.34274755349335950
  0.35131784854995191  0.36149971804128339  0.37123801115698851  0.38020412090129546
  0.38900774083401690  0.39875089248189238  0.40893812064005614  0.41950048033781451
  0.43130181063967254  0.44405472512427629  0.45706493664687103  0.46906376101569441
  0.48077590013328164  0.49355146799568561  0.50780540952714259  0.52434478991002631
  0.54227319036784949  0.55871051283855755  0.57354078269739794  0.58494608537515003
  0.59254835681740825  0.59973363617887554  0.60796035963525807  0.61486199900684169
  0.62234454588436749  0.62985854726374924  0.63530027075810402  0.64043558131119371
  0.64810179664209466  0.65805546715404906  0.66884781783614566  0.68026058894678643
  0.69180417664710392  0.70204552663829745  0.70970779082060231  0.71687612313808680
  0.72573886028131918  0.73580809899378341  0.74352025621413498  0.75122905964714559
  0.75866458034884621  0.76497559425394390  0.77444188433751759  0.78455819244796465
  0.79385605862874309  0.79939044941267390  0.80534604160786127  0.81230314864462183
  0.82395526832366450  0.84474671316661520  0.86124363177830399  0.87440125352782139
  0.88701202808931912  0.89756474604556435  0.90602087894481687  0.91988330566916698
  0.93271577951369067  0.94720388747928674  0.96083892048438180  0.97273294490635409
  0.98109819381019725  0.98694719931440977  0.99314411201652630  1.00000000000000000
 -0.00474650861403624  0.01530654070487971  0.03061901668425198  0.04228787593984919
  0.05228787822321189  0.06231805980691570  0.07168511228120369  0.08105483111086248
  0.09099558905712635  0.10078584176304428  0.11049047094110297  0.11983828571679440
  0.12996416171903680  0.13968243906586242  0.14796851666812161  0.15663113757231528
  0.16845235576006307  0.18086764512856418  0.19413997069767641  0.21025057106641590
  0.21895459288078598  0.22773369587327286  0.23778082819131099  0.24881799209364924
  0.26474747205304888  0.28439770915221535  0.29740717330279665  0.30800284413303242
  0.31940845861348321  0.33226808497886973  0.34598696105371446  0.35531727647464356
  0.36096266042108693  0.36693519240868877  0.37281695715295460  0.37995681136239901
  0.38703163482982428  0.39540339264607388  0.40457136903972712  0.41172928741950399
  0.41753555309714852  0.42482008394495169  0.43213411054689094  0.44148033572325357
  0.45304717126726679  0.46571650730421449  0.47582365955949613  0.48459636099792003
  0.49289971364430596  0.50061343733246177  0.51111832981174510  0.52381490007420384
  0.53624429879543190  0.54822000798581660  0.55936421898221833  0.57054716767423186
  0.58526336835152537  0.60111970059628339  0.61535813334954892  0.62837164812670343
  0.63914974186288820  0.64859280686604714  0.65752874317750221  0.66723921555317733
  0.67703066886479113  0.69137342508922484  0.70534840952350986  0.72140590061572829
  0.73924071637590394  0.75426216673936097  0.76285523931534993  0.77094416110789077
  0.77812931086190595  0.78642647693664880  0.79512595733667046  0.80392382846519705
  0.81266502246707539  0.82480480703041625  0.83858477112443297  0.85137397180031715
  0.86109041248280338  0.86713948990299494  0.87190346249027528  0.87567368364688269
  0.87908599406384369  0.88444263368037357  0.89120351500328709  0.89734935935394233
  0.90371786802222953  0.91013561921079478  0.91895487200237747  0.93221616370562521
  0.94691255402141183  0.96367349155885929  0.98226254377608069  1.00000000000000000
 -0.00226775339349115  0.01212025885716242  0.02339597368473521  0.03081422440644789
  0.03624327216313174  0.04155312392988050  0.04736664039893111  0.05266474009425443
  0.05780754559604371  0.06552211516142939  0.07714286709029752  0.09503584645678792
  0.11270727293794913  0.12952242045054566  0.13961462873378705  0.15108465547108679
  0.16202721049689706  0.17214670584941152  0.18221863293328736  0.19113089655878876
  0.19873115668423136  0.20810345345295697  0.21854494921382644  0.22981370348424732
  0.24292327938029548  0.25770738751183758  0.27695822411666965  0.29448620532131048
  0.30442504657405378  0.31306719624040585  0.32094051592520417  0.32990651881044464
  0.34103409683723229  0.35109836551288642  0.36261141575735606  0.37258778221413558
  0.37989684695634407  0.39065817034208478  0.40361479208773471  0.41673590912665887
  0.42590766624835641  0.43512777175322431  0.44507640357507094  0.45442539217656724
  0.46085641688717205  0.46691012460384285  0.47178757508253572  0.47940741158434230
  0.49762831219995207  0.51918841416593908  0.53235015699218291  0.54293577304495388
  0.55263596105629120  0.56223698444842540  0.57221042458788862  0.58279404579988348
  0.59617307843684808  0.61032493428653378  0.62460486748523791  0.63922720406858313
  0.64889552976608977  0.65720189929854544  0.66501095000210697  0.67360274312402102
  0.68358452999821961  0.69140709682964374  0.69845643831444892  0.70495516628840227
  0.71120438007458409  0.72152388326157257  0.73264078632393892  0.74307797240827911
  0.75585516363481831  0.76639496805138430  0.77556067702916875  0.78511635428852244
  0.79524009024270714  0.80508281533730908  0.81350348810761441  0.82263875874969228
  0.83319118078285248  0.84324540177358021  0.85427758523550890  0.86467602094050589
  0.87369606195143046  0.88288870108689077  0.89207844861806607  0.90261099564983061
  0.91497832613256602  0.92850658338254788  0.94063563335091749  0.95153614326210612
  0.96386865636040786  0.97700892267501993  0.98926789782189728  1.00000000000000000
 -0.00469138142455501  0.01469804851076658  0.02945216066228513  0.03977190281752229
  0.04709067645596371  0.05362601379594060  0.05912412377008938  0.06490490879164082
  0.07093710691887048  0.07749345051795417  0.08634894309779788  0.09435086034585656
  0.10224329709664254  0.11618008329250801  0.13338315226134984  0.15016977527584416
  0.16465182713573193  0.17339568630828697  0.18027585372279120  0.18856143768634098
  0.19792305033962898  0.20601728982928993  0.21389448967998503  0.21936620017737671
  0.22642971035243736  0.23108747533588320  0.23675816702688587  0.24190215706201884
  0.24875200648474804  0.25752483665332360  0.27080469561466752  0.28237845278463031
  0.29597729809394785  0.31470504424325824  0.32845848936763450  0.33714593042158192
  0.34505851152959732  0.35225432261343415  0.35965285572213412  0.36598857778932897
  0.37424179416432662  0.38437940107078805  0.39695384846301252  0.41179000172121727
  0.42665741714808092  0.44231671676168682  0.46114121493486576  0.47845372961141602
  0.48913414768556335  0.49773273111077093  0.50628910741292299  0.51346656936726498
  0.52176263988815363  0.53220781522040617  0.54312456132607267  0.55585254942036211
  0.56933126738152806  0.58283010493509280  0.59918217832820719  0.61669956299782391
  0.63337077285335286  0.64817650791224579  0.66308856693468976  0.67864793773648691
  0.69359633574889890  0.70642770789290921  0.71551137102897855  0.72371569793059554
  0.73204190708711336  0.74002168619547193  0.74785950728935280  0.75603824412109288
  0.76391093947740096  0.77292412780177433  0.78258983576492691  0.79164792056004840
  0.80021584165104531  0.80946543100918034  0.82196562453114996  0.83786733633567523
  0.85288097068324698  0.86633126975454555  0.87894573645806351  0.89061904858220120
  0.90266694867134811  0.91414148889483049  0.92301397724044576  0.93042271226518491
  0.93799886115722075  0.94626093820016421  0.95496306115543406  0.96477633890365821
  0.97375317971229836  0.98266203720606515  0.99144206190560236  1.00000000000000000
 -0.00422242018986227  0.01314504138944787  0.02608691422657383  0.03788724603425690
  0.04852115104475709  0.05790907881740055  0.06605748243461902  0.07479316623537999
  0.08422370859753134  0.09247243015647720  0.09925368561866028  0.10612948349719202
  0.11204135155149811  0.11651995909898684  0.12057101664904869  0.12514616427196326
  0.13327647318368077  0.14679406245355334  0.16004908602655829  0.17192418747767613
  0.18333328228100237  0.19549797977858357  0.20631749442411704  0.21897808326159585
  0.23400908949707250  0.24948249904312325  0.26213699535067042  0.27264336914126452
  0.28275994500708668  0.29439713105097864  0.30863965414539224  0.32456687045106958
  0.34052292308241527  0.35945510472311021  0.37569981612802167  0.39011720048871118
  0.40404502661788605  0.41623760561261852  0.42822777816458318  0.44047045500703064
  0.45399587740987624  0.46639797936679317  0.47896666270947819  0.49361859284170340
  0.51033645571715314  0.52666563340721551  0.54026336061225966  0.55237337649732021
  0.56397976802196703  0.57601359076107683  0.58745267386343503  0.59659940328225891
  0.60586161019659146  0.61522433157217615  0.62364407715541859  0.63019869451252175
  0.63634814603964951  0.64318566210993156  0.64976486366555186  0.65510377680367471
  0.66157243860135351  0.66980450555425630  0.67881878464165157  0.68829885520085432
  0.69811813211705520  0.70830977388741712  0.71736802900239904  0.72741505490165870
  0.73888643539850329  0.75064096534858527  0.76067910392438021  0.76983044575332837
  0.77825069281639203  0.78909615431127522  0.80035440746749942  0.81345920464405319
  0.82765918059849231  0.84423243335799958  0.86178551121781211  0.87910681649593403
  0.89606410695680172  0.90178861850108261  0.90759607206591919  0.91312343025175535
  0.91721786837771424  0.92370344171337282  0.93070154504562230  0.94033277433767437
  0.95075404393220575  0.95952383119979756  0.96682918445883193  0.97315042240268290
  0.97864409608948078  0.98457534040710393  0.99208802817764941  1.00000000000000000
  0.01305503905456554  0.11966137173109943  0.15618054736163589  0.17873772844941255
  0.19344248752455545  0.20527233562318292  0.21392416324940700  0.22149700586301582
  0.23007222504411867  0.23932054051824514  0.24962366491941762  0.25935915613641047
  0.26768222791133278  0.27467494146536686  0.28169875745535417  0.28799836537640816
  0.29333562651258543  0.30021749250450430  0.30801845130320538  0.31539650695841487
  0.32171316826482116  0.32719463158977458  0.33182421364999259  0.33673134147947814
  0.34267067300453102  0.34879693089399333  0.35468173067337816  0.36019683016528475
  0.36448460101638858  0.36782230027157575  0.37155797474624941  0.37554494201409400
  0.37923007927643432  0.38297239949957385  0.38725567169169678  0.39141221828471617
  0.39509778327831568  0.39915416986552393  0.40378587098742424  0.40888094178025108
  0.41342926129865454  0.41787649469784482  0.42179582258244763  0.42623236249143409
  0.43124408808481191  0.43544099062965352  0.43898907681336968  0.44237106332543974
  0.44649382658067621  0.45142477983864376  0.45646919129002189  0.46100634504691906
  0.46728425275677088  0.47396502040372057  0.47968094132964312  0.48404373726846528
  0.48810441743246563  0.49230654590972450  0.49535536415942361  0.49863622250860279
  0.50195648614384969  0.50562266576802217  0.51046313438088742  0.51493413788557796
  0.51952326497860235  0.52404591446880067  0.52963724261021505  0.53531255939728373
  0.54016683767414841  0.54594774640360277  0.55191829105393231  0.55819566697084932
  0.56482761535853243  0.57237120914905459  0.58021885090505387  0.59087449097697642
  0.59925243382973414  0.60843618203958727  0.61856382168498680  0.62959902331648343
  0.64559102536398527  0.65940646581281159  0.67091440663079138  0.68118820604517794
  0.69053475865258107  0.69838608755432030  0.70847903598922335  0.72102522788011691
  0.73982565634277508  0.76369819169125031  0.78536920219323092  0.79937113520572245
  0.81104822726426429  0.82733459179553459  0.86858735880459503  1.00000000000000000
 -0.02459481031154903  0.13719472541562117  0.19546303275117433  0.23222032699412465
  0.25994712078243348  0.28393694238188577  0.30438272296141139  0.32778323187207598
  0.34810428426410694  0.36155608951994045  0.37333967099698240  0.38444475388498134
  0.39636621910530817  0.40968647706250727  0.42139289547120107  0.43031182574022453
  0.43776857791543933  0.44198966335222550  0.44669845466626218  0.45132867942386518
  0.45718239840160280  0.46427246014286039  0.47001810311482867  0.47593492209534238
  0.48249539904685551  0.48973851412756653  0.49755362734056180  0.50651680814299060
  0.51657901249046023  0.52600203396944101  0.53377053101971039  0.53966709334542751
  0.54469420042080907  0.54923222902706603  0.55322827430093269  0.55730556540693221
  0.56130718872045982  0.56511911526190439  0.56870829971850945  0.57205945703297889
  0.57602148282891585  0.58049272616990466  0.58550046461759520  0.59066938856855289
  0.59529300483739278  0.59928784930006829  0.60313327160530272  0.60634402184305303
  0.60981014658928090  0.61272074168938895  0.61620538058067076  0.61990404785736597
  0.62393132099224391  0.62918816045483783  0.63427756898186205  0.63869990492451911
  0.64302922933099238  0.64743498588373527  0.65222082700170703  0.65755942108642440
  0.66318153215448206  0.66775206252008956  0.67071755329575211  0.67388876945631060
  0.67761690034899669  0.68265070955371554  0.68622903036245919  0.68883297186965686
  0.69136866325885149  0.69460719673857740  0.69761657414405143  0.70042879711262984
  0.70356039020139904  0.70763968901980190  0.71268141311228050  0.71620752425506762
  0.71861219959336720  0.72107874760853208  0.72469900450623614  0.72862003584840207
  0.73266640336998856  0.73743933555351127  0.74338903187460259  0.75052169548914338
  0.75999417983310003  0.76925408645074844  0.77543137609714430  0.78078320151614478
  0.78688901335392047  0.79432277858463696  0.80211668158984684  0.81408913497806934
  0.83017042807162778  0.84871220337198239  0.89212279270605299  1.00000000000000000
   1.3683133527154555E-016  -1.0000000000000000     
 T F F F F F F F F F F F F F F F F F F F T F F F T F F F F F F F F F F F T F F F T F F F F F F F F F F F F F F F F F F F F F F F F F F F F F F F F F F F F F F F F F F F F F F F F F F F F F F F F F F F F F F F F F F F F F F F F F F F F F F F F F F F F F F F F F F F F F F F F F F F F F F F F F F F F F F F F F F F F F F F F F F F F F F F F F F F F F F F F F F F F F F F F F F F F F F F T F F F F F F F F F F F F F F F F F F F T F F F T F F F F F F F F F F F T F F F T F F F F F F F F F F F F F F F F F F F T F F F T F F F F F F F F F F F F F F F F F F F T F F F T F F F F F F F F F F F T F F F T F F F F F F F F F F F F F F F F F F F F F F F F F F F F F F F F F F F F F F F F F F F F F F F F F F F F F F F F F F F F F F F F F F F F F F F F F F F F F F F F F F F F F F F F F F F F F F F F F F F F F F F F F F F F F F F F F F F F F F F F F F F F F F F F F F F F F F F F F F F F F F F F F F F F F F F T F F F F F F F F F F F F F F F F F F F T F F F T F F F F F F F F F F F T F F F T F F F F F F F F F F F F F F F F F F F T F F F
  <DiscreteSampler_grid>
  grouped_processes
  1 # 1 for a reference and 2 for a running grid.
  10 # Attribute 'min_bin_probing_points' of the grid.
  1 # Attribute 'grid_mode' of the grid. 1=='default',2=='initialization'
  0.0000000000000000 # Attribute 'small_contrib_threshold' of the grid.
  0.5000000000000000 # Attribute 'damping_power' of the grid.
 # binID   n_entries weight   weight_sqr   abs_weight
    16   10   1.523280314588012E-015   6.624366179615196E-030   1.523280314588012E-015
    17   10   1.523280313342149E-015   6.624366172939953E-030   1.523280313342149E-015
    19   10   2.048609424009067E-015   1.380478462509517E-029   2.048609424009067E-015
    20   10   2.048609424008999E-015   1.380478462509408E-029   2.048609424008999E-015
    22   10   2.149556060623679E-015   1.535996481193163E-029   2.149556060623679E-015
    23   10   2.149556060623597E-015   1.535996481193025E-029   2.149556060623597E-015
    28   10   3.893745161070892E-015   5.315178775960863E-029   3.893745161070892E-015
    29   10   3.893745161070989E-015   5.315178775961191E-029   3.893745161070989E-015
    31   10   6.320715079819614E-015   1.353286266946697E-028   6.320715079819614E-015
    32   10   6.320715079819774E-015   1.353286266946768E-028   6.320715079819774E-015
    34   10   6.519732875308539E-015   1.408729205949348E-028   6.519732875308539E-015
    35   10   6.519732875308715E-015   1.408729205949425E-028   6.519732875308715E-015
    40   10   1.523280314588013E-015   6.624366179615211E-030   1.523280314588013E-015
    41   10   1.523280314587988E-015   6.624366179614983E-030   1.523280314587988E-015
    43   10   2.048609424009067E-015   1.380478462509517E-029   2.048609424009067E-015
    44   10   2.048609424008998E-015   1.380478462509406E-029   2.048609424008998E-015
    46   10   2.149556060623680E-015   1.535996481193163E-029   2.149556060623680E-015
    47   10   2.149556060623597E-015   1.535996481193022E-029   2.149556060623597E-015
    52   10   3.893745161070889E-015   5.315178775960853E-029   3.893745161070889E-015
    53   10   3.893745161070989E-015   5.315178775961189E-029   3.893745161070989E-015
    55   10   6.320715079819614E-015   1.353286266946696E-028   6.320715079819614E-015
    56   10   6.320715079819774E-015   1.353286266946768E-028   6.320715079819774E-015
    58   10   6.519732875308537E-015   1.408729205949347E-028   6.519732875308537E-015
    59   10   6.519732875308715E-015   1.408729205949426E-028   6.519732875308715E-015
    64   10   1.523280314588014E-015   6.624366179615222E-030   1.523280314588014E-015
    65   10   1.523280314587988E-015   6.624366179614976E-030   1.523280314587988E-015
    67   10   2.048609424009065E-015   1.380478462509513E-029   2.048609424009065E-015
    68   10   2.048609424008998E-015   1.380478462509406E-029   2.048609424008998E-015
    70   10   2.149556060623679E-015   1.535996481193160E-029   2.149556060623679E-015
    71   10   2.149556060623596E-015   1.535996481193023E-029   2.149556060623596E-015
    76   10   1.523280314588014E-015   6.624366179615225E-030   1.523280314588014E-015
    77   10   1.523280314587988E-015   6.624366179614981E-030   1.523280314587988E-015
    79   10   2.048609424009065E-015   1.380478462509512E-029   2.048609424009065E-015
    80   10   2.048609424008998E-015   1.380478462509406E-029   2.048609424008998E-015
    82   10   2.149556060623678E-015   1.535996481193159E-029   2.149556060623678E-015
    83   10   2.149556060623595E-015   1.535996481193021E-029   2.149556060623595E-015
    88   10   3.893745161070891E-015   5.315178775960860E-029   3.893745161070891E-015
    89   10   3.893745161070986E-015   5.315178775961183E-029   3.893745161070986E-015
    91   10   6.320715079819607E-015   1.353286266946692E-028   6.320715079819607E-015
    92   10   6.320715079819767E-015   1.353286266946764E-028   6.320715079819767E-015
    94   10   6.519732875308531E-015   1.408729205949343E-028   6.519732875308531E-015
    95   10   6.519732875308705E-015   1.408729205949420E-028   6.519732875308705E-015
    100   10   3.893745161070891E-015   5.315178775960865E-029   3.893745161070891E-015
    101   10   3.893745161070985E-015   5.315178775961182E-029   3.893745161070985E-015
    103   10   6.320715079819607E-015   1.353286266946692E-028   6.320715079819607E-015
    104   10   6.320715079819765E-015   1.353286266946763E-028   6.320715079819765E-015
    106   10   6.519732875308531E-015   1.408729205949343E-028   6.519732875308531E-015
    107   10   6.519732875308707E-015   1.408729205949421E-028   6.519732875308707E-015
  </DiscreteSampler_grid>
